                            NILUUV 115

Uvpro Version 2.0
Latitude :   40.74 (North)
Longitude:  -74.03  (West)
Calibration file: cf100603a.115
Height above sea level:    40.0  m
CLT derived from channel 4
CLT scale factor used:   1.0
Ozone derived from channel pair ch3/ch1
Ozone scale factor used:   1.0
Drift factors ch1-ch6:   0.309  0.311  0.456  0.504  0.343  0.907
Ozone profile climatology: Mid  Latitude
Dose type:    CLW    Caldwell Plant 1971           

yyyy mm dd   jul   hh mm ss      SZA     dose rate       clt     Ozone
                              [degrees]   [W/m^2]        [%]     [DU]
2022  4 28   118   10  4  0     89.95   -0.2923E-03      83.0    -99.9
2022  4 28   118   10  5  0     89.78   -0.2723E-03      82.3    -99.9
2022  4 28   118   10  6  0     89.59   -0.2736E-03      82.6    -99.9
2022  4 28   118   10  7  0     89.42   -0.2648E-03      83.3    -99.9
2022  4 28   118   10  8  0     89.24   -0.2711E-03      84.8    -99.9
2022  4 28   118   10  9  0     89.06   -0.2441E-03      87.5    -99.9
2022  4 28   118   10 10  0     88.88   -0.2644E-03      88.8    -99.9
2022  4 28   118   10 11  0     88.69   -0.2451E-03      89.1    -99.9
2022  4 28   118   10 12  0     88.51   -0.2362E-03      90.6    -99.9
2022  4 28   118   10 13  0     88.33   -0.2128E-03      91.4    -99.9
2022  4 28   118   10 14  0     88.15   -0.2120E-03      91.7    -99.9
2022  4 28   118   10 15  0     87.97   -0.2101E-03      93.5    -99.9
2022  4 28   118   10 16  0     87.79   -0.1648E-03      94.3    -99.9
2022  4 28   118   10 17  0     87.61   -0.2048E-03      94.9    -99.9
2022  4 28   118   10 18  0     87.43   -0.1852E-03      95.1    -99.9
2022  4 28   118   10 19  0     87.24   -0.1779E-03      95.2    -99.9
2022  4 28   118   10 20  0     87.06   -0.1528E-03      97.2    -99.9
2022  4 28   118   10 21  0     86.88   -0.1151E-03      99.0    -99.9
2022  4 28   118   10 22  0     86.70   -0.1087E-03      99.7    -99.9
2022  4 28   118   10 23  0     86.52   -0.9783E-04      99.8    -99.9
2022  4 28   118   10 24  0     86.33   -0.8033E-04      99.3    -99.9
2022  4 28   118   10 25  0     86.15   -0.9704E-04      98.0    -99.9
2022  4 28   118   10 26  0     85.97   -0.7906E-04      97.4    -99.9
2022  4 28   118   10 27  0     85.79   -0.7191E-04      95.6    -99.9
2022  4 28   118   10 28  0     85.60   -0.7147E-04      93.8    -99.9
2022  4 28   118   10 29  0     85.42   -0.7991E-04      92.1    -99.9
2022  4 28   118   10 30  0     85.24   -0.4887E-04      90.1    -99.9
2022  4 28   118   10 31  0     85.05   -0.5347E-04      88.0    -99.9
2022  4 28   118   10 32  0     84.87   -0.7045E-04      86.8    -99.9
2022  4 28   118   10 33  0     84.69   -0.1876E-04      88.0    -99.9
2022  4 28   118   10 34  0     84.50   -0.9741E-05      89.5    -99.9
2022  4 28   118   10 35  0     84.32    0.4399E-04      89.3    -99.9
2022  4 28   118   10 36  0     84.13    0.5269E-04      89.2    -99.9
2022  4 28   118   10 37  0     83.95    0.7570E-04      89.8    -99.9
2022  4 28   118   10 38  0     83.76    0.1247E-03      89.4    -99.9
2022  4 28   118   10 39  0     83.58    0.1410E-03      90.8    -99.9
2022  4 28   118   10 40  0     83.39    0.1857E-03      92.3    -99.9
2022  4 28   118   10 41  0     83.21    0.2076E-03      92.2    -99.9
2022  4 28   118   10 42  0     83.03    0.2159E-03      92.4    -99.9
2022  4 28   118   10 43  0     82.84    0.2508E-03      91.4    -99.9
2022  4 28   118   10 44  0     82.66    0.2617E-03      88.6    -99.9
2022  4 28   118   10 45  0     82.47    0.2796E-03      87.9    -99.9
2022  4 28   118   10 46  0     82.28    0.2890E-03      86.1    -99.9
2022  4 28   118   10 47  0     82.10    0.2766E-03      85.5    -99.9
2022  4 28   118   10 48  0     81.91    0.2788E-03      84.6    -99.9
2022  4 28   118   10 49  0     81.73    0.2954E-03      82.6    -99.9
2022  4 28   118   10 50  0     81.54    0.2958E-03      80.6    -99.9
2022  4 28   118   10 51  0     81.36    0.3131E-03      78.2    -99.9
2022  4 28   118   10 52  0     81.17    0.3114E-03      75.4    -99.9
2022  4 28   118   10 53  0     80.99    0.3175E-03      72.4    -99.9
2022  4 28   118   10 54  0     80.80    0.3094E-03      68.9    -99.9
2022  4 28   118   10 55  0     80.61    0.3015E-03      65.7    -99.9
2022  4 28   118   10 56  0     80.43    0.3046E-03      63.4    -99.9
2022  4 28   118   10 57  0     80.24    0.3408E-03      62.2    -99.9
2022  4 28   118   10 58  0     80.05    0.3880E-03      62.9    -99.9
2022  4 28   118   10 59  0     79.87    0.4354E-03      63.3    -99.9
2022  4 28   118   11  0  0     79.68    0.4476E-03      61.9    -99.9
2022  4 28   118   11  1  0     79.49    0.4648E-03      60.2    -99.9
2022  4 28   118   11  2  0     79.31    0.4999E-03      60.1    -99.9
2022  4 28   118   11  3  0     79.12    0.5577E-03      60.6    -99.9
2022  4 28   118   11  4  0     78.93    0.5900E-03      60.5    -99.9
2022  4 28   118   11  5  0     78.75    0.6478E-03      60.7    -99.9
2022  4 28   118   11  6  0     78.56    0.7171E-03      62.3    -99.9
2022  4 28   118   11  7  0     78.37    0.7976E-03      64.0    649.7
2022  4 28   118   11  8  0     78.18    0.8452E-03      64.9    664.7
2022  4 28   118   11  9  0     78.00    0.9059E-03      65.8    638.6
2022  4 28   118   11 10  0     77.81    0.9617E-03      66.3    617.2
2022  4 28   118   11 11  0     77.62    0.1039E-02      66.4    550.7
2022  4 28   118   11 12  0     77.43    0.1088E-02      67.0    556.6
2022  4 28   118   11 13  0     77.25    0.1151E-02      67.4    533.1
2022  4 28   118   11 14  0     77.06    0.1213E-02      68.0    524.0
2022  4 28   118   11 15  0     76.87    0.1334E-02      69.8    476.6
2022  4 28   118   11 16  0     76.68    0.1410E-02      70.9    478.2
2022  4 28   118   11 17  0     76.49    0.1435E-02      70.1    493.9
2022  4 28   118   11 18  0     76.31    0.1513E-02      69.9    461.9
2022  4 28   118   11 19  0     76.12    0.1591E-02      69.6    445.2
2022  4 28   118   11 20  0     75.93    0.1676E-02      69.4    433.7
2022  4 28   118   11 21  0     75.74    0.1758E-02      69.3    427.7
2022  4 28   118   11 22  0     75.55    0.1847E-02      69.4    422.1
2022  4 28   118   11 23  0     75.37    0.1909E-02      68.7    417.5
2022  4 28   118   11 24  0     75.18    0.1968E-02      68.6    411.0
2022  4 28   118   11 25  0     74.99    0.1997E-02      66.4    413.7
2022  4 28   118   11 26  0     74.80    0.2100E-02      67.0    407.3
2022  4 28   118   11 27  0     74.61    0.2169E-02      65.1    396.2
2022  4 28   118   11 28  0     74.42    0.2249E-02      65.5    399.7
2022  4 28   118   11 29  0     74.23    0.2409E-02      67.5    398.9
2022  4 28   118   11 30  0     74.04    0.2617E-02      69.4    387.2
2022  4 28   118   11 31  0     73.86    0.2751E-02      69.8    384.0
2022  4 28   118   11 32  0     73.67    0.2902E-02      70.8    383.6
2022  4 28   118   11 33  0     73.48    0.3126E-02      72.9    379.5
2022  4 28   118   11 34  0     73.29    0.3307E-02      73.8    375.7
2022  4 28   118   11 35  0     73.10    0.3519E-02      75.3    376.7
2022  4 28   118   11 36  0     72.91    0.3832E-02      77.5    368.5
2022  4 28   118   11 37  0     72.72    0.4131E-02      78.9    363.9
2022  4 28   118   11 38  0     72.53    0.4469E-02      80.9    362.6
2022  4 28   118   11 39  0     72.34    0.4746E-02      81.8    358.2
2022  4 28   118   11 40  0     72.15    0.5049E-02      83.4    354.2
2022  4 28   118   11 41  0     71.96    0.5233E-02      85.1    358.3
2022  4 28   118   11 42  0     71.78    0.5488E-02      87.3    359.3
2022  4 28   118   11 43  0     71.59    0.5679E-02      88.6    361.9
2022  4 28   118   11 44  0     71.40    0.5793E-02      88.2    361.1
2022  4 28   118   11 45  0     71.21    0.5903E-02      89.1    364.0
2022  4 28   118   11 46  0     71.02    0.6214E-02      90.6    363.6
2022  4 28   118   11 47  0     70.83    0.6700E-02      92.0    360.3
2022  4 28   118   11 48  0     70.64    0.7129E-02      92.9    357.8
2022  4 28   118   11 49  0     70.45    0.7482E-02      93.0    356.4
2022  4 28   118   11 50  0     70.26    0.7770E-02      92.8    354.9
2022  4 28   118   11 51  0     70.07    0.8008E-02      92.3    354.8
2022  4 28   118   11 52  0     69.88    0.8264E-02      91.5    354.2
2022  4 28   118   11 53  0     69.69    0.8391E-02      90.3    355.2
2022  4 28   118   11 54  0     69.50    0.8620E-02      90.9    356.2
2022  4 28   118   11 55  0     69.31    0.8829E-02      91.3    357.2
2022  4 28   118   11 56  0     69.12    0.9147E-02      92.0    356.3
2022  4 28   118   11 57  0     68.93    0.9373E-02      92.1    357.8
2022  4 28   118   11 58  0     68.74    0.9686E-02      94.2    358.5
2022  4 28   118   11 59  0     68.55    0.1012E-01     100.2    361.5
2022  4 28   118   12  0  0     68.37    0.1065E-01     107.1    363.6
2022  4 28   118   12  1  0     68.18    0.1006E-01      96.0    364.5
2022  4 28   118   12  2  0     67.99    0.1067E-01     106.7    370.3
2022  4 28   118   12  3  0     67.80    0.9812E-02      89.2    365.8
2022  4 28   118   12  4  0     67.61    0.9944E-02      88.1    366.3
2022  4 28   118   12  5  0     67.42    0.1034E-01      88.8    365.8
2022  4 28   118   12  6  0     67.23    0.1056E-01      86.0    364.2
2022  4 28   118   12  7  0     67.04    0.1068E-01      84.3    364.3
2022  4 28   118   12  8  0     66.85    0.1088E-01      83.5    363.9
2022  4 28   118   12  9  0     66.66    0.1137E-01      86.0    364.9
2022  4 28   118   12 10  0     66.47    0.1203E-01      88.2    364.8
2022  4 28   118   12 11  0     66.28    0.1267E-01      88.5    363.2
2022  4 28   118   12 12  0     66.09    0.1334E-01      90.3    362.5
2022  4 28   118   12 13  0     65.90    0.1370E-01      90.1    362.5
2022  4 28   118   12 14  0     65.71    0.1389E-01      88.6    362.0
2022  4 28   118   12 15  0     65.52    0.1500E-01      98.8    365.2
2022  4 28   118   12 16  0     65.33    0.1473E-01      90.8    363.5
2022  4 28   118   12 17  0     65.14    0.1507E-01      88.4    361.5
2022  4 28   118   12 18  0     64.95    0.1563E-01      87.5    359.8
2022  4 28   118   12 19  0     64.77    0.1605E-01      86.4    359.2
2022  4 28   118   12 20  0     64.58    0.1667E-01      86.5    358.3
2022  4 28   118   12 21  0     64.39    0.1746E-01      89.0    359.6
2022  4 28   118   12 22  0     64.20    0.1819E-01      92.2    360.4
2022  4 28   118   12 23  0     64.01    0.1863E-01      92.4    361.1
2022  4 28   118   12 24  0     63.82    0.2105E-01     108.8    363.4
2022  4 28   118   12 25  0     63.63    0.2140E-01     106.3    362.9
2022  4 28   118   12 26  0     63.44    0.1956E-01      88.3    359.9
2022  4 28   118   12 27  0     63.25    0.1999E-01      87.9    359.7
2022  4 28   118   12 28  0     63.06    0.2038E-01      87.2    359.8
2022  4 28   118   12 29  0     62.87    0.2069E-01      86.3    359.7
2022  4 28   118   12 30  0     62.68    0.2116E-01      87.4    360.8
2022  4 28   118   12 31  0     62.50    0.2170E-01      87.3    360.4
2022  4 28   118   12 32  0     62.31    0.2236E-01      89.3    361.4
2022  4 28   118   12 33  0     62.12    0.2380E-01      96.2    363.3
2022  4 28   118   12 34  0     61.93    0.2296E-01      87.6    361.7
2022  4 28   118   12 35  0     61.74    0.2378E-01      89.3    362.3
2022  4 28   118   12 36  0     61.55    0.2722E-01     107.0    365.1
2022  4 28   118   12 37  0     61.36    0.2937E-01     117.2    366.8
2022  4 28   118   12 38  0     61.17    0.3050E-01     119.6    367.2
2022  4 28   118   12 39  0     60.98    0.2965E-01     111.4    366.2
2022  4 28   118   12 40  0     60.80    0.3157E-01     119.1    367.4
2022  4 28   118   12 41  0     60.61    0.3200E-01     118.5    367.8
2022  4 28   118   12 42  0     60.42    0.2876E-01      96.8    364.5
2022  4 28   118   12 43  0     60.23    0.3329E-01     118.0    367.9
2022  4 28   118   12 44  0     60.04    0.3079E-01     101.4    365.7
2022  4 28   118   12 45  0     59.85    0.3502E-01     119.5    368.2
2022  4 28   118   12 46  0     59.67    0.3545E-01     118.0    368.1
2022  4 28   118   12 47  0     59.48    0.3638E-01     118.7    368.1
2022  4 28   118   12 48  0     59.29    0.3718E-01     119.1    368.5
2022  4 28   118   12 49  0     59.10    0.3788E-01     119.2    368.6
2022  4 28   118   12 50  0     58.92    0.3858E-01     119.1    368.8
2022  4 28   118   12 51  0     58.73    0.3930E-01     119.0    368.7
2022  4 28   118   12 52  0     58.54    0.4000E-01     118.9    369.0
2022  4 28   118   12 53  0     58.35    0.4071E-01     118.7    369.0
2022  4 28   118   12 54  0     58.16    0.4147E-01     118.9    369.4
2022  4 28   118   12 55  0     57.98    0.4225E-01     119.0    369.4
2022  4 28   118   12 56  0     57.79    0.4307E-01     119.1    369.6
2022  4 28   118   12 57  0     57.60    0.4383E-01     119.2    369.9
2022  4 28   118   12 58  0     57.42    0.4467E-01     119.3    369.9
2022  4 28   118   12 59  0     57.23    0.4546E-01     119.3    370.2
2022  4 28   118   13  0  0     57.04    0.4632E-01     119.6    370.4
2022  4 28   118   13  1  0     56.86    0.4707E-01     119.3    370.4
2022  4 28   118   13  2  0     56.67    0.4781E-01     119.4    370.8
2022  4 28   118   13  3  0     56.48    0.4870E-01     119.7    371.1
2022  4 28   118   13  4  0     56.30    0.4953E-01     119.7    371.2
2022  4 28   118   13  5  0     56.11    0.5036E-01     119.8    371.4
2022  4 28   118   13  6  0     55.92    0.5118E-01     119.6    371.4
2022  4 28   118   13  7  0     55.74    0.5203E-01     119.7    371.7
2022  4 28   118   13  8  0     55.55    0.5292E-01     119.8    372.0
2022  4 28   118   13  9  0     55.37    0.5380E-01     120.0    372.1
2022  4 28   118   13 10  0     55.18    0.5463E-01     119.8    372.1
2022  4 28   118   13 11  0     55.00    0.5552E-01     119.7    373.2
2022  4 28   118   13 12  0     54.81    0.5643E-01     119.7    372.3
2022  4 28   118   13 13  0     54.62    0.5723E-01     119.5    372.5
2022  4 28   118   13 14  0     54.44    0.5819E-01     119.6    372.5
2022  4 28   118   13 15  0     54.25    0.5906E-01     119.6    372.8
2022  4 28   118   13 16  0     54.07    0.5992E-01     119.5    372.9
2022  4 28   118   13 17  0     53.88    0.6089E-01     119.6    373.9
2022  4 28   118   13 18  0     53.70    0.6187E-01     119.7    373.2
2022  4 28   118   13 19  0     53.52    0.6290E-01     120.1    373.4
2022  4 28   118   13 20  0     53.33    0.6381E-01     120.0    373.5
2022  4 28   118   13 21  0     53.15    0.6461E-01     119.6    373.6
2022  4 28   118   13 22  0     52.96    0.6542E-01     119.4    374.4
2022  4 28   118   13 23  0     52.78    0.6634E-01     119.3    374.7
2022  4 28   118   13 24  0     52.60    0.6733E-01     119.5    374.1
2022  4 28   118   13 25  0     52.41    0.6832E-01     119.6    374.5
2022  4 28   118   13 26  0     52.23    0.6929E-01     119.6    374.6
2022  4 28   118   13 27  0     52.05    0.7032E-01     119.8    374.9
2022  4 28   118   13 28  0     51.86    0.7136E-01     120.0    375.6
2022  4 28   118   13 29  0     51.68    0.7238E-01     120.1    375.9
2022  4 28   118   13 30  0     51.50    0.7342E-01     120.1    375.4
2022  4 28   118   13 31  0     51.32    0.7452E-01     120.4    375.6
2022  4 28   118   13 32  0     51.13    0.7558E-01     120.5    375.7
2022  4 28   118   13 33  0     50.95    0.7650E-01     120.5    376.5
2022  4 28   118   13 34  0     50.77    0.7731E-01     120.3    376.9
2022  4 28   118   13 35  0     50.59    0.7845E-01     120.6    377.0
2022  4 28   118   13 36  0     50.41    0.7948E-01     120.7    377.2
2022  4 28   118   13 37  0     50.22    0.8050E-01     120.8    377.1
2022  4 28   118   13 38  0     50.04    0.8155E-01     120.9    377.3
2022  4 28   118   13 39  0     49.86    0.8255E-01     120.9    377.9
2022  4 28   118   13 40  0     49.68    0.8356E-01     120.8    378.0
2022  4 28   118   13 41  0     49.50    0.8458E-01     120.8    378.1
2022  4 28   118   13 42  0     49.32    0.8559E-01     120.8    378.2
2022  4 28   118   13 43  0     49.14    0.8662E-01     120.7    378.1
2022  4 28   118   13 44  0     48.96    0.8761E-01     120.6    378.5
2022  4 28   118   13 45  0     48.78    0.8872E-01     120.7    378.6
2022  4 28   118   13 46  0     48.60    0.8976E-01     120.7    378.7
2022  4 28   118   13 47  0     48.42    0.9081E-01     120.6    378.8
2022  4 28   118   13 48  0     48.24    0.9178E-01     120.4    378.9
2022  4 28   118   13 49  0     48.06    0.9293E-01     120.7    379.1
2022  4 28   118   13 50  0     47.89    0.9409E-01     120.9    379.4
2022  4 28   118   13 51  0     47.71    0.9516E-01     121.0    379.7
2022  4 28   118   13 52  0     47.53    0.9618E-01     121.0    379.9
2022  4 28   118   13 53  0     47.35    0.9722E-01     120.9    380.0
2022  4 28   118   13 54  0     47.18    0.9838E-01     121.0    380.1
2022  4 28   118   13 55  0     47.00    0.9940E-01     120.9    380.1
2022  4 28   118   13 56  0     46.82    0.1006E+00     121.0    380.3
2022  4 28   118   13 57  0     46.64    0.1018E+00     121.3    380.5
2022  4 28   118   13 58  0     46.47    0.1027E+00     121.1    380.7
2022  4 28   118   13 59  0     46.29    0.1038E+00     121.0    380.8
2022  4 28   118   14  0  0     46.12    0.1049E+00     121.1    381.0
2022  4 28   118   14  1  0     45.94    0.1058E+00     120.9    381.3
2022  4 28   118   14  2  0     45.77    0.1070E+00     120.9    381.4
2022  4 28   118   14  3  0     45.59    0.1080E+00     120.8    381.5
2022  4 28   118   14  4  0     45.42    0.1095E+00     121.4    381.8
2022  4 28   118   14  5  0     45.24    0.1108E+00     121.7    382.1
2022  4 28   118   14  6  0     45.07    0.1121E+00     122.0    382.3
2022  4 28   118   14  7  0     44.90    0.1134E+00     122.3    382.4
2022  4 28   118   14  8  0     44.72    0.1144E+00     122.3    382.7
2022  4 28   118   14  9  0     44.55    0.1154E+00     122.1    382.7
2022  4 28   118   14 10  0     44.38    0.1167E+00     122.1    382.7
2022  4 28   118   14 11  0     44.20    0.1179E+00     122.1    382.8
2022  4 28   118   14 12  0     44.03    0.1189E+00     121.9    382.9
2022  4 28   118   14 13  0     43.86    0.1200E+00     121.8    383.1
2022  4 28   118   14 14  0     43.69    0.1212E+00     122.0    383.3
2022  4 28   118   14 15  0     43.52    0.1222E+00     121.9    383.4
2022  4 28   118   14 16  0     43.35    0.1237E+00     122.2    383.4
2022  4 28   118   14 17  0     43.18    0.1251E+00     122.4    383.5
2022  4 28   118   14 18  0     43.01    0.1262E+00     122.4    383.6
2022  4 28   118   14 19  0     42.84    0.1275E+00     122.3    383.5
2022  4 28   118   14 20  0     42.67    0.1289E+00     122.4    383.3
2022  4 28   118   14 21  0     42.50    0.1301E+00     122.5    383.5
2022  4 28   118   14 22  0     42.33    0.1315E+00     122.8    383.7
2022  4 28   118   14 23  0     42.16    0.1328E+00     123.0    383.9
2022  4 28   118   14 24  0     42.00    0.1341E+00     123.0    383.8
2022  4 28   118   14 25  0     41.83    0.1355E+00     123.0    383.6
2022  4 28   118   14 26  0     41.66    0.1367E+00     123.2    383.7
2022  4 28   118   14 27  0     41.50    0.1384E+00     123.8    383.9
2022  4 28   118   14 28  0     41.33    0.1394E+00     123.5    383.9
2022  4 28   118   14 29  0     41.17    0.1405E+00     123.3    383.9
2022  4 28   118   14 30  0     41.00    0.1419E+00     123.5    384.0
2022  4 28   118   14 31  0     40.84    0.1436E+00     124.1    383.9
2022  4 28   118   14 32  0     40.67    0.1454E+00     124.7    383.9
2022  4 28   118   14 33  0     40.51    0.1400E+00     117.8    383.7
2022  4 28   118   14 34  0     40.35    0.1476E+00     124.1    383.7
2022  4 28   118   14 35  0     40.18    0.1484E+00     123.7    383.8
2022  4 28   118   14 36  0     40.02    0.1496E+00     123.7    383.9
2022  4 28   118   14 37  0     39.86    0.1508E+00     123.9    384.2
2022  4 28   118   14 38  0     39.70    0.1519E+00     123.7    384.1
2022  4 28   118   14 39  0     39.54    0.1532E+00     123.9    384.2
2022  4 28   118   14 40  0     39.38    0.1546E+00     124.1    384.3
2022  4 28   118   14 41  0     39.21    0.1558E+00     124.0    384.3
2022  4 28   118   14 42  0     39.06    0.1568E+00     123.8    384.3
2022  4 28   118   14 43  0     38.90    0.1582E+00     124.0    384.4
2022  4 28   118   14 44  0     38.74    0.1596E+00     124.2    384.3
2022  4 28   118   14 45  0     38.58    0.1609E+00     124.2    384.3
2022  4 28   118   14 46  0     38.42    0.1621E+00     124.2    384.3
2022  4 28   118   14 47  0     38.27    0.1631E+00     124.1    384.4
2022  4 28   118   14 48  0     38.11    0.1645E+00     124.2    384.4
2022  4 28   118   14 49  0     37.96    0.1661E+00     124.5    384.4
2022  4 28   118   14 50  0     37.80    0.1671E+00     124.2    384.3
2022  4 28   118   14 51  0     37.65    0.1682E+00     124.2    384.3
2022  4 28   118   14 52  0     37.49    0.1696E+00     124.2    384.1
2022  4 28   118   14 53  0     37.34    0.1709E+00     124.2    384.0
2022  4 28   118   14 54  0     37.19    0.1724E+00     124.4    384.0
2022  4 28   118   14 55  0     37.04    0.1735E+00     124.4    384.0
2022  4 28   118   14 56  0     36.89    0.1748E+00     124.6    384.1
2022  4 28   118   14 57  0     36.73    0.1758E+00     124.5    384.2
2022  4 28   118   14 58  0     36.59    0.1767E+00     124.3    384.2
2022  4 28   118   14 59  0     36.44    0.1779E+00     124.3    384.3
2022  4 28   118   15  0  0     36.29    0.1793E+00     124.5    384.2
2022  4 28   118   15  1  0     36.14    0.1809E+00     124.8    384.3
2022  4 28   118   15  2  0     35.99    0.1819E+00     124.7    384.3
2022  4 28   118   15  3  0     35.85    0.1828E+00     124.5    384.3
2022  4 28   118   15  4  0     35.70    0.1840E+00     124.6    384.4
2022  4 28   118   15  5  0     35.55    0.1853E+00     124.8    384.5
2022  4 28   118   15  6  0     35.41    0.1863E+00     124.8    384.7
2022  4 28   118   15  7  0     35.27    0.1876E+00     124.9    384.7
2022  4 28   118   15  8  0     35.12    0.1887E+00     124.9    384.7
2022  4 28   118   15  9  0     34.98    0.1899E+00     124.8    384.6
2022  4 28   118   15 10  0     34.84    0.1909E+00     124.7    384.5
2022  4 28   118   15 11  0     34.70    0.1920E+00     124.8    384.6
2022  4 28   118   15 12  0     34.56    0.1927E+00     124.5    384.6
2022  4 28   118   15 13  0     34.42    0.1936E+00     124.4    384.7
2022  4 28   118   15 14  0     34.28    0.1950E+00     124.6    384.7
2022  4 28   118   15 15  0     34.14    0.1961E+00     124.6    384.7
2022  4 28   118   15 16  0     34.01    0.1975E+00     124.7    384.6
2022  4 28   118   15 17  0     33.87    0.1985E+00     124.6    384.5
2022  4 28   118   15 18  0     33.74    0.1997E+00     124.7    384.5
2022  4 28   118   15 19  0     33.60    0.2010E+00     124.9    384.6
2022  4 28   118   15 20  0     33.47    0.2024E+00     125.2    384.6
2022  4 28   118   15 21  0     33.33    0.2034E+00     125.1    384.6
2022  4 28   118   15 22  0     33.20    0.2045E+00     125.1    384.6
2022  4 28   118   15 23  0     33.07    0.2057E+00     125.2    384.6
2022  4 28   118   15 24  0     32.94    0.2072E+00     125.6    384.7
2022  4 28   118   15 25  0     32.81    0.2082E+00     125.7    384.9
2022  4 28   118   15 26  0     32.68    0.2094E+00     125.8    384.8
2022  4 28   118   15 27  0     32.56    0.2105E+00     125.9    384.8
2022  4 28   118   15 28  0     32.43    0.2111E+00     125.6    384.8
2022  4 28   118   15 29  0     32.31    0.2122E+00     125.6    384.7
2022  4 28   118   15 30  0     32.18    0.2124E+00     125.3    384.9
2022  4 28   118   15 31  0     32.06    0.2130E+00     125.1    385.0
2022  4 28   118   15 32  0     31.94    0.2136E+00     124.9    385.1
2022  4 28   118   15 33  0     31.81    0.2153E+00     125.4    385.0
2022  4 28   118   15 34  0     31.69    0.2162E+00     125.4    385.2
2022  4 28   118   15 35  0     31.57    0.2178E+00     125.8    385.0
2022  4 28   118   15 36  0     31.46    0.2185E+00     125.6    385.0
2022  4 28   118   15 37  0     31.34    0.2194E+00     125.7    385.1
2022  4 28   118   15 38  0     31.22    0.2203E+00     125.6    385.1
2022  4 28   118   15 39  0     31.11    0.2214E+00     125.8    385.1
2022  4 28   118   15 40  0     30.99    0.2223E+00     125.7    385.1
2022  4 28   118   15 41  0     30.88    0.2233E+00     125.7    385.0
2022  4 28   118   15 42  0     30.77    0.2240E+00     125.7    385.1
2022  4 28   118   15 43  0     30.66    0.2249E+00     125.7    385.1
2022  4 28   118   15 44  0     30.55    0.2263E+00     126.0    385.0
2022  4 28   118   15 45  0     30.44    0.2272E+00     126.0    385.1
2022  4 28   118   15 46  0     30.33    0.2279E+00     125.9    385.0
2022  4 28   118   15 47  0     30.23    0.2285E+00     125.7    385.0
2022  4 28   118   15 48  0     30.12    0.2302E+00     126.2    384.9
2022  4 28   118   15 49  0     30.02    0.2311E+00     126.2    384.8
2022  4 28   118   15 50  0     29.92    0.2316E+00     126.1    384.9
2022  4 28   118   15 51  0     29.82    0.2323E+00     126.0    384.9
2022  4 28   118   15 52  0     29.72    0.2332E+00     126.1    385.0
2022  4 28   118   15 53  0     29.62    0.2339E+00     126.0    384.9
2022  4 28   118   15 54  0     29.52    0.2344E+00     125.9    384.9
2022  4 28   118   15 55  0     29.42    0.2356E+00     126.1    384.9
2022  4 28   118   15 56  0     29.33    0.2360E+00     126.0    385.0
2022  4 28   118   15 57  0     29.23    0.2363E+00     125.9    385.1
2022  4 28   118   15 58  0     29.14    0.2372E+00     126.1    385.2
2022  4 28   118   15 59  0     29.05    0.2372E+00     125.8    385.4
2022  4 28   118   16  0  0     28.96    0.2373E+00     125.4    385.4
2022  4 28   118   16  1  0     28.87    0.2378E+00     125.4    385.5
2022  4 28   118   16  2  0     28.79    0.2391E+00     125.8    385.5
2022  4 28   118   16  3  0     28.70    0.2401E+00     125.9    385.6
2022  4 28   118   16  4  0     28.62    0.2407E+00     125.8    385.4
2022  4 28   118   16  5  0     28.54    0.2408E+00     125.6    385.5
2022  4 28   118   16  6  0     28.45    0.2420E+00     125.9    385.6
2022  4 28   118   16  7  0     28.37    0.2419E+00     125.6    385.7
2022  4 28   118   16  8  0     28.30    0.2431E+00     126.1    385.9
2022  4 28   118   16  9  0     28.22    0.2446E+00     126.6    385.9
2022  4 28   118   16 10  0     28.14    0.2452E+00     126.6    386.0
2022  4 28   118   16 11  0     28.07    0.2459E+00     126.7    386.0
2022  4 28   118   16 12  0     28.00    0.2473E+00     127.1    385.8
2022  4 28   118   16 13  0     27.93    0.2476E+00     126.9    385.7
2022  4 28   118   16 14  0     27.86    0.2474E+00     126.5    385.8
2022  4 28   118   16 15  0     27.79    0.2479E+00     126.6    385.8
2022  4 28   118   16 16  0     27.72    0.2491E+00     127.0    385.9
2022  4 28   118   16 17  0     27.66    0.2491E+00     126.6    385.7
2022  4 28   118   16 18  0     27.59    0.2496E+00     126.5    385.6
2022  4 28   118   16 19  0     27.53    0.2501E+00     126.5    385.6
2022  4 28   118   16 20  0     27.47    0.2508E+00     126.6    385.5
2022  4 28   118   16 21  0     27.42    0.2514E+00     126.5    385.3
2022  4 28   118   16 22  0     27.36    0.2517E+00     126.3    385.2
2022  4 28   118   16 23  0     27.30    0.2520E+00     126.0    384.9
2022  4 28   118   16 24  0     27.25    0.2529E+00     126.3    385.0
2022  4 28   118   16 25  0     27.20    0.2546E+00     127.0    384.9
2022  4 28   118   16 26  0     27.15    0.2554E+00     127.0    384.6
2022  4 28   118   16 27  0     27.10    0.2560E+00     127.1    384.6
2022  4 28   118   16 28  0     27.05    0.2569E+00     127.2    384.3
2022  4 28   118   16 29  0     27.01    0.2570E+00     127.1    384.3
2022  4 28   118   16 30  0     26.96    0.2569E+00     126.8    384.2
2022  4 28   118   16 31  0     26.92    0.2568E+00     126.4    384.0
2022  4 28   118   16 32  0     26.88    0.2577E+00     126.7    383.9
2022  4 28   118   16 33  0     26.84    0.2582E+00     126.6    383.7
2022  4 28   118   16 34  0     26.81    0.2585E+00     126.7    383.7
2022  4 28   118   16 35  0     26.77    0.2595E+00     127.0    383.7
2022  4 28   118   16 36  0     26.74    0.2604E+00     127.4    383.6
2022  4 28   118   16 37  0     26.71    0.2606E+00     127.4    383.7
2022  4 28   118   16 38  0     26.68    0.2608E+00     127.3    383.7
2022  4 28   118   16 39  0     26.65    0.2611E+00     127.2    383.5
2022  4 28   118   16 40  0     26.62    0.2610E+00     127.0    383.4
2022  4 28   118   16 41  0     26.60    0.2598E+00     126.2    383.4
2022  4 28   118   16 42  0     26.57    0.2611E+00     126.8    383.3
2022  4 28   118   16 43  0     26.55    0.2624E+00     127.3    383.1
2022  4 28   118   16 44  0     26.54    0.2627E+00     127.4    383.2
2022  4 28   118   16 45  0     26.52    0.2632E+00     127.5    383.1
2022  4 28   118   16 46  0     26.50    0.2628E+00     127.3    383.2
2022  4 28   118   16 47  0     26.49    0.2619E+00     126.8    383.3
2022  4 28   118   16 48  0     26.48    0.2634E+00     127.5    383.2
2022  4 28   118   16 49  0     26.47    0.2636E+00     127.7    383.3
2022  4 28   118   16 50  0     26.46    0.2634E+00     127.6    383.4
2022  4 28   118   16 51  0     26.45    0.2629E+00     127.3    383.5
2022  4 28   118   16 52  0     26.45    0.2634E+00     127.6    383.5
2022  4 28   118   16 53  0     26.44    0.2636E+00     127.6    383.4
2022  4 28   118   16 54  0     26.44    0.2630E+00     127.3    383.5
2022  4 28   118   16 55  0     26.44    0.2636E+00     127.6    383.4
2022  4 28   118   16 56  0     26.44    0.2636E+00     127.6    383.5
2022  4 28   118   16 57  0     26.45    0.2626E+00     127.2    383.5
2022  4 28   118   16 58  0     26.45    0.2628E+00     127.2    383.4
2022  4 28   118   16 59  0     26.46    0.2634E+00     127.6    383.4
2022  4 28   118   17  0  0     26.47    0.2640E+00     127.9    383.3
2022  4 28   118   17  1  0     26.48    0.2639E+00     127.7    383.1
2022  4 28   118   17  2  0     26.50    0.2645E+00     128.0    383.0
2022  4 28   118   17  3  0     26.51    0.2648E+00     128.1    382.8
2022  4 28   118   17  4  0     26.53    0.2643E+00     127.9    382.9
2022  4 28   118   17  5  0     26.55    0.2641E+00     127.8    382.8
2022  4 28   118   17  6  0     26.57    0.2644E+00     128.1    382.9
2022  4 28   118   17  7  0     26.59    0.2642E+00     128.1    382.9
2022  4 28   118   17  8  0     26.61    0.2642E+00     128.1    382.7
2022  4 28   118   17  9  0     26.64    0.2636E+00     127.8    382.6
2022  4 28   118   17 10  0     26.66    0.2627E+00     127.3    382.5
2022  4 28   118   17 11  0     26.69    0.2637E+00     128.0    382.4
2022  4 28   118   17 12  0     26.72    0.2644E+00     128.4    382.4
2022  4 28   118   17 13  0     26.76    0.2642E+00     128.3    382.2
2022  4 28   118   17 14  0     26.79    0.2642E+00     128.4    382.1
2022  4 28   118   17 15  0     26.83    0.2638E+00     128.3    382.1
2022  4 28   118   17 16  0     26.86    0.2643E+00     128.9    382.3
2022  4 28   118   17 17  0     26.90    0.2637E+00     128.6    382.1
2022  4 28   118   17 18  0     26.95    0.2632E+00     128.5    382.1
2022  4 28   118   17 19  0     26.99    0.2624E+00     128.1    382.0
2022  4 28   118   17 20  0     27.03    0.2625E+00     128.4    382.1
2022  4 28   118   17 21  0     27.08    0.2626E+00     128.6    381.9
2022  4 28   118   17 22  0     27.13    0.2620E+00     128.4    381.7
2022  4 28   118   17 23  0     27.18    0.2622E+00     128.7    381.9
2022  4 28   118   17 24  0     27.23    0.2617E+00     128.6    381.7
2022  4 28   118   17 25  0     27.28    0.2602E+00     128.3    382.1
2022  4 28   118   17 26  0     27.33    0.2600E+00     128.4    382.0
2022  4 28   118   17 27  0     27.39    0.2595E+00     128.4    382.1
2022  4 28   118   17 28  0     27.45    0.2591E+00     128.3    381.9
2022  4 28   118   17 29  0     27.51    0.2583E+00     128.3    382.2
2022  4 28   118   17 30  0     27.57    0.2581E+00     128.4    382.1
2022  4 28   118   17 31  0     27.63    0.2572E+00     128.1    382.0
2022  4 28   118   17 32  0     27.70    0.2560E+00     127.7    381.9
2022  4 28   118   17 33  0     27.76    0.2563E+00     128.1    381.9
2022  4 28   118   17 34  0     27.83    0.2563E+00     128.4    382.0
2022  4 28   118   17 35  0     27.90    0.2551E+00     128.0    381.9
2022  4 28   118   17 36  0     27.97    0.2550E+00     128.2    381.9
2022  4 28   118   17 37  0     28.04    0.2544E+00     128.3    382.1
2022  4 28   118   17 38  0     28.11    0.2538E+00     128.3    382.0
2022  4 28   118   17 39  0     28.19    0.2531E+00     128.4    382.0
2022  4 28   118   17 40  0     28.26    0.2527E+00     128.5    382.1
2022  4 28   118   17 41  0     28.34    0.2524E+00     128.5    381.8
2022  4 28   118   17 42  0     28.42    0.2519E+00     128.5    381.8
2022  4 28   118   17 43  0     28.50    0.2507E+00     128.2    381.8
2022  4 28   118   17 44  0     28.58    0.2496E+00     128.0    381.9
2022  4 28   118   17 45  0     28.67    0.2494E+00     128.2    381.7
2022  4 28   118   17 46  0     28.75    0.2485E+00     128.0    381.6
2022  4 28   118   17 47  0     28.84    0.2482E+00     128.1    381.6
2022  4 28   118   17 48  0     28.93    0.2474E+00     128.0    381.4
2022  4 28   118   17 49  0     29.01    0.2469E+00     128.0    381.3
2022  4 28   118   17 50  0     29.10    0.2462E+00     128.0    381.2
2022  4 28   118   17 51  0     29.20    0.2455E+00     128.0    381.2
2022  4 28   118   17 52  0     29.29    0.2455E+00     128.3    381.2
2022  4 28   118   17 53  0     29.38    0.2450E+00     128.4    380.9
2022  4 28   118   17 54  0     29.48    0.2446E+00     128.6    381.0
2022  4 28   118   17 55  0     29.58    0.2438E+00     128.8    381.2
2022  4 28   118   17 56  0     29.67    0.2427E+00     128.5    381.1
2022  4 28   118   17 57  0     29.77    0.2420E+00     128.6    381.1
2022  4 28   118   17 58  0     29.87    0.2411E+00     128.5    381.1
2022  4 28   118   17 59  0     29.97    0.2402E+00     128.4    381.0
2022  4 28   118   18  0  0     30.08    0.2393E+00     128.3    380.9
2022  4 28   118   18  1  0     30.18    0.2384E+00     128.3    380.9
2022  4 28   118   18  2  0     30.29    0.2377E+00     128.2    380.6
2022  4 28   118   18  3  0     30.39    0.2375E+00     128.7    380.8
2022  4 28   118   18  4  0     30.50    0.2371E+00     129.0    380.6
2022  4 28   118   18  5  0     30.61    0.2357E+00     128.6    380.7
2022  4 28   118   18  6  0     30.72    0.2338E+00     128.2    380.8
2022  4 28   118   18  7  0     30.83    0.2327E+00     128.0    380.7
2022  4 28   118   18  8  0     30.95    0.2319E+00     128.2    380.9
2022  4 28   118   18  9  0     31.06    0.2314E+00     128.3    380.6
2022  4 28   118   18 10  0     31.17    0.2306E+00     128.4    380.7
2022  4 28   118   18 11  0     31.29    0.2296E+00     128.3    380.6
2022  4 28   118   18 12  0     31.41    0.2288E+00     128.4    380.7
2022  4 28   118   18 13  0     31.52    0.2276E+00     128.3    380.7
2022  4 28   118   18 14  0     31.64    0.2267E+00     128.4    380.8
2022  4 28   118   18 15  0     31.76    0.2258E+00     128.3    380.6
2022  4 28   118   18 16  0     31.88    0.2251E+00     128.4    380.4
2022  4 28   118   18 17  0     32.00    0.2238E+00     128.3    380.4
2022  4 28   118   18 18  0     32.13    0.2231E+00     128.4    380.3
2022  4 28   118   18 19  0     32.25    0.2221E+00     128.4    380.4
2022  4 28   118   18 20  0     32.38    0.2212E+00     128.5    380.3
2022  4 28   118   18 21  0     32.50    0.2202E+00     128.6    380.4
2022  4 28   118   18 22  0     32.63    0.2191E+00     128.5    380.4
2022  4 28   118   18 23  0     32.76    0.2182E+00     128.5    380.2
2022  4 28   118   18 24  0     32.89    0.2173E+00     128.4    379.9
2022  4 28   118   18 25  0     33.02    0.2159E+00     128.1    379.7
2022  4 28   118   18 26  0     33.15    0.2155E+00     128.5    379.7
2022  4 28   118   18 27  0     33.28    0.2140E+00     128.1    379.5
2022  4 28   118   18 28  0     33.41    0.2127E+00     128.0    379.5
2022  4 28   118   18 29  0     33.54    0.2118E+00     128.0    379.4
2022  4 28   118   18 30  0     33.68    0.2107E+00     127.8    379.2
2022  4 28   118   18 31  0     33.81    0.2095E+00     127.9    379.3
2022  4 28   118   18 32  0     33.95    0.2086E+00     127.9    379.2
2022  4 28   118   18 33  0     34.08    0.2075E+00     127.7    378.8
2022  4 28   118   18 34  0     34.22    0.2065E+00     127.8    378.8
2022  4 28   118   18 35  0     34.36    0.2053E+00     127.8    378.9
2022  4 28   118   18 36  0     34.50    0.2042E+00     127.8    378.9
2022  4 28   118   18 37  0     34.64    0.2029E+00     127.7    378.9
2022  4 28   118   18 38  0     34.78    0.2017E+00     127.6    378.8
2022  4 28   118   18 39  0     34.92    0.2008E+00     127.7    378.7
2022  4 28   118   18 40  0     35.06    0.1998E+00     127.9    378.6
2022  4 28   118   18 41  0     35.20    0.1987E+00     128.1    378.7
2022  4 28   118   18 42  0     35.35    0.1978E+00     128.3    378.8
2022  4 28   118   18 43  0     35.49    0.1968E+00     128.3    378.7
2022  4 28   118   18 44  0     35.64    0.1957E+00     128.3    378.6
2022  4 28   118   18 45  0     35.78    0.1944E+00     128.3    378.7
2022  4 28   118   18 46  0     35.93    0.1931E+00     128.4    378.7
2022  4 28   118   18 47  0     36.08    0.1918E+00     128.4    378.6
2022  4 28   118   18 48  0     36.22    0.1903E+00     128.2    378.7
2022  4 28   118   18 49  0     36.37    0.1891E+00     128.2    378.8
2022  4 28   118   18 50  0     36.52    0.1880E+00     128.3    378.8
2022  4 28   118   18 51  0     36.67    0.1863E+00     128.0    378.9
2022  4 28   118   18 52  0     36.82    0.1851E+00     128.1    378.9
2022  4 28   118   18 53  0     36.97    0.1837E+00     127.9    378.8
2022  4 28   118   18 54  0     37.12    0.1826E+00     127.8    378.5
2022  4 28   118   18 55  0     37.27    0.1812E+00     127.6    378.3
2022  4 28   118   18 56  0     37.43    0.1803E+00     127.9    378.5
2022  4 28   118   18 57  0     37.58    0.1790E+00     128.0    378.6
2022  4 28   118   18 58  0     37.73    0.1776E+00     127.9    378.6
2022  4 28   118   18 59  0     37.89    0.1762E+00     127.8    378.6
2022  4 28   118   19  0  0     38.04    0.1746E+00     127.6    378.4
2022  4 28   118   19  1  0     38.20    0.1732E+00     127.3    378.3
2022  4 28   118   19  2  0     38.35    0.1721E+00     127.5    378.5
2022  4 28   118   19  3  0     38.51    0.1707E+00     127.5    378.6
2022  4 28   118   19  4  0     38.67    0.1691E+00     127.3    378.6
2022  4 28   118   19  5  0     38.83    0.1678E+00     127.2    378.5
2022  4 28   118   19  6  0     38.99    0.1667E+00     127.4    378.6
2022  4 28   118   19  7  0     39.14    0.1652E+00     127.1    378.3
2022  4 28   118   19  8  0     39.30    0.1641E+00     127.4    378.6
2022  4 28   118   19  9  0     39.46    0.1627E+00     127.4    378.7
2022  4 28   118   19 10  0     39.62    0.1614E+00     127.3    378.6
2022  4 28   118   19 11  0     39.78    0.1600E+00     127.1    378.4
2022  4 28   118   19 12  0     39.95    0.1587E+00     126.9    378.3
2022  4 28   118   19 13  0     40.11    0.1574E+00     126.9    378.1
2022  4 28   118   19 14  0     40.27    0.1559E+00     126.6    377.9
2022  4 28   118   19 15  0     40.43    0.1548E+00     126.8    378.1
2022  4 28   118   19 16  0     40.60    0.1538E+00     127.1    378.1
2022  4 28   118   19 17  0     40.76    0.1527E+00     127.4    378.1
2022  4 28   118   19 18  0     40.92    0.1511E+00     127.0    378.1
2022  4 28   118   19 19  0     41.09    0.1496E+00     127.0    377.9
2022  4 28   118   19 20  0     41.25    0.1483E+00     126.9    377.8
2022  4 28   118   19 21  0     41.42    0.1467E+00     126.6    378.0
2022  4 28   118   19 22  0     41.59    0.1452E+00     126.4    378.0
2022  4 28   118   19 23  0     41.75    0.1431E+00     125.6    378.0
2022  4 28   118   19 24  0     41.92    0.1426E+00     126.3    377.9
2022  4 28   118   19 25  0     42.09    0.1415E+00     126.4    377.5
2022  4 28   118   19 26  0     42.25    0.1408E+00     126.9    377.5
2022  4 28   118   19 27  0     42.42    0.1399E+00     127.3    377.6
2022  4 28   118   19 28  0     42.59    0.1385E+00     127.1    377.5
2022  4 28   118   19 29  0     42.76    0.1373E+00     127.2    377.5
2022  4 28   118   19 30  0     42.93    0.1360E+00     127.2    377.4
2022  4 28   118   19 31  0     43.10    0.1347E+00     127.2    377.1
2022  4 28   118   19 32  0     43.27    0.1333E+00     127.0    377.0
2022  4 28   118   19 33  0     43.44    0.1320E+00     126.9    376.9
2022  4 28   118   19 34  0     43.61    0.1307E+00     126.9    377.1
2022  4 28   118   19 35  0     43.78    0.1293E+00     126.7    377.1
2022  4 28   118   19 36  0     43.95    0.1281E+00     126.8    377.1
2022  4 28   118   19 37  0     44.12    0.1268E+00     126.6    376.6
2022  4 28   118   19 38  0     44.30    0.1255E+00     126.7    376.5
2022  4 28   118   19 39  0     44.47    0.1239E+00     126.2    376.5
2022  4 28   118   19 40  0     44.64    0.1226E+00     126.2    376.7
2022  4 28   118   19 41  0     44.81    0.1216E+00     126.4    376.6
2022  4 28   118   19 42  0     44.99    0.1202E+00     126.1    376.5
2022  4 28   118   19 43  0     45.16    0.1189E+00     126.2    376.1
2022  4 28   118   19 44  0     45.34    0.1176E+00     126.2    376.1
2022  4 28   118   19 45  0     45.51    0.1166E+00     126.5    376.2
2022  4 28   118   19 46  0     45.68    0.1155E+00     126.7    376.5
2022  4 28   118   19 47  0     45.86    0.1142E+00     126.5    376.4
2022  4 28   118   19 48  0     46.03    0.1128E+00     126.4    375.9
2022  4 28   118   19 49  0     46.21    0.1115E+00     126.3    375.9
2022  4 28   118   19 50  0     46.39    0.1100E+00     126.0    375.9
2022  4 28   118   19 51  0     46.56    0.1087E+00     125.9    375.8
2022  4 28   118   19 52  0     46.74    0.1077E+00     126.1    376.2
2022  4 28   118   19 53  0     46.91    0.1065E+00     126.0    376.1
2022  4 28   118   19 54  0     47.09    0.1052E+00     126.0    375.5
2022  4 28   118   19 55  0     47.27    0.1040E+00     126.0    375.4
2022  4 28   118   19 56  0     47.45    0.1028E+00     125.9    375.4
2022  4 28   118   19 57  0     47.62    0.1015E+00     125.9    375.4
2022  4 28   118   19 58  0     47.80    0.1004E+00     126.0    375.8
2022  4 28   118   19 59  0     47.98    0.9927E-01     126.0    375.7
2022  4 28   118   20  0  0     48.16    0.9819E-01     126.0    375.0
2022  4 28   118   20  1  0     48.34    0.9688E-01     125.8    374.9
2022  4 28   118   20  2  0     48.51    0.9571E-01     126.0    375.1
2022  4 28   118   20  3  0     48.69    0.9458E-01     126.0    375.5
2022  4 28   118   20  4  0     48.87    0.9335E-01     125.9    375.4
2022  4 28   118   20  5  0     49.05    0.9217E-01     125.9    374.8
2022  4 28   118   20  6  0     49.23    0.9088E-01     125.8    374.9
2022  4 28   118   20  7  0     49.41    0.8982E-01     125.9    374.8
2022  4 28   118   20  8  0     49.59    0.8858E-01     125.7    374.7
2022  4 28   118   20  9  0     49.77    0.8738E-01     125.7    375.3
2022  4 28   118   20 10  0     49.95    0.8618E-01     125.7    375.4
2022  4 28   118   20 11  0     50.13    0.8508E-01     125.8    374.8
2022  4 28   118   20 12  0     50.32    0.8395E-01     125.8    374.8
2022  4 28   118   20 13  0     50.50    0.8261E-01     125.3    374.6
2022  4 28   118   20 14  0     50.68    0.8147E-01     125.2    375.2
2022  4 28   118   20 15  0     50.86    0.8034E-01     125.3    375.3
2022  4 28   118   20 16  0     51.04    0.7917E-01     125.2    374.7
2022  4 28   118   20 17  0     51.22    0.7794E-01     125.0    374.7
2022  4 28   118   20 18  0     51.41    0.7702E-01     125.5    374.9
2022  4 28   118   20 19  0     51.59    0.7588E-01     125.4    374.9
2022  4 28   118   20 20  0     51.77    0.7488E-01     125.5    375.4
2022  4 28   118   20 21  0     51.95    0.7373E-01     125.3    375.2
2022  4 28   118   20 22  0     52.14    0.7277E-01     125.4    374.6
2022  4 28   118   20 23  0     52.32    0.7175E-01     125.4    374.5
2022  4 28   118   20 24  0     52.50    0.7068E-01     125.1    374.2
2022  4 28   118   20 25  0     52.69    0.6957E-01     125.0    374.0
2022  4 28   118   20 26  0     52.87    0.6857E-01     125.0    374.7
2022  4 28   118   20 27  0     53.05    0.6761E-01     125.1    373.9
2022  4 28   118   20 28  0     53.24    0.6659E-01     124.9    373.6
2022  4 28   118   20 29  0     53.42    0.6567E-01     124.9    373.3
2022  4 28   118   20 30  0     53.61    0.6456E-01     124.7    373.3
2022  4 28   118   20 31  0     53.79    0.6370E-01     124.9    373.9
2022  4 28   118   20 32  0     53.98    0.6267E-01     124.7    373.9
2022  4 28   118   20 33  0     54.16    0.6161E-01     124.6    373.0
2022  4 28   118   20 34  0     54.35    0.6073E-01     124.6    372.9
2022  4 28   118   20 35  0     54.53    0.5965E-01     124.2    372.6
2022  4 28   118   20 36  0     54.72    0.5883E-01     124.5    372.5
2022  4 28   118   20 37  0     54.90    0.5778E-01     124.3    373.4
2022  4 28   118   20 38  0     55.09    0.5693E-01     124.6    372.5
2022  4 28   118   20 39  0     55.27    0.5605E-01     124.7    372.3
2022  4 28   118   20 40  0     55.46    0.5517E-01     124.8    372.3
2022  4 28   118   20 41  0     55.64    0.5409E-01     124.2    372.0
2022  4 28   118   20 42  0     55.83    0.5315E-01     124.0    371.9
2022  4 28   118   20 43  0     56.01    0.5227E-01     124.1    371.8
2022  4 28   118   20 44  0     56.20    0.5151E-01     124.3    371.7
2022  4 28   118   20 45  0     56.39    0.5068E-01     124.5    371.6
2022  4 28   118   20 46  0     56.57    0.4982E-01     124.6    371.5
2022  4 28   118   20 47  0     56.76    0.4882E-01     124.0    371.4
2022  4 28   118   20 48  0     56.95    0.4798E-01     124.0    372.1
2022  4 28   118   20 49  0     57.13    0.4714E-01     124.1    371.1
2022  4 28   118   20 50  0     57.32    0.4626E-01     123.9    371.1
2022  4 28   118   20 51  0     57.51    0.4541E-01     123.7    370.7
2022  4 28   118   20 52  0     57.69    0.4459E-01     123.6    370.7
2022  4 28   118   20 53  0     57.88    0.4394E-01     124.0    370.4
2022  4 28   118   20 54  0     58.07    0.4318E-01     124.2    370.3
2022  4 28   118   20 55  0     58.25    0.4238E-01     124.1    370.2
2022  4 28   118   20 56  0     58.44    0.4154E-01     123.8    369.9
2022  4 28   118   20 57  0     58.63    0.4075E-01     123.7    370.0
2022  4 28   118   20 58  0     58.82    0.4006E-01     123.9    369.6
2022  4 28   118   20 59  0     59.00    0.3927E-01     123.9    369.7
2022  4 28   118   21  0  0     59.19    0.3854E-01     124.0    369.6
2022  4 28   118   21  1  0     59.38    0.3784E-01     123.9    369.3
2022  4 28   118   21  2  0     59.57    0.3703E-01     123.6    369.3
2022  4 28   118   21  3  0     59.75    0.3636E-01     123.8    369.0
2022  4 28   118   21  4  0     59.94    0.3560E-01     123.4    368.6
2022  4 28   118   21  5  0     60.13    0.3492E-01     123.5    368.7
2022  4 28   118   21  6  0     60.32    0.3425E-01     123.6    368.5
2022  4 28   118   21  7  0     60.51    0.3357E-01     123.4    368.2
2022  4 28   118   21  8  0     60.69    0.3295E-01     123.7    368.1
2022  4 28   118   21  9  0     60.88    0.3229E-01     123.6    367.8
2022  4 28   118   21 10  0     61.07    0.3161E-01     123.4    367.4
2022  4 28   118   21 11  0     61.26    0.3096E-01     123.4    367.5
2022  4 28   118   21 12  0     61.45    0.3030E-01     123.1    366.9
2022  4 28   118   21 13  0     61.64    0.2971E-01     123.5    366.9
2022  4 28   118   21 14  0     61.82    0.2908E-01     123.6    367.1
2022  4 28   118   21 15  0     62.01    0.2849E-01     123.5    366.4
2022  4 28   118   21 16  0     62.20    0.2787E-01     123.4    366.2
2022  4 28   118   21 17  0     62.39    0.2724E-01     123.3    366.2
2022  4 28   118   21 18  0     62.58    0.2661E-01     123.1    366.2
2022  4 28   118   21 19  0     62.77    0.2601E-01     122.8    365.8
2022  4 28   118   21 20  0     62.96    0.2544E-01     122.8    365.4
2022  4 28   118   21 21  0     63.15    0.2489E-01     122.7    365.0
2022  4 28   118   21 22  0     63.33    0.2435E-01     122.9    365.1
2022  4 28   118   21 23  0     63.52    0.2385E-01     123.0    364.7
2022  4 28   118   21 24  0     63.71    0.2331E-01     122.8    364.2
2022  4 28   118   21 25  0     63.90    0.2279E-01     122.7    363.9
2022  4 28   118   21 26  0     64.09    0.2235E-01     123.2    363.5
2022  4 28   118   21 27  0     64.28    0.2186E-01     123.4    363.4
2022  4 28   118   21 28  0     64.47    0.2133E-01     123.3    363.3
2022  4 28   118   21 29  0     64.66    0.2080E-01     123.3    363.6
2022  4 28   118   21 30  0     64.85    0.2031E-01     123.1    362.8
2022  4 28   118   21 31  0     65.04    0.1983E-01     122.8    362.2
2022  4 28   118   21 32  0     65.22    0.1937E-01     122.8    362.0
2022  4 28   118   21 33  0     65.41    0.1889E-01     122.7    361.9
2022  4 28   118   21 34  0     65.60    0.1842E-01     122.6    361.7
2022  4 28   118   21 35  0     65.79    0.1797E-01     122.4    361.3
2022  4 28   118   21 36  0     65.98    0.1752E-01     122.3    361.0
2022  4 28   118   21 37  0     66.17    0.1707E-01     122.1    360.6
2022  4 28   118   21 38  0     66.36    0.1663E-01     122.1    360.5
2022  4 28   118   21 39  0     66.55    0.1620E-01     122.2    360.3
2022  4 28   118   21 40  0     66.74    0.1581E-01     122.1    359.5
2022  4 28   118   21 41  0     66.93    0.1540E-01     122.2    359.3
2022  4 28   118   21 42  0     67.12    0.1502E-01     122.2    358.8
2022  4 28   118   21 43  0     67.31    0.1463E-01     122.1    358.7
2022  4 28   118   21 44  0     67.50    0.1426E-01     122.2    358.3
2022  4 28   118   21 45  0     67.68    0.1390E-01     122.2    357.7
2022  4 28   118   21 46  0     67.87    0.1355E-01     122.3    357.2
2022  4 28   118   21 47  0     68.06    0.1320E-01     122.5    356.2
2022  4 28   118   21 48  0     68.25    0.1283E-01     122.3    356.1
2022  4 28   118   21 49  0     68.44    0.1246E-01     122.3    356.9
2022  4 28   118   21 50  0     68.63    0.1214E-01     122.1    355.9
2022  4 28   118   21 51  0     68.82    0.1178E-01     122.1    356.2
2022  4 28   118   21 52  0     69.01    0.1150E-01     122.3    354.1
2022  4 28   118   21 53  0     69.20    0.1115E-01     122.2    354.3
2022  4 28   118   21 54  0     69.39    0.1082E-01     122.0    354.0
2022  4 28   118   21 55  0     69.58    0.1051E-01     121.9    354.1
2022  4 28   118   21 56  0     69.77    0.1019E-01     121.9    354.5
2022  4 28   118   21 57  0     69.96    0.9896E-02     121.7    353.7
2022  4 28   118   21 58  0     70.15    0.9629E-02     121.7    351.7
2022  4 28   118   21 59  0     70.33    0.9328E-02     121.5    352.0
2022  4 28   118   22  0  0     70.52    0.9046E-02     121.6    352.1
2022  4 28   118   22  1  0     70.71    0.8784E-02     121.4    351.1
2022  4 28   118   22  2  0     70.90    0.8544E-02     121.4    350.8
2022  4 28   118   22  3  0     71.09    0.8295E-02     121.5    349.0
2022  4 28   118   22  4  0     71.28    0.8008E-02     121.1    349.5
2022  4 28   118   22  5  0     71.47    0.7770E-02     121.1    348.6
2022  4 28   118   22  6  0     71.66    0.7530E-02     121.2    348.3
2022  4 28   118   22  7  0     71.85    0.7333E-02     121.2    345.8
2022  4 28   118   22  8  0     72.04    0.7091E-02     121.3    346.7
2022  4 28   118   22  9  0     72.22    0.6909E-02     121.5    344.5
2022  4 28   118   22 10  0     72.41    0.6679E-02     121.7    344.9
2022  4 28   118   22 11  0     72.60    0.6436E-02     121.8    346.2
2022  4 28   118   22 12  0     72.79    0.6227E-02     121.6    345.2
2022  4 28   118   22 13  0     72.98    0.6035E-02     121.7    344.1
2022  4 28   118   22 14  0     73.17    0.5823E-02     121.8    344.9
2022  4 28   118   22 15  0     73.36    0.5627E-02     121.8    344.5
2022  4 28   118   22 16  0     73.55    0.5445E-02     121.7    343.3
2022  4 28   118   22 17  0     73.73    0.5248E-02     121.6    343.4
2022  4 28   118   22 18  0     73.92    0.5060E-02     121.5    343.5
2022  4 28   118   22 19  0     74.11    0.4879E-02     121.6    343.9
2022  4 28   118   22 20  0     74.30    0.4717E-02     122.0    343.5
2022  4 28   118   22 21  0     74.49    0.4576E-02     121.8    340.7
2022  4 28   118   22 22  0     74.68    0.4373E-02     121.8    344.4
2022  4 28   118   22 23  0     74.86    0.4250E-02     121.8    340.4
2022  4 28   118   22 24  0     75.05    0.4079E-02     121.6    341.2
2022  4 28   118   22 25  0     75.24    0.3946E-02     121.6    339.4
2022  4 28   118   22 26  0     75.43    0.3801E-02     121.7    339.2
2022  4 28   118   22 27  0     75.62    0.3643E-02     121.8    341.3
2022  4 28   118   22 28  0     75.80    0.3499E-02     121.7    341.8
2022  4 28   118   22 29  0     75.99    0.3362E-02     121.8    342.2
2022  4 28   118   22 30  0     76.18    0.3249E-02     121.9    340.0
2022  4 28   118   22 31  0     76.37    0.3106E-02     121.9    342.5
2022  4 28   118   22 32  0     76.56    0.2978E-02     122.0    343.7
2022  4 28   118   22 33  0     76.74    0.2857E-02     122.1    344.4
2022  4 28   118   22 34  0     76.93    0.2730E-02     122.2    346.9
2022  4 28   118   22 35  0     77.12    0.2649E-02     122.3    341.0
2022  4 28   118   22 36  0     77.31    0.2526E-02     122.2    344.3
2022  4 28   118   22 37  0     77.49    0.2415E-02     122.0    346.0
2022  4 28   118   22 38  0     77.68    0.2328E-02     122.2    343.2
2022  4 28   118   22 39  0     77.87    0.2218E-02     122.4    346.6
2022  4 28   118   22 40  0     78.06    0.2102E-02     122.6    354.1
2022  4 28   118   22 41  0     78.24    0.2023E-02     122.5    351.3
2022  4 28   118   22 42  0     78.43    0.1959E-02     122.4    344.5
2022  4 28   118   22 43  0     78.62    0.1867E-02     122.5    347.0
2022  4 28   118   22 44  0     78.80    0.1786E-02     122.6    347.6
2022  4 28   118   22 45  0     78.99    0.1693E-02     122.7    353.6
2022  4 28   118   22 46  0     79.18    0.1605E-02     122.7    360.0
2022  4 28   118   22 47  0     79.36    0.1541E-02     122.8    357.4
2022  4 28   118   22 48  0     79.55    0.1467E-02     123.0    361.1
2022  4 28   118   22 49  0     79.74    0.1416E-02     123.2    354.9
2022  4 28   118   22 50  0     79.92    0.1334E-02     123.2    364.0
2022  4 28   118   22 51  0     80.11    0.1286E-02     123.2    357.0
2022  4 28   118   22 52  0     80.29    0.1205E-02     123.2    370.9
2022  4 28   118   22 53  0     80.48    0.1137E-02     123.3    380.9
2022  4 28   118   22 54  0     80.67    0.1087E-02     123.4    379.1
2022  4 28   118   22 55  0     80.85    0.1033E-02     123.4    380.5
2022  4 28   118   22 56  0     81.04    0.9545E-03     123.4    407.4
2022  4 28   118   22 57  0     81.22    0.9341E-03     123.4    385.1
2022  4 28   118   22 58  0     81.41    0.8890E-03     123.6    386.6
2022  4 28   118   22 59  0     81.59    0.8363E-03     123.7    396.7
2022  4 28   118   23  0  0     81.78    0.7854E-03     123.7    407.4
2022  4 28   118   23  1  0     81.96    0.7364E-03     123.9    419.0
2022  4 28   118   23  2  0     82.15    0.6876E-03     123.9    436.7
2022  4 28   118   23  3  0     82.33    0.6500E-03     123.9    440.9
2022  4 28   118   23  4  0     82.52    0.6039E-03     124.0    460.8
2022  4 28   118   23  5  0     82.70    0.5691E-03     124.1    468.8
2022  4 28   118   23  6  0     82.89    0.5561E-03     124.2    441.6
2022  4 28   118   23  7  0     83.07    0.5130E-03     124.3    466.4
2022  4 28   118   23  8  0     83.26    0.4658E-03     124.4    508.1
2022  4 28   118   23  9  0     83.44    0.4401E-03     124.2    510.5
2022  4 28   118   23 10  0     83.63    0.4224E-03     124.1    495.0
2022  4 28   118   23 11  0     83.81    0.3857E-03     124.1    528.4
2022  4 28   118   23 12  0     83.99    0.3717E-03     124.2    508.9
2022  4 28   118   23 13  0     84.18    0.3328E-03     124.2    563.5
2022  4 28   118   23 14  0     84.36    0.3030E-03     124.3    593.6
2022  4 28   118   23 15  0     84.55    0.2998E-03     124.5    547.4
2022  4 28   118   23 16  0     84.73    0.2856E-03     124.9    538.4
2022  4 28   118   23 17  0     84.91    0.2513E-03     125.2    600.2
2022  4 28   118   23 18  0     85.10    0.2296E-03     125.3    622.6
2022  4 28   118   23 19  0     85.28    0.1701E-03     125.2    -99.9
2022  4 28   118   23 20  0     85.46    0.1797E-03     125.1    -99.9
2022  4 28   118   23 21  0     85.64    0.1135E-03     125.2    -99.9
2022  4 28   118   23 22  0     85.83    0.1170E-03     125.3    -99.9
2022  4 28   118   23 23  0     86.01    0.1279E-03     125.5    -99.9
2022  4 28   118   23 24  0     86.19    0.1202E-03     125.3    -99.9
2022  4 28   118   23 25  0     86.37    0.9260E-04     125.3    -99.9
2022  4 28   118   23 26  0     86.55    0.7761E-04     125.4    -99.9
2022  4 28   118   23 27  0     86.74    0.6224E-04     125.5    -99.9
2022  4 28   118   23 28  0     86.92    0.4922E-04     125.9    -99.9
2022  4 28   118   23 29  0     87.10    0.3694E-04     126.0    -99.9
2022  4 28   118   23 30  0     87.28    0.4791E-04     126.0    -99.9
2022  4 28   118   23 31  0     87.46    0.1084E-04     125.9    -99.9
2022  4 28   118   23 32  0     87.64    0.2064E-04     126.1    -99.9
2022  4 28   118   23 33  0     87.82   -0.2794E-04     126.6    -99.9
2022  4 28   118   23 34  0     88.00   -0.4364E-04     127.1    -99.9
2022  4 28   118   23 35  0     88.19   -0.4912E-04     126.8    -99.9
2022  4 28   118   23 36  0     88.37   -0.4009E-04     126.6    -99.9
2022  4 28   118   23 37  0     88.55   -0.6241E-04     126.7    -99.9
2022  4 28   118   23 38  0     88.73   -0.6985E-04     126.9    -99.9
2022  4 28   118   23 39  0     88.91   -0.9446E-04     127.5    -99.9
2022  4 28   118   23 40  0     89.09   -0.7810E-04     127.6    -99.9
2022  4 28   118   23 41  0     89.26   -0.8511E-04     127.2    -99.9
2022  4 28   118   23 42  0     89.44   -0.1083E-03     127.0    -99.9
2022  4 28   118   23 43  0     89.62   -0.9468E-04     127.2    -99.9
2022  4 28   118   23 44  0     89.80   -0.1346E-03     127.7    -99.9
2022  4 28   118   23 45  0     89.98   -0.1321E-03     129.0    -99.9
