                            NILUUV 115

Uvpro Version 2.0
Latitude :   40.74 (North)
Longitude:  -74.03  (West)
Calibration file: cf100603a.115
Height above sea level:    40.0  m
CLT derived from channel 4
CLT scale factor used:   1.0
Ozone derived from channel pair ch3/ch1
Ozone scale factor used:   1.0
Drift factors ch1-ch6:   3.000154.000  1.000  1.000  1.000  1.000
Ozone profile climatology: Mid  Latitude
Dose type:    CLW    Caldwell Plant 1971           

yyyy mm dd   jul   hh mm ss      SZA     dose rate       clt     Ozone
                              [degrees]   [W/m^2]        [%]     [DU]
2014 12  3   337   12  9  0     89.91    0.6376E-04      17.2     54.6
2014 12  3   337   12 10  0     89.74    0.6071E-04      19.1     66.1
2014 12  3   337   12 11  0     89.58    0.6007E-04      19.1     71.0
2014 12  3   337   12 12  0     89.42    0.5888E-04      19.9     77.0
2014 12  3   337   12 13  0     89.25    0.5441E-04      22.1     91.9
2014 12  3   337   12 14  0     89.09    0.5546E-04      22.5     92.3
2014 12  3   337   12 15  0     88.93    0.5462E-04      22.7     95.5
2014 12  3   337   12 16  0     88.76    0.5359E-04      24.0    104.1
2014 12  3   337   12 17  0     88.60    0.4905E-04      26.2    119.8
2014 12  3   337   12 18  0     88.44    0.4945E-04      27.8    125.0
2014 12  3   337   12 19  0     88.28    0.4282E-04      28.6    146.0
2014 12  3   337   12 20  0     88.12    0.4049E-04      28.8    152.3
2014 12  3   337   12 21  0     87.96    0.3553E-04      31.5    176.8
2014 12  3   337   12 22  0     87.80    0.3334E-04      30.9    182.5
2014 12  3   337   12 23  0     87.64    0.3364E-04      30.5    179.7
2014 12  3   337   12 24  0     87.48    0.3013E-04      30.6    188.8
2014 12  3   337   12 25  0     87.32    0.2653E-04      30.0    195.4
2014 12  3   337   12 26  0     87.16    0.2198E-04      33.3    213.5
2014 12  3   337   12 27  0     87.00    0.1586E-04      33.9    230.4
2014 12  3   337   12 28  0     86.84    0.9522E-05      35.4    249.3
2014 12  3   337   12 29  0     86.68    0.7300E-05      35.0    247.3
2014 12  3   337   12 30  0     86.52    0.3315E-05      34.7    254.3
2014 12  3   337   12 31  0     86.36   -0.4393E-05      35.6    270.8
2014 12  3   337   12 32  0     86.21   -0.8346E-05      35.8    274.7
2014 12  3   337   12 33  0     86.05   -0.1194E-04      35.6    277.8
2014 12  3   337   12 34  0     85.89   -0.1165E-04      33.7    271.8
2014 12  3   337   12 35  0     85.74   -0.8663E-05      31.3    259.1
2014 12  3   337   12 36  0     85.58   -0.7875E-05      29.1    251.8
2014 12  3   337   12 37  0     85.42   -0.3659E-05      26.4    235.0
2014 12  3   337   12 38  0     85.27   -0.4516E-05      25.8    232.5
2014 12  3   337   12 39  0     85.11   -0.1213E-04      26.5    247.4
2014 12  3   337   12 40  0     84.96   -0.1720E-04      27.6    254.4
2014 12  3   337   12 41  0     84.80   -0.4042E-04      33.0    301.2
2014 12  3   337   12 42  0     84.65   -0.5774E-04      35.9    332.9
2014 12  3   337   12 43  0     84.50   -0.7309E-04      38.4    354.7
2014 12  3   337   12 44  0     84.34   -0.7280E-04      36.6    349.5
2014 12  3   337   12 45  0     84.19   -0.8659E-04      38.6    365.0
2014 12  3   337   12 46  0     84.03   -0.9711E-04      39.7    373.4
2014 12  3   337   12 47  0     83.88   -0.9433E-04      36.6    372.0
2014 12  3   337   12 48  0     83.73   -0.7670E-04      31.6    336.0
2014 12  3   337   12 49  0     83.58   -0.7622E-04      30.0    331.7
2014 12  3   337   12 50  0     83.43   -0.7117E-04      27.8    317.9
2014 12  3   337   12 51  0     83.28   -0.7332E-04      27.6    312.8
2014 12  3   337   12 52  0     83.12   -0.8373E-04      28.6    323.1
2014 12  3   337   12 53  0     82.97   -0.1198E-03      33.4    375.2
2014 12  3   337   12 54  0     82.82   -0.1333E-03      35.0    384.1
2014 12  3   337   12 55  0     82.67   -0.1570E-03      37.0    423.0
2014 12  3   337   12 56  0     82.52   -0.1716E-03      38.2    433.9
2014 12  3   337   12 57  0     82.37   -0.1743E-03      37.4    431.3
2014 12  3   337   12 58  0     82.23   -0.1733E-03      36.4    419.7
2014 12  3   337   12 59  0     82.08   -0.1901E-03      37.3    438.2
2014 12  3   337   13  0  0     81.93   -0.1898E-03      36.3    430.2
2014 12  3   337   13  1  0     81.78   -0.2015E-03      35.9    448.2
2014 12  3   337   13  2  0     81.63   -0.2408E-03      39.9    472.2
2014 12  3   337   13  3  0     81.49   -0.2848E-03      43.9    501.2
2014 12  3   337   13  4  0     81.34   -0.3144E-03      46.0    514.5
2014 12  3   337   13  5  0     81.19   -0.3261E-03      46.1    511.5
2014 12  3   337   13  6  0     81.05   -0.2774E-03      39.2    472.7
2014 12  3   337   13  7  0     80.90   -0.2779E-03      38.0    466.1
2014 12  3   337   13  8  0     80.76   -0.2735E-03      36.3    458.6
2014 12  3   337   13  9  0     80.61   -0.3076E-03      38.5    478.8
2014 12  3   337   13 10  0     80.47   -0.3627E-03      42.9    505.6
2014 12  3   337   13 11  0     80.33   -0.3925E-03      44.7    515.7
2014 12  3   337   13 12  0     80.18   -0.3689E-03      41.6    491.9
2014 12  3   337   13 13  0     80.04   -0.3726E-03      40.6    499.1
2014 12  3   337   13 14  0     79.90   -0.3633E-03      38.5    500.3
2014 12  3   337   13 15  0     79.75   -0.3306E-03      34.9    478.3
2014 12  3   337   13 16  0     79.61   -0.3103E-03      32.3    467.6
2014 12  3   337   13 17  0     79.47   -0.2818E-03      29.1    450.1
2014 12  3   337   13 18  0     79.33   -0.2767E-03      28.0    443.8
2014 12  3   337   13 19  0     79.19   -0.2530E-03      25.4    427.3
2014 12  3   337   13 20  0     79.05   -0.2594E-03      25.4    424.6
2014 12  3   337   13 21  0     78.91   -0.2635E-03      25.0    428.7
2014 12  3   337   13 22  0     78.77   -0.2750E-03      25.3    430.4
2014 12  3   337   13 23  0     78.63   -0.2218E-03      20.8    396.9
2014 12  3   337   13 24  0     78.49   -0.2092E-03      19.5    385.4
2014 12  3   337   13 25  0     78.36   -0.2197E-03      19.8    391.9
2014 12  3   337   13 26  0     78.22   -0.2155E-03      19.1    388.6
2014 12  3   337   13 27  0     78.08   -0.1973E-03      17.4    379.7
2014 12  3   337   13 28  0     77.94   -0.1927E-03      16.9    374.1
2014 12  3   337   13 29  0     77.81   -0.1925E-03      16.4    377.6
2014 12  3   337   13 30  0     77.67   -0.1878E-03      15.8    374.1
2014 12  3   337   13 31  0     77.54   -0.1902E-03      15.8    371.3
2014 12  3   337   13 32  0     77.40   -0.1959E-03      15.8    375.9
2014 12  3   337   13 33  0     77.27   -0.2150E-03      16.5    391.3
2014 12  3   337   13 34  0     77.13   -0.2111E-03      16.3    382.1
2014 12  3   337   13 35  0     77.00   -0.2059E-03      15.8    378.3
2014 12  3   337   13 36  0     76.87   -0.2324E-03      16.9    394.4
2014 12  3   337   13 37  0     76.73   -0.2900E-03      19.9    417.4
2014 12  3   337   13 38  0     76.60   -0.3119E-03      20.6    433.8
2014 12  3   337   13 39  0     76.47   -0.2917E-03      19.4    418.9
2014 12  3   337   13 40  0     76.34   -0.2935E-03      19.3    416.3
2014 12  3   337   13 41  0     76.21   -0.2840E-03      18.3    416.6
2014 12  3   337   13 42  0     76.08   -0.2714E-03      17.2    411.7
2014 12  3   337   13 43  0     75.95   -0.2597E-03      16.4    402.6
2014 12  3   337   13 44  0     75.82   -0.2847E-03      17.3    410.3
2014 12  3   337   13 45  0     75.69   -0.2980E-03      17.6    415.1
2014 12  3   337   13 46  0     75.56   -0.2877E-03      16.9    409.0
2014 12  3   337   13 47  0     75.43   -0.2807E-03      16.1    407.5
2014 12  3   337   13 48  0     75.30   -0.2829E-03      16.0    404.9
2014 12  3   337   13 49  0     75.18   -0.3091E-03      16.9    411.7
2014 12  3   337   13 50  0     75.05   -0.3248E-03      17.4    415.1
2014 12  3   337   13 51  0     74.92   -0.3311E-03      17.5    416.0
2014 12  3   337   13 52  0     74.80   -0.3366E-03      17.6    417.0
2014 12  3   337   13 53  0     74.67   -0.3547E-03      18.2    426.5
2014 12  3   337   13 54  0     74.55   -0.3409E-03      17.5    424.8
2014 12  3   337   13 55  0     74.43   -0.3524E-03      17.9    427.8
2014 12  3   337   13 56  0     74.30   -0.3623E-03      18.2    425.7
2014 12  3   337   13 57  0     74.18   -0.3612E-03      17.8    427.2
2014 12  3   337   13 58  0     74.06   -0.3464E-03      17.0    425.2
2014 12  3   337   13 59  0     73.93   -0.3544E-03      17.2    425.4
2014 12  3   337   14  0  0     73.81   -0.3482E-03      16.8    424.6
2014 12  3   337   14  1  0     73.69   -0.3044E-03      15.0    414.5
2014 12  3   337   14  2  0     73.57   -0.2922E-03      14.2    415.2
2014 12  3   337   14  3  0     73.45   -0.3215E-03      15.2    420.6
2014 12  3   337   14  4  0     73.33   -0.2932E-03      13.9    415.6
2014 12  3   337   14  5  0     73.21   -0.2930E-03      13.7    418.5
2014 12  3   337   14  6  0     73.09   -0.2891E-03      13.5    415.8
2014 12  3   337   14  7  0     72.98   -0.2976E-03      13.7    417.9
2014 12  3   337   14  8  0     72.86   -0.3102E-03      14.1    420.3
2014 12  3   337   14  9  0     72.74   -0.3611E-03      15.8    430.7
2014 12  3   337   14 10  0     72.63   -0.4073E-03      17.4    435.7
2014 12  3   337   14 11  0     72.51   -0.3707E-03      15.8    432.0
2014 12  3   337   14 12  0     72.40   -0.3993E-03      16.7    438.1
2014 12  3   337   14 13  0     72.28   -0.3943E-03      16.4    437.0
2014 12  3   337   14 14  0     72.17   -0.4404E-03      17.9    442.7
2014 12  3   337   14 15  0     72.05   -0.4282E-03      17.3    440.6
2014 12  3   337   14 16  0     71.94   -0.4304E-03      17.4    439.4
2014 12  3   337   14 17  0     71.83   -0.4452E-03      17.7    442.2
2014 12  3   337   14 18  0     71.72   -0.4784E-03      18.7    445.6
2014 12  3   337   14 19  0     71.61   -0.4740E-03      18.2    447.9
2014 12  3   337   14 20  0     71.50   -0.4681E-03      17.8    450.1
2014 12  3   337   14 21  0     71.39   -0.4669E-03      17.6    450.2
2014 12  3   337   14 22  0     71.28   -0.4496E-03      16.9    445.6
2014 12  3   337   14 23  0     71.17   -0.4499E-03      16.8    444.3
2014 12  3   337   14 24  0     71.06   -0.5073E-03      18.6    449.1
2014 12  3   337   14 25  0     70.95   -0.5050E-03      18.3    450.2
2014 12  3   337   14 26  0     70.85   -0.5109E-03      18.2    453.5
2014 12  3   337   14 27  0     70.74   -0.4866E-03      17.4    448.7
2014 12  3   337   14 28  0     70.63   -0.4901E-03      17.3    450.8
2014 12  3   337   14 29  0     70.53   -0.4759E-03      16.8    448.0
2014 12  3   337   14 30  0     70.42   -0.4397E-03      15.6    442.7
2014 12  3   337   14 31  0     70.32   -0.4201E-03      14.8    441.8
2014 12  3   337   14 32  0     70.22   -0.4172E-03      14.5    441.4
2014 12  3   337   14 33  0     70.11   -0.4338E-03      15.0    440.7
2014 12  3   337   14 34  0     70.01   -0.4555E-03      15.6    442.1
2014 12  3   337   14 35  0     69.91   -0.4964E-03      16.8    447.5
2014 12  3   337   14 36  0     69.81   -0.5396E-03      18.1    451.4
2014 12  3   337   14 37  0     69.71   -0.5353E-03      17.9    452.5
2014 12  3   337   14 38  0     69.61   -0.5482E-03      18.3    454.6
2014 12  3   337   14 39  0     69.51   -0.5019E-03      16.8    452.2
2014 12  3   337   14 40  0     69.41   -0.4711E-03      15.7    455.0
2014 12  3   337   14 41  0     69.31   -0.4418E-03      14.7    452.8
2014 12  3   337   14 42  0     69.22   -0.5225E-03      16.9    460.9
2014 12  3   337   14 43  0     69.12   -0.6047E-03      19.3    462.7
2014 12  3   337   14 44  0     69.02   -0.6579E-03      20.7    464.9
2014 12  3   337   14 45  0     68.93   -0.6580E-03      20.7    464.2
2014 12  3   337   14 46  0     68.83   -0.6739E-03      21.0    465.5
2014 12  3   337   14 47  0     68.74   -0.7655E-03      23.5    470.5
2014 12  3   337   14 48  0     68.65   -0.7506E-03      23.0    469.1
2014 12  3   337   14 49  0     68.55   -0.7441E-03      22.7    470.4
2014 12  3   337   14 50  0     68.46   -0.7471E-03      22.7    470.6
2014 12  3   337   14 51  0     68.37   -0.7104E-03      21.6    469.7
2014 12  3   337   14 52  0     68.28   -0.6418E-03      19.5    468.6
2014 12  3   337   14 53  0     68.19   -0.6481E-03      19.6    469.5
2014 12  3   337   14 54  0     68.10   -0.7244E-03      21.7    471.3
2014 12  3   337   14 55  0     68.01   -0.7245E-03      21.6    471.9
2014 12  3   337   14 56  0     67.92   -0.7996E-03      23.4    478.6
2014 12  3   337   14 57  0     67.84   -0.8305E-03      24.2    479.9
2014 12  3   337   14 58  0     67.75   -0.7678E-03      22.3    479.4
2014 12  3   337   14 59  0     67.66   -0.6861E-03      19.9    477.9
2014 12  3   337   15  0  0     67.58   -0.6955E-03      20.0    479.0
2014 12  3   337   15  1  0     67.49   -0.7638E-03      21.7    481.9
2014 12  3   337   15  2  0     67.41   -0.8187E-03      23.1    482.0
2014 12  3   337   15  3  0     67.33   -0.8118E-03      22.9    477.9
2014 12  3   337   15  4  0     67.24   -0.8887E-03      25.1    474.4
2014 12  3   337   15  5  0     67.16   -0.1196E-02      33.5    475.8
2014 12  3   337   15  6  0     67.08   -0.1321E-02      36.8    474.9
2014 12  3   337   15  7  0     67.00   -0.1392E-02      38.8    473.3
2014 12  3   337   15  8  0     66.92   -0.1381E-02      38.4    473.7
2014 12  3   337   15  9  0     66.84   -0.1191E-02      33.2    472.4
2014 12  3   337   15 10  0     66.76   -0.1028E-02      28.6    472.6
2014 12  3   337   15 11  0     66.69   -0.1046E-02      29.0    474.0
2014 12  3   337   15 12  0     66.61   -0.9947E-03      27.5    473.4
2014 12  3   337   15 13  0     66.53   -0.9631E-03      26.6    473.4
2014 12  3   337   15 14  0     66.46   -0.9580E-03      26.4    471.9
2014 12  3   337   15 15  0     66.38   -0.9202E-03      25.3    471.3
2014 12  3   337   15 16  0     66.31   -0.8435E-03      23.4    467.9
2014 12  3   337   15 17  0     66.24   -0.8445E-03      23.4    466.2
2014 12  3   337   15 18  0     66.16   -0.8648E-03      24.0    464.8
2014 12  3   337   15 19  0     66.09   -0.8739E-03      24.5    462.5
2014 12  3   337   15 20  0     66.02   -0.8974E-03      25.3    461.2
2014 12  3   337   15 21  0     65.95   -0.8919E-03      24.9    462.6
2014 12  3   337   15 22  0     65.88   -0.9577E-03      26.7    463.4
2014 12  3   337   15 23  0     65.81   -0.8917E-03      25.2    460.4
2014 12  3   337   15 24  0     65.74   -0.9120E-03      25.8    459.1
2014 12  3   337   15 25  0     65.68   -0.9926E-03      28.1    459.8
2014 12  3   337   15 26  0     65.61   -0.1173E-02      32.8    462.9
2014 12  3   337   15 27  0     65.54   -0.1176E-02      33.0    463.0
2014 12  3   337   15 28  0     65.48   -0.1086E-02      30.5    462.1
2014 12  3   337   15 29  0     65.42   -0.1027E-02      28.7    462.3
2014 12  3   337   15 30  0     65.35   -0.9875E-03      27.4    464.3
2014 12  3   337   15 31  0     65.29   -0.9272E-03      25.7    466.4
2014 12  3   337   15 32  0     65.23   -0.8807E-03      24.6    464.9
2014 12  3   337   15 33  0     65.17   -0.6924E-03      19.7    461.3
2014 12  3   337   15 34  0     65.11   -0.6698E-03      18.9    461.9
2014 12  3   337   15 35  0     65.05   -0.8109E-03      22.7    463.9
2014 12  3   337   15 36  0     64.99   -0.1024E-02      28.6    464.1
2014 12  3   337   15 37  0     64.93   -0.8592E-03      24.3    461.2
2014 12  3   337   15 38  0     64.87   -0.7582E-03      21.6    460.4
2014 12  3   337   15 39  0     64.82   -0.8779E-03      24.7    462.5
2014 12  3   337   15 40  0     64.76   -0.7943E-03      22.4    462.3
2014 12  3   337   15 41  0     64.70   -0.7993E-03      22.5    463.2
2014 12  3   337   15 42  0     64.65   -0.7560E-03      21.4    462.4
2014 12  3   337   15 43  0     64.60   -0.8666E-03      24.4    463.9
2014 12  3   337   15 44  0     64.54   -0.6830E-03      19.5    461.1
2014 12  3   337   15 45  0     64.49   -0.6594E-03      18.7    462.8
2014 12  3   337   15 46  0     64.44   -0.6591E-03      18.5    464.6
2014 12  3   337   15 47  0     64.39   -0.6552E-03      18.4    465.4
2014 12  3   337   15 48  0     64.34   -0.6106E-03      17.1    465.7
2014 12  3   337   15 49  0     64.29   -0.6168E-03      17.3    465.9
2014 12  3   337   15 50  0     64.25   -0.6447E-03      18.0    466.2
2014 12  3   337   15 51  0     64.20   -0.6868E-03      19.0    467.3
2014 12  3   337   15 52  0     64.15   -0.7119E-03      19.6    467.5
2014 12  3   337   15 53  0     64.11   -0.6946E-03      19.3    466.2
2014 12  3   337   15 54  0     64.06   -0.7304E-03      20.3    466.2
2014 12  3   337   15 55  0     64.02   -0.7433E-03      20.7    465.7
2014 12  3   337   15 56  0     63.98   -0.7858E-03      22.0    465.2
2014 12  3   337   15 57  0     63.93   -0.8617E-03      24.0    465.6
2014 12  3   337   15 58  0     63.89   -0.9689E-03      26.8    467.2
2014 12  3   337   15 59  0     63.85   -0.9715E-03      26.9    467.2
2014 12  3   337   16  0  0     63.81   -0.9581E-03      26.5    467.5
2014 12  3   337   16  1  0     63.77   -0.1012E-02      28.0    467.4
2014 12  3   337   16  2  0     63.74   -0.1088E-02      30.1    467.1
2014 12  3   337   16  3  0     63.70   -0.1082E-02      29.9    468.0
2014 12  3   337   16  4  0     63.66   -0.1061E-02      29.2    468.1
2014 12  3   337   16  5  0     63.63   -0.1057E-02      29.2    466.8
2014 12  3   337   16  6  0     63.59   -0.1009E-02      27.9    466.7
2014 12  3   337   16  7  0     63.56   -0.8855E-03      24.7    466.0
2014 12  3   337   16  8  0     63.52   -0.8212E-03      23.0    465.7
2014 12  3   337   16  9  0     63.49   -0.8424E-03      23.5    467.1
2014 12  3   337   16 10  0     63.46   -0.9122E-03      25.2    469.7
2014 12  3   337   16 11  0     63.43   -0.8708E-03      24.1    469.8
2014 12  3   337   16 12  0     63.40   -0.7781E-03      21.5    470.1
2014 12  3   337   16 13  0     63.37   -0.7623E-03      21.0    470.8
2014 12  3   337   16 14  0     63.34   -0.7738E-03      21.4    470.8
2014 12  3   337   16 15  0     63.32   -0.7189E-03      19.9    470.5
2014 12  3   337   16 16  0     63.29   -0.7229E-03      20.0    470.3
2014 12  3   337   16 17  0     63.26   -0.7294E-03      20.1    471.3
2014 12  3   337   16 18  0     63.24   -0.7134E-03      19.7    470.7
2014 12  3   337   16 19  0     63.22   -0.7200E-03      20.1    469.6
2014 12  3   337   16 20  0     63.19   -0.7469E-03      21.0    468.3
2014 12  3   337   16 21  0     63.17   -0.6942E-03      19.7    466.9
2014 12  3   337   16 22  0     63.15   -0.6627E-03      18.4    468.9
2014 12  3   337   16 23  0     63.13   -0.6690E-03      18.3    471.5
2014 12  3   337   16 24  0     63.11   -0.6931E-03      19.0    471.4
2014 12  3   337   16 25  0     63.09   -0.7008E-03      19.6    469.0
2014 12  3   337   16 26  0     63.07   -0.7851E-03      21.9    468.5
2014 12  3   337   16 27  0     63.06   -0.9231E-03      25.4    469.5
2014 12  3   337   16 28  0     63.04   -0.8539E-03      23.7    468.3
2014 12  3   337   16 29  0     63.02   -0.7894E-03      21.7    470.2
2014 12  3   337   16 30  0     63.01   -0.7663E-03      21.0    471.8
2014 12  3   337   16 31  0     63.00   -0.6501E-03      17.7    473.5
2014 12  3   337   16 32  0     62.98   -0.5813E-03      16.0    473.1
2014 12  3   337   16 33  0     62.97   -0.5176E-03      14.3    472.5
2014 12  3   337   16 34  0     62.96   -0.5428E-03      14.8    474.8
2014 12  3   337   16 35  0     62.95   -0.5470E-03      15.0    474.7
2014 12  3   337   16 36  0     62.94   -0.5563E-03      15.4    473.1
2014 12  3   337   16 37  0     62.93   -0.5338E-03      15.0    471.2
2014 12  3   337   16 38  0     62.92   -0.4780E-03      13.5    470.2
2014 12  3   337   16 39  0     62.92   -0.4263E-03      12.1    470.3
2014 12  3   337   16 40  0     62.91   -0.4402E-03      12.3    472.9
2014 12  3   337   16 41  0     62.91   -0.5400E-03      14.7    476.1
2014 12  3   337   16 42  0     62.90   -0.5574E-03      15.2    476.1
2014 12  3   337   16 43  0     62.90   -0.5659E-03      15.6    474.9
2014 12  3   337   16 44  0     62.90   -0.5234E-03      14.4    474.9
2014 12  3   337   16 45  0     62.90   -0.5603E-03      15.2    475.9
2014 12  3   337   16 46  0     62.89   -0.4820E-03      13.3    474.4
2014 12  3   337   16 47  0     62.89   -0.4972E-03      13.4    477.9
2014 12  3   337   16 48  0     62.90   -0.5154E-03      13.8    479.2
2014 12  3   337   16 49  0     62.90   -0.5445E-03      14.6    479.2
2014 12  3   337   16 50  0     62.90   -0.5428E-03      14.6    477.9
2014 12  3   337   16 51  0     62.90   -0.5401E-03      14.7    475.6
2014 12  3   337   16 52  0     62.91   -0.5650E-03      15.5    474.0
2014 12  3   337   16 53  0     62.91   -0.5977E-03      16.3    474.3
2014 12  3   337   16 54  0     62.92   -0.6504E-03      17.5    475.8
2014 12  3   337   16 55  0     62.93   -0.6915E-03      18.6    476.1
2014 12  3   337   16 56  0     62.93   -0.7549E-03      20.3    476.7
2014 12  3   337   16 57  0     62.94   -0.7376E-03      20.0    475.6
2014 12  3   337   16 58  0     62.95   -0.6516E-03      17.5    476.2
2014 12  3   337   16 59  0     62.96   -0.6773E-03      18.1    477.7
2014 12  3   337   17  0  0     62.97   -0.7048E-03      18.7    479.7
2014 12  3   337   17  1  0     62.99   -0.6372E-03      17.0    478.7
2014 12  3   337   17  2  0     63.00   -0.6448E-03      16.9    481.5
2014 12  3   337   17  3  0     63.01   -0.6976E-03      18.2    482.5
2014 12  3   337   17  4  0     63.03   -0.7961E-03      20.7    483.2
2014 12  3   337   17  5  0     63.04   -0.8892E-03      23.1    483.2
2014 12  3   337   17  6  0     63.06   -0.9528E-03      24.8    482.9
2014 12  3   337   17  7  0     63.08   -0.9010E-03      23.6    481.8
2014 12  3   337   17  8  0     63.10   -0.8519E-03      22.2    482.9
2014 12  3   337   17  9  0     63.11   -0.9104E-03      23.6    484.5
2014 12  3   337   17 10  0     63.13   -0.9324E-03      24.2    484.4
2014 12  3   337   17 11  0     63.15   -0.9349E-03      24.2    485.5
2014 12  3   337   17 12  0     63.18   -0.8847E-03      22.8    486.3
2014 12  3   337   17 13  0     63.20   -0.8119E-03      20.8    487.8
2014 12  3   337   17 14  0     63.22   -0.7511E-03      19.1    489.1
2014 12  3   337   17 15  0     63.25   -0.6562E-03      16.8    488.4
2014 12  3   337   17 16  0     63.27   -0.6467E-03      16.4    490.1
2014 12  3   337   17 17  0     63.30   -0.6570E-03      16.7    489.9
2014 12  3   337   17 18  0     63.32   -0.7043E-03      17.9    489.3
2014 12  3   337   17 19  0     63.35   -0.7646E-03      19.4    489.3
2014 12  3   337   17 20  0     63.38   -0.7504E-03      19.1    488.1
2014 12  3   337   17 21  0     63.41   -0.7386E-03      18.9    487.0
2014 12  3   337   17 22  0     63.44   -0.6602E-03      17.1    485.3
2014 12  3   337   17 23  0     63.47   -0.6596E-03      17.0    485.5
2014 12  3   337   17 24  0     63.50   -0.7364E-03      18.7    487.5
2014 12  3   337   17 25  0     63.53   -0.8123E-03      20.4    489.6
2014 12  3   337   17 26  0     63.57   -0.8481E-03      21.2    490.9
2014 12  3   337   17 27  0     63.60   -0.7857E-03      19.6    493.4
2014 12  3   337   17 28  0     63.63   -0.7322E-03      18.2    494.8
2014 12  3   337   17 29  0     63.67   -0.7147E-03      17.7    495.9
2014 12  3   337   17 30  0     63.71   -0.7005E-03      17.4    496.0
2014 12  3   337   17 31  0     63.74   -0.6847E-03      17.0    496.8
2014 12  3   337   17 32  0     63.78   -0.7276E-03      17.9    498.5
2014 12  3   337   17 33  0     63.82   -0.6230E-03      15.6    494.6
2014 12  3   337   17 34  0     63.86   -0.4449E-03      11.5    486.5
2014 12  3   337   17 35  0     63.90   -0.5007E-03      12.9    489.6
2014 12  3   337   17 36  0     63.94   -0.6318E-03      16.1    490.5
2014 12  3   337   17 37  0     63.99   -0.6331E-03      16.2    488.5
2014 12  3   337   17 38  0     64.03   -0.5562E-03      14.3    484.7
2014 12  3   337   17 39  0     64.07   -0.5572E-03      14.2    488.4
2014 12  3   337   17 40  0     64.12   -0.4855E-03      12.4    488.4
2014 12  3   337   17 41  0     64.16   -0.4905E-03      12.5    491.6
2014 12  3   337   17 42  0     64.21   -0.5565E-03      14.0    495.3
2014 12  3   337   17 43  0     64.26   -0.5348E-03      13.5    494.0
2014 12  3   337   17 44  0     64.30   -0.4988E-03      12.8    489.9
2014 12  3   337   17 45  0     64.35   -0.4959E-03      13.0    484.5
2014 12  3   337   17 46  0     64.40   -0.5968E-03      15.5    484.9
2014 12  3   337   17 47  0     64.45   -0.6576E-03      17.1    484.2
2014 12  3   337   17 48  0     64.51   -0.6878E-03      17.8    485.0
2014 12  3   337   17 49  0     64.56   -0.6439E-03      16.8    483.8
2014 12  3   337   17 50  0     64.61   -0.5937E-03      15.2    488.0
2014 12  3   337   17 51  0     64.66   -0.5797E-03      14.9    487.9
2014 12  3   337   17 52  0     64.72   -0.5814E-03      14.9    488.9
2014 12  3   337   17 53  0     64.77   -0.5730E-03      14.8    488.2
2014 12  3   337   17 54  0     64.83   -0.5889E-03      15.1    489.9
2014 12  3   337   17 55  0     64.89   -0.6747E-03      17.2    491.4
2014 12  3   337   17 56  0     64.94   -0.7160E-03      18.4    489.9
2014 12  3   337   17 57  0     65.00   -0.6810E-03      17.6    485.9
2014 12  3   337   17 58  0     65.06   -0.7632E-03      19.7    485.5
2014 12  3   337   17 59  0     65.12   -0.7154E-03      18.7    482.5
2014 12  3   337   18  0  0     65.18   -0.8133E-03      21.1    483.5
2014 12  3   337   18  1  0     65.24   -0.7695E-03      20.2    480.5
2014 12  3   337   18  2  0     65.30   -0.6682E-03      17.6    477.9
2014 12  3   337   18  3  0     65.37   -0.5443E-03      14.5    475.6
2014 12  3   337   18  4  0     65.43   -0.5413E-03      14.4    476.6
2014 12  3   337   18  5  0     65.50   -0.4947E-03      13.2    476.9
2014 12  3   337   18  6  0     65.56   -0.4735E-03      12.8    475.5
2014 12  3   337   18  7  0     65.63   -0.4338E-03      11.8    473.4
2014 12  3   337   18  8  0     65.69   -0.4059E-03      11.2    471.8
2014 12  3   337   18  9  0     65.76   -0.3851E-03      10.7    470.4
2014 12  3   337   18 10  0     65.83   -0.3556E-03       9.9    467.6
2014 12  3   337   18 11  0     65.90   -0.3636E-03      10.2    468.9
2014 12  3   337   18 12  0     65.97   -0.3951E-03      11.0    471.4
2014 12  3   337   18 13  0     66.04   -0.3796E-03      10.6    468.8
2014 12  3   337   18 14  0     66.11   -0.3591E-03      10.1    468.2
2014 12  3   337   18 15  0     66.18   -0.3702E-03      10.4    468.9
2014 12  3   337   18 16  0     66.25   -0.4445E-03      12.4    472.9
2014 12  3   337   18 17  0     66.33   -0.4876E-03      13.5    474.3
2014 12  3   337   18 18  0     66.40   -0.5278E-03      14.5    475.6
2014 12  3   337   18 19  0     66.48   -0.5525E-03      15.2    476.0
2014 12  3   337   18 20  0     66.55   -0.5089E-03      14.1    475.2
2014 12  3   337   18 21  0     66.63   -0.4905E-03      13.7    474.0
2014 12  3   337   18 22  0     66.71   -0.4942E-03      13.7    475.9
2014 12  3   337   18 23  0     66.78   -0.5023E-03      14.0    476.6
2014 12  3   337   18 24  0     66.86   -0.4756E-03      13.3    475.4
2014 12  3   337   18 25  0     66.94   -0.4536E-03      12.9    473.5
2014 12  3   337   18 26  0     67.02   -0.4517E-03      12.8    473.8
2014 12  3   337   18 27  0     67.10   -0.4288E-03      12.3    471.0
2014 12  3   337   18 28  0     67.18   -0.4601E-03      13.2    472.5
2014 12  3   337   18 29  0     67.26   -0.5149E-03      14.7    473.2
2014 12  3   337   18 30  0     67.35   -0.5454E-03      15.5    473.6
2014 12  3   337   18 31  0     67.43   -0.5567E-03      15.8    475.6
2014 12  3   337   18 32  0     67.51   -0.5498E-03      15.6    474.1
2014 12  3   337   18 33  0     67.60   -0.6024E-03      17.1    475.7
2014 12  3   337   18 34  0     67.68   -0.6168E-03      17.4    476.6
2014 12  3   337   18 35  0     67.77   -0.5228E-03      15.0    472.0
2014 12  3   337   18 36  0     67.86   -0.4081E-03      12.2    460.0
2014 12  3   337   18 37  0     67.94   -0.3596E-03      10.9    456.5
2014 12  3   337   18 38  0     68.03   -0.4185E-03      12.5    463.0
2014 12  3   337   18 39  0     68.12   -0.4859E-03      14.5    465.1
2014 12  3   337   18 40  0     68.21   -0.5462E-03      16.3    465.5
2014 12  3   337   18 41  0     68.30   -0.5488E-03      16.3    467.3
2014 12  3   337   18 42  0     68.39   -0.4367E-03      13.4    459.9
2014 12  3   337   18 43  0     68.48   -0.4121E-03      12.6    463.8
2014 12  3   337   18 44  0     68.58   -0.3800E-03      11.9    460.3
2014 12  3   337   18 45  0     68.67   -0.4304E-03      13.2    468.4
2014 12  3   337   18 46  0     68.76   -0.4593E-03      14.1    472.1
2014 12  3   337   18 47  0     68.86   -0.4206E-03      13.2    465.4
2014 12  3   337   18 48  0     68.95   -0.4112E-03      12.9    465.4
2014 12  3   337   18 49  0     69.05   -0.4542E-03      14.3    465.8
2014 12  3   337   18 50  0     69.14   -0.4616E-03      14.5    467.1
2014 12  3   337   18 51  0     69.24   -0.4738E-03      14.9    467.2
2014 12  3   337   18 52  0     69.34   -0.5386E-03      16.9    469.2
2014 12  3   337   18 53  0     69.43   -0.5965E-03      18.8    470.0
2014 12  3   337   18 54  0     69.53   -0.6143E-03      19.4    471.3
2014 12  3   337   18 55  0     69.63   -0.6173E-03      19.6    469.7
2014 12  3   337   18 56  0     69.73   -0.5639E-03      18.2    466.4
2014 12  3   337   18 57  0     69.83   -0.4975E-03      16.3    461.5
2014 12  3   337   18 58  0     69.93   -0.5241E-03      17.1    465.4
2014 12  3   337   18 59  0     70.04   -0.4296E-03      14.5    454.2
2014 12  3   337   19  0  0     70.14   -0.4230E-03      14.4    458.3
2014 12  3   337   19  1  0     70.24   -0.4691E-03      15.9    463.9
2014 12  3   337   19  2  0     70.34   -0.4911E-03      16.6    470.6
2014 12  3   337   19  3  0     70.45   -0.4577E-03      15.8    467.1
2014 12  3   337   19  4  0     70.55   -0.4023E-03      14.2    463.3
2014 12  3   337   19  5  0     70.66   -0.4009E-03      14.2    462.6
2014 12  3   337   19  6  0     70.76   -0.3406E-03      12.4    453.0
2014 12  3   337   19  7  0     70.87   -0.2819E-03      10.6    440.2
2014 12  3   337   19  8  0     70.98   -0.2157E-03       8.7    420.1
2014 12  3   337   19  9  0     71.09   -0.1994E-03       8.2    416.5
2014 12  3   337   19 10  0     71.19   -0.2120E-03       8.7    418.2
2014 12  3   337   19 11  0     71.30   -0.2254E-03       9.2    422.2
2014 12  3   337   19 12  0     71.41   -0.2089E-03       8.8    415.6
2014 12  3   337   19 13  0     71.52   -0.2245E-03       9.3    422.0
2014 12  3   337   19 14  0     71.63   -0.2496E-03      10.4    426.3
2014 12  3   337   19 15  0     71.74   -0.2591E-03      10.8    429.2
2014 12  3   337   19 16  0     71.86   -0.2847E-03      11.8    436.4
2014 12  3   337   19 17  0     71.97   -0.2898E-03      12.1    437.5
2014 12  3   337   19 18  0     72.08   -0.2763E-03      11.7    433.1
2014 12  3   337   19 19  0     72.20   -0.3029E-03      12.6    444.2
2014 12  3   337   19 20  0     72.31   -0.3491E-03      14.4    451.8
2014 12  3   337   19 21  0     72.42   -0.4739E-03      19.0    475.9
2014 12  3   337   19 22  0     72.54   -0.4962E-03      20.0    476.8
2014 12  3   337   19 23  0     72.66   -0.5079E-03      20.6    479.6
2014 12  3   337   19 24  0     72.77   -0.5161E-03      21.1    480.4
2014 12  3   337   19 25  0     72.89   -0.4165E-03      17.7    459.0
2014 12  3   337   19 26  0     73.01   -0.4849E-03      20.3    472.4
2014 12  3   337   19 27  0     73.12   -0.4763E-03      20.3    468.4
2014 12  3   337   19 28  0     73.24   -0.4826E-03      20.7    471.5
2014 12  3   337   19 29  0     73.36   -0.5518E-03      23.8    476.3
2014 12  3   337   19 30  0     73.48   -0.5820E-03      25.1    480.7
2014 12  3   337   19 31  0     73.60   -0.5950E-03      25.8    479.9
2014 12  3   337   19 32  0     73.72   -0.5882E-03      25.8    479.2
2014 12  3   337   19 33  0     73.84   -0.6231E-03      27.6    484.1
2014 12  3   337   19 34  0     73.96   -0.5335E-03      24.2    478.1
2014 12  3   337   19 35  0     74.09   -0.5403E-03      24.9    480.7
2014 12  3   337   19 36  0     74.21   -0.5474E-03      25.5    483.0
2014 12  3   337   19 37  0     74.33   -0.4733E-03      22.7    467.6
2014 12  3   337   19 38  0     74.46   -0.4243E-03      20.9    458.9
2014 12  3   337   19 39  0     74.58   -0.3916E-03      19.6    458.9
2014 12  3   337   19 40  0     74.70   -0.3480E-03      18.1    442.0
2014 12  3   337   19 41  0     74.83   -0.3038E-03      16.3    428.0
2014 12  3   337   19 42  0     74.95   -0.2988E-03      16.2    423.8
2014 12  3   337   19 43  0     75.08   -0.2731E-03      15.3    411.8
2014 12  3   337   19 44  0     75.21   -0.2593E-03      14.8    410.0
2014 12  3   337   19 45  0     75.33   -0.2145E-03      12.9    396.1
2014 12  3   337   19 46  0     75.46   -0.1847E-03      11.7    382.3
2014 12  3   337   19 47  0     75.59   -0.1959E-03      12.5    386.5
2014 12  3   337   19 48  0     75.72   -0.1819E-03      11.9    381.6
2014 12  3   337   19 49  0     75.85   -0.1952E-03      12.8    388.2
2014 12  3   337   19 50  0     75.98   -0.2257E-03      14.6    398.5
2014 12  3   337   19 51  0     76.11   -0.2410E-03      15.5    406.4
2014 12  3   337   19 52  0     76.24   -0.2758E-03      17.4    423.3
2014 12  3   337   19 53  0     76.37   -0.2734E-03      17.5    423.5
2014 12  3   337   19 54  0     76.50   -0.2810E-03      18.2    429.0
2014 12  3   337   19 55  0     76.63   -0.2700E-03      18.1    420.6
2014 12  3   337   19 56  0     76.77   -0.2743E-03      18.4    432.8
2014 12  3   337   19 57  0     76.90   -0.3118E-03      20.9    445.5
2014 12  3   337   19 58  0     77.03   -0.3450E-03      23.2    462.3
2014 12  3   337   19 59  0     77.17   -0.3563E-03      24.6    465.6
2014 12  3   337   20  0  0     77.30   -0.3663E-03      26.1    466.7
2014 12  3   337   20  1  0     77.43   -0.3981E-03      28.6    487.2
2014 12  3   337   20  2  0     77.57   -0.4559E-03      32.8    516.4
2014 12  3   337   20  3  0     77.70   -0.3959E-03      29.7    481.1
2014 12  3   337   20  4  0     77.84   -0.3964E-03      30.2    486.2
2014 12  3   337   20  5  0     77.98   -0.3575E-03      28.3    472.8
2014 12  3   337   20  6  0     78.11   -0.3264E-03      26.6    470.1
2014 12  3   337   20  7  0     78.25   -0.3209E-03      26.9    468.7
2014 12  3   337   20  8  0     78.39   -0.2861E-03      25.2    450.4
2014 12  3   337   20  9  0     78.53   -0.2446E-03      22.8    429.3
2014 12  3   337   20 10  0     78.67   -0.2374E-03      23.0    426.4
2014 12  3   337   20 11  0     78.80   -0.2162E-03      21.8    423.6
2014 12  3   337   20 12  0     78.94   -0.2241E-03      23.5    423.8
2014 12  3   337   20 13  0     79.08   -0.2497E-03      26.1    446.9
2014 12  3   337   20 14  0     79.22   -0.2643E-03      27.8    463.6
2014 12  3   337   20 15  0     79.36   -0.2467E-03      27.0    448.2
2014 12  3   337   20 16  0     79.51   -0.2712E-03      29.8    477.9
2014 12  3   337   20 17  0     79.65   -0.3135E-03      34.9    496.4
2014 12  3   337   20 18  0     79.79   -0.3018E-03      34.1    502.6
2014 12  3   337   20 19  0     79.93   -0.2942E-03      34.1    488.0
2014 12  3   337   20 20  0     80.07   -0.3097E-03      36.5    494.8
2014 12  3   337   20 21  0     80.22   -0.2943E-03      35.9    484.8
2014 12  3   337   20 22  0     80.36   -0.2545E-03      32.9    460.2
2014 12  3   337   20 23  0     80.51   -0.2441E-03      32.5    467.1
2014 12  3   337   20 24  0     80.65   -0.2424E-03      33.5    465.9
2014 12  3   337   20 25  0     80.79   -0.2391E-03      34.4    464.8
2014 12  3   337   20 26  0     80.94   -0.2329E-03      34.8    462.7
2014 12  3   337   20 27  0     81.08   -0.2287E-03      35.3    464.9
2014 12  3   337   20 28  0     81.23   -0.1996E-03      33.4    430.0
2014 12  3   337   20 29  0     81.38   -0.1805E-03      31.7    422.1
2014 12  3   337   20 30  0     81.52   -0.1810E-03      32.7    428.6
2014 12  3   337   20 31  0     81.67   -0.1642E-03      31.7    409.5
2014 12  3   337   20 32  0     81.82   -0.1476E-03      30.1    402.3
2014 12  3   337   20 33  0     81.97   -0.1212E-03      27.7    371.1
2014 12  3   337   20 34  0     82.11   -0.1166E-03      28.6    363.0
2014 12  3   337   20 35  0     82.26   -0.1145E-03      29.2    368.0
2014 12  3   337   20 36  0     82.41   -0.9395E-04      26.8    343.1
2014 12  3   337   20 37  0     82.56   -0.8521E-04      25.9    332.7
2014 12  3   337   20 38  0     82.71   -0.8471E-04      27.0    328.4
2014 12  3   337   20 39  0     82.86   -0.8606E-04      27.9    331.6
2014 12  3   337   20 40  0     83.01   -0.6029E-04      24.4    290.2
2014 12  3   337   20 41  0     83.16   -0.5128E-04      23.5    279.3
2014 12  3   337   20 42  0     83.31   -0.4876E-04      24.1    278.1
2014 12  3   337   20 43  0     83.46   -0.4072E-04      22.7    270.4
2014 12  3   337   20 44  0     83.62   -0.2562E-04      20.5    244.8
2014 12  3   337   20 45  0     83.77   -0.1314E-04      18.4    223.2
2014 12  3   337   20 46  0     83.92   -0.4966E-05      18.0    208.1
2014 12  3   337   20 47  0     84.07   -0.2369E-05      17.1    204.9
2014 12  3   337   20 48  0     84.23    0.4127E-05      16.8    193.3
2014 12  3   337   20 49  0     84.38    0.7329E-05      16.4    187.7
2014 12  3   337   20 50  0     84.53    0.1303E-04      15.9    176.4
2014 12  3   337   20 51  0     84.69    0.1656E-04      15.7    169.3
2014 12  3   337   20 52  0     84.84    0.1888E-04      16.0    164.9
2014 12  3   337   20 53  0     85.00    0.2172E-05      21.3    207.7
2014 12  3   337   20 54  0     85.15   -0.5335E-05      25.5    231.2
2014 12  3   337   20 55  0     85.31    0.2613E-05      23.1    215.0
2014 12  3   337   20 56  0     85.46    0.1990E-04      19.1    170.0
2014 12  3   337   20 57  0     85.62    0.2961E-04      15.9    141.3
2014 12  3   337   20 58  0     85.77    0.2748E-04      18.0    150.4
2014 12  3   337   20 59  0     85.93    0.3820E-04      13.9    118.9
2014 12  3   337   21  0  0     86.09    0.3905E-04      14.9    119.1
2014 12  3   337   21  1  0     86.25    0.3363E-04      15.9    129.5
2014 12  3   337   21  2  0     86.40    0.4264E-04      13.9    110.1
2014 12  3   337   21  3  0     86.56    0.4579E-04      13.9    105.3
2014 12  3   337   21  4  0     86.72    0.4229E-04      15.2    110.7
2014 12  3   337   21  5  0     86.88    0.4500E-04      14.7    104.3
2014 12  3   337   21  6  0     87.04    0.5057E-04      13.2     92.1
2014 12  3   337   21  7  0     87.20    0.4708E-04      14.0     96.5
2014 12  3   337   21  8  0     87.36    0.5283E-04      14.0     89.6
2014 12  3   337   21  9  0     87.52    0.5305E-04      13.3     85.1
2014 12  3   337   21 10  0     87.68    0.5401E-04      14.4     85.5
2014 12  3   337   21 11  0     87.84    0.5639E-04      14.5     81.2
2014 12  3   337   21 12  0     88.00    0.5801E-04      13.3     73.2
2014 12  3   337   21 13  0     88.16    0.5778E-04      13.9     73.8
2014 12  3   337   21 14  0     88.32    0.5665E-04      16.3     80.8
2014 12  3   337   21 15  0     88.48    0.5369E-04      17.4     85.8
2014 12  3   337   21 16  0     88.64    0.5827E-04      17.5     79.2
2014 12  3   337   21 17  0     88.80    0.5770E-04      18.2     79.2
2014 12  3   337   21 18  0     88.97    0.6174E-04      17.2     69.0
2014 12  3   337   21 19  0     89.13    0.6140E-04      16.4     65.5
2014 12  3   337   21 20  0     89.29    0.5956E-04      15.9     63.7
2014 12  3   337   21 21  0     89.46    0.6413E-04      15.6     56.9
2014 12  3   337   21 22  0     89.62    0.6220E-04      16.1     57.3
2014 12  3   337   21 23  0     89.78    0.6394E-04      14.9     49.6
2014 12  3   337   21 24  0     89.95    0.6379E-04      17.1     52.9
