                            NILUUV 115

Uvpro Version 2.0
Latitude :   40.74 (North)
Longitude:  -74.03  (West)
Calibration file: cf100603a.115
Height above sea level:    40.0  m
CLT derived from channel 4
CLT scale factor used:   1.0
Ozone derived from channel pair ch3/ch1
Ozone scale factor used:   1.0
Drift factors ch1-ch6:   3.000154.000  1.000  1.000  1.000  1.000
Ozone profile climatology: Mid  Latitude
Dose type:    CLW    Caldwell Plant 1971           

yyyy mm dd   jul   hh mm ss      SZA     dose rate       clt     Ozone
                              [degrees]   [W/m^2]        [%]     [DU]
2014  3 20    79   11  5  0     89.89    0.2861E-04      62.6    268.5
2014  3 20    79   11  6  0     89.71    0.2552E-04      59.9    273.7
2014  3 20    79   11  7  0     89.52    0.2511E-04      54.4    266.8
2014  3 20    79   11  8  0     89.33    0.3243E-04      43.2    218.0
2014  3 20    79   11  9  0     89.14    0.2675E-04      40.5    230.3
2014  3 20    79   11 10  0     88.95    0.2666E-04      39.4    235.5
2014  3 20    79   11 11  0     88.76    0.2334E-04      40.7    249.6
2014  3 20    79   11 12  0     88.57    0.2496E-04      37.7    232.2
2014  3 20    79   11 13  0     88.38    0.2231E-04      37.6    240.8
2014  3 20    79   11 14  0     88.19    0.1714E-04      38.3    256.1
2014  3 20    79   11 15  0     88.00    0.1621E-04      38.1    265.4
2014  3 20    79   11 16  0     87.81    0.1176E-04      39.9    274.5
2014  3 20    79   11 17  0     87.62    0.5864E-05      44.0    298.5
2014  3 20    79   11 18  0     87.43    0.4294E-05      43.2    297.9
2014  3 20    79   11 19  0     87.24    0.4550E-05      38.7    286.0
2014  3 20    79   11 20  0     87.05   -0.1254E-05      37.0    303.2
2014  3 20    79   11 21  0     86.86   -0.3229E-05      35.9    306.6
2014  3 20    79   11 22  0     86.67   -0.5155E-05      35.1    305.8
2014  3 20    79   11 23  0     86.48   -0.4736E-05      32.7    296.4
2014  3 20    79   11 24  0     86.29   -0.1204E-05      31.1    271.3
2014  3 20    79   11 25  0     86.10   -0.9502E-05      31.2    299.9
2014  3 20    79   11 26  0     85.91   -0.4594E-05      28.2    270.2
2014  3 20    79   11 27  0     85.72   -0.5535E-05      26.7    267.3
2014  3 20    79   11 28  0     85.54   -0.1297E-04      28.4    288.8
2014  3 20    79   11 29  0     85.35   -0.9434E-05      23.7    270.5
2014  3 20    79   11 30  0     85.16   -0.1674E-04      26.3    288.3
2014  3 20    79   11 31  0     84.97   -0.2554E-04      27.4    315.7
2014  3 20    79   11 32  0     84.78   -0.3115E-04      27.7    327.8
2014  3 20    79   11 33  0     84.59   -0.4317E-04      30.6    354.1
2014  3 20    79   11 34  0     84.40   -0.4465E-04      28.8    355.5
2014  3 20    79   11 35  0     84.21   -0.4875E-04      27.9    365.1
2014  3 20    79   11 36  0     84.02   -0.5664E-04      28.6    380.8
2014  3 20    79   11 37  0     83.84   -0.6979E-04      31.4    399.8
2014  3 20    79   11 38  0     83.65   -0.8334E-04      32.7    432.6
2014  3 20    79   11 39  0     83.46   -0.9262E-04      33.9    435.3
2014  3 20    79   11 40  0     83.27   -0.1069E-03      34.9    466.3
2014  3 20    79   11 41  0     83.08   -0.1030E-03      32.7    446.6
2014  3 20    79   11 42  0     82.89   -0.1080E-03      32.1    449.8
2014  3 20    79   11 43  0     82.70   -0.1104E-03      31.3    444.7
2014  3 20    79   11 44  0     82.52   -0.1056E-03      28.9    432.8
2014  3 20    79   11 45  0     82.33   -0.1247E-03      30.8    468.3
2014  3 20    79   11 46  0     82.14   -0.1383E-03      31.4    496.7
2014  3 20    79   11 47  0     81.95   -0.1387E-03      30.8    471.6
2014  3 20    79   11 48  0     81.76   -0.1728E-03      34.6    531.8
2014  3 20    79   11 49  0     81.57   -0.1871E-03      35.1    552.5
2014  3 20    79   11 50  0     81.39   -0.2181E-03      38.0    585.6
2014  3 20    79   11 51  0     81.20   -0.2095E-03      35.4    567.4
2014  3 20    79   11 52  0     81.01   -0.2611E-03      41.0    614.8
2014  3 20    79   11 53  0     80.82   -0.3225E-03      47.2    654.7
2014  3 20    79   11 54  0     80.63   -0.3140E-03      44.0    673.2
2014  3 20    79   11 55  0     80.45   -0.3370E-03      45.8    670.2
2014  3 20    79   11 56  0     80.26   -0.3677E-03      47.4    -99.9
2014  3 20    79   11 57  0     80.07   -0.3836E-03      47.9    684.2
2014  3 20    79   11 58  0     79.88   -0.4202E-03      49.9    -99.9
2014  3 20    79   11 59  0     79.70   -0.4614E-03      52.4    -99.9
2014  3 20    79   12  0  0     79.51   -0.4933E-03      53.4    -99.9
2014  3 20    79   12  1  0     79.32   -0.4794E-03      50.5    -99.9
2014  3 20    79   12  2  0     79.14   -0.5409E-03      54.1    -99.9
2014  3 20    79   12  3  0     78.95   -0.5870E-03      56.8    -99.9
2014  3 20    79   12  4  0     78.76   -0.6109E-03      56.8    -99.9
2014  3 20    79   12  5  0     78.58   -0.6530E-03      58.6    -99.9
2014  3 20    79   12  6  0     78.39   -0.7344E-03      63.4    -99.9
2014  3 20    79   12  7  0     78.20   -0.7619E-03      64.5    -99.9
2014  3 20    79   12  8  0     78.02   -0.7752E-03      64.4    -99.9
2014  3 20    79   12  9  0     77.83   -0.8064E-03      65.5    -99.9
2014  3 20    79   12 10  0     77.64   -0.8289E-03      65.8    -99.9
2014  3 20    79   12 11  0     77.46   -0.8468E-03      65.5    -99.9
2014  3 20    79   12 12  0     77.27   -0.8537E-03      63.9    -99.9
2014  3 20    79   12 13  0     77.09   -0.8351E-03      61.6    -99.9
2014  3 20    79   12 14  0     76.90   -0.7902E-03      57.3    -99.9
2014  3 20    79   12 15  0     76.71   -0.7928E-03      56.1    -99.9
2014  3 20    79   12 16  0     76.53   -0.7767E-03      54.0    -99.9
2014  3 20    79   12 17  0     76.34   -0.7209E-03      49.2    -99.9
2014  3 20    79   12 18  0     76.16   -0.7171E-03      47.5    -99.9
2014  3 20    79   12 19  0     75.97   -0.5937E-03      39.2    699.0
2014  3 20    79   12 20  0     75.79   -0.5028E-03      32.3    628.1
2014  3 20    79   12 21  0     75.60   -0.5396E-03      33.1    632.2
2014  3 20    79   12 22  0     75.42   -0.6094E-03      35.5    659.3
2014  3 20    79   12 23  0     75.23   -0.5658E-03      32.2    617.7
2014  3 20    79   12 24  0     75.05   -0.5253E-03      29.1    587.9
2014  3 20    79   12 25  0     74.86   -0.5423E-03      28.9    589.1
2014  3 20    79   12 26  0     74.68   -0.5407E-03      27.9    585.8
2014  3 20    79   12 27  0     74.49   -0.5816E-03      29.1    583.9
2014  3 20    79   12 28  0     74.31   -0.6968E-03      33.6    604.1
2014  3 20    79   12 29  0     74.13   -0.6808E-03      32.4    600.0
2014  3 20    79   12 30  0     73.94   -0.6793E-03      32.1    595.0
2014  3 20    79   12 31  0     73.76   -0.7478E-03      34.5    604.7
2014  3 20    79   12 32  0     73.58   -0.9562E-03      42.9    635.9
2014  3 20    79   12 33  0     73.39   -0.1072E-02      47.4    659.4
2014  3 20    79   12 34  0     73.21   -0.1173E-02      50.8    661.8
2014  3 20    79   12 35  0     73.03   -0.1259E-02      53.7    667.4
2014  3 20    79   12 36  0     72.85   -0.1353E-02      56.6    666.3
2014  3 20    79   12 37  0     72.66   -0.1480E-02      59.9    655.4
2014  3 20    79   12 38  0     72.48   -0.1538E-02      62.0    657.2
2014  3 20    79   12 39  0     72.30   -0.1643E-02      64.4    645.0
2014  3 20    79   12 40  0     72.12   -0.1744E-02      67.7    639.2
2014  3 20    79   12 41  0     71.93   -0.1778E-02      67.8    644.5
2014  3 20    79   12 42  0     71.75   -0.1843E-02      70.0    648.6
2014  3 20    79   12 43  0     71.57   -0.1895E-02      69.6    632.1
2014  3 20    79   12 44  0     71.39   -0.1907E-02      68.2    615.0
2014  3 20    79   12 45  0     71.21   -0.1901E-02      69.8    636.1
2014  3 20    79   12 46  0     71.03   -0.1756E-02      62.6    621.4
2014  3 20    79   12 47  0     70.85   -0.1776E-02      61.0    602.7
2014  3 20    79   12 48  0     70.66   -0.1733E-02      59.5    601.7
2014  3 20    79   12 49  0     70.48   -0.1606E-02      54.7    597.4
2014  3 20    79   12 50  0     70.30   -0.1458E-02      49.0    592.4
2014  3 20    79   12 51  0     70.12   -0.1369E-02      44.8    576.4
2014  3 20    79   12 52  0     69.94   -0.1762E-02      55.2    575.8
2014  3 20    79   12 53  0     69.76   -0.2078E-02      66.0    586.5
2014  3 20    79   12 54  0     69.58   -0.2204E-02      70.5    601.9
2014  3 20    79   12 55  0     69.40   -0.2246E-02      71.0    599.4
2014  3 20    79   12 56  0     69.22   -0.2255E-02      68.2    579.9
2014  3 20    79   12 57  0     69.05   -0.2469E-02      76.0    592.4
2014  3 20    79   12 58  0     68.87   -0.2472E-02      75.0    587.2
2014  3 20    79   12 59  0     68.69   -0.2459E-02      73.0    576.8
2014  3 20    79   13  0  0     68.51   -0.2519E-02      73.7    575.7
2014  3 20    79   13  1  0     68.33   -0.2627E-02      77.1    583.5
2014  3 20    79   13  2  0     68.15   -0.2539E-02      73.0    573.1
2014  3 20    79   13  3  0     67.98   -0.2519E-02      71.3    565.5
2014  3 20    79   13  4  0     67.80   -0.2548E-02      71.2    562.7
2014  3 20    79   13  5  0     67.62   -0.2562E-02      70.1    558.2
2014  3 20    79   13  6  0     67.44   -0.2718E-02      74.9    565.4
2014  3 20    79   13  7  0     67.27   -0.2712E-02      74.1    560.8
2014  3 20    79   13  8  0     67.09   -0.2768E-02      75.6    564.4
2014  3 20    79   13  9  0     66.91   -0.2599E-02      69.1    554.1
2014  3 20    79   13 10  0     66.74   -0.2638E-02      69.3    552.8
2014  3 20    79   13 11  0     66.56   -0.2743E-02      72.1    554.7
2014  3 20    79   13 12  0     66.39   -0.2780E-02      72.0    551.3
2014  3 20    79   13 13  0     66.21   -0.2829E-02      73.0    550.4
2014  3 20    79   13 14  0     66.04   -0.2818E-02      71.6    548.7
2014  3 20    79   13 15  0     65.86   -0.3009E-02      77.4    554.5
2014  3 20    79   13 16  0     65.69   -0.3000E-02      76.5    551.1
2014  3 20    79   13 17  0     65.51   -0.3031E-02      77.0    549.7
2014  3 20    79   13 18  0     65.34   -0.3004E-02      75.5    547.3
2014  3 20    79   13 19  0     65.16   -0.3009E-02      75.1    545.5
2014  3 20    79   13 20  0     64.99   -0.3102E-02      77.2    548.2
2014  3 20    79   13 21  0     64.82   -0.3186E-02      79.2    549.0
2014  3 20    79   13 22  0     64.64   -0.3227E-02      79.8    548.3
2014  3 20    79   13 23  0     64.47   -0.3234E-02      79.6    547.5
2014  3 20    79   13 24  0     64.30   -0.3268E-02      80.5    547.5
2014  3 20    79   13 25  0     64.13   -0.2950E-02      70.9    539.0
2014  3 20    79   13 26  0     63.95   -0.2694E-02      63.1    531.9
2014  3 20    79   13 27  0     63.78   -0.2593E-02      59.8    527.6
2014  3 20    79   13 28  0     63.61   -0.2600E-02      59.5    527.3
2014  3 20    79   13 29  0     63.44   -0.2758E-02      63.5    530.5
2014  3 20    79   13 30  0     63.27   -0.3233E-02      76.6    540.3
2014  3 20    79   13 31  0     63.10   -0.3284E-02      77.7    540.1
2014  3 20    79   13 32  0     62.93   -0.3273E-02      77.1    539.4
2014  3 20    79   13 33  0     62.76   -0.3263E-02      76.7    538.9
2014  3 20    79   13 34  0     62.59   -0.3264E-02      76.3    538.6
2014  3 20    79   13 35  0     62.42   -0.3300E-02      77.1    538.7
2014  3 20    79   13 36  0     62.25   -0.3304E-02      76.9    538.7
2014  3 20    79   13 37  0     62.08   -0.3302E-02      76.8    538.0
2014  3 20    79   13 38  0     61.91   -0.3313E-02      76.9    538.1
2014  3 20    79   13 39  0     61.74   -0.3311E-02      76.8    537.7
2014  3 20    79   13 40  0     61.57   -0.3337E-02      77.4    537.5
2014  3 20    79   13 41  0     61.41   -0.3326E-02      77.0    537.2
2014  3 20    79   13 42  0     61.24   -0.3316E-02      76.8    536.5
2014  3 20    79   13 43  0     61.07   -0.3331E-02      77.4    536.1
2014  3 20    79   13 44  0     60.91   -0.3287E-02      76.2    536.3
2014  3 20    79   13 45  0     60.74   -0.3253E-02      75.4    535.6
2014  3 20    79   13 46  0     60.57   -0.3282E-02      76.3    535.4
2014  3 20    79   13 47  0     60.41   -0.3291E-02      76.5    535.5
2014  3 20    79   13 48  0     60.24   -0.3268E-02      76.1    534.4
2014  3 20    79   13 49  0     60.08   -0.3298E-02      77.0    534.7
2014  3 20    79   13 50  0     59.92   -0.3293E-02      77.1    535.0
2014  3 20    79   13 51  0     59.75   -0.3256E-02      76.4    534.5
2014  3 20    79   13 52  0     59.59   -0.3267E-02      76.7    534.8
2014  3 20    79   13 53  0     59.42   -0.3285E-02      77.5    535.2
2014  3 20    79   13 54  0     59.26   -0.3244E-02      76.6    534.4
2014  3 20    79   13 55  0     59.10   -0.3254E-02      77.1    534.5
2014  3 20    79   13 56  0     58.94   -0.3248E-02      77.1    535.2
2014  3 20    79   13 57  0     58.77   -0.3262E-02      77.6    535.8
2014  3 20    79   13 58  0     58.61   -0.3210E-02      76.8    535.3
2014  3 20    79   13 59  0     58.45   -0.3183E-02      76.4    535.2
2014  3 20    79   14  0  0     58.29   -0.3241E-02      78.3    535.4
2014  3 20    79   14  1  0     58.13   -0.3236E-02      78.5    535.6
2014  3 20    79   14  2  0     57.97   -0.3199E-02      78.1    535.9
2014  3 20    79   14  3  0     57.81   -0.3095E-02      75.8    535.4
2014  3 20    79   14  4  0     57.65   -0.3146E-02      77.5    536.2
2014  3 20    79   14  5  0     57.49   -0.3151E-02      78.1    536.6
2014  3 20    79   14  6  0     57.34   -0.3104E-02      77.3    536.7
2014  3 20    79   14  7  0     57.18   -0.3048E-02      76.4    536.1
2014  3 20    79   14  8  0     57.02   -0.3092E-02      77.8    537.1
2014  3 20    79   14  9  0     56.86   -0.3095E-02      78.4    537.8
2014  3 20    79   14 10  0     56.71   -0.3052E-02      77.9    537.9
2014  3 20    79   14 11  0     56.55   -0.3022E-02      77.6    538.1
2014  3 20    79   14 12  0     56.40   -0.2978E-02      76.9    538.3
2014  3 20    79   14 13  0     56.24   -0.3003E-02      78.0    539.0
2014  3 20    79   14 14  0     56.08   -0.3003E-02      78.4    539.7
2014  3 20    79   14 15  0     55.93   -0.2983E-02      78.3    540.2
2014  3 20    79   14 16  0     55.78   -0.2907E-02      76.7    540.4
2014  3 20    79   14 17  0     55.62   -0.2903E-02      77.2    540.9
2014  3 20    79   14 18  0     55.47   -0.2877E-02      77.2    541.2
2014  3 20    79   14 19  0     55.32   -0.2855E-02      77.0    541.7
2014  3 20    79   14 20  0     55.17   -0.2940E-02      79.7    543.3
2014  3 20    79   14 21  0     55.02   -0.2881E-02      78.5    543.8
2014  3 20    79   14 22  0     54.87   -0.2449E-02      67.8    541.0
2014  3 20    79   14 23  0     54.72   -0.2107E-02      58.3    539.3
2014  3 20    79   14 24  0     54.56   -0.2526E-02      69.9    544.9
2014  3 20    79   14 25  0     54.42   -0.2454E-02      68.9    545.1
2014  3 20    79   14 26  0     54.27   -0.2148E-02      59.9    543.4
2014  3 20    79   14 27  0     54.12   -0.2422E-02      69.4    545.3
2014  3 20    79   14 28  0     53.97   -0.1956E-02      57.1    541.1
2014  3 20    79   14 29  0     53.82   -0.2140E-02      62.3    543.7
2014  3 20    79   14 30  0     53.68   -0.2809E-02      82.8    549.3
2014  3 20    79   14 31  0     53.53   -0.2743E-02      81.8    550.1
2014  3 20    79   14 32  0     53.38   -0.2333E-02      71.0    547.4
2014  3 20    79   14 33  0     53.24   -0.2533E-02      77.4    550.0
2014  3 20    79   14 34  0     53.09   -0.2386E-02      73.8    550.3
2014  3 20    79   14 35  0     52.95   -0.2298E-02      71.5    552.1
2014  3 20    79   14 36  0     52.80   -0.2048E-02      65.2    549.7
2014  3 20    79   14 37  0     52.66   -0.2016E-02      65.2    550.3
2014  3 20    79   14 38  0     52.52   -0.1823E-02      60.2    551.1
2014  3 20    79   14 39  0     52.38   -0.1390E-02      45.8    552.4
2014  3 20    79   14 40  0     52.24   -0.1226E-02      40.4    552.5
2014  3 20    79   14 41  0     52.09   -0.1290E-02      43.9    551.1
2014  3 20    79   14 42  0     51.95   -0.1260E-02      43.8    552.3
2014  3 20    79   14 43  0     51.81   -0.1165E-02      41.3    552.5
2014  3 20    79   14 44  0     51.68   -0.1074E-02      38.9    551.9
2014  3 20    79   14 45  0     51.54   -0.1057E-02      38.5    552.7
2014  3 20    79   14 46  0     51.40   -0.1087E-02      40.3    552.7
2014  3 20    79   14 47  0     51.26   -0.1138E-02      43.1    552.7
2014  3 20    79   14 48  0     51.12   -0.1182E-02      46.0    552.7
2014  3 20    79   14 49  0     50.99   -0.1202E-02      47.9    553.8
2014  3 20    79   14 50  0     50.85   -0.1190E-02      48.5    554.1
2014  3 20    79   14 51  0     50.72   -0.1164E-02      48.8    554.3
2014  3 20    79   14 52  0     50.58   -0.1203E-02      51.0    555.4
2014  3 20    79   14 53  0     50.45   -0.1225E-02      53.0    556.1
2014  3 20    79   14 54  0     50.32   -0.1196E-02      52.5    556.3
2014  3 20    79   14 55  0     50.19   -0.1155E-02      52.4    556.0
2014  3 20    79   14 56  0     50.05   -0.1156E-02      54.2    556.1
2014  3 20    79   14 57  0     49.92   -0.1197E-02      57.3    557.5
2014  3 20    79   14 58  0     49.79   -0.1270E-02      61.8    558.9
2014  3 20    79   14 59  0     49.66   -0.1168E-02      57.8    559.2
2014  3 20    79   15  0  0     49.53   -0.1047E-02      54.0    558.8
2014  3 20    79   15  1  0     49.41   -0.1113E-02      59.2    559.7
2014  3 20    79   15  2  0     49.28   -0.1028E-02      56.1    559.9
2014  3 20    79   15  3  0     49.15   -0.1386E-02      75.1    563.1
2014  3 20    79   15  4  0     49.03   -0.9698E-03      58.7    560.2
2014  3 20    79   15  5  0     48.90   -0.8206E-03      51.5    559.9
2014  3 20    79   15  6  0     48.78   -0.8267E-03      52.2    561.1
2014  3 20    79   15  7  0     48.65   -0.7729E-03      52.8    560.8
2014  3 20    79   15  8  0     48.53   -0.7169E-03      50.2    561.4
2014  3 20    79   15  9  0     48.41   -0.6431E-03      47.2    561.4
2014  3 20    79   15 10  0     48.28   -0.6081E-03      47.7    561.2
2014  3 20    79   15 11  0     48.16   -0.6118E-03      50.5    561.5
2014  3 20    79   15 12  0     48.04   -0.5730E-03      52.6    561.0
2014  3 20    79   15 13  0     47.92   -0.6236E-03      54.3    562.9
2014  3 20    79   15 14  0     47.81   -0.5405E-03      58.5    561.3
2014  3 20    79   15 15  0     47.69   -0.4747E-03      54.3    561.1
2014  3 20    79   15 16  0     47.57   -0.5828E-03      70.5    562.2
2014  3 20    79   15 17  0     47.45   -0.7061E-03      82.2    564.0
2014  3 20    79   15 18  0     47.34   -0.6434E-03      82.0    564.0
2014  3 20    79   15 19  0     47.22   -0.5978E-03      81.8    564.4
2014  3 20    79   15 20  0     47.11   -0.5407E-03      81.3    564.6
2014  3 20    79   15 21  0     47.00   -0.4887E-03      80.9    564.9
2014  3 20    79   15 22  0     46.88   -0.4492E-03      81.6    565.3
2014  3 20    79   15 23  0     46.77   -0.3799E-03      81.5    565.3
2014  3 20    79   15 24  0     46.66   -0.3266E-03      81.3    565.6
2014  3 20    79   15 25  0     46.55   -0.2813E-03      81.8    565.9
2014  3 20    79   15 26  0     46.44   -0.2170E-03      81.5    566.0
2014  3 20    79   15 27  0     46.33   -0.1632E-03      81.4    566.3
2014  3 20    79   15 28  0     46.23   -0.1103E-03      81.9    566.5
2014  3 20    79   15 29  0     46.12   -0.4186E-04      81.4    566.5
2014  3 20    79   15 30  0     46.01    0.5011E-06      81.9    566.9
2014  3 20    79   15 31  0     45.91    0.4543E-04      81.9    567.2
2014  3 20    79   15 32  0     45.81    0.9178E-04      81.0    567.6
2014  3 20    79   15 33  0     45.70    0.1301E-03      81.8    568.1
2014  3 20    79   15 34  0     45.60    0.1883E-03      81.4    568.2
2014  3 20    79   15 35  0     45.50    0.2234E-03      82.4    568.7
2014  3 20    79   15 36  0     45.40    0.2727E-03      82.3    569.0
2014  3 20    79   15 37  0     45.30    0.3245E-03      81.6    569.2
2014  3 20    79   15 38  0     45.20    0.3751E-03      82.2    569.5
2014  3 20    79   15 39  0     45.10    0.4048E-03      82.4    570.0
2014  3 20    79   15 40  0     45.00    0.4601E-03      81.3    570.1
2014  3 20    79   15 41  0     44.91    0.4798E-03      80.8    570.7
2014  3 20    79   15 42  0     44.81    0.5090E-03      81.8    571.3
2014  3 20    79   15 43  0     44.72    0.5336E-03      83.0    572.0
2014  3 20    79   15 44  0     44.63    0.5832E-03      83.1    572.2
2014  3 20    79   15 45  0     44.53    0.6168E-03      82.3    572.6
2014  3 20    79   15 46  0     44.44    0.6437E-03      82.6    573.1
2014  3 20    79   15 47  0     44.35    0.6863E-03      82.3    573.4
2014  3 20    79   15 48  0     44.26    0.7241E-03      82.0    573.7
2014  3 20    79   15 49  0     44.18    0.7585E-03      82.3    574.2
2014  3 20    79   15 50  0     44.09    0.8106E-03      82.2    574.3
2014  3 20    79   15 51  0     44.00    0.8524E-03      82.3    574.6
2014  3 20    79   15 52  0     43.92    0.9041E-03      82.8    575.3
2014  3 20    79   15 53  0     43.83    0.9787E-03      82.5    575.1
2014  3 20    79   15 54  0     43.75    0.1011E-02      80.4    575.2
2014  3 20    79   15 55  0     43.67    0.1084E-02      83.4    575.4
2014  3 20    79   15 56  0     43.59    0.1171E-02      83.4    575.1
2014  3 20    79   15 57  0     43.51    0.1273E-02      81.4    573.7
2014  3 20    79   15 58  0     43.43    0.1157E-02      72.5    574.4
2014  3 20    79   15 59  0     43.35    0.1215E-02      78.5    575.5
2014  3 20    79   16  0  0     43.27    0.1330E-02      88.1    576.4
2014  3 20    79   16  1  0     43.20    0.1305E-02      87.8    577.4
2014  3 20    79   16  2  0     43.12    0.1094E-02      53.0    573.3
2014  3 20    79   16  3  0     43.05    0.9495E-03      44.8    573.9
2014  3 20    79   16  4  0     42.98    0.1029E-02      48.5    575.0
2014  3 20    79   16  5  0     42.90    0.1131E-02      55.9    576.1
2014  3 20    79   16  6  0     42.83    0.1133E-02      62.7    578.5
2014  3 20    79   16  7  0     42.76    0.1091E-02      67.2    580.7
2014  3 20    79   16  8  0     42.70    0.1429E-02      82.5    579.8
2014  3 20    79   16  9  0     42.63    0.1168E-02      50.9    576.3
2014  3 20    79   16 10  0     42.56    0.1161E-02      56.8    578.9
2014  3 20    79   16 11  0     42.50    0.1052E-02      49.1    578.9
2014  3 20    79   16 12  0     42.43    0.9888E-03      47.5    580.1
2014  3 20    79   16 13  0     42.37    0.1050E-02      48.5    579.8
2014  3 20    79   16 26  0     41.66    0.7065E-04      -0.0    579.8
2014  3 20    79   16 27  0     41.61   -0.7312E-05      -0.0    579.8
2014  3 20    79   16 28  0     41.56   -0.8309E-04      -0.0    579.8
2014  3 20    79   16 29  0     41.52   -0.7918E-04      -0.0    579.8
2014  3 20    79   16 30  0     41.48   -0.4819E-04      -0.0    579.8
2014  3 20    79   16 31  0     41.43   -0.1830E-04      -0.0    579.8
2014  3 20    79   16 32  0     41.39    0.9513E-05      -0.0    579.8
2014  3 20    79   16 33  0     41.35    0.3266E-04      -0.0    579.8
2014  3 20    79   16 34  0     41.32    0.4976E-04      -0.0    579.8
2014  3 20    79   16 35  0     41.28    0.6398E-04      -0.0    579.8
2014  3 20    79   16 36  0     41.24    0.7202E-04      -0.0    -99.9
2014  3 20    79   16 37  0     41.21    0.8010E-04      -0.0    -99.9
2014  3 20    79   16 38  0     41.17    0.8713E-04      -0.0    -99.9
2014  3 20    79   16 39  0     41.14    0.8865E-04      -0.0    -99.9
2014  3 20    79   16 40  0     41.11    0.9007E-04      -0.0    -99.9
2014  3 20    79   16 41  0     41.08    0.9187E-04      -0.0    -99.9
2014  3 20    79   16 42  0     41.05    0.9410E-04      -0.0    -99.9
2014  3 20    79   16 43  0     41.02    0.9749E-04      -0.0    -99.9
2014  3 20    79   16 44  0     41.00    0.9561E-04      -0.0    -99.9
2014  3 20    79   16 45  0     40.97    0.9758E-04      -0.0    -99.9
2014  3 20    79   16 46  0     40.95    0.9785E-04      -0.0    -99.9
2014  3 20    79   16 47  0     40.93    0.9862E-04      -0.0    -99.9
2014  3 20    79   16 48  0     40.91    0.9925E-04      -0.0    -99.9
2014  3 20    79   16 49  0     40.89    0.1001E-03      -0.0    -99.9
2014  3 20    79   16 50  0     40.87    0.1006E-03      -0.0    -99.9
2014  3 20    79   16 51  0     40.85    0.9847E-04      -0.0    -99.9
2014  3 20    79   16 52  0     40.83    0.9963E-04      -0.0    -99.9
2014  3 20    79   16 53  0     40.82    0.1010E-03      -0.0    -99.9
2014  3 20    79   16 54  0     40.81    0.9793E-04      -0.0    -99.9
2014  3 20    79   16 55  0     40.79    0.1007E-03      -0.0    -99.9
2014  3 20    79   16 56  0     40.78    0.9898E-04      -0.0    -99.9
2014  3 20    79   16 57  0     40.77    0.1004E-03      -0.0    -99.9
2014  3 20    79   16 58  0     40.76    0.1110E-03       0.0     26.0
2014  3 20    79   16 59  0     40.76    0.4960E-02       1.1    135.2
2014  3 20    79   17  0  0     40.75    0.7342E-02       1.5    130.6
2014  3 20    79   17  1  0     40.75    0.7342E-02       1.5    130.6
2014  3 20    79   17  2  0     40.74    0.7345E-02       1.5    130.5
2014  3 20    79   17  3  0     40.74    0.7346E-02       1.5    130.5
2014  3 20    79   17  4  0     40.74    0.7352E-02       1.5    130.4
2014  3 20    79   17  5  0     40.74    0.7354E-02       1.5    130.4
2014  3 20    79   17  6  0     40.74    0.7361E-02       1.5    130.4
2014  3 20    79   17  7  0     40.75    0.6274E-02       1.3    128.5
2014  3 20    79   17  8  0     40.75    0.3059E-03       0.0     85.2
2014  3 20    79   17  9  0     40.75    0.1227E-03      -0.0    -99.9
2014  3 20    79   17 10  0     40.76    0.1147E-03      -0.0    -99.9
2014  3 20    79   17 11  0     40.77    0.1115E-03      -0.0    -99.9
2014  3 20    79   17 12  0     40.78    0.1254E-03       0.0     28.0
2014  3 20    79   17 13  0     40.79    0.2894E-02       0.7    137.6
2014  3 20    79   17 14  0     40.80    0.7041E-02       1.5    130.7
2014  3 20    79   17 15  0     40.81    0.7193E-02       1.5    130.4
2014  3 20    79   17 16  0     40.83    0.7209E-02       1.5    130.2
2014  3 20    79   17 17  0     40.84    0.7232E-02       1.5    130.1
2014  3 20    79   17 18  0     40.86    0.7247E-02       1.5    130.0
2014  3 20    79   17 19  0     40.88    0.7255E-02       1.5    129.9
2014  3 20    79   17 20  0     40.90    0.7257E-02       1.5    129.9
2014  3 20    79   17 21  0     40.92    0.7259E-02       1.5    129.9
2014  3 20    79   17 22  0     40.94    0.5583E-02       1.1    126.9
2014  3 20    79   17 23  0     40.96    0.1803E-03       0.0     37.4
2014  3 20    79   17 24  0     40.99    0.1298E-03      -0.0    -99.9
2014  3 20    79   17 25  0     41.01    0.1479E-03       0.0     36.3
2014  3 20    79   17 26  0     41.04    0.5434E-02       1.2    132.9
2014  3 20    79   17 27  0     41.07    0.7508E-02       1.5    129.0
2014  3 20    79   17 28  0     41.10    0.7638E-02       1.6    128.7
2014  3 20    79   17 29  0     41.13    0.7681E-02       1.6    128.6
2014  3 20    79   17 30  0     41.16    0.7707E-02       1.6    128.5
2014  3 20    79   17 31  0     41.19    0.7730E-02       1.6    128.4
2014  3 20    79   17 32  0     41.23    0.7752E-02       1.6    128.2
2014  3 20    79   17 33  0     41.26    0.4286E-02       0.9    124.5
2014  3 20    79   17 34  0     41.30    0.1685E-03       0.0     17.5
2014  3 20    79   17 49  0     41.99   -0.1519E-03      71.1    609.0
2014  3 20    79   17 50  0     42.04    0.6275E-03      83.2    596.7
2014  3 20    79   17 51  0     42.10    0.5871E-03      59.4    593.9
2014  3 20    79   17 52  0     42.16    0.3724E-03      65.4    598.0
2014  3 20    79   17 53  0     42.22    0.6236E-03      89.6    595.6
2014  3 20    79   17 54  0     42.28    0.7085E-03      92.3    594.0
2014  3 20    79   17 55  0     42.34    0.7481E-03      93.1    593.0
2014  3 20    79   17 56  0     42.40    0.7202E-03      92.3    592.7
2014  3 20    79   17 57  0     42.47    0.7056E-03      83.0    591.5
2014  3 20    79   17 58  0     42.53    0.4803E-03      65.9    592.6
2014  3 20    79   17 59  0     42.60    0.3299E-03      55.3    593.7
2014  3 20    79   18  0  0     42.66    0.1833E-03      55.8    596.6
2014  3 20    79   18  1  0     42.73    0.1855E-03      43.6    595.1
2014  3 20    79   18  2  0     42.80    0.9974E-04      37.2    596.2
2014  3 20    79   18  3  0     42.87    0.7494E-04      36.2    596.3
2014  3 20    79   18  4  0     42.94    0.7063E-04      34.2    595.7
2014  3 20    79   18  5  0     43.01    0.3800E-04      30.0    595.5
2014  3 20    79   18  6  0     43.09   -0.2313E-05      27.0    596.5
2014  3 20    79   18  7  0     43.16   -0.2822E-04      25.3    597.0
2014  3 20    79   18  8  0     43.24   -0.3929E-04      25.5    596.8
2014  3 20    79   18  9  0     43.31   -0.3316E-04      28.7    595.6
2014  3 20    79   18 10  0     43.39    0.1043E-04      31.1    593.0
2014  3 20    79   18 11  0     43.47    0.1872E-04      32.6    591.9
2014  3 20    79   18 12  0     43.55    0.1305E-04      33.7    591.2
2014  3 20    79   18 13  0     43.63   -0.6957E-06      35.2    590.9
2014  3 20    79   18 14  0     43.71   -0.5150E-05      37.0    590.1
2014  3 20    79   18 15  0     43.79   -0.2831E-05      39.1    589.1
2014  3 20    79   18 16  0     43.88    0.6272E-06      41.3    588.2
2014  3 20    79   18 17  0     43.96   -0.4693E-04      43.8    588.6
2014  3 20    79   18 18  0     44.05   -0.2696E-03      55.6    592.7
2014  3 20    79   18 19  0     44.14   -0.3165E-03      72.4    591.5
2014  3 20    79   18 20  0     44.22   -0.3285E-03      80.2    590.1
2014  3 20    79   18 21  0     44.31   -0.2074E-03      80.5    587.1
2014  3 20    79   18 22  0     44.40   -0.2244E-03      84.7    586.2
2014  3 20    79   18 23  0     44.49   -0.2612E-03      86.0    585.8
2014  3 20    79   18 24  0     44.58   -0.2897E-03      85.4    585.3
2014  3 20    79   18 25  0     44.68   -0.3602E-03      84.8    585.5
2014  3 20    79   18 26  0     44.77   -0.4479E-03      85.0    585.9
2014  3 20    79   18 27  0     44.86   -0.1511E-03      57.8    581.4
2014  3 20    79   18 28  0     44.96   -0.2170E-03      48.3    582.1
2014  3 20    79   18 29  0     45.06   -0.6933E-03      82.2    587.3
2014  3 20    79   18 30  0     45.15   -0.6548E-03      84.1    585.6
2014  3 20    79   18 31  0     45.25   -0.6483E-03      80.0    585.1
2014  3 20    79   18 32  0     45.35   -0.2615E-03      51.2    579.6
2014  3 20    79   18 33  0     45.45   -0.5432E-03      57.7    584.3
2014  3 20    79   18 34  0     45.55   -0.7748E-03      73.3    585.7
2014  3 20    79   18 35  0     45.65   -0.4104E-03      44.7    581.5
2014  3 20    79   18 36  0     45.76   -0.5357E-03      42.3    585.1
2014  3 20    79   18 37  0     45.86   -0.6318E-03      42.2    587.6
2014  3 20    79   18 38  0     45.96   -0.6825E-03      42.7    588.5
2014  3 20    79   18 39  0     46.07   -0.6676E-03      39.4    588.9
2014  3 20    79   18 40  0     46.17   -0.6975E-03      38.7    589.8
2014  3 20    79   18 41  0     46.28   -0.9278E-03      46.3    593.1
2014  3 20    79   18 42  0     46.39   -0.7558E-03      43.9    587.6
2014  3 20    79   18 43  0     46.50   -0.7419E-03      38.1    589.1
2014  3 20    79   18 44  0     46.61   -0.7365E-03      36.4    589.0
2014  3 20    79   18 45  0     46.72   -0.7406E-03      35.5    588.7
2014  3 20    79   18 46  0     46.83   -0.7928E-03      36.6    588.9
2014  3 20    79   18 47  0     46.94   -0.9760E-03      43.0    591.4
2014  3 20    79   18 48  0     47.05   -0.8767E-03      41.8    586.4
2014  3 20    79   18 49  0     47.17   -0.8979E-03      39.4    587.6
2014  3 20    79   18 50  0     47.28   -0.9678E-03      41.0    588.0
2014  3 20    79   18 51  0     47.40   -0.1096E-02      46.3    587.6
2014  3 20    79   18 52  0     47.51   -0.1384E-02      55.9    588.9
2014  3 20    79   18 53  0     47.63   -0.1776E-02      76.2    586.8
2014  3 20    79   18 54  0     47.75   -0.1936E-02      82.9    585.9
2014  3 20    79   18 55  0     47.87   -0.2123E-02      88.6    586.2
2014  3 20    79   18 56  0     47.98   -0.1974E-02      82.2    584.7
2014  3 20    79   18 57  0     48.10   -0.1828E-02      74.6    584.0
2014  3 20    79   18 58  0     48.23   -0.1427E-02      57.2    581.8
2014  3 20    79   18 59  0     48.35   -0.1449E-02      55.5    582.7
2014  3 20    79   19  0  0     48.47   -0.1505E-02      55.9    583.2
2014  3 20    79   19  1  0     48.59   -0.1543E-02      57.6    582.1
2014  3 20    79   19  2  0     48.71   -0.1432E-02      52.7    580.5
2014  3 20    79   19  3  0     48.84   -0.1500E-02      54.8    579.5
2014  3 20    79   19  4  0     48.96   -0.1658E-02      61.5    578.2
2014  3 20    79   19  5  0     49.09   -0.1443E-02      54.3    574.7
2014  3 20    79   19  6  0     49.22   -0.1369E-02      50.2    574.2
2014  3 20    79   19  7  0     49.34   -0.1357E-02      47.8    575.1
2014  3 20    79   19  8  0     49.47   -0.1353E-02      46.1    576.5
2014  3 20    79   19  9  0     49.60   -0.1346E-02      44.6    577.1
2014  3 20    79   19 10  0     49.73   -0.1328E-02      42.9    577.5
2014  3 20    79   19 11  0     49.86   -0.1311E-02      41.5    577.6
2014  3 20    79   19 12  0     49.99   -0.1362E-02      42.2    577.9
2014  3 20    79   19 13  0     50.12   -0.1986E-02      60.7    581.8
2014  3 20    79   19 14  0     50.25   -0.1581E-02      50.1    574.8
2014  3 20    79   19 15  0     50.39   -0.1552E-02      48.5    573.4
2014  3 20    79   19 16  0     50.52   -0.1543E-02      47.0    573.4
2014  3 20    79   19 17  0     50.65   -0.1582E-02      46.6    575.4
2014  3 20    79   19 18  0     50.79   -0.2483E-02      71.6    582.0
2014  3 20    79   19 19  0     50.92   -0.2574E-02      75.3    580.1
2014  3 20    79   19 20  0     51.06   -0.2587E-02      74.5    579.4
2014  3 20    79   19 21  0     51.19   -0.2684E-02      77.0    578.3
2014  3 20    79   19 22  0     51.33   -0.2993E-02      85.7    578.1
2014  3 20    79   19 23  0     51.47   -0.3069E-02      87.5    577.1
2014  3 20    79   19 24  0     51.61   -0.2879E-02      81.6    574.9
2014  3 20    79   19 25  0     51.74   -0.2512E-02      71.7    570.2
2014  3 20    79   19 26  0     51.88   -0.2379E-02      65.1    571.8
2014  3 20    79   19 27  0     52.02   -0.3018E-02      82.8    573.5
2014  3 20    79   19 28  0     52.16   -0.2671E-02      73.7    569.9
2014  3 20    79   19 29  0     52.31   -0.1940E-02      51.8    565.2
2014  3 20    79   19 30  0     52.45   -0.1919E-02      49.8    566.1
2014  3 20    79   19 31  0     52.59   -0.1990E-02      51.1    566.7
2014  3 20    79   19 32  0     52.73   -0.1962E-02      49.7    566.1
2014  3 20    79   19 33  0     52.88   -0.2085E-02      51.6    568.0
2014  3 20    79   19 34  0     53.02   -0.2470E-02      61.0    570.5
2014  3 20    79   19 35  0     53.16   -0.2353E-02      57.8    567.4
2014  3 20    79   19 36  0     53.31   -0.2858E-02      69.7    570.5
2014  3 20    79   19 37  0     53.45   -0.3144E-02      77.6    569.6
2014  3 20    79   19 38  0     53.60   -0.2691E-02      66.4    564.1
2014  3 20    79   19 39  0     53.75   -0.2644E-02      63.6    564.5
2014  3 20    79   19 40  0     53.89   -0.3492E-02      84.7    571.3
2014  3 20    79   19 41  0     54.04   -0.3244E-02      78.7    567.8
2014  3 20    79   19 42  0     54.19   -0.2423E-02      56.7    562.7
2014  3 20    79   19 43  0     54.34   -0.2466E-02      56.9    564.6
2014  3 20    79   19 44  0     54.49   -0.2264E-02      51.4    563.9
2014  3 20    79   19 45  0     54.64   -0.2252E-02      50.4    565.7
2014  3 20    79   19 46  0     54.79   -0.2482E-02      56.0    569.1
2014  3 20    79   19 47  0     54.94   -0.2357E-02      52.2    571.9
2014  3 20    79   19 48  0     55.09   -0.2982E-02      67.9    577.5
2014  3 20    79   19 49  0     55.24   -0.2045E-02      45.2    570.7
2014  3 20    79   19 50  0     55.39   -0.1719E-02      37.0    570.3
2014  3 20    79   19 51  0     55.55   -0.1627E-02      34.5    570.4
2014  3 20    79   19 52  0     55.70   -0.1632E-02      34.4    569.3
2014  3 20    79   19 53  0     55.85   -0.1696E-02      35.8    566.5
2014  3 20    79   19 54  0     56.01   -0.1726E-02      36.6    562.9
2014  3 20    79   19 55  0     56.16   -0.1766E-02      37.3    562.0
2014  3 20    79   19 56  0     56.31   -0.1890E-02      39.9    562.7
2014  3 20    79   19 57  0     56.47   -0.2154E-02      45.6    564.5
2014  3 20    79   19 58  0     56.63   -0.2373E-02      50.3    564.1
2014  3 20    79   19 59  0     56.78   -0.2635E-02      55.8    564.6
2014  3 20    79   20  0  0     56.94   -0.3116E-02      67.2    565.9
2014  3 20    79   20  1  0     57.10   -0.2844E-02      60.1    562.0
2014  3 20    79   20  2  0     57.25   -0.3118E-02      66.1    564.3
2014  3 20    79   20  3  0     57.41   -0.3155E-02      66.5    564.0
2014  3 20    79   20  4  0     57.57   -0.3671E-02      78.8    567.8
2014  3 20    79   20  5  0     57.73   -0.3949E-02      85.1    570.8
2014  3 20    79   20  6  0     57.89   -0.3959E-02      85.3    569.7
2014  3 20    79   20  7  0     58.05   -0.4012E-02      86.3    568.1
2014  3 20    79   20  8  0     58.21   -0.4001E-02      86.0    567.3
2014  3 20    79   20  9  0     58.37   -0.3954E-02      84.7    566.8
2014  3 20    79   20 10  0     58.53   -0.3932E-02      84.2    567.1
2014  3 20    79   20 11  0     58.69   -0.3826E-02      81.3    567.3
2014  3 20    79   20 12  0     58.85   -0.3924E-02      83.7    570.0
2014  3 20    79   20 13  0     59.01   -0.3924E-02      84.1    569.0
2014  3 20    79   20 14  0     59.17   -0.3940E-02      84.6    569.5
2014  3 20    79   20 15  0     59.34   -0.3586E-02      76.2    565.1
2014  3 20    79   20 16  0     59.50   -0.2957E-02      60.5    557.3
2014  3 20    79   20 17  0     59.66   -0.2955E-02      60.6    557.0
2014  3 20    79   20 18  0     59.83   -0.3100E-02      64.4    558.9
2014  3 20    79   20 19  0     59.99   -0.2870E-02      59.2    553.4
2014  3 20    79   20 20  0     60.16   -0.2834E-02      58.2    552.3
2014  3 20    79   20 21  0     60.32   -0.3205E-02      67.5    559.2
2014  3 20    79   20 22  0     60.49   -0.3732E-02      81.1    565.8
2014  3 20    79   20 23  0     60.65   -0.3177E-02      67.2    557.4
2014  3 20    79   20 24  0     60.82   -0.3232E-02      68.6    559.3
2014  3 20    79   20 25  0     60.98   -0.3293E-02      70.8    560.8
2014  3 20    79   20 26  0     61.15   -0.3266E-02      70.5    561.5
2014  3 20    79   20 27  0     61.32   -0.3246E-02      70.2    562.7
2014  3 20    79   20 28  0     61.49   -0.3218E-02      69.9    563.1
2014  3 20    79   20 29  0     61.65   -0.2790E-02      58.8    556.3
2014  3 20    79   20 30  0     61.82   -0.3003E-02      64.4    561.4
2014  3 20    79   20 31  0     61.99   -0.3050E-02      65.9    560.8
2014  3 20    79   20 32  0     62.16   -0.3052E-02      66.1    560.8
2014  3 20    79   20 33  0     62.33   -0.2986E-02      64.9    559.3
2014  3 20    79   20 34  0     62.50   -0.2706E-02      57.7    552.6
2014  3 20    79   20 35  0     62.66   -0.2612E-02      55.7    551.2
2014  3 20    79   20 36  0     62.83   -0.2549E-02      54.5    550.9
2014  3 20    79   20 37  0     63.00   -0.2488E-02      53.4    549.6
2014  3 20    79   20 38  0     63.17   -0.2424E-02      52.1    550.6
2014  3 20    79   20 39  0     63.35   -0.2366E-02      51.3    551.7
2014  3 20    79   20 40  0     63.52   -0.2342E-02      51.0    555.5
2014  3 20    79   20 41  0     63.69   -0.2351E-02      51.8    558.6
2014  3 20    79   20 42  0     63.86   -0.2518E-02      56.9    568.8
2014  3 20    79   20 43  0     64.03   -0.2781E-02      65.0    577.7
2014  3 20    79   20 44  0     64.20   -0.3020E-02      72.3    585.3
2014  3 20    79   20 45  0     64.38   -0.3173E-02      76.9    587.7
2014  3 20    79   20 46  0     64.55   -0.3163E-02      76.7    583.6
2014  3 20    79   20 47  0     64.72   -0.3287E-02      80.6    585.0
2014  3 20    79   20 48  0     64.89   -0.3063E-02      74.1    577.1
2014  3 20    79   20 49  0     65.07   -0.2860E-02      68.3    570.7
2014  3 20    79   20 50  0     65.24   -0.3141E-02      77.9    582.1
2014  3 20    79   20 51  0     65.42   -0.3173E-02      79.5    584.5
2014  3 20    79   20 52  0     65.59   -0.3178E-02      80.3    586.4
2014  3 20    79   20 53  0     65.76   -0.2870E-02      70.9    576.3
2014  3 20    79   20 54  0     65.94   -0.2937E-02      73.8    581.9
2014  3 20    79   20 55  0     66.11   -0.3124E-02      81.0    591.6
2014  3 20    79   20 56  0     66.29   -0.3097E-02      80.9    593.1
2014  3 20    79   20 57  0     66.46   -0.3081E-02      81.2    594.5
2014  3 20    79   20 58  0     66.64   -0.3032E-02      80.6    594.7
2014  3 20    79   20 59  0     66.81   -0.2989E-02      80.3    595.6
2014  3 20    79   21  0  0     66.99   -0.2948E-02      80.4    597.5
2014  3 20    79   21  1  0     67.17   -0.2880E-02      79.3    598.3
2014  3 20    79   21  2  0     67.34   -0.2814E-02      78.4    600.7
2014  3 20    79   21  3  0     67.52   -0.2769E-02      78.2    605.3
2014  3 20    79   21  4  0     67.70   -0.2536E-02      70.4    599.1
2014  3 20    79   21  5  0     67.88   -0.2764E-02      80.5    623.3
2014  3 20    79   21  6  0     68.05   -0.2741E-02      80.8    626.1
2014  3 20    79   21  7  0     68.23   -0.2665E-02      79.3    624.5
2014  3 20    79   21  8  0     68.41   -0.2562E-02      76.3    622.0
2014  3 20    79   21  9  0     68.59   -0.2632E-02      80.3    633.5
2014  3 20    79   21 10  0     68.76   -0.2540E-02      77.7    625.8
2014  3 20    79   21 11  0     68.94   -0.2314E-02      69.3    605.0
2014  3 20    79   21 12  0     69.12   -0.2194E-02      65.2    597.9
2014  3 20    79   21 13  0     69.30   -0.2124E-02      63.6    593.9
2014  3 20    79   21 14  0     69.48   -0.2055E-02      62.0    594.0
2014  3 20    79   21 15  0     69.66   -0.1981E-02      60.4    594.3
2014  3 20    79   21 16  0     69.84   -0.1901E-02      58.9    594.9
2014  3 20    79   21 17  0     70.02   -0.1835E-02      57.9    600.6
2014  3 20    79   21 18  0     70.20   -0.1873E-02      62.3    622.5
2014  3 20    79   21 19  0     70.38   -0.1821E-02      61.3    633.1
2014  3 20    79   21 20  0     70.56   -0.1863E-02      65.1    655.7
2014  3 20    79   21 21  0     70.74   -0.1781E-02      62.2    643.0
2014  3 20    79   21 22  0     70.92   -0.1876E-02      68.7    678.9
2014  3 20    79   21 23  0     71.10   -0.1798E-02      65.8    669.7
2014  3 20    79   21 24  0     71.28   -0.1708E-02      62.0    657.7
2014  3 20    79   21 25  0     71.46   -0.1667E-02      61.4    659.2
2014  3 20    79   21 26  0     71.64   -0.1602E-02      60.1    656.6
2014  3 20    79   21 27  0     71.83   -0.1562E-02      60.6    679.3
2014  3 20    79   21 28  0     72.01   -0.1550E-02      63.2    -99.9
2014  3 20    79   21 29  0     72.19   -0.1467E-02      60.8    -99.9
2014  3 20    79   21 30  0     72.37   -0.1469E-02      64.1    -99.9
2014  3 20    79   21 31  0     72.55   -0.1435E-02      64.1    -99.9
2014  3 20    79   21 32  0     72.74   -0.1424E-02      65.5    -99.9
2014  3 20    79   21 33  0     72.92   -0.1424E-02      67.1    -99.9
2014  3 20    79   21 34  0     73.10   -0.1427E-02      68.6    -99.9
2014  3 20    79   21 35  0     73.28   -0.1439E-02      70.5    -99.9
2014  3 20    79   21 36  0     73.47   -0.1451E-02      72.3    -99.9
2014  3 20    79   21 37  0     73.65   -0.1467E-02      74.0    -99.9
2014  3 20    79   21 38  0     73.83   -0.1457E-02      74.1    -99.9
2014  3 20    79   21 39  0     74.02   -0.1447E-02      75.4    -99.9
2014  3 20    79   21 40  0     74.20   -0.1437E-02      76.2    -99.9
2014  3 20    79   21 41  0     74.39   -0.1438E-02      77.7    -99.9
2014  3 20    79   21 42  0     74.57   -0.1418E-02      78.4    -99.9
2014  3 20    79   21 43  0     74.75   -0.1372E-02      76.6    -99.9
2014  3 20    79   21 44  0     74.94   -0.1347E-02      77.5    -99.9
2014  3 20    79   21 45  0     75.12   -0.1311E-02      77.2    -99.9
2014  3 20    79   21 46  0     75.31   -0.1279E-02      76.9    -99.9
2014  3 20    79   21 47  0     75.49   -0.1241E-02      76.7    -99.9
2014  3 20    79   21 48  0     75.68   -0.1197E-02      75.1    -99.9
2014  3 20    79   21 49  0     75.86   -0.1164E-02      75.3    -99.9
2014  3 20    79   21 50  0     76.05   -0.1127E-02      75.0    -99.9
2014  3 20    79   21 51  0     76.23   -0.1088E-02      74.5    -99.9
2014  3 20    79   21 52  0     76.42   -0.1044E-02      74.0    -99.9
2014  3 20    79   21 53  0     76.60   -0.1001E-02      73.5    -99.9
2014  3 20    79   21 54  0     76.79   -0.9524E-03      72.5    -99.9
2014  3 20    79   21 55  0     76.97   -0.9136E-03      72.2    -99.9
2014  3 20    79   21 56  0     77.16   -0.8795E-03      72.3    -99.9
2014  3 20    79   21 57  0     77.34   -0.8530E-03      72.5    -99.9
2014  3 20    79   21 58  0     77.53   -0.8351E-03      72.5    -99.9
2014  3 20    79   21 59  0     77.71   -0.8034E-03      72.1    -99.9
2014  3 20    79   22  0  0     77.90   -0.7754E-03      71.7    -99.9
2014  3 20    79   22  1  0     78.09   -0.7501E-03      71.6    -99.9
2014  3 20    79   22  2  0     78.27   -0.7226E-03      71.5    -99.9
2014  3 20    79   22  3  0     78.46   -0.6981E-03      71.4    -99.9
2014  3 20    79   22  4  0     78.65   -0.6782E-03      71.3    -99.9
2014  3 20    79   22  5  0     78.83   -0.6544E-03      71.4    -99.9
2014  3 20    79   22  6  0     79.02   -0.6347E-03      70.9    -99.9
2014  3 20    79   22  7  0     79.20   -0.6245E-03      71.1    -99.9
2014  3 20    79   22  8  0     79.39   -0.6139E-03      72.7    -99.9
2014  3 20    79   22  9  0     79.58   -0.6036E-03      73.6    -99.9
2014  3 20    79   22 10  0     79.77   -0.5911E-03      74.3    -99.9
2014  3 20    79   22 11  0     79.95   -0.5728E-03      74.6    -99.9
2014  3 20    79   22 12  0     80.14   -0.5544E-03      74.7    -99.9
2014  3 20    79   22 13  0     80.33   -0.5364E-03      75.1    -99.9
2014  3 20    79   22 14  0     80.51   -0.5153E-03      75.1    -99.9
2014  3 20    79   22 15  0     80.70   -0.4921E-03      74.9    -99.9
2014  3 20    79   22 16  0     80.89   -0.4645E-03      74.3    -99.9
2014  3 20    79   22 17  0     81.08   -0.4391E-03      73.5    -99.9
2014  3 20    79   22 18  0     81.26   -0.4106E-03      72.7    -99.9
2014  3 20    79   22 19  0     81.45   -0.3876E-03      72.0    -99.9
2014  3 20    79   22 20  0     81.64   -0.3653E-03      71.0    -99.9
2014  3 20    79   22 21  0     81.83   -0.3384E-03      70.5    -99.9
2014  3 20    79   22 22  0     82.02   -0.3215E-03      70.7    -99.9
2014  3 20    79   22 23  0     82.20   -0.3022E-03      70.6    693.8
2014  3 20    79   22 24  0     82.39   -0.2908E-03      70.4    -99.9
2014  3 20    79   22 25  0     82.58   -0.2697E-03      69.6    682.7
2014  3 20    79   22 26  0     82.77   -0.2517E-03      68.7    686.6
2014  3 20    79   22 27  0     82.96   -0.2343E-03      68.4    677.2
2014  3 20    79   22 28  0     83.14   -0.2220E-03      68.4    677.5
2014  3 20    79   22 29  0     83.33   -0.2065E-03      68.3    641.0
2014  3 20    79   22 30  0     83.52   -0.1912E-03      68.5    605.1
2014  3 20    79   22 31  0     83.71   -0.1812E-03      68.5    611.7
2014  3 20    79   22 32  0     83.90   -0.1729E-03      68.8    622.7
2014  3 20    79   22 33  0     84.09   -0.1614E-03      69.7    602.9
2014  3 20    79   22 34  0     84.28   -0.1527E-03      70.4    599.1
2014  3 20    79   22 35  0     84.46   -0.1400E-03      70.5    574.5
2014  3 20    79   22 36  0     84.65   -0.1308E-03      70.9    568.6
2014  3 20    79   22 37  0     84.84   -0.1218E-03      71.9    551.4
2014  3 20    79   22 38  0     85.03   -0.1160E-03      72.7    550.2
2014  3 20    79   22 39  0     85.22   -0.1048E-03      73.0    518.9
2014  3 20    79   22 40  0     85.41   -0.1024E-03      74.0    539.1
2014  3 20    79   22 41  0     85.60   -0.8944E-04      75.7    492.9
2014  3 20    79   22 42  0     85.79   -0.8488E-04      76.7    496.7
2014  3 20    79   22 43  0     85.98   -0.7769E-04      76.4    489.2
2014  3 20    79   22 44  0     86.16   -0.6980E-04      75.6    478.9
2014  3 20    79   22 45  0     86.35   -0.6243E-04      74.7    471.7
2014  3 20    79   22 46  0     86.54   -0.5162E-04      73.9    447.9
2014  3 20    79   22 47  0     86.73   -0.4233E-04      73.6    429.5
2014  3 20    79   22 48  0     86.92   -0.3452E-04      73.5    415.2
2014  3 20    79   22 49  0     87.11   -0.2617E-04      72.9    396.1
2014  3 20    79   22 50  0     87.30   -0.1763E-04      72.1    376.4
2014  3 20    79   22 51  0     87.49   -0.1443E-04      71.5    378.4
2014  3 20    79   22 52  0     87.68   -0.1255E-04      71.6    383.6
2014  3 20    79   22 53  0     87.87   -0.3931E-05      71.5    357.7
2014  3 20    79   22 54  0     88.06   -0.1843E-05      71.2    356.6
2014  3 20    79   22 55  0     88.24    0.6012E-05      70.6    333.3
2014  3 20    79   22 56  0     88.43    0.8734E-05      70.2    329.9
2014  3 20    79   22 57  0     88.62    0.1362E-04      70.3    317.3
2014  3 20    79   22 58  0     88.81    0.1725E-04      70.4    309.8
2014  3 20    79   22 59  0     89.00    0.2190E-04      70.4    291.8
2014  3 20    79   23  0  0     89.19    0.2681E-04      69.7    276.8
2014  3 20    79   23  1  0     89.38    0.3065E-04      69.4    265.2
2014  3 20    79   23  2  0     89.57    0.3525E-04      70.1    252.7
2014  3 20    79   23  3  0     89.76    0.3648E-04      71.3    257.5
2014  3 20    79   23  4  0     89.95    0.3915E-04      72.4    251.2
