                            NILUUV 115

Uvpro Version 2.0
Latitude :   40.74 (North)
Longitude:  -74.03  (West)
Calibration file: cf100603a.115
Height above sea level:    40.0  m
CLT derived from channel 4
CLT scale factor used:   1.0
Ozone derived from channel pair ch3/ch1
Ozone scale factor used:   1.0
Drift factors ch1-ch6:   3.000154.000  1.000  1.000  1.000  1.000
Ozone profile climatology: Mid  Latitude
Dose type:    CLW    Caldwell Plant 1971           

yyyy mm dd   jul   hh mm ss      SZA     dose rate       clt     Ozone
                              [degrees]   [W/m^2]        [%]     [DU]
2014 12  4   338   12 10  0     89.91    0.3016E-04      69.1    281.3
2014 12  4   338   12 11  0     89.74    0.2647E-04      69.1    289.9
2014 12  4   338   12 12  0     89.58    0.2630E-04      69.4    287.9
2014 12  4   338   12 13  0     89.41    0.2173E-04      69.9    300.8
2014 12  4   338   12 14  0     89.25    0.1978E-04      70.5    306.0
2014 12  4   338   12 15  0     89.09    0.1427E-04      71.3    321.3
2014 12  4   338   12 16  0     88.93    0.1002E-04      71.7    336.5
2014 12  4   338   12 17  0     88.77    0.5427E-05      71.8    346.9
2014 12  4   338   12 18  0     88.60    0.3419E-05      72.1    346.4
2014 12  4   338   12 19  0     88.44   -0.1879E-05      72.5    358.5
2014 12  4   338   12 20  0     88.28   -0.5116E-05      72.9    362.9
2014 12  4   338   12 21  0     88.12   -0.8669E-05      73.6    367.0
2014 12  4   338   12 22  0     87.96   -0.1504E-04      74.1    382.7
2014 12  4   338   12 23  0     87.80   -0.1756E-04      74.4    381.4
2014 12  4   338   12 24  0     87.64   -0.2611E-04      74.7    401.3
2014 12  4   338   12 25  0     87.48   -0.3322E-04      75.0    413.6
2014 12  4   338   12 26  0     87.32   -0.3835E-04      75.5    417.4
2014 12  4   338   12 27  0     87.16   -0.4362E-04      76.1    421.2
2014 12  4   338   12 28  0     87.00   -0.5411E-04      76.5    443.5
2014 12  4   338   12 29  0     86.84   -0.6033E-04      76.8    448.8
2014 12  4   338   12 30  0     86.69   -0.6445E-04      77.0    443.4
2014 12  4   338   12 31  0     86.53   -0.7191E-04      77.3    450.6
2014 12  4   338   12 32  0     86.37   -0.8354E-04      77.6    471.5
2014 12  4   338   12 33  0     86.21   -0.9417E-04      78.0    488.1
2014 12  4   338   12 34  0     86.06   -0.1030E-03      78.3    495.9
2014 12  4   338   12 35  0     85.90   -0.1084E-03      78.6    486.8
2014 12  4   338   12 36  0     85.74   -0.1216E-03      78.5    510.5
2014 12  4   338   12 37  0     85.59   -0.1301E-03      78.5    512.0
2014 12  4   338   12 38  0     85.43   -0.1413E-03      78.5    523.5
2014 12  4   338   12 39  0     85.28   -0.1520E-03      78.6    530.7
2014 12  4   338   12 40  0     85.12   -0.1633E-03      78.7    540.3
2014 12  4   338   12 41  0     84.97   -0.1723E-03      78.8    536.8
2014 12  4   338   12 42  0     84.81   -0.1859E-03      78.5    553.9
2014 12  4   338   12 43  0     84.66   -0.1963E-03      78.4    554.5
2014 12  4   338   12 44  0     84.50   -0.2072E-03      78.2    554.2
2014 12  4   338   12 45  0     84.35   -0.2208E-03      78.1    566.2
2014 12  4   338   12 46  0     84.20   -0.2356E-03      78.0    580.3
2014 12  4   338   12 47  0     84.05   -0.2496E-03      78.0    588.9
2014 12  4   338   12 48  0     83.89   -0.2642E-03      78.0    598.0
2014 12  4   338   12 49  0     83.74   -0.2765E-03      78.1    596.3
2014 12  4   338   12 50  0     83.59   -0.2920E-03      78.2    606.5
2014 12  4   338   12 51  0     83.44   -0.3062E-03      78.3    608.8
2014 12  4   338   12 52  0     83.29   -0.3198E-03      78.4    608.3
2014 12  4   338   12 53  0     83.14   -0.3366E-03      78.5    617.3
2014 12  4   338   12 54  0     82.99   -0.3520E-03      78.5    620.9
2014 12  4   338   12 55  0     82.84   -0.3672E-03      78.3    624.1
2014 12  4   338   12 56  0     82.69   -0.3823E-03      78.1    626.9
2014 12  4   338   12 57  0     82.54   -0.3997E-03      78.0    636.5
2014 12  4   338   12 58  0     82.39   -0.4150E-03      77.9    634.7
2014 12  4   338   12 59  0     82.24   -0.4326E-03      77.8    641.3
2014 12  4   338   13  0  0     82.09   -0.4520E-03      77.8    652.8
2014 12  4   338   13  1  0     81.95   -0.4689E-03      77.8    653.8
2014 12  4   338   13  2  0     81.80   -0.4877E-03      77.8    658.8
2014 12  4   338   13  3  0     81.65   -0.5047E-03      77.9    654.6
2014 12  4   338   13  4  0     81.51   -0.5235E-03      77.9    658.8
2014 12  4   338   13  5  0     81.36   -0.5423E-03      77.9    662.1
2014 12  4   338   13  6  0     81.21   -0.5613E-03      78.0    664.7
2014 12  4   338   13  7  0     81.07   -0.5794E-03      78.0    661.2
2014 12  4   338   13  8  0     80.92   -0.6002E-03      78.0    667.7
2014 12  4   338   13  9  0     80.78   -0.6204E-03      78.0    670.4
2014 12  4   338   13 10  0     80.63   -0.6381E-03      78.1    661.5
2014 12  4   338   13 11  0     80.49   -0.6608E-03      78.2    669.6
2014 12  4   338   13 12  0     80.35   -0.6787E-03      78.3    661.6
2014 12  4   338   13 13  0     80.20   -0.7034E-03      78.2    676.8
2014 12  4   338   13 14  0     80.06   -0.7216E-03      78.2    668.1
2014 12  4   338   13 15  0     79.92   -0.7420E-03      78.0    667.6
2014 12  4   338   13 16  0     79.78   -0.7657E-03      77.9    674.8
2014 12  4   338   13 17  0     79.64   -0.7873E-03      77.7    677.6
2014 12  4   338   13 18  0     79.50   -0.8069E-03      77.5    674.1
2014 12  4   338   13 19  0     79.35   -0.8275E-03      77.5    667.4
2014 12  4   338   13 20  0     79.21   -0.8505E-03      77.5    669.2
2014 12  4   338   13 21  0     79.07   -0.8777E-03      77.9    677.9
2014 12  4   338   13 22  0     78.94   -0.9007E-03      78.1    673.1
2014 12  4   338   13 23  0     78.80   -0.9219E-03      78.1    667.9
2014 12  4   338   13 24  0     78.66   -0.9484E-03      78.2    673.3
2014 12  4   338   13 25  0     78.52   -0.9730E-03      78.3    675.0
2014 12  4   338   13 26  0     78.38   -0.9977E-03      78.5    673.4
2014 12  4   338   13 27  0     78.25   -0.1022E-02      78.4    674.1
2014 12  4   338   13 28  0     78.11   -0.1045E-02      78.5    670.1
2014 12  4   338   13 29  0     77.97   -0.1069E-02      78.8    669.6
2014 12  4   338   13 30  0     77.84   -0.1089E-02      78.8    660.3
2014 12  4   338   13 31  0     77.70   -0.1112E-02      78.5    663.1
2014 12  4   338   13 32  0     77.57   -0.1135E-02      78.5    661.6
2014 12  4   338   13 33  0     77.43   -0.1153E-02      78.1    650.8
2014 12  4   338   13 34  0     77.30   -0.1178E-02      78.4    644.5
2014 12  4   338   13 35  0     77.16   -0.1203E-02      78.6    643.0
2014 12  4   338   13 36  0     77.03   -0.1223E-02      78.6    638.0
2014 12  4   338   13 37  0     76.90   -0.1245E-02      78.5    635.2
2014 12  4   338   13 38  0     76.77   -0.1267E-02      78.5    634.1
2014 12  4   338   13 39  0     76.63   -0.1285E-02      78.5    626.7
2014 12  4   338   13 40  0     76.50   -0.1307E-02      78.3    625.4
2014 12  4   338   13 41  0     76.37   -0.1327E-02      78.1    619.3
2014 12  4   338   13 42  0     76.24   -0.1352E-02      78.6    615.1
2014 12  4   338   13 43  0     76.11   -0.1373E-02      78.7    609.9
2014 12  4   338   13 44  0     75.98   -0.1392E-02      78.6    602.6
2014 12  4   338   13 45  0     75.85   -0.1416E-02      78.4    602.8
2014 12  4   338   13 46  0     75.72   -0.1433E-02      78.0    597.4
2014 12  4   338   13 47  0     75.60   -0.1450E-02      77.7    592.4
2014 12  4   338   13 48  0     75.47   -0.1467E-02      77.4    586.6
2014 12  4   338   13 49  0     75.34   -0.1488E-02      77.2    583.6
2014 12  4   338   13 50  0     75.21   -0.1508E-02      77.1    580.0
2014 12  4   338   13 51  0     75.09   -0.1526E-02      76.9    576.5
2014 12  4   338   13 52  0     74.96   -0.1547E-02      76.7    573.0
2014 12  4   338   13 53  0     74.84   -0.1571E-02      76.8    570.0
2014 12  4   338   13 54  0     74.71   -0.1592E-02      76.8    567.0
2014 12  4   338   13 55  0     74.59   -0.1606E-02      76.6    559.4
2014 12  4   338   13 56  0     74.47   -0.1622E-02      76.2    557.1
2014 12  4   338   13 57  0     74.34   -0.1641E-02      76.2    553.0
2014 12  4   338   13 58  0     74.22   -0.1659E-02      76.1    550.0
2014 12  4   338   13 59  0     74.10   -0.1681E-02      76.2    549.7
2014 12  4   338   14  0  0     73.98   -0.1701E-02      76.3    545.5
2014 12  4   338   14  1  0     73.86   -0.1724E-02      76.6    545.0
2014 12  4   338   14  2  0     73.74   -0.1743E-02      76.7    541.4
2014 12  4   338   14  3  0     73.62   -0.1757E-02      76.6    537.9
2014 12  4   338   14  4  0     73.50   -0.1759E-02      75.8    533.4
2014 12  4   338   14  5  0     73.38   -0.1761E-02      75.3    528.2
2014 12  4   338   14  6  0     73.26   -0.1758E-02      74.2    525.1
2014 12  4   338   14  7  0     73.14   -0.1741E-02      72.3    519.0
2014 12  4   338   14  8  0     73.02   -0.1751E-02      72.2    516.4
2014 12  4   338   14  9  0     72.91   -0.1740E-02      70.8    511.8
2014 12  4   338   14 10  0     72.79   -0.1724E-02      69.2    506.0
2014 12  4   338   14 11  0     72.68   -0.1720E-02      68.2    502.7
2014 12  4   338   14 12  0     72.56   -0.1716E-02      67.2    498.5
2014 12  4   338   14 13  0     72.45   -0.1704E-02      65.6    493.8
2014 12  4   338   14 14  0     72.33   -0.1706E-02      64.6    490.5
2014 12  4   338   14 15  0     72.22   -0.1715E-02      64.1    487.5
2014 12  4   338   14 16  0     72.11   -0.1736E-02      64.0    486.3
2014 12  4   338   14 17  0     71.99   -0.1749E-02      63.7    483.7
2014 12  4   338   14 18  0     71.88   -0.1763E-02      63.3    482.7
2014 12  4   338   14 19  0     71.77   -0.1789E-02      63.6    482.8
2014 12  4   338   14 20  0     71.66   -0.1815E-02      64.2    482.3
2014 12  4   338   14 21  0     71.55   -0.1830E-02      64.1    480.7
2014 12  4   338   14 22  0     71.44   -0.1856E-02      64.2    480.3
2014 12  4   338   14 23  0     71.33   -0.1884E-02      64.5    479.8
2014 12  4   338   14 24  0     71.22   -0.1919E-02      65.2    479.6
2014 12  4   338   14 25  0     71.12   -0.1967E-02      66.5    480.8
2014 12  4   338   14 26  0     71.01   -0.2018E-02      68.1    482.0
2014 12  4   338   14 27  0     70.90   -0.2069E-02      69.6    483.2
2014 12  4   338   14 28  0     70.80   -0.2108E-02      70.7    483.4
2014 12  4   338   14 29  0     70.69   -0.2163E-02      72.3    484.6
2014 12  4   338   14 30  0     70.59   -0.2203E-02      73.4    485.3
2014 12  4   338   14 31  0     70.48   -0.2249E-02      74.8    486.5
2014 12  4   338   14 32  0     70.38   -0.2282E-02      75.8    486.1
2014 12  4   338   14 33  0     70.28   -0.2285E-02      75.4    484.4
2014 12  4   338   14 34  0     70.17   -0.2318E-02      76.2    484.4
2014 12  4   338   14 35  0     70.07   -0.2358E-02      77.2    485.0
2014 12  4   338   14 36  0     69.97   -0.2401E-02      78.5    485.1
2014 12  4   338   14 37  0     69.87   -0.2398E-02      77.9    483.7
2014 12  4   338   14 38  0     69.77   -0.2433E-02      78.8    483.7
2014 12  4   338   14 39  0     69.67   -0.2445E-02      78.8    483.3
2014 12  4   338   14 40  0     69.57   -0.2481E-02      79.8    483.8
2014 12  4   338   14 41  0     69.48   -0.2490E-02      79.8    483.1
2014 12  4   338   14 42  0     69.38   -0.2489E-02      79.4    482.1
2014 12  4   338   14 43  0     69.28   -0.2525E-02      80.4    482.7
2014 12  4   338   14 44  0     69.19   -0.2522E-02      79.9    481.6
2014 12  4   338   14 45  0     69.09   -0.2536E-02      80.1    481.3
2014 12  4   338   14 46  0     69.00   -0.2541E-02      80.1    480.7
2014 12  4   338   14 47  0     68.90   -0.2557E-02      80.3    480.9
2014 12  4   338   14 48  0     68.81   -0.2594E-02      81.4    482.0
2014 12  4   338   14 49  0     68.72   -0.2605E-02      81.3    482.3
2014 12  4   338   14 50  0     68.62   -0.2596E-02      80.7    481.5
2014 12  4   338   14 51  0     68.53   -0.2623E-02      81.5    482.1
2014 12  4   338   14 52  0     68.44   -0.2625E-02      81.3    482.4
2014 12  4   338   14 53  0     68.35   -0.2602E-02      80.3    482.3
2014 12  4   338   14 54  0     68.26   -0.2554E-02      78.5    481.2
2014 12  4   338   14 55  0     68.17   -0.2487E-02      76.0    479.8
2014 12  4   338   14 56  0     68.08   -0.2428E-02      74.0    478.0
2014 12  4   338   14 57  0     68.00   -0.2413E-02      73.3    478.6
2014 12  4   338   14 58  0     67.91   -0.2337E-02      70.5    476.3
2014 12  4   338   14 59  0     67.82   -0.2206E-02      65.6    472.5
2014 12  4   338   15  0  0     67.74   -0.2155E-02      63.5    470.5
2014 12  4   338   15  1  0     67.65   -0.2152E-02      63.3    469.1
2014 12  4   338   15  2  0     67.57   -0.2182E-02      64.3    469.6
2014 12  4   338   15  3  0     67.49   -0.2107E-02      61.6    466.4
2014 12  4   338   15  4  0     67.40   -0.2073E-02      60.3    464.8
2014 12  4   338   15  5  0     67.32   -0.2057E-02      59.6    463.9
2014 12  4   338   15  6  0     67.24   -0.2042E-02      59.1    463.1
2014 12  4   338   15  7  0     67.16   -0.1993E-02      57.5    461.0
2014 12  4   338   15  8  0     67.08   -0.1962E-02      56.4    459.5
2014 12  4   338   15  9  0     67.00   -0.1954E-02      56.0    458.8
2014 12  4   338   15 10  0     66.92   -0.1916E-02      54.5    457.2
2014 12  4   338   15 11  0     66.85   -0.1926E-02      54.5    457.3
2014 12  4   338   15 12  0     66.77   -0.1936E-02      54.7    457.1
2014 12  4   338   15 13  0     66.69   -0.2001E-02      56.6    458.6
2014 12  4   338   15 14  0     66.62   -0.2032E-02      57.3    458.8
2014 12  4   338   15 15  0     66.54   -0.2111E-02      59.6    460.5
2014 12  4   338   15 16  0     66.47   -0.2179E-02      61.5    462.0
2014 12  4   338   15 17  0     66.39   -0.2237E-02      63.0    462.8
2014 12  4   338   15 18  0     66.32   -0.2403E-02      68.3    466.6
2014 12  4   338   15 19  0     66.25   -0.2508E-02      71.6    468.9
2014 12  4   338   15 20  0     66.18   -0.2527E-02      72.0    469.1
2014 12  4   338   15 21  0     66.11   -0.2449E-02      69.2    467.5
2014 12  4   338   15 22  0     66.04   -0.2385E-02      67.0    466.4
2014 12  4   338   15 23  0     65.97   -0.2408E-02      67.7    468.2
2014 12  4   338   15 24  0     65.90   -0.2378E-02      66.5    466.8
2014 12  4   338   15 25  0     65.83   -0.2445E-02      68.7    467.9
2014 12  4   338   15 26  0     65.77   -0.2529E-02      71.2    470.8
2014 12  4   338   15 27  0     65.70   -0.2593E-02      73.1    472.1
2014 12  4   338   15 28  0     65.64   -0.2575E-02      72.5    471.9
2014 12  4   338   15 29  0     65.57   -0.2548E-02      71.6    470.7
2014 12  4   338   15 30  0     65.51   -0.2528E-02      70.9    470.3
2014 12  4   338   15 31  0     65.44   -0.2539E-02      71.1    470.5
2014 12  4   338   15 32  0     65.38   -0.2590E-02      72.7    471.7
2014 12  4   338   15 33  0     65.32   -0.2518E-02      70.3    470.4
2014 12  4   338   15 34  0     65.26   -0.2572E-02      72.0    471.4
2014 12  4   338   15 35  0     65.20   -0.2522E-02      70.3    470.2
2014 12  4   338   15 36  0     65.14   -0.2517E-02      69.9    470.2
2014 12  4   338   15 37  0     65.08   -0.2638E-02      73.6    472.2
2014 12  4   338   15 38  0     65.03   -0.2705E-02      75.8    473.3
2014 12  4   338   15 39  0     64.97   -0.2683E-02      75.0    473.6
2014 12  4   338   15 40  0     64.91   -0.2638E-02      73.3    473.1
2014 12  4   338   15 41  0     64.86   -0.2732E-02      76.2    474.4
2014 12  4   338   15 42  0     64.80   -0.2791E-02      77.9    475.5
2014 12  4   338   15 43  0     64.75   -0.2792E-02      78.0    475.4
2014 12  4   338   15 44  0     64.70   -0.2785E-02      77.7    475.4
2014 12  4   338   15 45  0     64.65   -0.2778E-02      77.4    475.4
2014 12  4   338   15 46  0     64.59   -0.2790E-02      77.8    475.6
2014 12  4   338   15 47  0     64.54   -0.2793E-02      77.9    475.7
2014 12  4   338   15 48  0     64.49   -0.2779E-02      77.4    475.7
2014 12  4   338   15 49  0     64.45   -0.2777E-02      77.3    475.7
2014 12  4   338   15 50  0     64.40   -0.2770E-02      77.2    475.5
2014 12  4   338   15 51  0     64.35   -0.2753E-02      76.6    474.8
2014 12  4   338   15 52  0     64.30   -0.2757E-02      76.6    475.1
2014 12  4   338   15 53  0     64.26   -0.2767E-02      76.8    475.4
2014 12  4   338   15 54  0     64.21   -0.2775E-02      77.0    475.5
2014 12  4   338   15 55  0     64.17   -0.2795E-02      77.7    476.0
2014 12  4   338   15 56  0     64.13   -0.2813E-02      78.2    476.3
2014 12  4   338   15 57  0     64.08   -0.2810E-02      78.2    476.2
2014 12  4   338   15 58  0     64.04   -0.2810E-02      78.2    476.4
2014 12  4   338   15 59  0     64.00   -0.2817E-02      78.4    476.6
2014 12  4   338   16  0  0     63.96   -0.2803E-02      77.8    476.9
2014 12  4   338   16  1  0     63.92   -0.2799E-02      77.9    476.9
2014 12  4   338   16  2  0     63.88   -0.2791E-02      77.6    476.9
2014 12  4   338   16  3  0     63.85   -0.2769E-02      76.9    476.7
2014 12  4   338   16  4  0     63.81   -0.2800E-02      77.7    477.2
2014 12  4   338   16  5  0     63.77   -0.2826E-02      78.5    477.7
2014 12  4   338   16  6  0     63.74   -0.2833E-02      78.7    477.8
2014 12  4   338   16  7  0     63.70   -0.2836E-02      78.9    477.9
2014 12  4   338   16  8  0     63.67   -0.2832E-02      78.8    477.8
2014 12  4   338   16  9  0     63.64   -0.2834E-02      78.7    478.0
2014 12  4   338   16 10  0     63.61   -0.2834E-02      78.6    478.3
2014 12  4   338   16 11  0     63.58   -0.2838E-02      78.8    478.4
2014 12  4   338   16 12  0     63.55   -0.2842E-02      79.0    478.4
2014 12  4   338   16 13  0     63.52   -0.2846E-02      79.0    478.6
2014 12  4   338   16 14  0     63.49   -0.2846E-02      79.0    478.7
2014 12  4   338   16 15  0     63.46   -0.2848E-02      78.9    478.9
2014 12  4   338   16 16  0     63.43   -0.2840E-02      78.8    478.7
2014 12  4   338   16 17  0     63.41   -0.2847E-02      79.0    478.9
2014 12  4   338   16 18  0     63.38   -0.2850E-02      79.2    479.0
2014 12  4   338   16 19  0     63.36   -0.2861E-02      79.4    479.3
2014 12  4   338   16 20  0     63.34   -0.2856E-02      79.4    479.2
2014 12  4   338   16 21  0     63.31   -0.2852E-02      79.3    479.2
2014 12  4   338   16 22  0     63.29   -0.2849E-02      79.2    479.1
2014 12  4   338   16 23  0     63.27   -0.2839E-02      79.1    478.9
2014 12  4   338   16 24  0     63.25   -0.2842E-02      79.0    479.1
2014 12  4   338   16 25  0     63.23   -0.2836E-02      79.0    478.9
2014 12  4   338   16 26  0     63.21   -0.2831E-02      79.0    478.8
2014 12  4   338   16 27  0     63.20   -0.2821E-02      78.7    478.6
2014 12  4   338   16 28  0     63.18   -0.2811E-02      78.4    478.5
2014 12  4   338   16 29  0     63.17   -0.2796E-02      78.0    478.3
2014 12  4   338   16 30  0     63.15   -0.2805E-02      78.3    478.4
2014 12  4   338   16 31  0     63.14   -0.2798E-02      78.2    478.3
2014 12  4   338   16 32  0     63.12   -0.2773E-02      77.5    477.9
2014 12  4   338   16 33  0     63.11   -0.2705E-02      75.5    477.1
2014 12  4   338   16 34  0     63.10   -0.2619E-02      72.9    475.9
2014 12  4   338   16 35  0     63.09   -0.2601E-02      72.3    475.6
2014 12  4   338   16 36  0     63.08   -0.2712E-02      75.7    477.1
2014 12  4   338   16 37  0     63.07   -0.2751E-02      76.7    477.5
2014 12  4   338   16 38  0     63.06   -0.2793E-02      78.1    478.1
2014 12  4   338   16 39  0     63.06   -0.2820E-02      78.8    478.5
2014 12  4   338   16 40  0     63.05   -0.2831E-02      79.0    478.9
2014 12  4   338   16 41  0     63.04   -0.2842E-02      79.3    479.0
2014 12  4   338   16 42  0     63.04   -0.2845E-02      79.4    479.1
2014 12  4   338   16 43  0     63.04   -0.2853E-02      79.6    479.2
2014 12  4   338   16 44  0     63.03   -0.2860E-02      79.8    479.3
2014 12  4   338   16 45  0     63.03   -0.2863E-02      79.9    479.5
2014 12  4   338   16 46  0     63.03   -0.2854E-02      79.6    479.4
2014 12  4   338   16 47  0     63.03   -0.2847E-02      79.5    479.2
2014 12  4   338   16 48  0     63.03   -0.2845E-02      79.4    479.3
2014 12  4   338   16 49  0     63.03   -0.2824E-02      78.7    479.1
2014 12  4   338   16 50  0     63.03   -0.2828E-02      78.9    479.1
2014 12  4   338   16 51  0     63.04   -0.2828E-02      78.8    479.1
2014 12  4   338   16 52  0     63.04   -0.2830E-02      78.9    479.0
2014 12  4   338   16 53  0     63.05   -0.2834E-02      79.0    479.0
2014 12  4   338   16 54  0     63.05   -0.2845E-02      79.4    479.0
2014 12  4   338   16 55  0     63.06   -0.2845E-02      79.4    479.0
2014 12  4   338   16 56  0     63.07   -0.2844E-02      79.4    479.0
2014 12  4   338   16 57  0     63.07   -0.2838E-02      79.1    479.1
2014 12  4   338   16 58  0     63.08   -0.2854E-02      79.5    479.3
2014 12  4   338   16 59  0     63.09   -0.2855E-02      79.6    479.2
2014 12  4   338   17  0  0     63.10   -0.2855E-02      79.6    479.2
2014 12  4   338   17  1  0     63.12   -0.2856E-02      79.6    479.3
2014 12  4   338   17  2  0     63.13   -0.2853E-02      79.5    479.2
2014 12  4   338   17  3  0     63.14   -0.2859E-02      79.5    479.6
2014 12  4   338   17  4  0     63.16   -0.2832E-02      78.7    479.2
2014 12  4   338   17  5  0     63.17   -0.2848E-02      79.2    479.4
2014 12  4   338   17  6  0     63.19   -0.2841E-02      78.9    479.3
2014 12  4   338   17  7  0     63.20   -0.2844E-02      78.9    479.6
2014 12  4   338   17  8  0     63.22   -0.2825E-02      78.4    479.2
2014 12  4   338   17  9  0     63.24   -0.2800E-02      77.7    478.9
2014 12  4   338   17 10  0     63.26   -0.2794E-02      77.5    478.9
2014 12  4   338   17 11  0     63.28   -0.2813E-02      78.1    479.0
2014 12  4   338   17 12  0     63.30   -0.2787E-02      77.4    478.7
2014 12  4   338   17 13  0     63.32   -0.2777E-02      77.1    478.5
2014 12  4   338   17 14  0     63.35   -0.2751E-02      76.2    478.2
2014 12  4   338   17 15  0     63.37   -0.2751E-02      76.2    478.1
2014 12  4   338   17 16  0     63.39   -0.2751E-02      76.2    478.2
2014 12  4   338   17 17  0     63.42   -0.2787E-02      77.3    478.7
2014 12  4   338   17 18  0     63.45   -0.2803E-02      77.8    478.8
2014 12  4   338   17 19  0     63.47   -0.2810E-02      77.9    478.9
2014 12  4   338   17 20  0     63.50   -0.2836E-02      78.7    479.0
2014 12  4   338   17 21  0     63.53   -0.2843E-02      79.0    478.9
2014 12  4   338   17 22  0     63.56   -0.2845E-02      79.0    478.9
2014 12  4   338   17 23  0     63.59   -0.2854E-02      79.2    479.0
2014 12  4   338   17 24  0     63.62   -0.2861E-02      79.3    479.1
2014 12  4   338   17 25  0     63.65   -0.2868E-02      79.4    479.2
2014 12  4   338   17 26  0     63.69   -0.2884E-02      79.8    479.3
2014 12  4   338   17 27  0     63.72   -0.2896E-02      80.2    479.4
2014 12  4   338   17 28  0     63.75   -0.2908E-02      80.4    479.6
2014 12  4   338   17 29  0     63.79   -0.2904E-02      80.3    479.5
2014 12  4   338   17 30  0     63.83   -0.2902E-02      80.1    479.5
2014 12  4   338   17 31  0     63.86   -0.2910E-02      80.4    479.6
2014 12  4   338   17 32  0     63.90   -0.2913E-02      80.5    479.6
2014 12  4   338   17 33  0     63.94   -0.2909E-02      80.2    479.6
2014 12  4   338   17 34  0     63.98   -0.2943E-02      81.3    479.9
2014 12  4   338   17 35  0     64.02   -0.2948E-02      81.4    480.0
2014 12  4   338   17 36  0     64.06   -0.2939E-02      81.2    480.0
2014 12  4   338   17 37  0     64.10   -0.2916E-02      80.5    479.8
2014 12  4   338   17 38  0     64.14   -0.2894E-02      79.8    479.7
2014 12  4   338   17 39  0     64.19   -0.2860E-02      78.8    479.2
2014 12  4   338   17 40  0     64.23   -0.2878E-02      79.3    479.6
2014 12  4   338   17 41  0     64.28   -0.2850E-02      78.5    479.3
2014 12  4   338   17 42  0     64.32   -0.2720E-02      74.6    477.6
2014 12  4   338   17 43  0     64.37   -0.2724E-02      74.5    477.4
2014 12  4   338   17 44  0     64.42   -0.2902E-02      79.7    480.2
2014 12  4   338   17 45  0     64.47   -0.2883E-02      79.0    479.9
2014 12  4   338   17 46  0     64.52   -0.2981E-02      81.9    481.5
2014 12  4   338   17 47  0     64.57   -0.2989E-02      82.1    481.7
2014 12  4   338   17 48  0     64.62   -0.2896E-02      79.4    480.5
2014 12  4   338   17 49  0     64.67   -0.2727E-02      74.3    478.0
2014 12  4   338   17 50  0     64.72   -0.2828E-02      77.6    479.8
2014 12  4   338   17 51  0     64.77   -0.2840E-02      78.1    480.0
2014 12  4   338   17 52  0     64.83   -0.2753E-02      75.5    478.4
2014 12  4   338   17 53  0     64.88   -0.2722E-02      74.5    477.9
2014 12  4   338   17 54  0     64.94   -0.2805E-02      77.2    479.0
2014 12  4   338   17 55  0     64.99   -0.2839E-02      78.3    479.3
2014 12  4   338   17 56  0     65.05   -0.2806E-02      77.4    478.5
2014 12  4   338   17 57  0     65.11   -0.2793E-02      77.0    478.7
2014 12  4   338   17 58  0     65.17   -0.2825E-02      77.8    479.5
2014 12  4   338   17 59  0     65.23   -0.2841E-02      78.4    479.6
2014 12  4   338   18  0  0     65.29   -0.2922E-02      81.0    481.0
2014 12  4   338   18  1  0     65.35   -0.2810E-02      77.6    479.0
2014 12  4   338   18  2  0     65.41   -0.2662E-02      73.1    476.8
2014 12  4   338   18  3  0     65.47   -0.2679E-02      73.6    477.5
2014 12  4   338   18  4  0     65.53   -0.2718E-02      74.9    478.0
2014 12  4   338   18  5  0     65.60   -0.2816E-02      78.0    479.7
2014 12  4   338   18  6  0     65.66   -0.2840E-02      78.9    479.9
2014 12  4   338   18  7  0     65.73   -0.2863E-02      79.7    480.4
2014 12  4   338   18  8  0     65.80   -0.2825E-02      78.7    479.9
2014 12  4   338   18  9  0     65.86   -0.2749E-02      76.4    478.7
2014 12  4   338   18 10  0     65.93   -0.2722E-02      75.8    478.5
2014 12  4   338   18 11  0     66.00   -0.2703E-02      75.4    478.6
2014 12  4   338   18 12  0     66.07   -0.2633E-02      73.3    477.0
2014 12  4   338   18 13  0     66.14   -0.2650E-02      73.9    477.6
2014 12  4   338   18 14  0     66.21   -0.2721E-02      76.4    478.8
2014 12  4   338   18 15  0     66.28   -0.2774E-02      78.2    479.9
2014 12  4   338   18 16  0     66.35   -0.2789E-02      78.8    480.2
2014 12  4   338   18 17  0     66.43   -0.2765E-02      78.2    480.1
2014 12  4   338   18 18  0     66.50   -0.2715E-02      76.8    479.4
2014 12  4   338   18 19  0     66.57   -0.2658E-02      75.1    478.4
2014 12  4   338   18 20  0     66.65   -0.2680E-02      76.0    479.1
2014 12  4   338   18 21  0     66.72   -0.2690E-02      76.4    479.7
2014 12  4   338   18 22  0     66.80   -0.2696E-02      76.8    480.0
2014 12  4   338   18 23  0     66.88   -0.2677E-02      76.3    479.8
2014 12  4   338   18 24  0     66.96   -0.2640E-02      75.4    478.9
2014 12  4   338   18 25  0     67.03   -0.2666E-02      76.4    479.8
2014 12  4   338   18 26  0     67.11   -0.2636E-02      75.6    479.1
2014 12  4   338   18 27  0     67.19   -0.2634E-02      75.7    479.4
2014 12  4   338   18 28  0     67.28   -0.2662E-02      76.6    481.1
2014 12  4   338   18 29  0     67.36   -0.2672E-02      77.2    481.8
2014 12  4   338   18 30  0     67.44   -0.2655E-02      77.0    481.9
2014 12  4   338   18 31  0     67.52   -0.2632E-02      76.6    481.6
2014 12  4   338   18 32  0     67.61   -0.2629E-02      76.7    482.4
2014 12  4   338   18 33  0     67.69   -0.2616E-02      76.3    482.9
2014 12  4   338   18 34  0     67.78   -0.2595E-02      75.9    482.7
2014 12  4   338   18 35  0     67.86   -0.2592E-02      76.1    483.1
2014 12  4   338   18 36  0     67.95   -0.2584E-02      76.3    483.2
2014 12  4   338   18 37  0     68.03   -0.2580E-02      76.4    484.0
2014 12  4   338   18 38  0     68.12   -0.2557E-02      75.9    483.9
2014 12  4   338   18 39  0     68.21   -0.2536E-02      75.5    484.3
2014 12  4   338   18 40  0     68.30   -0.2444E-02      72.5    481.7
2014 12  4   338   18 41  0     68.39   -0.2450E-02      73.0    482.5
2014 12  4   338   18 42  0     68.48   -0.2498E-02      74.9    485.2
2014 12  4   338   18 43  0     68.57   -0.2531E-02      76.6    486.7
2014 12  4   338   18 44  0     68.66   -0.2543E-02      77.3    487.9
2014 12  4   338   18 45  0     68.75   -0.2542E-02      77.9    488.1
2014 12  4   338   18 46  0     68.85   -0.2542E-02      78.2    489.8
2014 12  4   338   18 47  0     68.94   -0.2519E-02      77.8    489.8
2014 12  4   338   18 48  0     69.04   -0.2499E-02      77.1    490.2
2014 12  4   338   18 49  0     69.13   -0.2479E-02      77.0    490.1
2014 12  4   338   18 50  0     69.23   -0.2451E-02      76.5    489.9
2014 12  4   338   18 51  0     69.32   -0.2449E-02      77.0    490.7
2014 12  4   338   18 52  0     69.42   -0.2465E-02      77.9    493.4
2014 12  4   338   18 53  0     69.52   -0.2458E-02      78.2    494.5
2014 12  4   338   18 54  0     69.61   -0.2444E-02      78.2    495.1
2014 12  4   338   18 55  0     69.71   -0.2421E-02      77.9    494.9
2014 12  4   338   18 56  0     69.81   -0.2409E-02      77.8    496.0
2014 12  4   338   18 57  0     69.91   -0.2382E-02      77.3    496.1
2014 12  4   338   18 58  0     70.01   -0.2363E-02      77.1    496.7
2014 12  4   338   18 59  0     70.11   -0.2340E-02      76.8    496.5
2014 12  4   338   19  0  0     70.22   -0.2325E-02      76.9    497.0
2014 12  4   338   19  1  0     70.32   -0.2314E-02      76.9    498.6
2014 12  4   338   19  2  0     70.42   -0.2307E-02      77.2    500.0
2014 12  4   338   19  3  0     70.53   -0.2282E-02      76.9    500.7
2014 12  4   338   19  4  0     70.63   -0.2248E-02      76.2    500.2
2014 12  4   338   19  5  0     70.74   -0.2218E-02      75.7    500.0
2014 12  4   338   19  6  0     70.84   -0.2201E-02      75.6    501.7
2014 12  4   338   19  7  0     70.95   -0.2178E-02      75.0    502.3
2014 12  4   338   19  8  0     71.05   -0.2156E-02      74.9    502.6
2014 12  4   338   19  9  0     71.16   -0.2158E-02      75.8    505.5
2014 12  4   338   19 10  0     71.27   -0.2162E-02      76.9    507.8
2014 12  4   338   19 11  0     71.38   -0.2140E-02      76.9    509.1
2014 12  4   338   19 12  0     71.49   -0.2102E-02      75.9    509.5
2014 12  4   338   19 13  0     71.60   -0.2043E-02      73.8    508.5
2014 12  4   338   19 14  0     71.71   -0.2038E-02      74.5    511.6
2014 12  4   338   19 15  0     71.82   -0.2036E-02      75.5    514.6
2014 12  4   338   19 16  0     71.93   -0.2018E-02      75.4    517.0
2014 12  4   338   19 17  0     72.04   -0.1973E-02      74.0    516.2
2014 12  4   338   19 18  0     72.15   -0.1932E-02      73.0    514.5
2014 12  4   338   19 19  0     72.27   -0.1902E-02      72.7    516.6
2014 12  4   338   19 20  0     72.38   -0.1847E-02      70.8    516.8
2014 12  4   338   19 21  0     72.49   -0.1807E-02      69.7    517.7
2014 12  4   338   19 22  0     72.61   -0.1816E-02      71.2    524.6
2014 12  4   338   19 23  0     72.72   -0.1787E-02      70.7    522.9
2014 12  4   338   19 24  0     72.84   -0.1774E-02      70.9    525.5
2014 12  4   338   19 25  0     72.96   -0.1794E-02      73.0    532.8
2014 12  4   338   19 26  0     73.07   -0.1774E-02      72.6    535.2
2014 12  4   338   19 27  0     73.19   -0.1738E-02      71.4    535.7
2014 12  4   338   19 28  0     73.31   -0.1695E-02      70.1    534.5
2014 12  4   338   19 29  0     73.43   -0.1669E-02      69.9    535.7
2014 12  4   338   19 30  0     73.55   -0.1666E-02      71.1    541.7
2014 12  4   338   19 31  0     73.67   -0.1622E-02      69.4    540.3
2014 12  4   338   19 32  0     73.79   -0.1611E-02      70.0    544.0
2014 12  4   338   19 33  0     73.91   -0.1608E-02      70.9    550.9
2014 12  4   338   19 34  0     74.03   -0.1586E-02      70.5    553.3
2014 12  4   338   19 35  0     74.15   -0.1571E-02      70.9    557.5
2014 12  4   338   19 36  0     74.27   -0.1563E-02      71.9    564.3
2014 12  4   338   19 37  0     74.40   -0.1558E-02      72.9    572.4
2014 12  4   338   19 38  0     74.52   -0.1533E-02      72.5    573.3
2014 12  4   338   19 39  0     74.64   -0.1497E-02      71.4    569.4
2014 12  4   338   19 40  0     74.77   -0.1469E-02      70.4    573.4
2014 12  4   338   19 41  0     74.89   -0.1436E-02      69.5    575.0
2014 12  4   338   19 42  0     75.02   -0.1410E-02      69.4    575.5
2014 12  4   338   19 43  0     75.14   -0.1378E-02      68.5    576.5
2014 12  4   338   19 44  0     75.27   -0.1346E-02      68.0    576.1
2014 12  4   338   19 45  0     75.40   -0.1311E-02      66.9    577.2
2014 12  4   338   19 46  0     75.52   -0.1280E-02      66.3    578.8
2014 12  4   338   19 47  0     75.65   -0.1244E-02      65.5    575.8
2014 12  4   338   19 48  0     75.78   -0.1207E-02      64.6    570.4
2014 12  4   338   19 49  0     75.91   -0.1176E-02      63.8    575.1
2014 12  4   338   19 50  0     76.04   -0.1140E-02      63.0    573.9
2014 12  4   338   19 51  0     76.17   -0.1106E-02      62.2    575.0
2014 12  4   338   19 52  0     76.30   -0.1076E-02      61.5    580.5
2014 12  4   338   19 53  0     76.43   -0.1044E-02      61.0    579.5
2014 12  4   338   19 54  0     76.56   -0.1016E-02      60.6    581.3
2014 12  4   338   19 55  0     76.69   -0.9903E-03      60.1    589.0
2014 12  4   338   19 56  0     76.82   -0.9569E-03      59.3    588.6
2014 12  4   338   19 57  0     76.95   -0.9195E-03      58.2    588.1
2014 12  4   338   19 58  0     77.09   -0.8805E-03      56.7    591.9
2014 12  4   338   19 59  0     77.22   -0.8371E-03      55.1    588.4
2014 12  4   338   20  0  0     77.35   -0.7908E-03      53.4    580.3
2014 12  4   338   20  1  0     77.49   -0.7532E-03      51.8    584.3
2014 12  4   338   20  2  0     77.62   -0.7145E-03      50.5    575.4
2014 12  4   338   20  3  0     77.76   -0.6771E-03      49.4    561.6
2014 12  4   338   20  4  0     77.89   -0.6483E-03      48.2    568.2
2014 12  4   338   20  5  0     78.03   -0.6160E-03      47.0    564.6
2014 12  4   338   20  6  0     78.17   -0.5881E-03      45.8    568.5
2014 12  4   338   20  7  0     78.30   -0.5575E-03      44.9    551.9
2014 12  4   338   20  8  0     78.44   -0.5413E-03      44.4    564.2
2014 12  4   338   20  9  0     78.58   -0.5243E-03      44.3    560.3
2014 12  4   338   20 10  0     78.72   -0.5118E-03      44.6    555.1
2014 12  4   338   20 11  0     78.86   -0.5096E-03      45.2    568.9
2014 12  4   338   20 12  0     78.99   -0.5057E-03      46.0    573.4
2014 12  4   338   20 13  0     79.13   -0.4998E-03      46.6    576.6
2014 12  4   338   20 14  0     79.27   -0.4890E-03      46.8    574.9
2014 12  4   338   20 15  0     79.41   -0.4754E-03      46.8    571.5
2014 12  4   338   20 16  0     79.56   -0.4591E-03      46.7    564.6
2014 12  4   338   20 17  0     79.70   -0.4440E-03      46.4    561.6
2014 12  4   338   20 18  0     79.84   -0.4275E-03      46.2    549.9
2014 12  4   338   20 19  0     79.98   -0.4161E-03      46.2    554.2
2014 12  4   338   20 20  0     80.12   -0.4042E-03      46.3    550.9
2014 12  4   338   20 21  0     80.27   -0.3955E-03      46.6    553.5
2014 12  4   338   20 22  0     80.41   -0.3857E-03      47.2    544.2
2014 12  4   338   20 23  0     80.55   -0.3796E-03      48.2    543.3
2014 12  4   338   20 24  0     80.70   -0.3710E-03      49.1    534.1
2014 12  4   338   20 25  0     80.84   -0.3694E-03      49.9    555.3
2014 12  4   338   20 26  0     80.99   -0.3602E-03      50.5    550.6
2014 12  4   338   20 27  0     81.13   -0.3511E-03      51.2    546.7
2014 12  4   338   20 28  0     81.28   -0.3431E-03      51.9    547.5
2014 12  4   338   20 29  0     81.42   -0.3375E-03      52.5    560.7
2014 12  4   338   20 30  0     81.57   -0.3276E-03      53.1    554.2
2014 12  4   338   20 31  0     81.71   -0.3170E-03      53.5    548.5
2014 12  4   338   20 32  0     81.86   -0.3060E-03      53.9    540.0
2014 12  4   338   20 33  0     82.01   -0.2944E-03      54.3    526.3
2014 12  4   338   20 34  0     82.16   -0.2875E-03      54.9    530.4
2014 12  4   338   20 35  0     82.30   -0.2775E-03      55.5    520.5
2014 12  4   338   20 36  0     82.45   -0.2729E-03      56.2    532.1
2014 12  4   338   20 37  0     82.60   -0.2614E-03      56.8    517.5
2014 12  4   338   20 38  0     82.75   -0.2536E-03      57.2    521.9
2014 12  4   338   20 39  0     82.90   -0.2429E-03      57.4    518.5
2014 12  4   338   20 40  0     83.05   -0.2336E-03      57.4    519.8
2014 12  4   338   20 41  0     83.20   -0.2197E-03      57.3    502.4
2014 12  4   338   20 42  0     83.35   -0.2066E-03      57.2    489.1
2014 12  4   338   20 43  0     83.50   -0.1990E-03      57.1    496.2
2014 12  4   338   20 44  0     83.65   -0.1879E-03      57.1    486.7
2014 12  4   338   20 45  0     83.81   -0.1796E-03      57.4    485.2
2014 12  4   338   20 46  0     83.96   -0.1712E-03      57.8    482.4
2014 12  4   338   20 47  0     84.11   -0.1660E-03      58.5    487.4
2014 12  4   338   20 48  0     84.26   -0.1600E-03      59.2    488.8
2014 12  4   338   20 49  0     84.42   -0.1478E-03      59.8    467.7
2014 12  4   338   20 50  0     84.57   -0.1400E-03      60.2    464.7
2014 12  4   338   20 51  0     84.72   -0.1274E-03      60.4    444.5
2014 12  4   338   20 52  0     84.88   -0.1220E-03      60.7    450.2
2014 12  4   338   20 53  0     85.03   -0.1096E-03      60.8    430.1
2014 12  4   338   20 54  0     85.19   -0.1019E-03      60.6    428.2
2014 12  4   338   20 55  0     85.34   -0.8943E-04      60.0    409.9
2014 12  4   338   20 56  0     85.50   -0.8256E-04      59.2    410.5
2014 12  4   338   20 57  0     85.65   -0.7268E-04      58.4    400.0
2014 12  4   338   20 58  0     85.81   -0.6166E-04      57.7    382.7
2014 12  4   338   20 59  0     85.97   -0.5638E-04      57.3    383.3
2014 12  4   338   21  0  0     86.12   -0.4737E-04      56.9    368.1
2014 12  4   338   21  1  0     86.28   -0.3877E-04      56.7    355.2
2014 12  4   338   21  2  0     86.44   -0.3261E-04      56.6    349.2
2014 12  4   338   21  3  0     86.60   -0.3079E-04      56.8    356.1
2014 12  4   338   21  4  0     86.75   -0.2539E-04      57.3    348.4
2014 12  4   338   21  5  0     86.91   -0.2117E-04      58.3    346.4
2014 12  4   338   21  6  0     87.07   -0.1615E-04      59.6    336.6
2014 12  4   338   21  7  0     87.23   -0.1297E-04      61.0    335.3
2014 12  4   338   21  8  0     87.39   -0.1053E-04      62.5    336.0
2014 12  4   338   21  9  0     87.55   -0.9972E-05      64.0    342.3
2014 12  4   338   21 10  0     87.71   -0.6145E-06      65.4    322.7
2014 12  4   338   21 11  0     87.87    0.3209E-05      66.7    317.5
2014 12  4   338   21 12  0     88.03    0.3485E-05      67.8    321.6
2014 12  4   338   21 13  0     88.19    0.8751E-05      68.5    312.4
2014 12  4   338   21 14  0     88.35    0.1524E-04      69.0    300.0
2014 12  4   338   21 15  0     88.51    0.1706E-04      69.6    301.9
2014 12  4   338   21 16  0     88.67    0.1926E-04      70.0    299.4
2014 12  4   338   21 17  0     88.83    0.2312E-04      70.4    294.3
2014 12  4   338   21 18  0     89.00    0.2809E-04      70.9    287.0
2014 12  4   338   21 19  0     89.16    0.2931E-04      70.6    277.8
2014 12  4   338   21 20  0     89.32    0.3147E-04      70.3    273.3
2014 12  4   338   21 21  0     89.48    0.3520E-04      69.9    264.6
2014 12  4   338   21 22  0     89.65    0.4008E-04      69.7    253.5
2014 12  4   338   21 23  0     89.81    0.4094E-04      69.8    258.2
2014 12  4   338   21 24  0     89.97    0.4341E-04      70.1    252.2
