                            NILUUV 115

Uvpro Version 2.0
Latitude :   40.74 (North)
Longitude:  -74.03  (West)
Calibration file: cf100603a.115
Height above sea level:    40.0  m
CLT derived from channel 4
CLT scale factor used:   1.0
Ozone derived from channel pair ch3/ch1
Ozone scale factor used:   1.0
Drift factors ch1-ch6:   3.000154.000  1.000  1.000  1.000  1.000
Ozone profile climatology: Mid  Latitude
Dose type:    CLW    Caldwell Plant 1971           

yyyy mm dd   jul   hh mm ss      SZA     dose rate       clt     Ozone
                              [degrees]   [W/m^2]        [%]     [DU]
2014  7 26   207    0  0  0     87.57    0.6497E-04      51.8    148.6
2014  7 26   207    0  1  0     87.74    0.6522E-04      52.4    148.1
2014  7 26   207    0  2  0     87.92    0.6959E-04      53.3    140.9
2014  7 26   207    0  3  0     88.09    0.7557E-04      54.1    133.1
2014  7 26   207    0  4  0     88.26    0.7748E-04      54.7    132.2
2014  7 26   207    0  5  0     88.43    0.8258E-04      55.4    124.4
2014  7 26   207    0  6  0     88.61    0.8214E-04      56.1    124.6
2014  7 26   207    0  7  0     88.78    0.8325E-04      56.6    122.3
2014  7 26   207    0  8  0     88.95    0.8713E-04      57.2    115.8
2014  7 26   207    0  9  0     89.12    0.8789E-04      57.3    115.5
2014  7 26   207    0 10  0     89.29    0.8992E-04      57.0    113.0
2014  7 26   207    0 11  0     89.46    0.9447E-04      56.6    106.6
2014  7 26   207    0 12  0     89.63    0.9195E-04      56.3    106.3
2014  7 26   207    0 13  0     89.80    0.9295E-04      56.1    101.6
2014  7 26   207    0 14  0     89.97    0.9723E-04      56.1     91.7
2014  7 26   207    9 53  0     89.92    0.8139E-04      67.1    132.3
2014  7 26   207    9 54  0     89.75    0.8162E-04      66.8    135.4
2014  7 26   207    9 55  0     89.58    0.7815E-04      67.0    143.2
2014  7 26   207    9 56  0     89.41    0.7645E-04      67.5    154.5
2014  7 26   207    9 57  0     89.24    0.7311E-04      68.2    163.2
2014  7 26   207    9 58  0     89.06    0.6912E-04      69.1    172.1
2014  7 26   207    9 59  0     88.89    0.6432E-04      69.4    186.8
2014  7 26   207   10  0  0     88.72    0.6322E-04      69.6    191.9
2014  7 26   207   10  1  0     88.55    0.5808E-04      69.9    202.4
2014  7 26   207   10  2  0     88.38    0.5303E-04      70.3    211.7
2014  7 26   207   10  3  0     88.21    0.5077E-04      70.8    214.2
2014  7 26   207   10  4  0     88.03    0.4688E-04      71.4    220.1
2014  7 26   207   10  5  0     87.86    0.3915E-04      71.4    238.5
2014  7 26   207   10  6  0     87.69    0.3633E-04      71.3    240.0
2014  7 26   207   10  7  0     87.51    0.2838E-04      71.2    249.0
2014  7 26   207   10  8  0     87.34    0.2138E-04      71.4    257.3
2014  7 26   207   10  9  0     87.17    0.1721E-04      71.7    260.2
2014  7 26   207   10 10  0     86.99    0.8730E-05      72.1    274.4
2014  7 26   207   10 11  0     86.82    0.2559E-05      72.4    278.9
2014  7 26   207   10 12  0     86.64   -0.7127E-05      72.8    291.5
2014  7 26   207   10 13  0     86.47   -0.1490E-04      73.3    298.9
2014  7 26   207   10 14  0     86.29   -0.2445E-04      73.8    310.8
2014  7 26   207   10 15  0     86.12   -0.3425E-04      74.0    321.5
2014  7 26   207   10 16  0     85.94   -0.4058E-04      73.8    325.8
2014  7 26   207   10 17  0     85.77   -0.4716E-04      73.2    327.8
2014  7 26   207   10 18  0     85.59   -0.5739E-04      72.6    339.3
2014  7 26   207   10 19  0     85.42   -0.6597E-04      72.1    343.1
2014  7 26   207   10 20  0     85.24   -0.7445E-04      71.7    347.2
2014  7 26   207   10 21  0     85.07   -0.8639E-04      71.3    358.1
2014  7 26   207   10 22  0     84.89   -0.9733E-04      70.7    367.7
2014  7 26   207   10 23  0     84.71   -0.1101E-03      70.1    380.8
2014  7 26   207   10 24  0     84.54   -0.1189E-03      69.4    383.3
2014  7 26   207   10 25  0     84.36   -0.1305E-03      68.9    390.7
2014  7 26   207   10 26  0     84.18   -0.1422E-03      68.6    396.4
2014  7 26   207   10 27  0     84.00   -0.1532E-03      68.5    398.0
2014  7 26   207   10 28  0     83.83   -0.1683E-03      68.5    409.3
2014  7 26   207   10 29  0     83.65   -0.1796E-03      68.6    408.5
2014  7 26   207   10 30  0     83.47   -0.1980E-03      68.9    423.9
2014  7 26   207   10 31  0     83.29   -0.2137E-03      69.3    428.7
2014  7 26   207   10 32  0     83.12   -0.2310E-03      69.7    436.5
2014  7 26   207   10 33  0     82.94   -0.2488E-03      70.1    444.7
2014  7 26   207   10 34  0     82.76   -0.2701E-03      70.2    461.8
2014  7 26   207   10 35  0     82.58   -0.2850E-03      70.1    463.2
2014  7 26   207   10 36  0     82.40   -0.3028E-03      69.9    472.0
2014  7 26   207   10 37  0     82.22   -0.3194E-03      69.8    476.7
2014  7 26   207   10 38  0     82.04   -0.3375E-03      69.7    485.5
2014  7 26   207   10 39  0     81.86   -0.3559E-03      69.5    493.5
2014  7 26   207   10 40  0     81.69   -0.3736E-03      69.4    499.0
2014  7 26   207   10 41  0     81.51   -0.3890E-03      69.2    499.1
2014  7 26   207   10 42  0     81.33   -0.4060E-03      69.0    504.1
2014  7 26   207   10 43  0     81.15   -0.4244E-03      68.7    510.0
2014  7 26   207   10 44  0     80.97   -0.4454E-03      68.6    521.6
2014  7 26   207   10 45  0     80.79   -0.4648E-03      68.6    526.2
2014  7 26   207   10 46  0     80.61   -0.4868E-03      68.4    535.7
2014  7 26   207   10 47  0     80.42   -0.5043E-03      67.9    532.5
2014  7 26   207   10 48  0     80.24   -0.5255E-03      67.5    538.3
2014  7 26   207   10 49  0     80.06   -0.5457E-03      67.1    537.1
2014  7 26   207   10 50  0     79.88   -0.5712E-03      67.0    545.7
2014  7 26   207   10 51  0     79.70   -0.5947E-03      67.0    543.0
2014  7 26   207   10 52  0     79.52   -0.6187E-03      67.2    538.3
2014  7 26   207   10 53  0     79.34   -0.6476E-03      67.4    545.4
2014  7 26   207   10 54  0     79.16   -0.6720E-03      67.6    540.3
2014  7 26   207   10 55  0     78.97   -0.7028E-03      67.9    547.8
2014  7 26   207   10 56  0     78.79   -0.7290E-03      67.9    547.6
2014  7 26   207   10 57  0     78.61   -0.7528E-03      67.9    544.6
2014  7 26   207   10 58  0     78.43   -0.7844E-03      67.9    556.7
2014  7 26   207   10 59  0     78.25   -0.8044E-03      67.8    546.4
2014  7 26   207   11  0  0     78.06   -0.8337E-03      67.6    556.9
2014  7 26   207   11  1  0     77.88   -0.8537E-03      67.2    552.3
2014  7 26   207   11  2  0     77.70   -0.8739E-03      66.7    548.5
2014  7 26   207   11  3  0     77.52   -0.8913E-03      66.1    543.3
2014  7 26   207   11  4  0     77.33   -0.9054E-03      65.3    535.1
2014  7 26   207   11  5  0     77.15   -0.9186E-03      64.6    525.6
2014  7 26   207   11  6  0     76.97   -0.9380E-03      63.9    524.1
2014  7 26   207   11  7  0     76.78   -0.9591E-03      63.5    520.5
2014  7 26   207   11  8  0     76.60   -0.9841E-03      63.3    519.0
2014  7 26   207   11  9  0     76.42   -0.1008E-02      63.3    512.3
2014  7 26   207   11 10  0     76.23   -0.1037E-02      63.3    512.9
2014  7 26   207   11 11  0     76.05   -0.1062E-02      63.3    509.2
2014  7 26   207   11 12  0     75.86   -0.1084E-02      63.2    505.1
2014  7 26   207   11 13  0     75.68   -0.1106E-02      63.0    502.9
2014  7 26   207   11 14  0     75.50   -0.1127E-02      62.5    501.0
2014  7 26   207   11 15  0     75.31   -0.1144E-02      61.8    497.0
2014  7 26   207   11 16  0     75.13   -0.1163E-02      61.4    492.5
2014  7 26   207   11 17  0     74.94   -0.1182E-02      61.2    488.0
2014  7 26   207   11 18  0     74.76   -0.1209E-02      61.1    488.5
2014  7 26   207   11 19  0     74.57   -0.1231E-02      60.9    484.1
2014  7 26   207   11 20  0     74.39   -0.1256E-02      60.9    482.5
2014  7 26   207   11 21  0     74.20   -0.1284E-02      61.0    481.6
2014  7 26   207   11 22  0     74.02   -0.1316E-02      61.5    480.5
2014  7 26   207   11 23  0     73.83   -0.1351E-02      62.0    480.9
2014  7 26   207   11 24  0     73.65   -0.1374E-02      61.7    479.3
2014  7 26   207   11 25  0     73.46   -0.1400E-02      61.6    477.4
2014  7 26   207   11 26  0     73.28   -0.1426E-02      61.7    475.3
2014  7 26   207   11 27  0     73.09   -0.1468E-02      62.4    477.8
2014  7 26   207   11 28  0     72.91   -0.1509E-02      63.3    478.5
2014  7 26   207   11 29  0     72.72   -0.1561E-02      64.6    481.0
2014  7 26   207   11 30  0     72.53   -0.1619E-02      66.4    482.1
2014  7 26   207   11 31  0     72.35   -0.1697E-02      69.0    486.9
2014  7 26   207   11 32  0     72.16   -0.1758E-02      70.8    487.7
2014  7 26   207   11 33  0     71.98   -0.1808E-02      71.8    488.8
2014  7 26   207   11 34  0     71.79   -0.1893E-02      75.1    492.2
2014  7 26   207   11 35  0     71.60   -0.1890E-02      73.1    487.2
2014  7 26   207   11 36  0     71.42   -0.1939E-02      73.9    487.3
2014  7 26   207   11 37  0     71.23   -0.2040E-02      77.6    490.2
2014  7 26   207   11 38  0     71.04   -0.2096E-02      78.8    490.1
2014  7 26   207   11 39  0     70.86   -0.2138E-02      79.1    490.0
2014  7 26   207   11 40  0     70.67   -0.2209E-02      81.3    490.4
2014  7 26   207   11 41  0     70.48   -0.2136E-02      76.1    482.0
2014  7 26   207   11 42  0     70.30   -0.2171E-02      76.3    481.7
2014  7 26   207   11 43  0     70.11   -0.2226E-02      77.7    481.6
2014  7 26   207   11 44  0     69.92   -0.2298E-02      79.9    482.7
2014  7 26   207   11 45  0     69.73   -0.2292E-02      78.6    480.3
2014  7 26   207   11 46  0     69.55   -0.2362E-02      81.1    482.1
2014  7 26   207   11 47  0     69.36   -0.2364E-02      80.3    481.7
2014  7 26   207   11 48  0     69.17   -0.2300E-02      76.8    477.5
2014  7 26   207   11 49  0     68.99   -0.2277E-02      75.2    475.5
2014  7 26   207   11 50  0     68.80   -0.2302E-02      75.7    476.0
2014  7 26   207   11 51  0     68.61   -0.2459E-02      82.1    481.2
2014  7 26   207   11 52  0     68.42   -0.2468E-02      82.0    481.1
2014  7 26   207   11 53  0     68.24   -0.2307E-02      74.8    473.8
2014  7 26   207   11 54  0     68.05   -0.2349E-02      76.0    474.4
2014  7 26   207   11 55  0     67.86   -0.2273E-02      72.3    471.5
2014  7 26   207   11 56  0     67.67   -0.2333E-02      74.2    472.6
2014  7 26   207   11 57  0     67.48   -0.2376E-02      75.4    472.3
2014  7 26   207   11 58  0     67.30   -0.2370E-02      74.8    471.1
2014  7 26   207   11 59  0     67.11   -0.2245E-02      69.4    466.7
2014  7 26   207   12  0  0     66.92   -0.2243E-02      68.8    466.1
2014  7 26   207   12  1  0     66.73   -0.2210E-02      67.0    464.8
2014  7 26   207   12  2  0     66.54   -0.2239E-02      67.8    465.4
2014  7 26   207   12  3  0     66.35   -0.2227E-02      67.0    464.8
2014  7 26   207   12  4  0     66.17   -0.2214E-02      66.0    464.2
2014  7 26   207   12  5  0     65.98   -0.2241E-02      66.5    464.7
2014  7 26   207   12  6  0     65.79   -0.2347E-02      70.2    467.0
2014  7 26   207   12  7  0     65.60   -0.2399E-02      71.9    468.1
2014  7 26   207   12  8  0     65.41   -0.2427E-02      72.5    468.8
2014  7 26   207   12  9  0     65.22   -0.2420E-02      72.1    468.5
2014  7 26   207   12 10  0     65.03   -0.2514E-02      75.3    470.5
2014  7 26   207   12 11  0     64.85   -0.2532E-02      75.8    471.7
2014  7 26   207   12 12  0     64.66   -0.2585E-02      77.5    472.9
2014  7 26   207   12 13  0     64.47   -0.2603E-02      78.0    472.5
2014  7 26   207   12 14  0     64.28   -0.2612E-02      78.4    472.7
2014  7 26   207   12 15  0     64.09   -0.2630E-02      79.0    473.2
2014  7 26   207   12 16  0     63.90   -0.2636E-02      79.4    474.2
2014  7 26   207   12 17  0     63.71   -0.2618E-02      78.9    474.1
2014  7 26   207   12 18  0     63.52   -0.2609E-02      78.8    474.2
2014  7 26   207   12 19  0     63.33   -0.2588E-02      78.4    473.5
2014  7 26   207   12 20  0     63.15   -0.2577E-02      78.2    473.7
2014  7 26   207   12 21  0     62.96   -0.2595E-02      78.9    474.9
2014  7 26   207   12 22  0     62.77   -0.2594E-02      79.4    475.1
2014  7 26   207   12 23  0     62.58   -0.2603E-02      80.0    475.7
2014  7 26   207   12 24  0     62.39   -0.2602E-02      80.3    476.1
2014  7 26   207   12 25  0     62.20   -0.2625E-02      81.3    476.6
2014  7 26   207   12 26  0     62.01   -0.2635E-02      82.1    477.1
2014  7 26   207   12 27  0     61.82   -0.2633E-02      82.5    478.0
2014  7 26   207   12 28  0     61.63   -0.2588E-02      81.5    478.0
2014  7 26   207   12 29  0     61.44   -0.2594E-02      82.5    478.7
2014  7 26   207   12 30  0     61.25   -0.2584E-02      83.0    479.2
2014  7 26   207   12 31  0     61.06   -0.2548E-02      82.6    479.4
2014  7 26   207   12 32  0     60.88   -0.2502E-02      82.0    479.5
2014  7 26   207   12 33  0     60.69   -0.2459E-02      81.5    479.7
2014  7 26   207   12 34  0     60.50   -0.2418E-02      81.0    479.9
2014  7 26   207   12 35  0     60.31   -0.2386E-02      80.9    480.2
2014  7 26   207   12 36  0     60.12   -0.2356E-02      80.8    480.5
2014  7 26   207   12 37  0     59.93   -0.2253E-02      78.6    479.8
2014  7 26   207   12 38  0     59.74   -0.2104E-02      74.4    478.9
2014  7 26   207   12 39  0     59.55   -0.2272E-02      81.3    481.6
2014  7 26   207   12 40  0     59.36   -0.2250E-02      81.6    482.2
2014  7 26   207   12 41  0     59.17   -0.2219E-02      81.8    482.6
2014  7 26   207   12 42  0     58.98   -0.2180E-02      82.0    482.8
2014  7 26   207   12 43  0     58.79   -0.2143E-02      82.0    483.3
2014  7 26   207   12 44  0     58.60   -0.2121E-02      82.5    484.0
2014  7 26   207   12 45  0     58.41   -0.2061E-02      82.1    484.2
2014  7 26   207   12 46  0     58.23   -0.2025E-02      82.2    484.8
2014  7 26   207   12 47  0     58.04   -0.1965E-02      81.8    485.0
2014  7 26   207   12 48  0     57.85   -0.1945E-02      82.9    485.8
2014  7 26   207   12 49  0     57.66   -0.1904E-02      83.1    486.4
2014  7 26   207   12 50  0     57.47   -0.1668E-02      76.3    484.8
2014  7 26   207   12 51  0     57.28   -0.1513E-02      72.7    484.0
2014  7 26   207   12 52  0     57.09   -0.1219E-02      63.1    481.3
2014  7 26   207   12 53  0     56.90   -0.1311E-02      67.6    484.0
2014  7 26   207   12 54  0     56.71   -0.1529E-02      78.5    487.8
2014  7 26   207   12 55  0     56.52   -0.1350E-02      73.9    486.6
2014  7 26   207   12 56  0     56.33   -0.1417E-02      78.8    488.6
2014  7 26   207   12 57  0     56.14   -0.1137E-02      69.7    486.2
2014  7 26   207   12 58  0     55.95   -0.1030E-02      67.4    485.9
2014  7 26   207   12 59  0     55.76   -0.9125E-03      64.9    485.5
2014  7 26   207   13  0  0     55.58   -0.1029E-02      72.9    488.4
2014  7 26   207   13  1  0     55.39   -0.9846E-03      73.8    489.1
2014  7 26   207   13  2  0     55.20   -0.1054E-02      81.1    491.1
2014  7 26   207   13  3  0     55.01   -0.1080E-02      84.5    493.0
2014  7 26   207   13  4  0     54.82   -0.8558E-03      78.0    492.3
2014  7 26   207   13  5  0     54.63   -0.6671E-03      71.7    490.2
2014  7 26   207   13  6  0     54.44   -0.5203E-03      67.1    489.5
2014  7 26   207   13  7  0     54.25   -0.7059E-03      80.8    493.9
2014  7 26   207   13  8  0     54.07   -0.6511E-03      82.9    494.5
2014  7 26   207   13  9  0     53.88   -0.6584E-03      88.1    496.6
2014  7 26   207   13 10  0     53.69   -0.5760E-03      88.8    497.1
2014  7 26   207   13 11  0     53.50   -0.5057E-03      89.8    497.8
2014  7 26   207   13 12  0     53.31   -0.3988E-03      88.5    498.0
2014  7 26   207   13 13  0     53.12   -0.2584E-03      85.0    497.6
2014  7 26   207   13 14  0     52.93   -0.1414E-03      81.9    497.9
2014  7 26   207   13 15  0     52.75   -0.7962E-05      78.4    497.6
2014  7 26   207   13 16  0     52.56    0.1439E-03      75.3    496.9
2014  7 26   207   13 17  0     52.37    0.1413E-03      81.8    499.0
2014  7 26   207   13 18  0     52.18    0.1830E-03      91.6    500.6
2014  7 26   207   13 19  0     51.99    0.2517E-03      94.6    501.6
2014  7 26   207   13 20  0     51.81    0.3694E-03      94.5    502.0
2014  7 26   207   13 21  0     51.62    0.4638E-03      93.8    502.6
2014  7 26   207   13 22  0     51.43    0.5840E-03      90.6    502.7
2014  7 26   207   13 23  0     51.24    0.7502E-03      72.3    500.2
2014  7 26   207   13 24  0     51.05    0.7978E-03      67.9    500.6
2014  7 26   207   13 25  0     50.87    0.8859E-03      68.0    501.2
2014  7 26   207   13 26  0     50.68    0.9802E-03      66.0    501.2
2014  7 26   207   13 27  0     50.49    0.1080E-02      67.1    501.8
2014  7 26   207   13 28  0     50.31    0.1174E-02      66.1    502.0
2014  7 26   207   13 29  0     50.12    0.1252E-02      66.6    502.8
2014  7 26   207   13 30  0     49.93    0.1325E-02      67.8    503.9
2014  7 26   207   13 31  0     49.74    0.1393E-02      68.5    504.9
2014  7 26   207   13 32  0     49.56    0.1432E-02      66.9    505.8
2014  7 26   207   13 33  0     49.37    0.1449E-02      64.3    506.7
2014  7 26   207   13 34  0     49.18    0.1473E-02      63.3    507.9
2014  7 26   207   13 35  0     49.00    0.1497E-02      62.4    509.1
2014  7 26   207   13 36  0     48.81    0.1524E-02      61.4    510.2
2014  7 26   207   13 37  0     48.62    0.1525E-02      59.2    511.4
2014  7 26   207   13 38  0     48.44    0.1522E-02      56.8    512.4
2014  7 26   207   13 39  0     48.25    0.1511E-02      54.4    513.5
2014  7 26   207   13 40  0     48.06    0.1498E-02      52.0    514.6
2014  7 26   207   13 41  0     47.88    0.1502E-02      50.4    516.1
2014  7 26   207   13 42  0     47.69    0.1541E-02      49.2    516.6
2014  7 26   207   13 43  0     47.51    0.1594E-02      48.7    517.2
2014  7 26   207   13 44  0     47.32    0.1649E-02      48.3    517.8
2014  7 26   207   13 45  0     47.14    0.1721E-02      48.1    518.0
2014  7 26   207   13 46  0     46.95    0.1815E-02      48.7    518.6
2014  7 26   207   13 47  0     46.77    0.1888E-02      48.6    519.1
2014  7 26   207   13 48  0     46.58    0.1951E-02      48.4    519.7
2014  7 26   207   13 49  0     46.40    0.1966E-02      47.7    520.7
2014  7 26   207   13 50  0     46.21    0.1935E-02      46.1    521.9
2014  7 26   207   13 51  0     46.03    0.1849E-02      43.9    523.6
2014  7 26   207   13 52  0     45.84    0.1746E-02      41.2    525.3
2014  7 26   207   13 53  0     45.66    0.1654E-02      38.7    527.1
2014  7 26   207   13 54  0     45.47    0.1601E-02      36.8    528.4
2014  7 26   207   13 55  0     45.29    0.1581E-02      35.6    529.5
2014  7 26   207   13 56  0     45.10    0.1601E-02      35.1    530.3
2014  7 26   207   13 57  0     44.92    0.1673E-02      35.2    530.6
2014  7 26   207   13 58  0     44.74    0.1785E-02      35.9    530.7
2014  7 26   207   13 59  0     44.55    0.1931E-02      37.0    530.5
2014  7 26   207   14  0  0     44.37    0.2092E-02      38.3    530.3
2014  7 26   207   14  1  0     44.19    0.2234E-02      39.3    530.3
2014  7 26   207   14  2  0     44.01    0.2363E-02      40.1    530.5
2014  7 26   207   14  3  0     43.82    0.2482E-02      40.7    530.7
2014  7 26   207   14  4  0     43.64    0.2607E-02      41.3    530.8
2014  7 26   207   14  5  0     43.46    0.2728E-02      42.0    531.2
2014  7 26   207   14  6  0     43.28    0.2854E-02      42.7    531.6
2014  7 26   207   14  7  0     43.09    0.2987E-02      43.5    531.9
2014  7 26   207   14  8  0     42.91    0.3116E-02      44.0    532.0
2014  7 26   207   14  9  0     42.73    0.3211E-02      44.0    532.2
2014  7 26   207   14 10  0     42.55    0.3282E-02      44.0    532.8
2014  7 26   207   14 11  0     42.37    0.3318E-02      43.6    533.5
2014  7 26   207   14 12  0     42.19    0.3321E-02      43.1    534.7
2014  7 26   207   14 13  0     42.01    0.3354E-02      42.9    535.7
2014  7 26   207   14 14  0     41.83    0.3441E-02      43.1    536.7
2014  7 26   207   14 15  0     41.65    0.3576E-02      43.5    536.9
2014  7 26   207   14 16  0     41.47    0.3707E-02      44.0    537.1
2014  7 26   207   14 17  0     41.29    0.3791E-02      44.4    537.9
2014  7 26   207   14 18  0     41.11    0.3821E-02      44.4    538.9
2014  7 26   207   14 19  0     40.93    0.3828E-02      44.0    540.0
2014  7 26   207   14 20  0     40.75    0.3813E-02      43.5    541.2
2014  7 26   207   14 21  0     40.57    0.3774E-02      42.7    542.2
2014  7 26   207   14 22  0     40.39    0.3707E-02      41.6    543.4
2014  7 26   207   14 23  0     40.21    0.3619E-02      40.5    545.0
2014  7 26   207   14 24  0     40.04    0.3547E-02      39.9    546.9
2014  7 26   207   14 25  0     39.86    0.3539E-02      39.4    548.1
2014  7 26   207   14 26  0     39.68    0.3569E-02      39.1    548.8
2014  7 26   207   14 27  0     39.51    0.3592E-02      38.7    549.5
2014  7 26   207   14 28  0     39.33    0.3557E-02      37.8    550.2
2014  7 26   207   14 29  0     39.15    0.3406E-02      36.2    551.9
2014  7 26   207   14 30  0     38.98    0.3228E-02      34.5    554.5
2014  7 26   207   14 31  0     38.80    0.3113E-02      33.2    555.9
2014  7 26   207   14 32  0     38.62    0.3098E-02      32.4    556.4
2014  7 26   207   14 33  0     38.45    0.3153E-02      32.0    555.8
2014  7 26   207   14 34  0     38.27    0.3216E-02      31.7    555.6
2014  7 26   207   14 35  0     38.10    0.3264E-02      31.3    555.3
2014  7 26   207   14 36  0     37.93    0.3239E-02      30.3    555.8
2014  7 26   207   14 37  0     37.75    0.3174E-02      29.3    556.3
2014  7 26   207   14 38  0     37.58    0.3108E-02      28.4    557.2
2014  7 26   207   14 39  0     37.41    0.3083E-02      27.9    558.0
2014  7 26   207   14 40  0     37.23    0.3118E-02      28.0    558.8
2014  7 26   207   14 41  0     37.06    0.3212E-02      28.5    559.3
2014  7 26   207   14 42  0     36.89    0.3255E-02      28.6    560.1
2014  7 26   207   14 43  0     36.72    0.3168E-02      27.9    561.8
2014  7 26   207   14 44  0     36.54    0.3022E-02      26.9    563.8
2014  7 26   207   14 45  0     36.37    0.2903E-02      26.2    566.0
2014  7 26   207   14 46  0     36.20    0.2835E-02      25.7    568.0
2014  7 26   207   14 47  0     36.03    0.2805E-02      25.5    569.6
2014  7 26   207   14 48  0     35.86    0.2808E-02      25.3    570.5
2014  7 26   207   14 49  0     35.69    0.2843E-02      25.1    570.7
2014  7 26   207   14 50  0     35.52    0.2948E-02      25.3    570.1
2014  7 26   207   14 51  0     35.36    0.3171E-02      26.2    568.9
2014  7 26   207   14 52  0     35.19    0.3478E-02      27.7    567.5
2014  7 26   207   14 53  0     35.02    0.3756E-02      29.0    566.6
2014  7 26   207   14 54  0     34.85    0.3933E-02      29.8    566.5
2014  7 26   207   14 55  0     34.69    0.4041E-02      30.1    566.7
2014  7 26   207   14 56  0     34.52    0.4178E-02      30.7    566.9
2014  7 26   207   14 57  0     34.35    0.4366E-02      31.5    566.9
2014  7 26   207   14 58  0     34.19    0.4555E-02      32.1    566.5
2014  7 26   207   14 59  0     34.02    0.4716E-02      32.5    566.1
2014  7 26   207   15  0  0     33.86    0.4933E-02      33.2    565.4
2014  7 26   207   15  1  0     33.70    0.5206E-02      34.4    565.1
2014  7 26   207   15  2  0     33.53    0.5459E-02      35.6    565.2
2014  7 26   207   15  3  0     33.37    0.5641E-02      36.5    565.8
2014  7 26   207   15  4  0     33.21    0.5727E-02      37.0    566.8
2014  7 26   207   15  5  0     33.05    0.5741E-02      37.0    567.9
2014  7 26   207   15  6  0     32.89    0.5697E-02      36.6    568.9
2014  7 26   207   15  7  0     32.72    0.5562E-02      35.7    570.2
2014  7 26   207   15  8  0     32.56    0.5330E-02      34.2    571.6
2014  7 26   207   15  9  0     32.41    0.5003E-02      32.2    573.2
2014  7 26   207   15 10  0     32.25    0.4613E-02      29.9    575.1
2014  7 26   207   15 11  0     32.09    0.4200E-02      27.5    577.2
2014  7 26   207   15 12  0     31.93    0.3813E-02      25.3    579.7
2014  7 26   207   15 13  0     31.77    0.3494E-02      23.4    581.8
2014  7 26   207   15 14  0     31.62    0.3225E-02      21.8    583.7
2014  7 26   207   15 15  0     31.46    0.2968E-02      20.2    585.5
2014  7 26   207   15 16  0     31.31    0.2703E-02      18.6    587.4
2014  7 26   207   15 17  0     31.15    0.2455E-02      17.1    589.7
2014  7 26   207   15 18  0     31.00    0.2315E-02      16.1    591.0
2014  7 26   207   15 19  0     30.84    0.2298E-02      15.8    591.0
2014  7 26   207   15 20  0     30.69    0.2390E-02      15.9    589.6
2014  7 26   207   15 21  0     30.54    0.2581E-02      16.5    587.6
2014  7 26   207   15 22  0     30.39    0.2877E-02      17.5    584.8
2014  7 26   207   15 23  0     30.24    0.3218E-02      18.8    582.4
2014  7 26   207   15 24  0     30.09    0.3587E-02      20.2    580.4
2014  7 26   207   15 25  0     29.94    0.3986E-02      21.7    578.6
2014  7 26   207   15 26  0     29.79    0.4468E-02      23.5    576.6
2014  7 26   207   15 27  0     29.64    0.5081E-02      25.8    573.9
2014  7 26   207   15 28  0     29.50    0.5819E-02      28.5    571.7
2014  7 26   207   15 29  0     29.35    0.6656E-02      31.5    569.3
2014  7 26   207   15 30  0     29.21    0.7512E-02      34.6    567.4
2014  7 26   207   15 31  0     29.06    0.8378E-02      37.5    565.6
2014  7 26   207   15 32  0     28.92    0.9252E-02      40.5    564.2
2014  7 26   207   15 33  0     28.78    0.1008E-01      43.3    563.0
2014  7 26   207   15 34  0     28.63    0.1079E-01      45.8    562.5
2014  7 26   207   15 35  0     28.49    0.1144E-01      48.0    562.2
2014  7 26   207   15 36  0     28.35    0.1315E-01      55.7    562.3
2014  7 26   207   15 37  0     28.21    0.1330E-01      54.8    561.0
2014  7 26   207   15 38  0     28.07    0.1273E-01      52.5    562.5
2014  7 26   207   15 39  0     27.94    0.1221E-01      50.4    564.1
2014  7 26   207   15 40  0     27.80    0.1212E-01      50.0    565.0
2014  7 26   207   15 41  0     27.67    0.1241E-01      51.0    565.4
2014  7 26   207   15 42  0     27.53    0.1263E-01      51.7    565.8
2014  7 26   207   15 43  0     27.40    0.1264E-01      51.6    566.4
2014  7 26   207   15 44  0     27.27    0.1247E-01      50.8    567.2
2014  7 26   207   15 45  0     27.13    0.1232E-01      50.1    567.9
2014  7 26   207   15 46  0     27.00    0.1220E-01      49.4    568.6
2014  7 26   207   15 47  0     26.87    0.1221E-01      49.2    568.9
2014  7 26   207   15 48  0     26.75    0.1224E-01      49.1    569.2
2014  7 26   207   15 49  0     26.62    0.1221E-01      48.8    569.7
2014  7 26   207   15 50  0     26.49    0.1209E-01      48.2    570.4
2014  7 26   207   15 51  0     26.37    0.1185E-01      47.3    571.3
2014  7 26   207   15 52  0     26.24    0.1156E-01      46.3    572.6
2014  7 26   207   15 53  0     26.12    0.1146E-01      45.8    573.2
2014  7 26   207   15 54  0     26.00    0.1146E-01      45.6    573.6
2014  7 26   207   15 55  0     25.88    0.1141E-01      45.4    574.2
2014  7 26   207   15 56  0     25.76    0.1132E-01      45.0    574.9
2014  7 26   207   15 57  0     25.64    0.1119E-01      44.5    575.7
2014  7 26   207   15 58  0     25.52    0.1108E-01      44.2    576.6
2014  7 26   207   15 59  0     25.41    0.1104E-01      44.0    577.2
2014  7 26   207   16  0  0     25.29    0.1107E-01      44.0    577.6
2014  7 26   207   16  1  0     25.18    0.1118E-01      44.2    577.6
2014  7 26   207   16  2  0     25.07    0.1136E-01      44.6    577.5
2014  7 26   207   16  3  0     24.96    0.1161E-01      45.2    577.5
2014  7 26   207   16  4  0     24.85    0.1196E-01      46.1    577.1
2014  7 26   207   16  5  0     24.74    0.1253E-01      47.7    576.1
2014  7 26   207   16  6  0     24.64    0.1334E-01      50.1    574.8
2014  7 26   207   16  7  0     24.53    0.1422E-01      52.7    573.7
2014  7 26   207   16  8  0     24.43    0.1480E-01      54.2    573.0
2014  7 26   207   16  9  0     24.33    0.1494E-01      54.5    573.2
2014  7 26   207   16 10  0     24.22    0.1457E-01      53.1    574.2
2014  7 26   207   16 11  0     24.13    0.1424E-01      51.8    574.9
2014  7 26   207   16 12  0     24.03    0.1451E-01      52.9    575.3
2014  7 26   207   16 13  0     23.93    0.1498E-01      54.3    574.8
2014  7 26   207   16 14  0     23.84    0.1434E-01      52.1    576.1
2014  7 26   207   16 15  0     23.74    0.1340E-01      49.1    578.2
2014  7 26   207   16 16  0     23.65    0.1255E-01      46.6    580.4
2014  7 26   207   16 17  0     23.56    0.1231E-01      45.7    581.1
2014  7 26   207   16 18  0     23.47    0.1231E-01      45.4    581.0
2014  7 26   207   16 19  0     23.39    0.1244E-01      45.6    580.9
2014  7 26   207   16 20  0     23.30    0.1255E-01      45.8    580.6
2014  7 26   207   16 21  0     23.22    0.1251E-01      45.3    580.5
2014  7 26   207   16 22  0     23.13    0.1239E-01      44.6    580.4
2014  7 26   207   16 23  0     23.06    0.1246E-01      44.4    580.0
2014  7 26   207   16 24  0     22.98    0.1276E-01      44.7    578.8
2014  7 26   207   16 25  0     22.90    0.1321E-01      45.6    577.5
2014  7 26   207   16 26  0     22.83    0.1410E-01      47.9    575.4
2014  7 26   207   16 27  0     22.75    0.1526E-01      50.9    573.5
2014  7 26   207   16 28  0     22.68    0.1593E-01      52.4    572.3
2014  7 26   207   16 29  0     22.61    0.1661E-01      54.1    571.4
2014  7 26   207   16 30  0     22.54    0.1709E-01      54.9    570.2
2014  7 26   207   16 31  0     22.48    0.1765E-01      56.2    569.4
2014  7 26   207   16 32  0     22.41    0.1795E-01      56.9    569.1
2014  7 26   207   16 33  0     22.35    0.1827E-01      57.3    568.3
2014  7 26   207   16 34  0     22.29    0.1723E-01      54.0    569.3
2014  7 26   207   16 35  0     22.23    0.1837E-01      57.8    569.0
2014  7 26   207   16 36  0     22.17    0.1818E-01      56.5    568.0
2014  7 26   207   16 37  0     22.12    0.1599E-01      49.8    570.3
2014  7 26   207   16 38  0     22.06    0.1494E-01      47.0    572.2
2014  7 26   207   16 39  0     22.01    0.1396E-01      44.5    574.3
2014  7 26   207   16 40  0     21.97    0.1309E-01      42.5    576.8
2014  7 26   207   16 41  0     21.92    0.1251E-01      41.1    578.3
2014  7 26   207   16 42  0     21.87    0.1222E-01      40.3    579.2
2014  7 26   207   16 43  0     21.83    0.1215E-01      40.2    579.4
2014  7 26   207   16 44  0     21.79    0.1223E-01      40.3    579.1
2014  7 26   207   16 45  0     21.75    0.1240E-01      40.6    578.6
2014  7 26   207   16 46  0     21.71    0.1265E-01      41.1    577.9
2014  7 26   207   16 47  0     21.68    0.1302E-01      41.9    576.7
2014  7 26   207   16 48  0     21.64    0.1352E-01      43.1    575.6
2014  7 26   207   16 49  0     21.61    0.1419E-01      44.8    574.4
2014  7 26   207   16 50  0     21.58    0.1483E-01      46.3    573.1
2014  7 26   207   16 51  0     21.56    0.1538E-01      47.5    571.9
2014  7 26   207   16 52  0     21.53    0.1585E-01      48.4    570.9
2014  7 26   207   16 53  0     21.51    0.1633E-01      49.5    570.2
2014  7 26   207   16 54  0     21.49    0.1720E-01      51.8    569.2
2014  7 26   207   16 55  0     21.47    0.1801E-01      53.7    568.1
2014  7 26   207   16 56  0     21.46    0.1863E-01      55.2    567.4
2014  7 26   207   16 57  0     21.44    0.2125E-01      63.4    566.5
2014  7 26   207   16 58  0     21.43    0.2471E-01      74.1    565.2
2014  7 26   207   16 59  0     21.42    0.3010E-01      90.8    563.3
2014  7 26   207   17  0  0     21.41    0.3213E-01      96.2    561.9
2014  7 26   207   17  1  0     21.41    0.2799E-01      82.5    562.5
2014  7 26   207   17  2  0     21.40    0.2402E-01      68.6    561.9
2014  7 26   207   17  3  0     21.40    0.2176E-01      62.2    563.5
2014  7 26   207   17  4  0     21.40    0.2353E-01      68.1    563.5
2014  7 26   207   17  5  0     21.41    0.2511E-01      71.8    561.5
2014  7 26   207   17  6  0     21.41    0.2370E-01      67.8    562.7
2014  7 26   207   17  7  0     21.42    0.2596E-01      74.5    561.8
2014  7 26   207   17  8  0     21.43    0.2897E-01      83.2    560.3
2014  7 26   207   17  9  0     21.44    0.2819E-01      81.0    560.7
2014  7 26   207   17 10  0     21.45    0.2905E-01      84.8    561.6
2014  7 26   207   17 11  0     21.47    0.3029E-01      88.4    560.8
2014  7 26   207   17 12  0     21.49    0.2821E-01      82.2    561.5
2014  7 26   207   17 13  0     21.51    0.2825E-01      82.9    562.0
2014  7 26   207   17 14  0     21.53    0.3047E-01      90.4    561.7
2014  7 26   207   17 15  0     21.55    0.2842E-01      84.4    562.5
2014  7 26   207   17 16  0     21.58    0.2985E-01      90.0    563.1
2014  7 26   207   17 17  0     21.61    0.2674E-01      79.4    562.6
2014  7 26   207   17 18  0     21.64    0.2091E-01      61.6    565.0
2014  7 26   207   17 19  0     21.67    0.1811E-01      53.8    567.4
2014  7 26   207   17 20  0     21.71    0.1718E-01      51.3    568.5
2014  7 26   207   17 21  0     21.74    0.1615E-01      48.4    569.7
2014  7 26   207   17 22  0     21.78    0.1669E-01      50.3    569.5
2014  7 26   207   17 23  0     21.82    0.1801E-01      54.4    568.2
2014  7 26   207   17 24  0     21.87    0.1814E-01      54.8    567.9
2014  7 26   207   17 25  0     21.91    0.1844E-01      55.6    567.3
2014  7 26   207   17 26  0     21.96    0.1750E-01      52.7    567.9
2014  7 26   207   17 27  0     22.01    0.1744E-01      52.6    567.8
2014  7 26   207   17 28  0     22.06    0.1787E-01      53.9    567.3
2014  7 26   207   17 29  0     22.11    0.1839E-01      55.4    566.5
2014  7 26   207   17 30  0     22.16    0.1842E-01      55.6    566.5
2014  7 26   207   17 31  0     22.22    0.1861E-01      56.4    566.5
2014  7 26   207   17 32  0     22.28    0.1903E-01      57.9    566.3
2014  7 26   207   17 33  0     22.34    0.1976E-01      60.3    565.7
2014  7 26   207   17 34  0     22.40    0.2060E-01      63.1    565.1
2014  7 26   207   17 35  0     22.46    0.2141E-01      65.7    564.4
2014  7 26   207   17 36  0     22.53    0.2095E-01      64.5    564.8
2014  7 26   207   17 37  0     22.60    0.2043E-01      63.1    565.0
2014  7 26   207   17 38  0     22.67    0.1980E-01      61.3    565.3
2014  7 26   207   17 39  0     22.74    0.1931E-01      60.0    565.7
2014  7 26   207   17 40  0     22.81    0.1944E-01      60.5    565.4
2014  7 26   207   17 41  0     22.89    0.1965E-01      61.0    564.8
2014  7 26   207   17 42  0     22.96    0.1994E-01      61.8    564.3
2014  7 26   207   17 43  0     23.04    0.2198E-01      68.5    563.2
2014  7 26   207   17 44  0     23.12    0.2213E-01      68.3    562.0
2014  7 26   207   17 45  0     23.20    0.2490E-01      77.7    561.1
2014  7 26   207   17 46  0     23.29    0.2420E-01      75.1    560.7
2014  7 26   207   17 47  0     23.37    0.2331E-01      71.8    560.1
2014  7 26   207   17 48  0     23.46    0.2320E-01      72.4    561.0
2014  7 26   207   17 49  0     23.55    0.2507E-01      78.5    559.8
2014  7 26   207   17 50  0     23.64    0.2462E-01      76.7    559.3
2014  7 26   207   17 51  0     23.73    0.2584E-01      81.4    559.2
2014  7 26   207   17 52  0     23.82    0.2902E-01      92.6    558.3
2014  7 26   207   17 53  0     23.92    0.2997E-01      95.3    557.3
2014  7 26   207   17 54  0     24.01    0.3111E-01      99.7    556.8
2014  7 26   207   17 55  0     24.11    0.3082E-01      98.5    556.2
2014  7 26   207   17 56  0     24.21    0.3026E-01      96.6    555.9
2014  7 26   207   17 57  0     24.31    0.2954E-01      94.5    555.8
2014  7 26   207   17 58  0     24.41    0.2902E-01      93.0    555.7
2014  7 26   207   17 59  0     24.51    0.2870E-01      92.5    555.7
2014  7 26   207   18  0  0     24.62    0.2856E-01      92.7    555.8
2014  7 26   207   18  1  0     24.72    0.2876E-01      94.2    556.0
2014  7 26   207   18  2  0     24.83    0.2908E-01      96.1    555.9
2014  7 26   207   18  3  0     24.94    0.2556E-01      82.9    555.5
2014  7 26   207   18  4  0     25.05    0.2443E-01      80.6    556.9
2014  7 26   207   18  5  0     25.16    0.2555E-01      86.2    557.3
2014  7 26   207   18  6  0     25.28    0.2224E-01      74.5    558.2
2014  7 26   207   18  7  0     25.39    0.2767E-01      98.4    559.4
2014  7 26   207   18  8  0     25.51    0.2444E-01      83.5    556.7
2014  7 26   207   18  9  0     25.62    0.1889E-01      64.5    559.5
2014  7 26   207   18 10  0     25.74    0.1731E-01      60.0    561.1
2014  7 26   207   18 11  0     25.86    0.1673E-01      58.8    561.9
2014  7 26   207   18 12  0     25.98    0.1675E-01      60.1    562.7
2014  7 26   207   18 13  0     26.10    0.1613E-01      58.3    562.8
2014  7 26   207   18 14  0     26.22    0.1564E-01      57.5    563.9
2014  7 26   207   18 15  0     26.35    0.1496E-01      55.7    564.6
2014  7 26   207   18 16  0     26.47    0.1469E-01      55.4    565.0
2014  7 26   207   18 17  0     26.60    0.1482E-01      56.1    564.6
2014  7 26   207   18 18  0     26.73    0.1538E-01      58.8    564.1
2014  7 26   207   18 19  0     26.85    0.1648E-01      63.3    562.9
2014  7 26   207   18 20  0     26.98    0.1597E-01      61.8    563.0
2014  7 26   207   18 21  0     27.11    0.1613E-01      62.8    562.6
2014  7 26   207   18 22  0     27.24    0.1587E-01      62.2    562.5
2014  7 26   207   18 23  0     27.38    0.1596E-01      63.1    562.2
2014  7 26   207   18 24  0     27.51    0.1619E-01      64.6    561.9
2014  7 26   207   18 25  0     27.64    0.1645E-01      66.4    561.7
2014  7 26   207   18 26  0     27.78    0.1555E-01      63.2    562.0
2014  7 26   207   18 27  0     27.92    0.1606E-01      66.4    562.1
2014  7 26   207   18 28  0     28.05    0.1765E-01      74.1    561.2
2014  7 26   207   18 29  0     28.19    0.1645E-01      68.2    560.0
2014  7 26   207   18 30  0     28.33    0.1516E-01      64.7    562.4
2014  7 26   207   18 31  0     28.47    0.1424E-01      60.4    561.7
2014  7 26   207   18 32  0     28.61    0.1372E-01      58.7    561.7
2014  7 26   207   18 33  0     28.75    0.1267E-01      54.6    562.4
2014  7 26   207   18 34  0     28.90    0.1175E-01      51.3    563.2
2014  7 26   207   18 35  0     29.04    0.1131E-01      50.1    563.8
2014  7 26   207   18 36  0     29.18    0.1104E-01      49.4    563.9
2014  7 26   207   18 37  0     29.33    0.1066E-01      48.1    563.9
2014  7 26   207   18 38  0     29.47    0.1030E-01      47.2    564.3
2014  7 26   207   18 39  0     29.62    0.1003E-01      46.7    564.7
2014  7 26   207   18 40  0     29.77    0.9603E-02      45.5    565.4
2014  7 26   207   18 41  0     29.92    0.9419E-02      45.2    565.6
2014  7 26   207   18 42  0     30.06    0.9450E-02      45.7    565.2
2014  7 26   207   18 43  0     30.21    0.9610E-02      46.7    564.5
2014  7 26   207   18 44  0     30.36    0.9639E-02      47.3    564.2
2014  7 26   207   18 45  0     30.52    0.9687E-02      48.0    563.9
2014  7 26   207   18 46  0     30.67    0.9778E-02      48.8    563.4
2014  7 26   207   18 47  0     30.82    0.9852E-02      49.5    562.8
2014  7 26   207   18 48  0     30.97    0.9699E-02      49.1    562.7
2014  7 26   207   18 49  0     31.13    0.9690E-02      49.5    562.3
2014  7 26   207   18 50  0     31.28    0.1007E-01      51.6    561.2
2014  7 26   207   18 51  0     31.44    0.1108E-01      57.0    559.4
2014  7 26   207   18 52  0     31.59    0.1029E-01      52.9    559.3
2014  7 26   207   18 53  0     31.75    0.1003E-01      51.8    558.7
2014  7 26   207   18 54  0     31.91    0.9725E-02      50.9    559.1
2014  7 26   207   18 55  0     32.06    0.9632E-02      51.1    558.9
2014  7 26   207   18 56  0     32.22    0.9830E-02      52.5    558.1
2014  7 26   207   18 57  0     32.38    0.9883E-02      53.0    557.3
2014  7 26   207   18 58  0     32.54    0.9880E-02      53.6    557.2
2014  7 26   207   18 59  0     32.70    0.9924E-02      54.4    556.8
2014  7 26   207   19  0  0     32.86    0.9930E-02      54.8    556.3
2014  7 26   207   19  1  0     33.02    0.1057E-01      59.5    555.6
2014  7 26   207   19  2  0     33.18    0.1147E-01      64.9    554.0
2014  7 26   207   19  3  0     33.35    0.1274E-01      73.5    553.2
2014  7 26   207   19  4  0     33.51    0.1438E-01      84.6    552.2
2014  7 26   207   19  5  0     33.67    0.1404E-01      81.2    550.2
2014  7 26   207   19  6  0     33.84    0.1341E-01      78.1    550.1
2014  7 26   207   19  7  0     34.00    0.1504E-01      89.9    549.4
2014  7 26   207   19  8  0     34.17    0.1611E-01      97.0    547.8
2014  7 26   207   19  9  0     34.33    0.1458E-01      87.0    547.1
2014  7 26   207   19 10  0     34.50    0.1551E-01      96.7    548.0
2014  7 26   207   19 11  0     34.66    0.1372E-01      83.9    546.8
2014  7 26   207   19 12  0     34.83    0.1555E-01     100.2    547.4
2014  7 26   207   19 13  0     35.00    0.1186E-01      74.0    546.7
2014  7 26   207   19 14  0     35.16    0.1130E-01      74.0    549.1
2014  7 26   207   19 15  0     35.33    0.1447E-01      99.3    547.9
2014  7 26   207   19 16  0     35.50    0.1354E-01      92.7    547.1
2014  7 26   207   19 17  0     35.67    0.1051E-01      70.4    546.9
2014  7 26   207   19 18  0     35.84    0.8610E-02      59.3    549.3
2014  7 26   207   19 19  0     36.01    0.8261E-02      58.1    549.5
2014  7 26   207   19 20  0     36.18    0.7659E-02      54.7    549.9
2014  7 26   207   19 21  0     36.35    0.7559E-02      55.2    550.0
2014  7 26   207   19 22  0     36.52    0.7904E-02      58.7    549.3
2014  7 26   207   19 23  0     36.69    0.1024E-01      79.8    548.4
2014  7 26   207   19 24  0     36.86    0.1274E-01     100.4    545.6
2014  7 26   207   19 25  0     37.04    0.1263E-01      98.3    543.7
2014  7 26   207   19 26  0     37.21    0.1113E-01      87.9    544.5
2014  7 26   207   19 27  0     37.38    0.1137E-01      91.4    543.8
2014  7 26   207   19 28  0     37.55    0.1011E-01      81.4    543.6
2014  7 26   207   19 29  0     37.73    0.8018E-02      64.1    544.1
2014  7 26   207   19 30  0     37.90    0.7360E-02      60.4    545.1
2014  7 26   207   19 31  0     38.08    0.7734E-02      64.6    544.3
2014  7 26   207   19 32  0     38.25    0.9763E-02      86.3    543.9
2014  7 26   207   19 33  0     38.42    0.1071E-01      94.3    541.5
2014  7 26   207   19 34  0     38.60    0.1099E-01      97.9    540.5
2014  7 26   207   19 35  0     38.78    0.1092E-01      98.3    539.7
2014  7 26   207   19 36  0     38.95    0.1084E-01      99.0    539.1
2014  7 26   207   19 37  0     39.13    0.1040E-01      95.6    538.2
2014  7 26   207   19 38  0     39.30    0.9171E-02      83.6    537.4
2014  7 26   207   19 39  0     39.48    0.8489E-02      79.5    538.3
2014  7 26   207   19 40  0     39.66    0.8726E-02      83.2    537.4
2014  7 26   207   19 41  0     39.84    0.9058E-02      87.5    536.4
2014  7 26   207   19 42  0     40.01    0.9406E-02      94.3    536.1
2014  7 26   207   19 43  0     40.19    0.9192E-02      92.3    534.8
2014  7 26   207   19 44  0     40.37    0.8895E-02      90.7    534.3
2014  7 26   207   19 45  0     40.55    0.8851E-02      92.3    534.0
2014  7 26   207   19 46  0     40.73    0.8814E-02      93.7    533.4
2014  7 26   207   19 47  0     40.91    0.8702E-02      93.9    533.4
2014  7 26   207   19 48  0     41.08    0.8442E-02      91.6    531.6
2014  7 26   207   19 49  0     41.26    0.8073E-02      87.4    530.3
2014  7 26   207   19 50  0     41.44    0.7628E-02      85.8    531.0
2014  7 26   207   19 51  0     41.62    0.7807E-02      90.8    530.7
2014  7 26   207   19 52  0     41.80    0.7670E-02      91.2    530.3
2014  7 26   207   19 53  0     41.98    0.7503E-02      90.6    529.5
2014  7 26   207   19 54  0     42.17    0.7249E-02      89.0    528.9
2014  7 26   207   19 55  0     42.35    0.7046E-02      87.9    528.3
2014  7 26   207   19 56  0     42.53    0.6804E-02      87.1    528.1
2014  7 26   207   19 57  0     42.71    0.6515E-02      85.5    527.8
2014  7 26   207   19 58  0     42.89    0.6461E-02      88.2    527.9
2014  7 26   207   19 59  0     43.07    0.6174E-02      85.7    527.3
2014  7 26   207   20  0  0     43.25    0.5570E-02      75.7    525.5
2014  7 26   207   20  1  0     43.44    0.4886E-02      68.0    525.8
2014  7 26   207   20  2  0     43.62    0.5251E-02      80.6    527.2
2014  7 26   207   20  3  0     43.80    0.4902E-02      72.7    524.7
2014  7 26   207   20  4  0     43.98    0.4449E-02      66.9    524.3
2014  7 26   207   20  5  0     44.17    0.4331E-02      67.1    523.9
2014  7 26   207   20  6  0     44.35    0.4026E-02      62.6    522.9
2014  7 26   207   20  7  0     44.53    0.3837E-02      61.1    522.4
2014  7 26   207   20  8  0     44.72    0.3673E-02      60.1    522.0
2014  7 26   207   20  9  0     44.90    0.3840E-02      68.9    523.1
2014  7 26   207   20 10  0     45.08    0.3794E-02      68.4    521.6
2014  7 26   207   20 11  0     45.27    0.3754E-02      69.1    520.7
2014  7 26   207   20 12  0     45.45    0.3472E-02      64.5    519.8
2014  7 26   207   20 13  0     45.64    0.3492E-02      69.0    520.0
2014  7 26   207   20 14  0     45.82    0.3317E-02      64.4    518.0
2014  7 26   207   20 15  0     46.00    0.2954E-02      58.7    517.3
2014  7 26   207   20 16  0     46.19    0.2854E-02      63.0    519.0
2014  7 26   207   20 17  0     46.37    0.2744E-02      64.5    519.2
2014  7 26   207   20 18  0     46.56    0.2429E-02      58.4    518.6
2014  7 26   207   20 19  0     46.74    0.2195E-02      56.1    518.9
2014  7 26   207   20 20  0     46.93    0.2042E-02      54.6    518.6
2014  7 26   207   20 21  0     47.11    0.1845E-02      51.6    518.2
2014  7 26   207   20 22  0     47.30    0.1634E-02      48.0    518.2
2014  7 26   207   20 23  0     47.49    0.1421E-02      44.7    518.5
2014  7 26   207   20 24  0     47.67    0.1244E-02      42.0    518.7
2014  7 26   207   20 25  0     47.86    0.1103E-02      38.9    518.1
2014  7 26   207   20 26  0     48.04    0.9618E-03      36.0    517.7
2014  7 26   207   20 27  0     48.23    0.7939E-03      33.4    518.9
2014  7 26   207   20 28  0     48.42    0.5984E-03      30.2    520.8
2014  7 26   207   20 29  0     48.60    0.4096E-03      26.3    523.2
2014  7 26   207   20 30  0     48.79    0.2650E-03      22.6    525.4
2014  7 26   207   20 31  0     48.98    0.1650E-03      19.3    527.0
2014  7 26   207   20 32  0     49.16    0.9145E-04      16.2    528.5
2014  7 26   207   20 33  0     49.35    0.3905E-04      13.2    529.8
2014  7 26   207   20 34  0     49.54    0.2192E-05      10.6    531.4
2014  7 26   207   20 35  0     49.72   -0.2242E-04       8.7    533.8
2014  7 26   207   20 36  0     49.91   -0.3039E-04       7.4    534.0
2014  7 26   207   20 37  0     50.10   -0.3566E-04       6.5    533.5
2014  7 26   207   20 38  0     50.29   -0.4768E-04       6.0    535.2
2014  7 26   207   20 39  0     50.47   -0.6752E-04       6.1    538.3
2014  7 26   207   20 40  0     50.66   -0.8998E-04       6.5    540.5
2014  7 26   207   20 41  0     50.85   -0.1065E-03       7.0    540.8
2014  7 26   207   20 42  0     51.04   -0.1182E-03       7.4    539.8
2014  7 26   207   20 43  0     51.22   -0.1263E-03       8.0    538.0
2014  7 26   207   20 44  0     51.41   -0.1296E-03       8.5    534.6
2014  7 26   207   20 45  0     51.60   -0.1347E-03       9.1    532.0
2014  7 26   207   20 46  0     51.79   -0.1411E-03       9.6    529.7
2014  7 26   207   20 47  0     51.98   -0.1465E-03       9.7    528.4
2014  7 26   207   20 48  0     52.16   -0.1415E-03       9.3    526.6
2014  7 26   207   20 49  0     52.35   -0.1485E-03       9.2    526.3
2014  7 26   207   20 50  0     52.54   -0.1612E-03       9.2    526.8
2014  7 26   207   20 51  0     52.73   -0.1865E-03       9.5    528.5
2014  7 26   207   20 52  0     52.92   -0.2254E-03      10.6    530.6
2014  7 26   207   20 53  0     53.11   -0.2572E-03      11.7    528.9
2014  7 26   207   20 54  0     53.30   -0.2815E-03      12.7    527.6
2014  7 26   207   20 55  0     53.48   -0.2991E-03      13.5    525.6
2014  7 26   207   20 56  0     53.67   -0.3045E-03      14.2    522.7
2014  7 26   207   20 57  0     53.86   -0.3287E-03      15.3    521.0
2014  7 26   207   20 58  0     54.05   -0.3635E-03      17.4    517.8
2014  7 26   207   20 59  0     54.24   -0.4068E-03      20.1    514.6
2014  7 26   207   21  0  0     54.43   -0.4407E-03      22.4    511.4
2014  7 26   207   21  1  0     54.62   -0.4653E-03      23.8    509.1
2014  7 26   207   21  2  0     54.81   -0.4854E-03      24.1    508.0
2014  7 26   207   21  3  0     54.99   -0.5021E-03      24.2    507.2
2014  7 26   207   21  4  0     55.18   -0.5166E-03      24.0    506.8
2014  7 26   207   21  5  0     55.37   -0.5314E-03      23.8    506.6
2014  7 26   207   21  6  0     55.56   -0.5426E-03      23.8    505.8
2014  7 26   207   21  7  0     55.75   -0.5566E-03      23.9    504.9
2014  7 26   207   21  8  0     55.94   -0.5775E-03      24.2    504.2
2014  7 26   207   21  9  0     56.13   -0.6036E-03      24.7    503.6
2014  7 26   207   21 10  0     56.32   -0.6290E-03      25.4    502.5
2014  7 26   207   21 11  0     56.51   -0.6633E-03      26.3    501.8
2014  7 26   207   21 12  0     56.70   -0.6968E-03      27.3    500.9
2014  7 26   207   21 13  0     56.89   -0.7393E-03      28.2    500.7
2014  7 26   207   21 14  0     57.08   -0.7920E-03      29.4    500.9
2014  7 26   207   21 15  0     57.27   -0.8684E-03      31.4    501.8
2014  7 26   207   21 16  0     57.45   -0.1074E-02      38.5    504.3
2014  7 26   207   21 17  0     57.64   -0.9832E-03      34.3    501.5
2014  7 26   207   21 18  0     57.83   -0.1048E-02      36.0    501.3
2014  7 26   207   21 19  0     58.02   -0.1119E-02      38.1    500.7
2014  7 26   207   21 20  0     58.21   -0.1245E-02      42.1    500.9
2014  7 26   207   21 21  0     58.40   -0.1283E-02      43.0    499.3
2014  7 26   207   21 22  0     58.59   -0.1337E-02      44.3    498.0
2014  7 26   207   21 23  0     58.78   -0.1438E-02      47.2    497.1
2014  7 26   207   21 24  0     58.97   -0.1554E-02      50.8    495.8
2014  7 26   207   21 25  0     59.16   -0.1697E-02      55.3    494.2
2014  7 26   207   21 26  0     59.35   -0.2099E-02      68.1    497.4
2014  7 26   207   21 27  0     59.54   -0.2304E-02      75.0    496.9
2014  7 26   207   21 28  0     59.73   -0.2241E-02      72.5    493.8
2014  7 26   207   21 29  0     59.92   -0.2397E-02      77.6    493.6
2014  7 26   207   21 30  0     60.11   -0.2041E-02      65.3    486.6
2014  7 26   207   21 31  0     60.30   -0.1973E-02      62.5    484.6
2014  7 26   207   21 32  0     60.49   -0.1928E-02      60.7    482.9
2014  7 26   207   21 33  0     60.68   -0.1916E-02      59.9    481.5
2014  7 26   207   21 34  0     60.87   -0.2022E-02      62.8    482.2
2014  7 26   207   21 35  0     61.06   -0.2318E-02      72.3    485.3
2014  7 26   207   21 36  0     61.24   -0.2322E-02      71.6    484.5
2014  7 26   207   21 37  0     61.43   -0.2547E-02      78.4    486.7
2014  7 26   207   21 38  0     61.62   -0.2643E-02      80.9    486.9
2014  7 26   207   21 39  0     61.81   -0.2738E-02      83.0    487.7
2014  7 26   207   21 40  0     62.00   -0.2771E-02      83.3    487.9
2014  7 26   207   21 41  0     62.19   -0.2736E-02      81.7    487.3
2014  7 26   207   21 42  0     62.38   -0.2796E-02      83.3    488.0
2014  7 26   207   21 43  0     62.57   -0.2776E-02      82.3    486.9
2014  7 26   207   21 44  0     62.76   -0.2657E-02      77.9    484.5
2014  7 26   207   21 45  0     62.95   -0.2821E-02      83.3    486.0
2014  7 26   207   21 46  0     63.14   -0.2893E-02      85.6    486.3
2014  7 26   207   21 47  0     63.33   -0.2855E-02      84.5    484.9
2014  7 26   207   21 48  0     63.52   -0.2811E-02      83.2    483.7
2014  7 26   207   21 49  0     63.71   -0.2703E-02      79.5    482.0
2014  7 26   207   21 50  0     63.90   -0.2697E-02      79.7    481.6
2014  7 26   207   21 51  0     64.08   -0.2716E-02      80.7    482.1
2014  7 26   207   21 52  0     64.27   -0.2717E-02      80.9    482.1
2014  7 26   207   21 53  0     64.46   -0.2698E-02      80.6    481.3
2014  7 26   207   21 54  0     64.65   -0.2681E-02      80.1    480.7
2014  7 26   207   21 55  0     64.84   -0.2671E-02      79.6    480.4
2014  7 26   207   21 56  0     65.03   -0.2647E-02      79.1    479.8
2014  7 26   207   21 57  0     65.22   -0.2593E-02      77.6    479.2
2014  7 26   207   21 58  0     65.41   -0.2489E-02      74.2    477.9
2014  7 26   207   21 59  0     65.60   -0.2438E-02      72.4    478.5
2014  7 26   207   22  0  0     65.78   -0.2487E-02      74.5    480.5
2014  7 26   207   22  1  0     65.97   -0.2564E-02      77.0    481.7
2014  7 26   207   22  2  0     66.16   -0.2618E-02      79.0    481.5
2014  7 26   207   22  3  0     66.35   -0.2630E-02      79.7    480.5
2014  7 26   207   22  4  0     66.54   -0.2611E-02      79.3    479.9
2014  7 26   207   22  5  0     66.73   -0.2567E-02      78.1    479.1
2014  7 26   207   22  6  0     66.92   -0.2550E-02      78.2    479.0
2014  7 26   207   22  7  0     67.10   -0.2550E-02      78.7    479.7
2014  7 26   207   22  8  0     67.29   -0.2530E-02      78.6    479.6
2014  7 26   207   22  9  0     67.48   -0.2517E-02      78.6    480.3
2014  7 26   207   22 10  0     67.67   -0.2499E-02      78.7    480.5
2014  7 26   207   22 11  0     67.86   -0.2508E-02      79.5    482.2
2014  7 26   207   22 12  0     68.05   -0.2482E-02      79.2    482.3
2014  7 26   207   22 13  0     68.23   -0.2465E-02      79.2    483.5
2014  7 26   207   22 14  0     68.42   -0.2466E-02      80.2    484.4
2014  7 26   207   22 15  0     68.61   -0.2452E-02      80.4    485.2
2014  7 26   207   22 16  0     68.80   -0.2433E-02      80.5    485.8
2014  7 26   207   22 17  0     68.99   -0.2397E-02      79.8    486.0
2014  7 26   207   22 18  0     69.17   -0.2341E-02      78.4    485.0
2014  7 26   207   22 19  0     69.36   -0.2290E-02      77.3    485.0
2014  7 26   207   22 20  0     69.55   -0.2265E-02      77.4    486.3
2014  7 26   207   22 21  0     69.74   -0.2242E-02      77.7    487.4
2014  7 26   207   22 22  0     69.92   -0.2221E-02      78.5    489.0
2014  7 26   207   22 23  0     70.11   -0.2215E-02      79.4    492.8
2014  7 26   207   22 24  0     70.30   -0.2190E-02      79.7    497.2
2014  7 26   207   22 25  0     70.49   -0.2125E-02      78.3    497.2
2014  7 26   207   22 26  0     70.67   -0.1992E-02      72.9    489.5
2014  7 26   207   22 27  0     70.86   -0.1970E-02      72.9    489.7
2014  7 26   207   22 28  0     71.05   -0.1948E-02      72.7    488.0
2014  7 26   207   22 29  0     71.23   -0.1956E-02      74.0    491.0
2014  7 26   207   22 30  0     71.42   -0.1987E-02      77.1    495.4
2014  7 26   207   22 31  0     71.61   -0.1968E-02      77.1    497.6
2014  7 26   207   22 32  0     71.79   -0.1958E-02      77.9    500.1
2014  7 26   207   22 33  0     71.98   -0.1935E-02      78.5    500.3
2014  7 26   207   22 34  0     72.17   -0.1909E-02      78.6    501.8
2014  7 26   207   22 35  0     72.35   -0.1846E-02      76.2    500.6
2014  7 26   207   22 36  0     72.54   -0.1797E-02      74.8    500.4
2014  7 26   207   22 37  0     72.72   -0.1784E-02      76.3    503.3
2014  7 26   207   22 38  0     72.91   -0.1784E-02      78.3    511.3
2014  7 26   207   22 39  0     73.10   -0.1757E-02      78.5    514.6
2014  7 26   207   22 40  0     73.28   -0.1726E-02      78.8    517.1
2014  7 26   207   22 41  0     73.47   -0.1691E-02      78.6    519.3
2014  7 26   207   22 42  0     73.65   -0.1656E-02      78.3    520.0
2014  7 26   207   22 43  0     73.84   -0.1624E-02      78.2    521.7
2014  7 26   207   22 44  0     74.03   -0.1597E-02      78.3    523.9
2014  7 26   207   22 45  0     74.21   -0.1568E-02      78.3    527.2
2014  7 26   207   22 46  0     74.40   -0.1518E-02      76.6    526.0
2014  7 26   207   22 47  0     74.58   -0.1473E-02      75.4    525.4
2014  7 26   207   22 48  0     74.77   -0.1439E-02      75.3    527.2
2014  7 26   207   22 49  0     74.95   -0.1409E-02      75.5    533.3
2014  7 26   207   22 50  0     75.14   -0.1381E-02      75.8    538.6
2014  7 26   207   22 51  0     75.32   -0.1358E-02      76.5    545.1
2014  7 26   207   22 52  0     75.51   -0.1322E-02      76.2    546.4
2014  7 26   207   22 53  0     75.69   -0.1280E-02      75.3    544.9
2014  7 26   207   22 54  0     75.87   -0.1257E-02      76.5    548.9
2014  7 26   207   22 55  0     76.06   -0.1233E-02      77.3    551.1
2014  7 26   207   22 56  0     76.24   -0.1207E-02      77.3    556.6
2014  7 26   207   22 57  0     76.43   -0.1178E-02      77.3    559.2
2014  7 26   207   22 58  0     76.61   -0.1143E-02      77.1    555.2
2014  7 26   207   22 59  0     76.79   -0.1114E-02      76.9    560.0
2014  7 26   207   23  0  0     76.98   -0.1081E-02      76.8    555.3
2014  7 26   207   23  1  0     77.16   -0.1046E-02      76.6    550.1
2014  7 26   207   23  2  0     77.35   -0.1014E-02      76.4    550.2
2014  7 26   207   23  3  0     77.53   -0.9844E-03      76.2    550.2
2014  7 26   207   23  4  0     77.71   -0.9525E-03      75.4    550.1
2014  7 26   207   23  5  0     77.89   -0.9167E-03      74.6    544.9
2014  7 26   207   23  6  0     78.08   -0.8822E-03      74.0    541.5
2014  7 26   207   23  7  0     78.26   -0.8511E-03      73.4    542.5
2014  7 26   207   23  8  0     78.44   -0.8191E-03      73.1    538.0
2014  7 26   207   23  9  0     78.63   -0.7944E-03      73.0    543.2
2014  7 26   207   23 10  0     78.81   -0.7661E-03      73.1    537.5
2014  7 26   207   23 11  0     78.99   -0.7426E-03      73.3    537.7
2014  7 26   207   23 12  0     79.17   -0.7228E-03      73.5    543.2
2014  7 26   207   23 13  0     79.35   -0.6992E-03      73.6    540.1
2014  7 26   207   23 14  0     79.54   -0.6765E-03      73.6    540.7
2014  7 26   207   23 15  0     79.72   -0.6510E-03      73.5    536.2
2014  7 26   207   23 16  0     79.90   -0.6250E-03      73.7    529.3
2014  7 26   207   23 17  0     80.08   -0.6021E-03      74.1    527.4
2014  7 26   207   23 18  0     80.26   -0.5792E-03      74.4    525.3
2014  7 26   207   23 19  0     80.44   -0.5569E-03      74.9    522.0
2014  7 26   207   23 20  0     80.62   -0.5365E-03      75.4    522.0
2014  7 26   207   23 21  0     80.80   -0.5122E-03      75.6    513.6
2014  7 26   207   23 22  0     80.98   -0.4873E-03      75.8    502.9
2014  7 26   207   23 23  0     81.16   -0.4653E-03      75.9    498.2
2014  7 26   207   23 24  0     81.35   -0.4449E-03      76.0    495.2
2014  7 26   207   23 25  0     81.53   -0.4217E-03      75.9    486.6
2014  7 26   207   23 26  0     81.71   -0.4005E-03      75.6    480.4
2014  7 26   207   23 27  0     81.89   -0.3796E-03      75.5    473.0
2014  7 26   207   23 28  0     82.06   -0.3615E-03      75.7    468.7
2014  7 26   207   23 29  0     82.24   -0.3427E-03      75.8    463.3
2014  7 26   207   23 30  0     82.42   -0.3188E-03      75.9    445.2
2014  7 26   207   23 31  0     82.60   -0.3017E-03      76.1    442.2
2014  7 26   207   23 32  0     82.78   -0.2846E-03      76.6    436.6
2014  7 26   207   23 33  0     82.96   -0.2679E-03      77.1    431.6
2014  7 26   207   23 34  0     83.14   -0.2499E-03      77.3    422.6
2014  7 26   207   23 35  0     83.32   -0.2370E-03      77.4    425.6
2014  7 26   207   23 36  0     83.50   -0.2204E-03      77.4    417.7
2014  7 26   207   23 37  0     83.67   -0.2040E-03      77.3    409.9
2014  7 26   207   23 38  0     83.85   -0.1848E-03      77.1    394.9
2014  7 26   207   23 39  0     84.03   -0.1655E-03      76.9    377.6
2014  7 26   207   23 40  0     84.21   -0.1511E-03      76.8    371.7
2014  7 26   207   23 41  0     84.39   -0.1388E-03      76.7    369.1
2014  7 26   207   23 42  0     84.56   -0.1268E-03      76.8    365.2
2014  7 26   207   23 43  0     84.74   -0.1086E-03      77.0    348.0
2014  7 26   207   23 44  0     84.92   -0.9990E-04      77.2    348.2
2014  7 26   207   23 45  0     85.09   -0.8665E-04      77.4    338.1
2014  7 26   207   23 46  0     85.27   -0.7469E-04      77.3    330.7
2014  7 26   207   23 47  0     85.45   -0.6381E-04      77.2    324.9
2014  7 26   207   23 48  0     85.62   -0.5217E-04      77.3    316.5
2014  7 26   207   23 49  0     85.80   -0.4101E-04      77.3    306.4
2014  7 26   207   23 50  0     85.97   -0.3322E-04      77.5    303.4
2014  7 26   207   23 51  0     86.15   -0.2272E-04      77.6    293.1
2014  7 26   207   23 52  0     86.32   -0.1648E-04      77.6    292.3
2014  7 26   207   23 53  0     86.50   -0.9455E-05      77.7    287.9
2014  7 26   207   23 54  0     86.67    0.5298E-05      77.8    268.3
2014  7 26   207   23 55  0     86.85    0.1137E-04      78.0    265.6
2014  7 26   207   23 56  0     87.02    0.2001E-04      78.1    253.0
2014  7 26   207   23 57  0     87.20    0.2577E-04      78.1    248.8
2014  7 26   207   23 58  0     87.37    0.3548E-04      78.0    237.1
2014  7 26   207   23 59  0     87.55    0.3753E-04      78.0    241.3
