                            NILUUV 115

Uvpro Version 2.0
Latitude :   40.74 (North)
Longitude:  -74.03  (West)
Calibration file: cf100603a.115
Height above sea level:    40.0  m
CLT derived from channel 4
CLT scale factor used:   1.0
Ozone derived from channel pair ch3/ch1
Ozone scale factor used:   1.0
Drift factors ch1-ch6:   3.000154.000  1.000  1.000  1.000  1.000
Ozone profile climatology: Mid  Latitude
Dose type:    CLW    Caldwell Plant 1971           

yyyy mm dd   jul   hh mm ss      SZA     dose rate       clt     Ozone
                              [degrees]   [W/m^2]        [%]     [DU]
2014  1 30    30   12 14  0     89.89   -0.2003E-04      74.8    554.8
2014  1 30    30   12 15  0     89.71   -0.2434E-04      75.0    581.0
2014  1 30    30   12 16  0     89.54   -0.2803E-04      75.3    595.1
2014  1 30    30   12 17  0     89.37   -0.3229E-04      75.8    614.0
2014  1 30    30   12 18  0     89.19   -0.3406E-04      76.7    592.0
2014  1 30    30   12 19  0     89.02   -0.3925E-04      77.5    613.6
2014  1 30    30   12 20  0     88.85   -0.4482E-04      77.5    638.5
2014  1 30    30   12 21  0     88.68   -0.4803E-04      77.5    624.7
2014  1 30    30   12 22  0     88.50   -0.5498E-04      78.0    655.8
2014  1 30    30   12 23  0     88.33   -0.6140E-04      78.2    680.3
2014  1 30    30   12 24  0     88.16   -0.6683E-04      78.8    679.9
2014  1 30    30   12 25  0     87.99   -0.7168E-04      78.8    676.3
2014  1 30    30   12 26  0     87.82   -0.7879E-04      78.9    687.5
2014  1 30    30   12 27  0     87.65   -0.8676E-04      79.1    -99.9
2014  1 30    30   12 28  0     87.48   -0.9480E-04      79.3    -99.9
2014  1 30    30   12 29  0     87.31   -0.1033E-03      79.6    -99.9
2014  1 30    30   12 30  0     87.14   -0.1101E-03      79.9    -99.9
2014  1 30    30   12 31  0     86.97   -0.1211E-03      80.3    -99.9
2014  1 30    30   12 32  0     86.80   -0.1313E-03      80.2    -99.9
2014  1 30    30   12 33  0     86.63   -0.1424E-03      80.1    -99.9
2014  1 30    30   12 34  0     86.46   -0.1484E-03      80.3    -99.9
2014  1 30    30   12 35  0     86.29   -0.1584E-03      80.5    -99.9
2014  1 30    30   12 36  0     86.12   -0.1693E-03      80.6    -99.9
2014  1 30    30   12 37  0     85.95   -0.1789E-03      80.9    -99.9
2014  1 30    30   12 38  0     85.78   -0.1942E-03      80.7    -99.9
2014  1 30    30   12 39  0     85.62   -0.2072E-03      80.7    -99.9
2014  1 30    30   12 40  0     85.45   -0.2142E-03      80.5    -99.9
2014  1 30    30   12 41  0     85.28   -0.2265E-03      80.4    -99.9
2014  1 30    30   12 42  0     85.11   -0.2423E-03      80.7    -99.9
2014  1 30    30   12 43  0     84.95   -0.2561E-03      81.0    -99.9
2014  1 30    30   12 44  0     84.78   -0.2713E-03      81.1    -99.9
2014  1 30    30   12 45  0     84.62   -0.2856E-03      81.1    -99.9
2014  1 30    30   12 46  0     84.45   -0.3056E-03      81.1    -99.9
2014  1 30    30   12 47  0     84.28   -0.3170E-03      81.2    -99.9
2014  1 30    30   12 48  0     84.12   -0.3365E-03      81.2    -99.9
2014  1 30    30   12 49  0     83.95   -0.3496E-03      80.9    -99.9
2014  1 30    30   12 50  0     83.79   -0.3685E-03      80.9    -99.9
2014  1 30    30   12 51  0     83.62   -0.3843E-03      81.1    -99.9
2014  1 30    30   12 52  0     83.46   -0.4036E-03      81.3    -99.9
2014  1 30    30   12 53  0     83.30   -0.4182E-03      81.2    -99.9
2014  1 30    30   12 54  0     83.13   -0.4355E-03      81.3    -99.9
2014  1 30    30   12 55  0     82.97   -0.4602E-03      81.3    -99.9
2014  1 30    30   12 56  0     82.81   -0.4759E-03      81.0    -99.9
2014  1 30    30   12 57  0     82.64   -0.4913E-03      80.8    -99.9
2014  1 30    30   12 58  0     82.48   -0.5082E-03      80.7    -99.9
2014  1 30    30   12 59  0     82.32   -0.5330E-03      81.4    -99.9
2014  1 30    30   13  0  0     82.16   -0.5580E-03      81.7    -99.9
2014  1 30    30   13  1  0     81.99   -0.5774E-03      82.0    -99.9
2014  1 30    30   13  2  0     81.83   -0.5928E-03      81.3    -99.9
2014  1 30    30   13  3  0     81.67   -0.5971E-03      79.7    -99.9
2014  1 30    30   13  4  0     81.51   -0.6239E-03      79.8    -99.9
2014  1 30    30   13  5  0     81.35   -0.6527E-03      81.0    -99.9
2014  1 30    30   13  6  0     81.19   -0.6794E-03      81.2    -99.9
2014  1 30    30   13  7  0     81.03   -0.6994E-03      81.2    -99.9
2014  1 30    30   13  8  0     80.87   -0.7199E-03      81.0    -99.9
2014  1 30    30   13  9  0     80.71   -0.7446E-03      80.9    -99.9
2014  1 30    30   13 10  0     80.55   -0.7650E-03      80.7    -99.9
2014  1 30    30   13 11  0     80.39   -0.7911E-03      80.8    -99.9
2014  1 30    30   13 12  0     80.24   -0.8112E-03      80.6    -99.9
2014  1 30    30   13 13  0     80.08   -0.8362E-03      80.7    -99.9
2014  1 30    30   13 14  0     79.92   -0.8599E-03      80.7    -99.9
2014  1 30    30   13 15  0     79.76   -0.8861E-03      80.7    -99.9
2014  1 30    30   13 16  0     79.61   -0.9096E-03      80.8    693.2
2014  1 30    30   13 17  0     79.45   -0.9339E-03      80.7    685.1
2014  1 30    30   13 18  0     79.30   -0.9554E-03      80.5    677.3
2014  1 30    30   13 19  0     79.14   -0.9769E-03      80.2    671.8
2014  1 30    30   13 20  0     78.98   -0.1006E-02      80.2    673.4
2014  1 30    30   13 21  0     78.83   -0.1026E-02      80.0    661.6
2014  1 30    30   13 22  0     78.67   -0.1049E-02      80.0    653.7
2014  1 30    30   13 23  0     78.52   -0.1074E-02      80.0    645.1
2014  1 30    30   13 24  0     78.37   -0.1100E-02      80.1    640.0
2014  1 30    30   13 25  0     78.21   -0.1122E-02      80.0    629.2
2014  1 30    30   13 26  0     78.06   -0.1146E-02      79.8    620.8
2014  1 30    30   13 27  0     77.91   -0.1169E-02      79.8    613.5
2014  1 30    30   13 28  0     77.75   -0.1187E-02      79.2    611.0
2014  1 30    30   13 29  0     77.60   -0.1216E-02      79.4    605.6
2014  1 30    30   13 30  0     77.45   -0.1247E-02      79.5    603.3
2014  1 30    30   13 31  0     77.30   -0.1268E-02      79.6    594.9
2014  1 30    30   13 32  0     77.15   -0.1293E-02      79.6    588.2
2014  1 30    30   13 33  0     77.00   -0.1318E-02      79.6    583.0
2014  1 30    30   13 34  0     76.85   -0.1345E-02      79.7    575.2
2014  1 30    30   13 35  0     76.70   -0.1368E-02      79.6    570.7
2014  1 30    30   13 36  0     76.55   -0.1388E-02      79.6    563.6
2014  1 30    30   13 37  0     76.40   -0.1419E-02      79.8    560.3
2014  1 30    30   13 38  0     76.25   -0.1447E-02      79.9    556.8
2014  1 30    30   13 39  0     76.10   -0.1474E-02      79.9    551.2
2014  1 30    30   13 40  0     75.95   -0.1499E-02      80.0    545.0
2014  1 30    30   13 41  0     75.81   -0.1524E-02      80.1    535.6
2014  1 30    30   13 42  0     75.66   -0.1549E-02      80.0    532.6
2014  1 30    30   13 43  0     75.51   -0.1572E-02      79.9    527.0
2014  1 30    30   13 44  0     75.37   -0.1595E-02      79.7    523.4
2014  1 30    30   13 45  0     75.22   -0.1616E-02      79.5    518.9
2014  1 30    30   13 46  0     75.07   -0.1630E-02      79.1    515.5
2014  1 30    30   13 47  0     74.93   -0.1656E-02      79.2    511.6
2014  1 30    30   13 48  0     74.78   -0.1681E-02      79.4    505.5
2014  1 30    30   13 49  0     74.64   -0.1699E-02      79.2    503.4
2014  1 30    30   13 50  0     74.50   -0.1724E-02      79.1    500.6
2014  1 30    30   13 51  0     74.35   -0.1748E-02      79.0    496.1
2014  1 30    30   13 52  0     74.21   -0.1766E-02      78.7    493.8
2014  1 30    30   13 53  0     74.07   -0.1780E-02      78.4    490.5
2014  1 30    30   13 54  0     73.92   -0.1798E-02      78.3    486.8
2014  1 30    30   13 55  0     73.78   -0.1823E-02      78.4    484.6
2014  1 30    30   13 56  0     73.64   -0.1850E-02      78.6    481.9
2014  1 30    30   13 57  0     73.50   -0.1869E-02      78.5    478.9
2014  1 30    30   13 58  0     73.36   -0.1894E-02      78.6    477.2
2014  1 30    30   13 59  0     73.22   -0.1908E-02      78.3    473.6
2014  1 30    30   14  0  0     73.08   -0.1934E-02      78.5    472.3
2014  1 30    30   14  1  0     72.94   -0.1954E-02      78.6    470.0
2014  1 30    30   14  2  0     72.80   -0.1975E-02      78.6    467.9
2014  1 30    30   14  3  0     72.66   -0.1998E-02      78.7    466.0
2014  1 30    30   14  4  0     72.53   -0.2020E-02      78.7    465.1
2014  1 30    30   14  5  0     72.39   -0.2040E-02      79.0    462.9
2014  1 30    30   14  6  0     72.25   -0.2054E-02      78.7    461.6
2014  1 30    30   14  7  0     72.12   -0.2073E-02      78.7    459.8
2014  1 30    30   14  8  0     71.98   -0.2094E-02      78.7    458.9
2014  1 30    30   14  9  0     71.85   -0.2119E-02      79.2    457.8
2014  1 30    30   14 10  0     71.71   -0.2135E-02      79.1    455.9
2014  1 30    30   14 11  0     71.58   -0.2158E-02      79.3    455.7
2014  1 30    30   14 12  0     71.44   -0.2182E-02      79.4    456.0
2014  1 30    30   14 13  0     71.31   -0.2190E-02      79.2    454.1
2014  1 30    30   14 14  0     71.18   -0.2208E-02      79.2    452.6
2014  1 30    30   14 15  0     71.04   -0.2230E-02      79.6    451.4
2014  1 30    30   14 16  0     70.91   -0.2250E-02      79.8    450.7
2014  1 30    30   14 17  0     70.78   -0.2266E-02      79.8    449.5
2014  1 30    30   14 18  0     70.65   -0.2287E-02      80.1    449.4
2014  1 30    30   14 19  0     70.52   -0.2301E-02      80.2    448.3
2014  1 30    30   14 20  0     70.39   -0.2318E-02      80.2    447.8
2014  1 30    30   14 21  0     70.26   -0.2333E-02      80.4    446.9
2014  1 30    30   14 22  0     70.13   -0.2358E-02      80.7    446.9
2014  1 30    30   14 23  0     70.00   -0.2367E-02      80.9    446.0
2014  1 30    30   14 24  0     69.87   -0.2381E-02      80.9    445.5
2014  1 30    30   14 25  0     69.75   -0.2391E-02      80.8    445.1
2014  1 30    30   14 26  0     69.62   -0.2405E-02      81.0    444.8
2014  1 30    30   14 27  0     69.49   -0.2416E-02      81.0    444.4
2014  1 30    30   14 28  0     69.37   -0.2429E-02      81.1    444.4
2014  1 30    30   14 29  0     69.24   -0.2433E-02      81.0    443.5
2014  1 30    30   14 30  0     69.12   -0.2442E-02      81.0    443.1
2014  1 30    30   14 31  0     68.99   -0.2453E-02      81.1    442.9
2014  1 30    30   14 32  0     68.87   -0.2468E-02      81.3    442.7
2014  1 30    30   14 33  0     68.75   -0.2484E-02      81.7    442.5
2014  1 30    30   14 34  0     68.63   -0.2500E-02      82.1    442.0
2014  1 30    30   14 35  0     68.50   -0.2512E-02      82.3    442.0
2014  1 30    30   14 36  0     68.38   -0.2514E-02      82.3    441.5
2014  1 30    30   14 37  0     68.26   -0.2517E-02      82.2    441.4
2014  1 30    30   14 38  0     68.14   -0.2521E-02      82.1    441.3
2014  1 30    30   14 39  0     68.02   -0.2521E-02      82.0    440.8
2014  1 30    30   14 40  0     67.90   -0.2521E-02      81.8    440.5
2014  1 30    30   14 41  0     67.79   -0.2521E-02      81.7    440.6
2014  1 30    30   14 42  0     67.67   -0.2523E-02      81.8    440.3
2014  1 30    30   14 43  0     67.55   -0.2521E-02      81.7    439.6
2014  1 30    30   14 44  0     67.43   -0.2521E-02      81.7    439.2
2014  1 30    30   14 45  0     67.32   -0.2522E-02      81.8    439.1
2014  1 30    30   14 46  0     67.20   -0.2518E-02      81.7    438.8
2014  1 30    30   14 47  0     67.09   -0.2515E-02      81.6    438.4
2014  1 30    30   14 48  0     66.97   -0.2513E-02      81.6    438.3
2014  1 30    30   14 49  0     66.86   -0.2512E-02      81.6    438.2
2014  1 30    30   14 50  0     66.74   -0.2510E-02      81.6    438.3
2014  1 30    30   14 51  0     66.63   -0.2503E-02      81.4    438.2
2014  1 30    30   14 52  0     66.52   -0.2498E-02      81.3    438.0
2014  1 30    30   14 53  0     66.41   -0.2488E-02      81.2    437.7
2014  1 30    30   14 54  0     66.30   -0.2484E-02      81.0    437.8
2014  1 30    30   14 55  0     66.19   -0.2472E-02      80.9    437.2
2014  1 30    30   14 56  0     66.08   -0.2470E-02      81.0    437.0
2014  1 30    30   14 57  0     65.97   -0.2467E-02      81.1    437.3
2014  1 30    30   14 58  0     65.86   -0.2463E-02      81.2    437.4
2014  1 30    30   14 59  0     65.75   -0.2454E-02      81.2    437.4
2014  1 30    30   15  0  0     65.65   -0.2444E-02      81.0    437.5
2014  1 30    30   15  1  0     65.54   -0.2439E-02      81.2    437.5
2014  1 30    30   15  2  0     65.44   -0.2431E-02      81.2    437.5
2014  1 30    30   15  3  0     65.33   -0.2422E-02      81.3    437.4
2014  1 30    30   15  4  0     65.23   -0.2415E-02      81.3    437.6
2014  1 30    30   15  5  0     65.12   -0.2404E-02      81.4    437.1
2014  1 30    30   15  6  0     65.02   -0.2392E-02      81.4    437.0
2014  1 30    30   15  7  0     64.92   -0.2385E-02      81.4    437.4
2014  1 30    30   15  8  0     64.81   -0.2369E-02      81.3    437.3
2014  1 30    30   15  9  0     64.71   -0.2362E-02      81.4    437.4
2014  1 30    30   15 10  0     64.61   -0.2355E-02      81.7    437.5
2014  1 30    30   15 11  0     64.51   -0.2339E-02      81.7    437.4
2014  1 30    30   15 12  0     64.41   -0.2327E-02      81.8    437.3
2014  1 30    30   15 13  0     64.32   -0.2314E-02      81.9    437.3
2014  1 30    30   15 14  0     64.22   -0.2299E-02      82.1    436.7
2014  1 30    30   15 15  0     64.12   -0.2285E-02      81.9    436.8
2014  1 30    30   15 16  0     64.02   -0.2267E-02      82.0    436.8
2014  1 30    30   15 17  0     63.93   -0.2248E-02      81.9    437.1
2014  1 30    30   15 18  0     63.83   -0.2230E-02      81.8    437.1
2014  1 30    30   15 19  0     63.74   -0.2212E-02      81.7    437.1
2014  1 30    30   15 20  0     63.65   -0.2194E-02      81.7    437.1
2014  1 30    30   15 21  0     63.55   -0.2169E-02      81.8    436.9
2014  1 30    30   15 22  0     63.46   -0.2156E-02      81.8    437.0
2014  1 30    30   15 23  0     63.37   -0.2131E-02      81.7    436.9
2014  1 30    30   15 24  0     63.28   -0.2112E-02      81.7    437.0
2014  1 30    30   15 25  0     63.19   -0.2092E-02      81.7    436.6
2014  1 30    30   15 26  0     63.10   -0.2064E-02      81.6    436.3
2014  1 30    30   15 27  0     63.01   -0.2042E-02      81.5    436.3
2014  1 30    30   15 28  0     62.92   -0.2024E-02      81.6    436.8
2014  1 30    30   15 29  0     62.84   -0.1994E-02      81.5    436.7
2014  1 30    30   15 30  0     62.75   -0.1966E-02      81.3    436.5
2014  1 30    30   15 31  0     62.67   -0.1943E-02      81.4    436.5
2014  1 30    30   15 32  0     62.58   -0.1917E-02      81.3    436.4
2014  1 30    30   15 33  0     62.50   -0.1897E-02      81.6    436.4
2014  1 30    30   15 34  0     62.41   -0.1872E-02      81.6    436.4
2014  1 30    30   15 35  0     62.33   -0.1850E-02      81.6    436.4
2014  1 30    30   15 36  0     62.25   -0.1829E-02      81.5    436.0
2014  1 30    30   15 37  0     62.17   -0.1810E-02      81.6    436.2
2014  1 30    30   15 38  0     62.09   -0.1784E-02      81.6    436.2
2014  1 30    30   15 39  0     62.01   -0.1758E-02      81.5    436.1
2014  1 30    30   15 40  0     61.93   -0.1742E-02      81.5    436.8
2014  1 30    30   15 41  0     61.85   -0.1721E-02      81.5    436.9
2014  1 30    30   15 42  0     61.77   -0.1696E-02      81.5    437.0
2014  1 30    30   15 43  0     61.70   -0.1670E-02      81.4    437.1
2014  1 30    30   15 44  0     61.62   -0.1650E-02      81.4    437.2
2014  1 30    30   15 45  0     61.55   -0.1625E-02      81.3    437.3
2014  1 30    30   15 46  0     61.47   -0.1596E-02      81.1    437.2
2014  1 30    30   15 47  0     61.40   -0.1566E-02      81.1    437.2
2014  1 30    30   15 48  0     61.33   -0.1544E-02      81.1    437.2
2014  1 30    30   15 49  0     61.25   -0.1518E-02      81.0    437.2
2014  1 30    30   15 50  0     61.18   -0.1487E-02      80.7    436.9
2014  1 30    30   15 51  0     61.11   -0.1462E-02      80.6    437.0
2014  1 30    30   15 52  0     61.04   -0.1446E-02      80.8    437.2
2014  1 30    30   15 53  0     60.98   -0.1420E-02      80.8    437.5
2014  1 30    30   15 54  0     60.91   -0.1386E-02      80.7    437.4
2014  1 30    30   15 55  0     60.84   -0.1360E-02      80.7    437.5
2014  1 30    30   15 56  0     60.77   -0.1323E-02      80.7    437.2
2014  1 30    30   15 57  0     60.71   -0.1296E-02      80.6    437.3
2014  1 30    30   15 58  0     60.64   -0.1262E-02      80.5    437.1
2014  1 30    30   15 59  0     60.58   -0.1223E-02      80.4    436.9
2014  1 30    30   16  0  0     60.52   -0.1204E-02      80.5    437.1
2014  1 30    30   16  1  0     60.45   -0.1178E-02      80.4    437.1
2014  1 30    30   16  2  0     60.39   -0.1158E-02      80.4    437.3
2014  1 30    30   16  3  0     60.33   -0.1134E-02      80.5    437.3
2014  1 30    30   16  4  0     60.27   -0.1120E-02      80.4    437.6
2014  1 30    30   16  5  0     60.21   -0.1105E-02      80.5    437.8
2014  1 30    30   16  6  0     60.16   -0.1086E-02      80.8    437.7
2014  1 30    30   16  7  0     60.10   -0.1071E-02      80.8    437.9
2014  1 30    30   16  8  0     60.04   -0.1055E-02      80.7    438.1
2014  1 30    30   16  9  0     59.99   -0.1047E-02      80.6    438.8
2014  1 30    30   16 10  0     59.93   -0.1048E-02      80.7    439.3
2014  1 30    30   16 11  0     59.88   -0.1031E-02      80.7    439.5
2014  1 30    30   16 12  0     59.83   -0.1012E-02      80.5    439.7
2014  1 30    30   16 13  0     59.77   -0.9898E-03      80.2    439.8
2014  1 30    30   16 14  0     59.72   -0.9729E-03      80.1    440.0
2014  1 30    30   16 15  0     59.67   -0.9535E-03      80.1    440.1
2014  1 30    30   16 16  0     59.62   -0.9209E-03      79.9    440.0
2014  1 30    30   16 17  0     59.57   -0.8910E-03      79.7    439.9
2014  1 30    30   16 18  0     59.53   -0.8684E-03      79.7    439.9
2014  1 30    30   16 19  0     59.48   -0.8547E-03      79.9    440.1
2014  1 30    30   16 20  0     59.43   -0.8333E-03      79.9    440.1
2014  1 30    30   16 21  0     59.39   -0.8147E-03      79.9    440.2
2014  1 30    30   16 22  0     59.35   -0.8007E-03      80.1    440.3
2014  1 30    30   16 23  0     59.30   -0.7788E-03      80.0    440.3
2014  1 30    30   16 24  0     59.26   -0.7719E-03      80.2    440.6
2014  1 30    30   16 25  0     59.22   -0.7625E-03      80.3    440.8
2014  1 30    30   16 26  0     59.18   -0.7425E-03      80.3    440.8
2014  1 30    30   16 27  0     59.14   -0.7316E-03      80.5    441.0
2014  1 30    30   16 28  0     59.10   -0.7140E-03      80.3    441.1
2014  1 30    30   16 29  0     59.06   -0.7048E-03      80.2    441.3
2014  1 30    30   16 30  0     59.02   -0.6928E-03      80.3    441.4
2014  1 30    30   16 31  0     58.99   -0.6906E-03      80.5    441.7
2014  1 30    30   16 32  0     58.95   -0.6742E-03      80.1    441.8
2014  1 30    30   16 33  0     58.92   -0.6582E-03      80.0    441.9
2014  1 30    30   16 34  0     58.88   -0.6527E-03      80.0    442.2
2014  1 30    30   16 35  0     58.85   -0.6434E-03      79.9    442.3
2014  1 30    30   16 36  0     58.82   -0.6400E-03      79.9    442.6
2014  1 30    30   16 37  0     58.79   -0.6281E-03      79.8    442.7
2014  1 30    30   16 38  0     58.76   -0.6203E-03      79.9    442.9
2014  1 30    30   16 39  0     58.73   -0.6020E-03      80.1    442.8
2014  1 30    30   16 40  0     58.70   -0.5861E-03      79.9    442.8
2014  1 30    30   16 41  0     58.67   -0.5776E-03      79.9    443.0
2014  1 30    30   16 42  0     58.65   -0.5550E-03      79.8    442.8
2014  1 30    30   16 43  0     58.62   -0.5468E-03      79.9    442.9
2014  1 30    30   16 44  0     58.60   -0.5194E-03      79.6    442.7
2014  1 30    30   16 45  0     58.57   -0.5023E-03      79.5    442.7
2014  1 30    30   16 46  0     58.55   -0.4765E-03      79.2    442.4
2014  1 30    30   16 47  0     58.53   -0.4580E-03      79.1    442.3
2014  1 30    30   16 48  0     58.51   -0.4484E-03      79.2    442.4
2014  1 30    30   16 49  0     58.49   -0.4349E-03      79.3    442.3
2014  1 30    30   16 50  0     58.47   -0.4163E-03      79.2    442.2
2014  1 30    30   16 51  0     58.45   -0.3962E-03      79.2    442.0
2014  1 30    30   16 52  0     58.43   -0.3787E-03      79.3    441.9
2014  1 30    30   16 53  0     58.42   -0.3648E-03      79.4    441.8
2014  1 30    30   16 54  0     58.40   -0.3542E-03      79.3    441.7
2014  1 30    30   16 55  0     58.39   -0.3396E-03      79.2    441.6
2014  1 30    30   16 56  0     58.37   -0.3256E-03      79.0    441.6
2014  1 30    30   16 57  0     58.36   -0.3166E-03      79.0    441.5
2014  1 30    30   16 58  0     58.35   -0.3156E-03      79.4    441.6
2014  1 30    30   16 59  0     58.34   -0.3158E-03      79.7    441.7
2014  1 30    30   17  0  0     58.33   -0.3143E-03      79.8    441.8
2014  1 30    30   17  1  0     58.32   -0.3165E-03      79.9    441.9
2014  1 30    30   17  2  0     58.31   -0.3155E-03      80.0    442.0
2014  1 30    30   17  3  0     58.30   -0.3177E-03      80.1    442.1
2014  1 30    30   17  4  0     58.30   -0.3164E-03      80.0    442.1
2014  1 30    30   17  5  0     58.29   -0.3210E-03      80.1    442.2
2014  1 30    30   17  6  0     58.29   -0.3180E-03      80.2    442.2
2014  1 30    30   17  7  0     58.29   -0.3104E-03      80.1    442.1
2014  1 30    30   17  8  0     58.28   -0.3097E-03      79.9    442.1
2014  1 30    30   17  9  0     58.28   -0.3166E-03      80.2    442.3
2014  1 30    30   17 10  0     58.28   -0.3198E-03      80.3    442.3
2014  1 30    30   17 11  0     58.28   -0.3280E-03      80.3    442.4
2014  1 30    30   17 12  0     58.28   -0.3374E-03      80.4    442.6
2014  1 30    30   17 13  0     58.28   -0.3437E-03      80.4    442.7
2014  1 30    30   17 14  0     58.29   -0.3554E-03      80.2    442.9
2014  1 30    30   17 15  0     58.29   -0.3608E-03      80.0    443.0
2014  1 30    30   17 16  0     58.30   -0.3684E-03      79.9    443.0
2014  1 30    30   17 17  0     58.30   -0.3746E-03      80.0    443.1
2014  1 30    30   17 18  0     58.31   -0.3863E-03      80.0    443.2
2014  1 30    30   17 19  0     58.32   -0.4021E-03      80.2    443.4
2014  1 30    30   17 20  0     58.33   -0.4113E-03      80.4    443.5
2014  1 30    30   17 21  0     58.34   -0.4207E-03      80.8    443.5
2014  1 30    30   17 22  0     58.35   -0.4309E-03      80.8    443.6
2014  1 30    30   17 23  0     58.36   -0.4422E-03      80.7    443.7
2014  1 30    30   17 24  0     58.37   -0.4499E-03      80.7    443.7
2014  1 30    30   17 25  0     58.38   -0.4596E-03      80.6    443.7
2014  1 30    30   17 26  0     58.40   -0.4719E-03      80.4    443.9
2014  1 30    30   17 27  0     58.41   -0.4902E-03      80.2    444.0
2014  1 30    30   17 28  0     58.43   -0.5136E-03      80.4    444.3
2014  1 30    30   17 29  0     58.45   -0.5326E-03      80.4    444.5
2014  1 30    30   17 30  0     58.46   -0.5589E-03      80.4    444.8
2014  1 30    30   17 31  0     58.48   -0.5711E-03      80.4    444.8
2014  1 30    30   17 32  0     58.50   -0.5846E-03      80.3    444.9
2014  1 30    30   17 33  0     58.52   -0.6076E-03      80.3    445.1
2014  1 30    30   17 34  0     58.54   -0.6255E-03      80.2    445.2
2014  1 30    30   17 35  0     58.57   -0.6474E-03      80.3    445.4
2014  1 30    30   17 36  0     58.59   -0.6712E-03      80.7    445.6
2014  1 30    30   17 37  0     58.61   -0.6917E-03      80.7    445.7
2014  1 30    30   17 38  0     58.64   -0.7175E-03      80.9    445.9
2014  1 30    30   17 39  0     58.67   -0.7177E-03      80.3    445.7
2014  1 30    30   17 40  0     58.69   -0.7213E-03      79.9    445.6
2014  1 30    30   17 41  0     58.72   -0.7347E-03      79.8    445.5
2014  1 30    30   17 42  0     58.75   -0.7513E-03      79.9    445.6
2014  1 30    30   17 43  0     58.78   -0.7723E-03      80.0    445.7
2014  1 30    30   17 44  0     58.81   -0.7775E-03      79.9    445.4
2014  1 30    30   17 45  0     58.84   -0.7868E-03      79.8    445.3
2014  1 30    30   17 46  0     58.87   -0.8092E-03      80.0    445.4
2014  1 30    30   17 47  0     58.91   -0.8243E-03      79.7    445.4
2014  1 30    30   17 48  0     58.94   -0.8408E-03      79.5    445.4
2014  1 30    30   17 49  0     58.98   -0.8673E-03      79.7    445.5
2014  1 30    30   17 50  0     59.01   -0.8873E-03      79.7    445.6
2014  1 30    30   17 51  0     59.05   -0.9056E-03      79.9    445.6
2014  1 30    30   17 52  0     59.09   -0.9236E-03      79.7    445.6
2014  1 30    30   17 53  0     59.12   -0.9455E-03      79.5    445.7
2014  1 30    30   17 54  0     59.16   -0.9657E-03      79.7    445.7
2014  1 30    30   17 55  0     59.20   -0.9950E-03      79.7    446.0
2014  1 30    30   17 56  0     59.25   -0.1015E-02      79.4    446.0
2014  1 30    30   17 57  0     59.29   -0.1041E-02      79.3    446.2
2014  1 30    30   17 58  0     59.33   -0.1071E-02      79.5    446.4
2014  1 30    30   17 59  0     59.37   -0.1092E-02      79.5    446.4
2014  1 30    30   18  0  0     59.42   -0.1117E-02      79.7    446.5
2014  1 30    30   18  1  0     59.46   -0.1149E-02      79.9    446.7
2014  1 30    30   18  2  0     59.51   -0.1174E-02      80.0    446.8
2014  1 30    30   18  3  0     59.56   -0.1193E-02      79.8    446.7
2014  1 30    30   18  4  0     59.61   -0.1216E-02      79.7    446.8
2014  1 30    30   18  5  0     59.66   -0.1237E-02      79.6    446.8
2014  1 30    30   18  6  0     59.71   -0.1268E-02      79.8    447.0
2014  1 30    30   18  7  0     59.76   -0.1287E-02      79.9    446.9
2014  1 30    30   18  8  0     59.81   -0.1309E-02      79.8    446.9
2014  1 30    30   18  9  0     59.86   -0.1337E-02      79.9    447.0
2014  1 30    30   18 10  0     59.91   -0.1358E-02      79.8    447.0
2014  1 30    30   18 11  0     59.97   -0.1386E-02      79.9    447.1
2014  1 30    30   18 12  0     60.02   -0.1417E-02      80.1    447.3
2014  1 30    30   18 13  0     60.08   -0.1440E-02      80.2    447.2
2014  1 30    30   18 14  0     60.14   -0.1456E-02      80.3    447.1
2014  1 30    30   18 15  0     60.20   -0.1475E-02      80.1    447.1
2014  1 30    30   18 16  0     60.25   -0.1497E-02      80.0    447.1
2014  1 30    30   18 17  0     60.31   -0.1523E-02      80.3    447.1
2014  1 30    30   18 18  0     60.37   -0.1533E-02      80.2    446.8
2014  1 30    30   18 19  0     60.44   -0.1548E-02      80.1    446.6
2014  1 30    30   18 20  0     60.50   -0.1563E-02      80.1    446.4
2014  1 30    30   18 21  0     60.56   -0.1578E-02      80.1    446.2
2014  1 30    30   18 22  0     60.62   -0.1595E-02      80.1    446.0
2014  1 30    30   18 23  0     60.69   -0.1610E-02      80.2    445.7
2014  1 30    30   18 24  0     60.75   -0.1624E-02      80.3    445.4
2014  1 30    30   18 25  0     60.82   -0.1638E-02      80.3    445.1
2014  1 30    30   18 26  0     60.88   -0.1653E-02      80.5    444.8
2014  1 30    30   18 27  0     60.95   -0.1667E-02      80.5    444.5
2014  1 30    30   18 28  0     61.02   -0.1684E-02      80.7    444.2
2014  1 30    30   18 29  0     61.09   -0.1700E-02      80.9    443.9
2014  1 30    30   18 30  0     61.16   -0.1711E-02      80.9    443.6
2014  1 30    30   18 31  0     61.23   -0.1718E-02      80.9    443.2
2014  1 30    30   18 32  0     61.30   -0.1725E-02      80.7    442.8
2014  1 30    30   18 33  0     61.37   -0.1738E-02      80.8    442.4
2014  1 30    30   18 34  0     61.45   -0.1747E-02      80.9    442.0
2014  1 30    30   18 35  0     61.52   -0.1742E-02      80.5    441.3
2014  1 30    30   18 36  0     61.60   -0.1751E-02      80.4    440.9
2014  1 30    30   18 37  0     61.67   -0.1759E-02      80.3    440.5
2014  1 30    30   18 38  0     61.75   -0.1764E-02      80.1    440.0
2014  1 30    30   18 39  0     61.83   -0.1775E-02      80.2    439.6
2014  1 30    30   18 40  0     61.90   -0.1784E-02      80.1    439.2
2014  1 30    30   18 41  0     61.98   -0.1795E-02      80.0    438.8
2014  1 30    30   18 42  0     62.06   -0.1812E-02      80.1    438.4
2014  1 30    30   18 43  0     62.14   -0.1830E-02      80.1    438.4
2014  1 30    30   18 44  0     62.22   -0.1839E-02      80.1    438.1
2014  1 30    30   18 45  0     62.30   -0.1850E-02      80.2    437.7
2014  1 30    30   18 46  0     62.39   -0.1868E-02      80.3    437.4
2014  1 30    30   18 47  0     62.47   -0.1882E-02      80.3    437.1
2014  1 30    30   18 48  0     62.55   -0.1894E-02      80.2    436.9
2014  1 30    30   18 49  0     62.64   -0.1901E-02      80.1    436.4
2014  1 30    30   18 50  0     62.72   -0.1916E-02      80.1    436.2
2014  1 30    30   18 51  0     62.81   -0.1924E-02      80.0    435.8
2014  1 30    30   18 52  0     62.90   -0.1929E-02      79.7    435.4
2014  1 30    30   18 53  0     62.98   -0.1937E-02      79.5    435.0
2014  1 30    30   18 54  0     63.07   -0.1946E-02      79.4    434.1
2014  1 30    30   18 55  0     63.16   -0.1965E-02      79.6    433.8
2014  1 30    30   18 56  0     63.25   -0.1989E-02      80.0    433.6
2014  1 30    30   18 57  0     63.34   -0.2006E-02      80.4    433.2
2014  1 30    30   18 58  0     63.43   -0.2018E-02      80.5    432.8
2014  1 30    30   18 59  0     63.52   -0.2022E-02      80.5    432.2
2014  1 30    30   19  0  0     63.62   -0.2033E-02      80.4    431.8
2014  1 30    30   19  1  0     63.71   -0.2040E-02      80.5    432.2
2014  1 30    30   19  2  0     63.80   -0.2049E-02      80.4    431.9
2014  1 30    30   19  3  0     63.90   -0.2057E-02      80.3    431.6
2014  1 30    30   19  4  0     63.99   -0.2071E-02      80.4    431.3
2014  1 30    30   19  5  0     64.09   -0.2086E-02      80.4    430.1
2014  1 30    30   19  6  0     64.19   -0.2101E-02      80.4    430.0
2014  1 30    30   19  7  0     64.28   -0.2119E-02      80.6    429.9
2014  1 30    30   19  8  0     64.38   -0.2134E-02      80.7    429.7
2014  1 30    30   19  9  0     64.48   -0.2148E-02      80.6    429.5
2014  1 30    30   19 10  0     64.58   -0.2149E-02      80.4    429.1
2014  1 30    30   19 11  0     64.68   -0.2161E-02      80.1    429.2
2014  1 30    30   19 12  0     64.78   -0.2176E-02      80.1    429.2
2014  1 30    30   19 13  0     64.88   -0.2186E-02      80.0    430.2
2014  1 30    30   19 14  0     64.99   -0.2203E-02      79.9    430.3
2014  1 30    30   19 15  0     65.09   -0.2225E-02      80.2    429.3
2014  1 30    30   19 16  0     65.19   -0.2237E-02      80.1    429.3
2014  1 30    30   19 17  0     65.30   -0.2249E-02      80.1    429.3
2014  1 30    30   19 18  0     65.40   -0.2255E-02      79.9    429.3
2014  1 30    30   19 19  0     65.51   -0.2267E-02      79.9    429.3
2014  1 30    30   19 20  0     65.61   -0.2279E-02      79.8    429.3
2014  1 30    30   19 21  0     65.72   -0.2283E-02      79.7    429.1
2014  1 30    30   19 22  0     65.83   -0.2294E-02      79.6    430.2
2014  1 30    30   19 23  0     65.93   -0.2301E-02      79.7    430.1
2014  1 30    30   19 24  0     66.04   -0.2312E-02      79.8    429.0
2014  1 30    30   19 25  0     66.15   -0.2319E-02      79.7    429.1
2014  1 30    30   19 26  0     66.26   -0.2322E-02      79.7    428.9
2014  1 30    30   19 27  0     66.37   -0.2324E-02      79.6    428.8
2014  1 30    30   19 28  0     66.48   -0.2328E-02      79.7    428.7
2014  1 30    30   19 29  0     66.60   -0.2342E-02      80.0    428.7
2014  1 30    30   19 30  0     66.71   -0.2349E-02      80.2    428.6
2014  1 30    30   19 31  0     66.82   -0.2353E-02      80.3    428.4
2014  1 30    30   19 32  0     66.93   -0.2352E-02      80.3    429.2
2014  1 30    30   19 33  0     67.05   -0.2353E-02      80.3    427.9
2014  1 30    30   19 34  0     67.16   -0.2350E-02      80.1    427.7
2014  1 30    30   19 35  0     67.28   -0.2350E-02      80.1    427.7
2014  1 30    30   19 36  0     67.39   -0.2346E-02      79.9    427.5
2014  1 30    30   19 37  0     67.51   -0.2346E-02      80.1    427.3
2014  1 30    30   19 38  0     67.63   -0.2353E-02      80.2    427.5
2014  1 30    30   19 39  0     67.75   -0.2360E-02      80.4    427.7
2014  1 30    30   19 40  0     67.86   -0.2359E-02      80.4    427.8
2014  1 30    30   19 41  0     67.98   -0.2354E-02      80.3    428.7
2014  1 30    30   19 42  0     68.10   -0.2363E-02      80.4    428.2
2014  1 30    30   19 43  0     68.22   -0.2367E-02      80.7    428.5
2014  1 30    30   19 44  0     68.34   -0.2365E-02      80.8    428.5
2014  1 30    30   19 45  0     68.46   -0.2362E-02      80.7    428.7
2014  1 30    30   19 46  0     68.59   -0.2351E-02      80.5    428.5
2014  1 30    30   19 47  0     68.71   -0.2346E-02      80.4    428.9
2014  1 30    30   19 48  0     68.83   -0.2337E-02      80.3    429.6
2014  1 30    30   19 49  0     68.95   -0.2334E-02      80.5    429.8
2014  1 30    30   19 50  0     69.08   -0.2338E-02      80.6    429.5
2014  1 30    30   19 51  0     69.20   -0.2327E-02      80.5    429.4
2014  1 30    30   19 52  0     69.33   -0.2324E-02      80.7    429.8
2014  1 30    30   19 53  0     69.45   -0.2309E-02      80.3    429.9
2014  1 30    30   19 54  0     69.58   -0.2305E-02      80.3    430.4
2014  1 30    30   19 55  0     69.71   -0.2297E-02      80.4    430.4
2014  1 30    30   19 56  0     69.83   -0.2295E-02      80.5    431.8
2014  1 30    30   19 57  0     69.96   -0.2281E-02      80.4    431.8
2014  1 30    30   19 58  0     70.09   -0.2269E-02      80.5    431.1
2014  1 30    30   19 59  0     70.22   -0.2263E-02      80.4    432.0
2014  1 30    30   20  0  0     70.35   -0.2254E-02      80.4    432.4
2014  1 30    30   20  1  0     70.48   -0.2238E-02      80.4    432.3
2014  1 30    30   20  2  0     70.61   -0.2226E-02      80.4    433.1
2014  1 30    30   20  3  0     70.74   -0.2211E-02      80.4    433.3
2014  1 30    30   20  4  0     70.87   -0.2205E-02      80.6    433.9
2014  1 30    30   20  5  0     71.00   -0.2200E-02      80.8    434.3
2014  1 30    30   20  6  0     71.13   -0.2188E-02      80.9    435.0
2014  1 30    30   20  7  0     71.27   -0.2169E-02      80.7    435.1
2014  1 30    30   20  8  0     71.40   -0.2152E-02      80.6    435.9
2014  1 30    30   20  9  0     71.53   -0.2142E-02      80.8    436.2
2014  1 30    30   20 10  0     71.67   -0.2136E-02      81.0    437.6
2014  1 30    30   20 11  0     71.80   -0.2116E-02      81.1    437.4
2014  1 30    30   20 12  0     71.94   -0.2096E-02      80.9    437.8
2014  1 30    30   20 13  0     72.07   -0.2074E-02      80.7    437.9
2014  1 30    30   20 14  0     72.21   -0.2061E-02      80.6    439.7
2014  1 30    30   20 15  0     72.34   -0.2043E-02      80.7    440.3
2014  1 30    30   20 16  0     72.48   -0.2026E-02      80.7    441.7
2014  1 30    30   20 17  0     72.62   -0.2006E-02      80.6    442.4
2014  1 30    30   20 18  0     72.76   -0.1982E-02      80.5    442.5
2014  1 30    30   20 19  0     72.89   -0.1969E-02      80.6    444.2
2014  1 30    30   20 20  0     73.03   -0.1952E-02      80.8    444.6
2014  1 30    30   20 21  0     73.17   -0.1937E-02      80.9    446.8
2014  1 30    30   20 22  0     73.31   -0.1912E-02      80.8    447.7
2014  1 30    30   20 23  0     73.45   -0.1888E-02      80.7    448.7
2014  1 30    30   20 24  0     73.59   -0.1866E-02      80.6    450.0
2014  1 30    30   20 25  0     73.73   -0.1851E-02      80.6    453.0
2014  1 30    30   20 26  0     73.88   -0.1834E-02      80.8    455.0
2014  1 30    30   20 27  0     74.02   -0.1806E-02      80.7    454.3
2014  1 30    30   20 28  0     74.16   -0.1789E-02      80.7    457.8
2014  1 30    30   20 29  0     74.30   -0.1771E-02      80.8    460.3
2014  1 30    30   20 30  0     74.45   -0.1751E-02      80.9    461.3
2014  1 30    30   20 31  0     74.59   -0.1729E-02      81.0    463.0
2014  1 30    30   20 32  0     74.73   -0.1712E-02      81.1    466.5
2014  1 30    30   20 33  0     74.88   -0.1692E-02      81.2    468.9
2014  1 30    30   20 34  0     75.02   -0.1667E-02      81.4    469.4
2014  1 30    30   20 35  0     75.17   -0.1646E-02      81.2    473.3
2014  1 30    30   20 36  0     75.31   -0.1618E-02      81.0    475.2
2014  1 30    30   20 37  0     75.46   -0.1592E-02      80.8    478.4
2014  1 30    30   20 38  0     75.61   -0.1573E-02      80.9    483.1
2014  1 30    30   20 39  0     75.76   -0.1549E-02      81.0    484.7
2014  1 30    30   20 40  0     75.90   -0.1527E-02      80.9    489.6
2014  1 30    30   20 41  0     76.05   -0.1506E-02      80.9    496.1
2014  1 30    30   20 42  0     76.20   -0.1476E-02      80.8    496.5
2014  1 30    30   20 43  0     76.35   -0.1450E-02      80.7    500.1
2014  1 30    30   20 44  0     76.50   -0.1430E-02      80.8    507.1
2014  1 30    30   20 45  0     76.65   -0.1407E-02      81.0    509.1
2014  1 30    30   20 46  0     76.80   -0.1389E-02      81.1    519.5
2014  1 30    30   20 47  0     76.95   -0.1363E-02      81.1    521.8
2014  1 30    30   20 48  0     77.10   -0.1338E-02      81.1    526.8
2014  1 30    30   20 49  0     77.25   -0.1313E-02      81.1    530.9
2014  1 30    30   20 50  0     77.40   -0.1289E-02      81.2    537.0
2014  1 30    30   20 51  0     77.55   -0.1263E-02      81.3    541.6
2014  1 30    30   20 52  0     77.70   -0.1237E-02      81.3    545.6
2014  1 30    30   20 53  0     77.85   -0.1214E-02      81.3    550.1
2014  1 30    30   20 54  0     78.01   -0.1193E-02      81.3    561.5
2014  1 30    30   20 55  0     78.16   -0.1165E-02      81.3    563.0
2014  1 30    30   20 56  0     78.31   -0.1139E-02      81.1    569.5
2014  1 30    30   20 57  0     78.47   -0.1114E-02      81.1    574.5
2014  1 30    30   20 58  0     78.62   -0.1086E-02      81.1    575.5
2014  1 30    30   20 59  0     78.78   -0.1065E-02      81.2    584.8
2014  1 30    30   21  0  0     78.93   -0.1039E-02      81.2    587.8
2014  1 30    30   21  1  0     79.09   -0.1017E-02      81.4    591.8
2014  1 30    30   21  2  0     79.24   -0.9934E-03      81.5    597.7
2014  1 30    30   21  3  0     79.40   -0.9663E-03      81.6    597.1
2014  1 30    30   21  4  0     79.56   -0.9464E-03      81.5    610.3
2014  1 30    30   21  5  0     79.71   -0.9194E-03      81.6    609.1
2014  1 30    30   21  6  0     79.87   -0.8962E-03      81.5    617.1
2014  1 30    30   21  7  0     80.03   -0.8732E-03      81.6    623.4
2014  1 30    30   21  8  0     80.18   -0.8515E-03      81.7    631.2
2014  1 30    30   21  9  0     80.34   -0.8224E-03      81.7    623.1
2014  1 30    30   21 10  0     80.50   -0.8051E-03      81.8    642.5
2014  1 30    30   21 11  0     80.66   -0.7803E-03      81.8    643.3
2014  1 30    30   21 12  0     80.82   -0.7581E-03      81.8    650.7
2014  1 30    30   21 13  0     80.98   -0.7318E-03      81.9    646.6
2014  1 30    30   21 14  0     81.14   -0.7096E-03      82.0    650.0
2014  1 30    30   21 15  0     81.30   -0.6880E-03      82.0    655.2
2014  1 30    30   21 16  0     81.46   -0.6662E-03      82.1    660.3
2014  1 30    30   21 17  0     81.62   -0.6406E-03      82.0    653.2
2014  1 30    30   21 18  0     81.78   -0.6258E-03      82.0    680.7
2014  1 30    30   21 19  0     81.94   -0.6017E-03      82.2    672.6
2014  1 30    30   21 20  0     82.10   -0.5775E-03      82.3    662.7
2014  1 30    30   21 21  0     82.26   -0.5609E-03      82.4    677.1
2014  1 30    30   21 22  0     82.42   -0.5404E-03      82.5    679.4
2014  1 30    30   21 23  0     82.59   -0.5193E-03      82.6    677.2
2014  1 30    30   21 24  0     82.75   -0.4987E-03      82.8    672.5
2014  1 30    30   21 25  0     82.91   -0.4779E-03      83.0    667.0
2014  1 30    30   21 26  0     83.08   -0.4603E-03      83.0    673.6
2014  1 30    30   21 27  0     83.24   -0.4410E-03      83.0    673.2
2014  1 30    30   21 28  0     83.40   -0.4206E-03      83.0    664.5
2014  1 30    30   21 29  0     83.57   -0.4036E-03      83.0    671.2
2014  1 30    30   21 30  0     83.73   -0.3834E-03      83.0    662.1
2014  1 30    30   21 31  0     83.90   -0.3680E-03      83.0    671.4
2014  1 30    30   21 32  0     84.06   -0.3480E-03      83.2    652.9
2014  1 30    30   21 33  0     84.23   -0.3342E-03      83.3    664.1
2014  1 30    30   21 34  0     84.39   -0.3191E-03      83.5    668.6
2014  1 30    30   21 35  0     84.56   -0.3020E-03      83.6    660.4
2014  1 30    30   21 36  0     84.72   -0.2853E-03      83.7    654.3
2014  1 30    30   21 37  0     84.89   -0.2705E-03      83.9    653.0
2014  1 30    30   21 38  0     85.06   -0.2548E-03      84.0    645.2
2014  1 30    30   21 39  0     85.22   -0.2403E-03      83.8    642.7
2014  1 30    30   21 40  0     85.39   -0.2279E-03      83.8    647.6
2014  1 30    30   21 41  0     85.56   -0.2147E-03      84.0    644.4
2014  1 30    30   21 42  0     85.73   -0.2008E-03      84.1    634.0
2014  1 30    30   21 43  0     85.89   -0.1882E-03      84.3    628.8
2014  1 30    30   21 44  0     86.06   -0.1747E-03      84.3    617.3
2014  1 30    30   21 45  0     86.23   -0.1659E-03      84.1    630.3
2014  1 30    30   21 46  0     86.40   -0.1561E-03      84.1    634.9
2014  1 30    30   21 47  0     86.57   -0.1407E-03      84.1    601.7
2014  1 30    30   21 48  0     86.74   -0.1274E-03      84.1    579.8
2014  1 30    30   21 49  0     86.91   -0.1211E-03      84.2    597.0
2014  1 30    30   21 50  0     87.08   -0.1078E-03      84.2    566.1
2014  1 30    30   21 51  0     87.25   -0.9833E-04      84.1    556.7
2014  1 30    30   21 52  0     87.42   -0.9038E-04      84.0    553.8
2014  1 30    30   21 53  0     87.59   -0.8509E-04      84.1    564.4
2014  1 30    30   21 54  0     87.76   -0.7356E-04      84.3    534.4
2014  1 30    30   21 55  0     87.93   -0.7016E-04      84.5    551.2
2014  1 30    30   21 56  0     88.10   -0.6100E-04      84.3    529.6
2014  1 30    30   21 57  0     88.27   -0.5547E-04      83.9    529.2
2014  1 30    30   21 58  0     88.44   -0.4836E-04      83.8    516.0
2014  1 30    30   21 59  0     88.62   -0.4072E-04      83.7    498.7
2014  1 30    30   22  0  0     88.79   -0.3475E-04      83.7    486.7
2014  1 30    30   22  1  0     88.96   -0.3143E-04      84.0    488.9
2014  1 30    30   22  2  0     89.13   -0.2445E-04      83.9    467.4
2014  1 30    30   22  3  0     89.31   -0.2005E-04      83.5    459.7
2014  1 30    30   22  4  0     89.48   -0.1735E-04      83.3    459.2
2014  1 30    30   22  5  0     89.65   -0.1351E-04      83.3    451.2
2014  1 30    30   22  6  0     89.82   -0.7079E-05      83.5    428.7
2014  1 30    30   22  7  0     90.00   -0.1971E-05      84.0    410.8
