                            NILUUV 115

Uvpro Version 2.0
Latitude :   40.74 (North)
Longitude:  -74.03  (West)
Calibration file: cf100603a.115
Height above sea level:    33.0  m
CLT derived from channel 4
CLT scale factor used:   1.0
Ozone derived from channel pair ch3/ch2
Ozone scale factor used:   1.0
Drift factors ch1-ch6:   0.824  0.876  0.876  0.909  0.743  0.998
Ozone profile climatology: Mid  Latitude
Dose type:    CLW    Caldwell Plant 1971           

yyyy mm dd   jul   hh mm ss      SZA     dose rate       clt     Ozone
                              [degrees]   [W/m^2]        [%]     [DU]
2012  2  2    33   12 11  0     89.99    0.1613E-03      38.8    199.0
2012  2  2    33   12 12  0     89.82    0.1658E-03      39.0    208.0
2012  2  2    33   12 13  0     89.64    0.1724E-03      39.5    244.5
2012  2  2    33   12 14  0     89.47    0.1808E-03      40.1    253.9
2012  2  2    33   12 15  0     89.29    0.1804E-03      40.9    247.0
2012  2  2    33   12 16  0     89.12    0.1891E-03      41.9    241.0
2012  2  2    33   12 17  0     88.95    0.1836E-03      42.7    221.9
2012  2  2    33   12 18  0     88.77    0.2018E-03      43.3    241.6
2012  2  2    33   12 19  0     88.60    0.2028E-03      44.1    246.6
2012  2  2    33   12 20  0     88.43    0.2150E-03      45.0    255.9
2012  2  2    33   12 21  0     88.25    0.2122E-03      46.0    253.1
2012  2  2    33   12 22  0     88.08    0.2301E-03      46.9    247.4
2012  2  2    33   12 23  0     87.91    0.2352E-03      47.5    247.9
2012  2  2    33   12 24  0     87.74    0.2375E-03      47.7    253.2
2012  2  2    33   12 25  0     87.56    0.2425E-03      47.9    258.3
2012  2  2    33   12 26  0     87.39    0.2635E-03      48.1    260.1
2012  2  2    33   12 27  0     87.22    0.2640E-03      48.6    259.0
2012  2  2    33   12 28  0     87.05    0.2740E-03      49.3    257.1
2012  2  2    33   12 29  0     86.88    0.2877E-03      49.6    259.0
2012  2  2    33   12 30  0     86.71    0.2974E-03      49.7    263.0
2012  2  2    33   12 31  0     86.54    0.2974E-03      49.7    266.2
2012  2  2    33   12 32  0     86.37    0.3130E-03      49.6    269.3
2012  2  2    33   12 33  0     86.20    0.3125E-03      49.4    272.2
2012  2  2    33   12 34  0     86.03    0.3186E-03      49.1    274.2
2012  2  2    33   12 35  0     85.86    0.3322E-03      48.6    277.8
2012  2  2    33   12 36  0     85.69    0.3442E-03      48.1    281.6
2012  2  2    33   12 37  0     85.52    0.3517E-03      47.6    286.1
2012  2  2    33   12 38  0     85.35    0.3489E-03      47.4    289.7
2012  2  2    33   12 39  0     85.18    0.3607E-03      47.5    292.0
2012  2  2    33   12 40  0     85.01    0.3712E-03      48.1    292.5
2012  2  2    33   12 41  0     84.84    0.3905E-03      49.2    291.1
2012  2  2    33   12 42  0     84.68    0.4306E-03      50.9    288.5
2012  2  2    33   12 43  0     84.51    0.4690E-03      52.9    287.3
2012  2  2    33   12 44  0     84.34    0.4976E-03      54.9    286.7
2012  2  2    33   12 45  0     84.17    0.5357E-03      56.7    287.6
2012  2  2    33   12 46  0     84.01    0.5596E-03      58.2    289.7
2012  2  2    33   12 47  0     83.84    0.5895E-03      59.0    292.3
2012  2  2    33   12 48  0     83.67    0.5975E-03      59.2    294.8
2012  2  2    33   12 49  0     83.51    0.6055E-03      58.9    297.4
2012  2  2    33   12 50  0     83.34    0.6215E-03      58.4    299.2
2012  2  2    33   12 51  0     83.18    0.6460E-03      57.9    300.7
2012  2  2    33   12 52  0     83.01    0.6526E-03      57.5    301.8
2012  2  2    33   12 53  0     82.85    0.6712E-03      57.1    302.6
2012  2  2    33   12 54  0     82.68    0.7014E-03      57.0    302.7
2012  2  2    33   12 55  0     82.52    0.7344E-03      57.2    303.1
2012  2  2    33   12 56  0     82.35    0.7770E-03      57.5    303.0
2012  2  2    33   12 57  0     82.19    0.8028E-03      57.8    302.9
2012  2  2    33   12 58  0     82.03    0.8455E-03      58.3    302.8
2012  2  2    33   12 59  0     81.86    0.8920E-03      58.7    302.1
2012  2  2    33   13  0  0     81.70    0.9295E-03      59.0    302.0
2012  2  2    33   13  1  0     81.54    0.9728E-03      59.1    301.3
2012  2  2    33   13  2  0     81.37    0.1008E-02      59.0    301.1
2012  2  2    33   13  3  0     81.21    0.1058E-02      59.0    300.9
2012  2  2    33   13  4  0     81.05    0.1099E-02      59.1    301.2
2012  2  2    33   13  5  0     80.89    0.1140E-02      59.2    301.5
2012  2  2    33   13  6  0     80.73    0.1188E-02      59.3    301.6
2012  2  2    33   13  7  0     80.57    0.1230E-02      59.3    302.1
2012  2  2    33   13  8  0     80.41    0.1276E-02      59.3    302.4
2012  2  2    33   13  9  0     80.25    0.1316E-02      59.2    302.8
2012  2  2    33   13 10  0     80.09    0.1365E-02      58.9    302.9
2012  2  2    33   13 11  0     79.93    0.1409E-02      58.5    303.2
2012  2  2    33   13 12  0     79.77    0.1444E-02      58.3    303.6
2012  2  2    33   13 13  0     79.61    0.1490E-02      58.3    304.1
2012  2  2    33   13 14  0     79.45    0.1543E-02      58.3    304.9
2012  2  2    33   13 15  0     79.29    0.1587E-02      58.3    305.5
2012  2  2    33   13 16  0     79.14    0.1639E-02      58.0    305.9
2012  2  2    33   13 17  0     78.98    0.1681E-02      57.6    306.0
2012  2  2    33   13 18  0     78.82    0.1733E-02      57.1    305.8
2012  2  2    33   13 19  0     78.66    0.1791E-02      56.8    305.6
2012  2  2    33   13 20  0     78.51    0.1846E-02      56.7    305.5
2012  2  2    33   13 21  0     78.35    0.1914E-02      56.9    305.8
2012  2  2    33   13 22  0     78.20    0.1978E-02      57.4    306.1
2012  2  2    33   13 23  0     78.04    0.2056E-02      58.0    306.8
2012  2  2    33   13 24  0     77.89    0.2120E-02      58.5    307.6
2012  2  2    33   13 25  0     77.73    0.2199E-02      59.2    308.5
2012  2  2    33   13 26  0     77.58    0.2284E-02      59.8    309.2
2012  2  2    33   13 27  0     77.42    0.2345E-02      60.3    310.2
2012  2  2    33   13 28  0     77.27    0.2417E-02      60.6    310.8
2012  2  2    33   13 29  0     77.12    0.2476E-02      60.6    311.2
2012  2  2    33   13 30  0     76.96    0.2525E-02      60.3    311.7
2012  2  2    33   13 31  0     76.81    0.2594E-02      59.9    311.9
2012  2  2    33   13 32  0     76.66    0.2646E-02      59.5    312.0
2012  2  2    33   13 33  0     76.51    0.2698E-02      58.7    312.2
2012  2  2    33   13 34  0     76.36    0.2752E-02      58.2    312.5
2012  2  2    33   13 35  0     76.20    0.2796E-02      57.7    312.6
2012  2  2    33   13 36  0     76.05    0.2844E-02      56.9    312.8
2012  2  2    33   13 37  0     75.90    0.2897E-02      56.4    313.3
2012  2  2    33   13 38  0     75.75    0.2940E-02      56.1    313.9
2012  2  2    33   13 39  0     75.60    0.2995E-02      55.7    314.7
2012  2  2    33   13 40  0     75.46    0.3008E-02      54.9    315.4
2012  2  2    33   13 41  0     75.31    0.3023E-02      53.9    316.0
2012  2  2    33   13 42  0     75.16    0.3027E-02      52.7    316.7
2012  2  2    33   13 43  0     75.01    0.3019E-02      51.6    317.5
2012  2  2    33   13 44  0     74.86    0.3036E-02      51.0    318.5
2012  2  2    33   13 45  0     74.72    0.3133E-02      52.6    320.8
2012  2  2    33   13 46  0     74.57    0.3182E-02      51.3    319.9
2012  2  2    33   13 47  0     74.42    0.3263E-02      51.0    319.9
2012  2  2    33   13 48  0     74.28    0.3354E-02      51.3    320.2
2012  2  2    33   13 49  0     74.13    0.3441E-02      51.8    321.0
2012  2  2    33   13 50  0     73.99    0.3496E-02      52.1    321.6
2012  2  2    33   13 51  0     73.84    0.3531E-02      50.9    321.5
2012  2  2    33   13 52  0     73.70    0.3547E-02      49.9    322.0
2012  2  2    33   13 53  0     73.56    0.3566E-02      49.3    322.6
2012  2  2    33   13 54  0     73.41    0.3555E-02      48.0    323.0
2012  2  2    33   13 55  0     73.27    0.3533E-02      46.7    323.3
2012  2  2    33   13 56  0     73.13    0.3507E-02      44.7    322.8
2012  2  2    33   13 57  0     72.98    0.3511E-02      43.3    322.1
2012  2  2    33   13 58  0     72.84    0.3602E-02      43.2    322.4
2012  2  2    33   13 59  0     72.70    0.3753E-02      44.8    323.5
2012  2  2    33   14  0  0     72.56    0.3883E-02      45.9    324.0
2012  2  2    33   14  1  0     72.42    0.3918E-02      43.9    321.8
2012  2  2    33   14  2  0     72.28    0.3936E-02      42.1    320.6
2012  2  2    33   14  3  0     72.14    0.4070E-02      43.6    322.4
2012  2  2    33   14  4  0     72.00    0.4204E-02      45.1    323.9
2012  2  2    33   14  5  0     71.86    0.4197E-02      43.4    323.0
2012  2  2    33   14  6  0     71.73    0.4212E-02      42.6    323.5
2012  2  2    33   14  7  0     71.59    0.4265E-02      42.0    323.2
2012  2  2    33   14  8  0     71.45    0.4307E-02      41.2    323.0
2012  2  2    33   14  9  0     71.32    0.4389E-02      41.2    323.4
2012  2  2    33   14 10  0     71.18    0.4500E-02      41.6    324.0
2012  2  2    33   14 11  0     71.04    0.4790E-02      45.8    328.3
2012  2  2    33   14 12  0     70.91    0.5328E-02      54.3    334.2
2012  2  2    33   14 13  0     70.77    0.5386E-02      52.6    332.3
2012  2  2    33   14 14  0     70.64    0.5477E-02      51.5    331.0
2012  2  2    33   14 15  0     70.51    0.5417E-02      47.7    327.4
2012  2  2    33   14 16  0     70.37    0.5584E-02      47.5    327.1
2012  2  2    33   14 17  0     70.24    0.5894E-02      49.0    326.6
2012  2  2    33   14 18  0     70.11    0.6246E-02      50.5    325.9
2012  2  2    33   14 19  0     69.98    0.6714E-02      53.3    326.1
2012  2  2    33   14 20  0     69.85    0.7399E-02      58.7    326.9
2012  2  2    33   14 21  0     69.72    0.7869E-02      60.8    325.9
2012  2  2    33   14 22  0     69.59    0.8338E-02      62.5    324.8
2012  2  2    33   14 23  0     69.46    0.8873E-02      65.8    325.1
2012  2  2    33   14 24  0     69.33    0.9260E-02      66.6    324.0
2012  2  2    33   14 25  0     69.20    0.9442E-02      65.6    322.1
2012  2  2    33   14 26  0     69.07    0.9342E-02      61.8    319.5
2012  2  2    33   14 27  0     68.94    0.9169E-02      58.1    317.8
2012  2  2    33   14 28  0     68.82    0.9067E-02      56.2    317.5
2012  2  2    33   14 29  0     68.69    0.8917E-02      53.3    316.3
2012  2  2    33   14 30  0     68.56    0.8793E-02      51.2    315.8
2012  2  2    33   14 31  0     68.44    0.8729E-02      49.5    315.5
2012  2  2    33   14 32  0     68.32    0.8662E-02      48.1    315.4
2012  2  2    33   14 33  0     68.19    0.8580E-02      46.8    315.3
2012  2  2    33   14 34  0     68.07    0.8494E-02      45.5    315.5
2012  2  2    33   14 35  0     67.94    0.8393E-02      44.3    316.1
2012  2  2    33   14 36  0     67.82    0.8331E-02      43.3    316.7
2012  2  2    33   14 37  0     67.70    0.8312E-02      42.7    317.3
2012  2  2    33   14 38  0     67.58    0.8377E-02      42.4    317.9
2012  2  2    33   14 39  0     67.46    0.8538E-02      42.7    318.1
2012  2  2    33   14 40  0     67.34    0.8772E-02      43.2    318.2
2012  2  2    33   14 41  0     67.22    0.9095E-02      44.1    318.0
2012  2  2    33   14 42  0     67.10    0.9433E-02      45.2    317.8
2012  2  2    33   14 43  0     66.98    0.9778E-02      46.1    317.8
2012  2  2    33   14 44  0     66.86    0.1005E-01      46.8    317.8
2012  2  2    33   14 45  0     66.75    0.1018E-01      46.9    318.0
2012  2  2    33   14 46  0     66.63    0.1012E-01      46.1    318.4
2012  2  2    33   14 47  0     66.51    0.9877E-02      44.5    319.0
2012  2  2    33   14 48  0     66.40    0.9473E-02      42.3    319.8
2012  2  2    33   14 49  0     66.28    0.8999E-02      39.8    320.6
2012  2  2    33   14 50  0     66.17    0.8536E-02      37.3    321.6
2012  2  2    33   14 51  0     66.05    0.8125E-02      35.1    322.5
2012  2  2    33   14 52  0     65.94    0.7785E-02      33.4    323.5
2012  2  2    33   14 53  0     65.83    0.7561E-02      32.0    324.3
2012  2  2    33   14 54  0     65.72    0.7422E-02      31.1    324.9
2012  2  2    33   14 55  0     65.61    0.7404E-02      30.6    325.1
2012  2  2    33   14 56  0     65.50    0.7455E-02      30.3    325.2
2012  2  2    33   14 57  0     65.39    0.7567E-02      30.3    324.9
2012  2  2    33   14 58  0     65.27    0.7687E-02      30.3    324.7
2012  2  2    33   14 59  0     65.17    0.7813E-02      30.3    324.6
2012  2  2    33   15  0  0     65.06    0.7911E-02      30.3    324.6
2012  2  2    33   15  1  0     64.95    0.7998E-02      30.2    324.6
2012  2  2    33   15  2  0     64.84    0.8079E-02      30.2    324.7
2012  2  2    33   15  3  0     64.74    0.8195E-02      30.2    324.9
2012  2  2    33   15  4  0     64.63    0.8366E-02      30.4    324.8
2012  2  2    33   15  5  0     64.53    0.8566E-02      30.7    324.5
2012  2  2    33   15  6  0     64.42    0.8776E-02      31.0    324.1
2012  2  2    33   15  7  0     64.32    0.8940E-02      31.1    324.0
2012  2  2    33   15  8  0     64.22    0.9037E-02      31.1    323.9
2012  2  2    33   15  9  0     64.11    0.9112E-02      30.9    324.1
2012  2  2    33   15 10  0     64.01    0.9141E-02      30.8    324.3
2012  2  2    33   15 11  0     63.91    0.9212E-02      30.7    324.5
2012  2  2    33   15 12  0     63.81    0.9352E-02      30.8    324.6
2012  2  2    33   15 13  0     63.71    0.9553E-02      31.0    324.4
2012  2  2    33   15 14  0     63.61    0.9723E-02      31.3    324.3
2012  2  2    33   15 15  0     63.51    0.9826E-02      31.2    324.3
2012  2  2    33   15 16  0     63.42    0.9834E-02      30.9    324.6
2012  2  2    33   15 17  0     63.32    0.9732E-02      30.4    325.2
2012  2  2    33   15 18  0     63.22    0.9648E-02      29.9    325.9
2012  2  2    33   15 19  0     63.13    0.9598E-02      29.7    326.5
2012  2  2    33   15 20  0     63.03    0.9686E-02      29.7    327.2
2012  2  2    33   15 21  0     62.94    0.9831E-02      29.9    327.5
2012  2  2    33   15 22  0     62.85    0.9987E-02      30.1    327.6
2012  2  2    33   15 23  0     62.75    0.1007E-01      30.1    327.9
2012  2  2    33   15 24  0     62.66    0.1007E-01      29.9    328.4
2012  2  2    33   15 25  0     62.57    0.1010E-01      29.8    328.9
2012  2  2    33   15 26  0     62.48    0.1021E-01      29.9    329.1
2012  2  2    33   15 27  0     62.39    0.1044E-01      30.2    329.2
2012  2  2    33   15 28  0     62.30    0.1075E-01      30.8    329.1
2012  2  2    33   15 29  0     62.21    0.1116E-01      31.5    328.6
2012  2  2    33   15 30  0     62.13    0.1163E-01      32.4    328.0
2012  2  2    33   15 31  0     62.04    0.1217E-01      33.4    327.2
2012  2  2    33   15 32  0     61.95    0.1276E-01      34.4    326.3
2012  2  2    33   15 33  0     61.87    0.1333E-01      35.2    324.6
2012  2  2    33   15 34  0     61.79    0.1381E-01      35.8    323.6
2012  2  2    33   15 35  0     61.70    0.1419E-01      36.3    323.1
2012  2  2    33   15 36  0     61.62    0.1455E-01      36.8    323.0
2012  2  2    33   15 37  0     61.54    0.1489E-01      37.5    323.1
2012  2  2    33   15 38  0     61.45    0.1522E-01      38.2    324.1
2012  2  2    33   15 39  0     61.37    0.1560E-01      39.0    324.2
2012  2  2    33   15 40  0     61.29    0.1612E-01      40.2    324.6
2012  2  2    33   15 41  0     61.22    0.1682E-01      41.6    324.5
2012  2  2    33   15 42  0     61.14    0.1767E-01      43.4    324.3
2012  2  2    33   15 43  0     61.06    0.1844E-01      44.9    324.0
2012  2  2    33   15 44  0     60.98    0.1899E-01      45.9    323.7
2012  2  2    33   15 45  0     60.91    0.1924E-01      46.2    323.3
2012  2  2    33   15 46  0     60.83    0.1933E-01      46.1    323.7
2012  2  2    33   15 47  0     60.76    0.1941E-01      46.0    323.7
2012  2  2    33   15 48  0     60.68    0.1953E-01      45.9    323.8
2012  2  2    33   15 49  0     60.61    0.1967E-01      45.8    323.5
2012  2  2    33   15 50  0     60.54    0.1968E-01      45.4    323.7
2012  2  2    33   15 51  0     60.47    0.1956E-01      44.7    323.6
2012  2  2    33   15 52  0     60.40    0.1939E-01      44.0    323.7
2012  2  2    33   15 53  0     60.33    0.1925E-01      43.4    324.0
2012  2  2    33   15 54  0     60.26    0.1934E-01      43.3    324.4
2012  2  2    33   15 55  0     60.19    0.1965E-01      43.6    324.0
2012  2  2    33   15 56  0     60.12    0.2014E-01      44.2    324.0
2012  2  2    33   15 57  0     60.06    0.2071E-01      45.1    323.4
2012  2  2    33   15 58  0     59.99    0.2123E-01      45.8    322.8
2012  2  2    33   15 59  0     59.93    0.2163E-01      46.4    322.7
2012  2  2    33   16  0  0     59.86    0.2203E-01      47.1    323.1
2012  2  2    33   16  1  0     59.80    0.2245E-01      47.8    323.4
2012  2  2    33   16  2  0     59.74    0.2288E-01      48.5    323.4
2012  2  2    33   16  3  0     59.67    0.2324E-01      49.1    323.6
2012  2  2    33   16  4  0     59.61    0.2339E-01      49.1    323.4
2012  2  2    33   16  5  0     59.55    0.2320E-01      48.4    323.7
2012  2  2    33   16  6  0     59.49    0.2284E-01      47.4    323.7
2012  2  2    33   16  7  0     59.44    0.2232E-01      46.0    324.0
2012  2  2    33   16  8  0     59.38    0.2183E-01      44.8    324.0
2012  2  2    33   16  9  0     59.32    0.2137E-01      43.7    324.4
2012  2  2    33   16 10  0     59.27    0.2098E-01      42.7    324.7
2012  2  2    33   16 11  0     59.21    0.2070E-01      41.9    325.1
2012  2  2    33   16 12  0     59.16    0.2051E-01      41.3    325.4
2012  2  2    33   16 13  0     59.11    0.2041E-01      40.9    325.5
2012  2  2    33   16 14  0     59.05    0.2031E-01      40.6    325.6
2012  2  2    33   16 15  0     59.00    0.2029E-01      40.4    326.0
2012  2  2    33   16 16  0     58.95    0.2029E-01      40.3    325.9
2012  2  2    33   16 17  0     58.90    0.2023E-01      40.1    326.6
2012  2  2    33   16 18  0     58.85    0.2019E-01      40.0    327.0
2012  2  2    33   16 19  0     58.81    0.2024E-01      40.0    327.5
2012  2  2    33   16 20  0     58.76    0.2039E-01      40.2    327.5
2012  2  2    33   16 21  0     58.72    0.2061E-01      40.5    327.6
2012  2  2    33   16 22  0     58.67    0.2083E-01      40.8    327.7
2012  2  2    33   16 23  0     58.63    0.2104E-01      41.0    327.8
2012  2  2    33   16 24  0     58.58    0.2128E-01      41.3    327.6
2012  2  2    33   16 25  0     58.54    0.2149E-01      41.6    327.6
2012  2  2    33   16 26  0     58.50    0.2163E-01      41.7    327.5
2012  2  2    33   16 27  0     58.46    0.2164E-01      41.6    327.9
2012  2  2    33   16 28  0     58.42    0.2156E-01      41.3    328.0
2012  2  2    33   16 29  0     58.38    0.2145E-01      41.0    328.4
2012  2  2    33   16 30  0     58.34    0.2136E-01      40.8    328.5
2012  2  2    33   16 31  0     58.31    0.2144E-01      40.8    329.0
2012  2  2    33   16 32  0     58.27    0.2178E-01      41.4    329.0
2012  2  2    33   16 33  0     58.23    0.2237E-01      42.4    328.9
2012  2  2    33   16 34  0     58.20    0.2318E-01      43.7    329.0
2012  2  2    33   16 35  0     58.17    0.2419E-01      45.4    328.4
2012  2  2    33   16 36  0     58.13    0.2523E-01      47.1    328.0
2012  2  2    33   16 37  0     58.10    0.2622E-01      48.8    327.5
2012  2  2    33   16 38  0     58.07    0.2698E-01      50.1    327.5
2012  2  2    33   16 39  0     58.04    0.2737E-01      50.9    327.4
2012  2  2    33   16 40  0     58.01    0.2725E-01      50.6    327.7
2012  2  2    33   16 41  0     57.99    0.2683E-01      49.8    328.0
2012  2  2    33   16 42  0     57.96    0.2636E-01      48.9    328.1
2012  2  2    33   16 43  0     57.93    0.2586E-01      47.9    328.4
2012  2  2    33   16 44  0     57.91    0.2547E-01      47.1    328.7
2012  2  2    33   16 45  0     57.88    0.2526E-01      46.5    328.6
2012  2  2    33   16 46  0     57.86    0.2511E-01      46.2    328.8
2012  2  2    33   16 47  0     57.84    0.2510E-01      46.0    329.3
2012  2  2    33   16 48  0     57.82    0.2513E-01      46.0    329.2
2012  2  2    33   16 49  0     57.80    0.2521E-01      46.0    328.8
2012  2  2    33   16 50  0     57.78    0.2535E-01      46.2    329.3
2012  2  2    33   16 51  0     57.76    0.2562E-01      46.7    329.5
2012  2  2    33   16 52  0     57.74    0.2605E-01      47.5    329.7
2012  2  2    33   16 53  0     57.72    0.2657E-01      48.4    329.7
2012  2  2    33   16 54  0     57.71    0.2703E-01      49.2    329.6
2012  2  2    33   16 55  0     57.69    0.2741E-01      49.8    329.3
2012  2  2    33   16 56  0     57.68    0.2776E-01      50.3    329.3
2012  2  2    33   16 57  0     57.66    0.2807E-01      50.7    328.7
2012  2  2    33   16 58  0     57.65    0.2833E-01      51.1    328.8
2012  2  2    33   16 59  0     57.64    0.2862E-01      51.5    329.0
2012  2  2    33   17  0  0     57.63    0.2893E-01      52.0    328.8
2012  2  2    33   17  1  0     57.62    0.2923E-01      52.5    328.9
2012  2  2    33   17  2  0     57.61    0.2945E-01      52.9    328.9
2012  2  2    33   17  3  0     57.60    0.2959E-01      53.1    328.7
2012  2  2    33   17  4  0     57.60    0.2975E-01      53.5    329.1
2012  2  2    33   17  5  0     57.59    0.2995E-01      54.0    329.4
2012  2  2    33   17  6  0     57.59    0.3008E-01      54.3    329.4
2012  2  2    33   17  7  0     57.58    0.3021E-01      54.5    329.4
2012  2  2    33   17  8  0     57.58    0.3030E-01      54.6    329.3
2012  2  2    33   17  9  0     57.58    0.3024E-01      54.4    329.5
2012  2  2    33   17 10  0     57.58    0.3017E-01      54.3    329.3
2012  2  2    33   17 11  0     57.58    0.3005E-01      54.0    329.4
2012  2  2    33   17 12  0     57.58    0.2992E-01      53.8    329.4
2012  2  2    33   17 13  0     57.58    0.2985E-01      53.6    329.5
2012  2  2    33   17 14  0     57.58    0.2977E-01      53.5    329.3
2012  2  2    33   17 15  0     57.59    0.2970E-01      53.4    329.4
2012  2  2    33   17 16  0     57.59    0.2963E-01      53.3    329.2
2012  2  2    33   17 17  0     57.60    0.2958E-01      53.2    329.1
2012  2  2    33   17 18  0     57.60    0.2958E-01      53.2    329.3
2012  2  2    33   17 19  0     57.61    0.2958E-01      53.2    329.6
2012  2  2    33   17 20  0     57.62    0.2960E-01      53.3    329.6
2012  2  2    33   17 21  0     57.63    0.2960E-01      53.4    329.6
2012  2  2    33   17 22  0     57.64    0.2969E-01      53.6    329.4
2012  2  2    33   17 23  0     57.65    0.2982E-01      53.9    329.6
2012  2  2    33   17 24  0     57.66    0.2993E-01      54.2    329.5
2012  2  2    33   17 25  0     57.68    0.2996E-01      54.3    329.4
2012  2  2    33   17 26  0     57.69    0.2987E-01      54.1    329.4
2012  2  2    33   17 27  0     57.71    0.2978E-01      53.9    329.1
2012  2  2    33   17 28  0     57.72    0.2961E-01      53.7    329.3
2012  2  2    33   17 29  0     57.74    0.2940E-01      53.2    328.9
2012  2  2    33   17 30  0     57.76    0.2930E-01      52.9    328.8
2012  2  2    33   17 31  0     57.77    0.2951E-01      53.3    328.6
2012  2  2    33   17 32  0     57.79    0.2999E-01      54.3    328.6
2012  2  2    33   17 33  0     57.81    0.3061E-01      55.6    328.9
2012  2  2    33   17 34  0     57.84    0.3089E-01      56.2    328.2
2012  2  2    33   17 35  0     57.86    0.3096E-01      56.2    327.8
2012  2  2    33   17 36  0     57.88    0.3114E-01      56.5    327.7
2012  2  2    33   17 37  0     57.91    0.3136E-01      56.9    327.4
2012  2  2    33   17 38  0     57.93    0.3139E-01      56.9    326.9
2012  2  2    33   17 39  0     57.96    0.3140E-01      56.8    326.4
2012  2  2    33   17 40  0     57.98    0.3129E-01      56.5    326.2
2012  2  2    33   17 41  0     58.01    0.3126E-01      56.5    325.9
2012  2  2    33   17 42  0     58.04    0.3139E-01      56.8    325.6
2012  2  2    33   17 43  0     58.07    0.3145E-01      57.1    325.9
2012  2  2    33   17 44  0     58.10    0.3138E-01      57.1    325.8
2012  2  2    33   17 45  0     58.13    0.3128E-01      57.2    326.0
2012  2  2    33   17 46  0     58.17    0.3083E-01      56.6    326.0
2012  2  2    33   17 47  0     58.20    0.3036E-01      55.9    326.3
2012  2  2    33   17 48  0     58.23    0.2984E-01      55.1    326.1
2012  2  2    33   17 49  0     58.27    0.2946E-01      54.7    326.6
2012  2  2    33   17 50  0     58.30    0.2918E-01      54.5    327.0
2012  2  2    33   17 51  0     58.34    0.2878E-01      54.0    327.1
2012  2  2    33   17 52  0     58.38    0.2832E-01      53.4    327.4
2012  2  2    33   17 53  0     58.42    0.2782E-01      52.8    327.7
2012  2  2    33   17 54  0     58.46    0.2725E-01      52.0    328.1
2012  2  2    33   17 55  0     58.50    0.2667E-01      51.3    328.6
2012  2  2    33   17 56  0     58.54    0.2618E-01      50.8    328.9
2012  2  2    33   17 57  0     58.58    0.2576E-01      50.5    329.4
2012  2  2    33   17 58  0     58.62    0.2539E-01      50.3    330.4
2012  2  2    33   17 59  0     58.67    0.2515E-01      50.4    331.4
2012  2  2    33   18  0  0     58.71    0.2517E-01      51.1    332.2
2012  2  2    33   18  1  0     58.76    0.2541E-01      52.0    332.8
2012  2  2    33   18  2  0     58.81    0.2588E-01      53.5    333.6
2012  2  2    33   18  3  0     58.85    0.2658E-01      55.5    333.7
2012  2  2    33   18  4  0     58.90    0.2718E-01      57.2    333.9
2012  2  2    33   18  5  0     58.95    0.2765E-01      58.5    333.5
2012  2  2    33   18  6  0     59.00    0.2793E-01      59.3    333.5
2012  2  2    33   18  7  0     59.05    0.2798E-01      59.7    332.9
2012  2  2    33   18  8  0     59.10    0.2774E-01      59.3    332.6
2012  2  2    33   18  9  0     59.16    0.2730E-01      58.5    332.3
2012  2  2    33   18 10  0     59.21    0.2677E-01      57.5    331.8
2012  2  2    33   18 11  0     59.26    0.2632E-01      56.8    331.8
2012  2  2    33   18 12  0     59.32    0.2586E-01      56.1    332.1
2012  2  2    33   18 13  0     59.38    0.2534E-01      55.2    332.0
2012  2  2    33   18 14  0     59.43    0.2476E-01      54.2    332.1
2012  2  2    33   18 15  0     59.49    0.2412E-01      53.1    332.1
2012  2  2    33   18 16  0     59.55    0.2333E-01      51.6    332.5
2012  2  2    33   18 17  0     59.61    0.2266E-01      50.5    332.8
2012  2  2    33   18 18  0     59.67    0.2211E-01      49.6    332.7
2012  2  2    33   18 19  0     59.73    0.2174E-01      49.1    333.0
2012  2  2    33   18 20  0     59.80    0.2147E-01      48.8    333.1
2012  2  2    33   18 21  0     59.86    0.2126E-01      48.6    333.3
2012  2  2    33   18 22  0     59.92    0.2117E-01      48.8    333.3
2012  2  2    33   18 23  0     59.99    0.2102E-01      48.7    333.3
2012  2  2    33   18 24  0     60.05    0.2075E-01      48.3    332.5
2012  2  2    33   18 25  0     60.12    0.2063E-01      48.3    332.9
2012  2  2    33   18 26  0     60.19    0.2069E-01      48.9    332.8
2012  2  2    33   18 27  0     60.25    0.2042E-01      48.6    332.9
2012  2  2    33   18 28  0     60.32    0.1973E-01      47.4    333.0
2012  2  2    33   18 29  0     60.39    0.1894E-01      45.9    332.9
2012  2  2    33   18 30  0     60.46    0.1841E-01      45.0    333.8
2012  2  2    33   18 31  0     60.53    0.1824E-01      44.9    333.7
2012  2  2    33   18 32  0     60.61    0.1831E-01      45.4    334.0
2012  2  2    33   18 33  0     60.68    0.1841E-01      46.0    333.6
2012  2  2    33   18 34  0     60.75    0.1845E-01      46.6    334.3
2012  2  2    33   18 35  0     60.83    0.1861E-01      47.7    334.7
2012  2  2    33   18 36  0     60.90    0.1905E-01      49.5    335.6
2012  2  2    33   18 37  0     60.98    0.1975E-01      51.8    335.5
2012  2  2    33   18 38  0     61.05    0.2064E-01      54.6    335.2
2012  2  2    33   18 39  0     61.13    0.2130E-01      56.9    335.4
2012  2  2    33   18 40  0     61.21    0.2151E-01      57.9    334.9
2012  2  2    33   18 41  0     61.29    0.2139E-01      58.0    334.4
2012  2  2    33   18 42  0     61.37    0.2108E-01      57.5    334.3
2012  2  2    33   18 43  0     61.45    0.2063E-01      56.8    334.5
2012  2  2    33   18 44  0     61.53    0.2019E-01      56.0    334.6
2012  2  2    33   18 45  0     61.61    0.1985E-01      55.7    334.9
2012  2  2    33   20 43  0     75.74   -0.1935E-03      -0.0    334.9
2012  2  2    33   20 44  0     75.89   -0.3513E-03      -0.0    334.9
2012  2  2    33   20 45  0     76.05   -0.5782E-03      -0.0    334.9
2012  2  2    33   20 46  0     76.20   -0.5787E-03      -0.0    334.9
2012  2  2    33   20 47  0     76.35   -0.5788E-03      -0.0    334.9
2012  2  2    33   20 48  0     76.50   -0.5789E-03      -0.0    334.9
2012  2  2    33   20 49  0     76.65   -0.5790E-03      -0.0    334.9
2012  2  2    33   20 50  0     76.80   -0.5791E-03      -0.0    334.9
2012  2  2    33   20 51  0     76.95   -0.5793E-03      -0.0    334.9
2012  2  2    33   20 52  0     77.11   -0.5795E-03      -0.0    334.9
2012  2  2    33   20 53  0     77.26   -0.5797E-03      -0.0    334.9
2012  2  2    33   20 54  0     77.41   -0.5799E-03      -0.0    334.9
2012  2  2    33   20 55  0     77.57   -0.5786E-03      -0.0    334.9
2012  2  2    33   20 56  0     77.72   -0.4892E-03      -0.0    334.9
2012  2  2    33   20 57  0     77.88   -0.3322E-03      -0.0    334.9
2012  2  2    33   20 58  0     78.03   -0.1786E-03      -0.0    334.9
2012  2  2    33   20 59  0     78.19   -0.4200E-04      -0.0    334.9
2012  2  2    33   21  0  0     78.34    0.5524E-04      -0.0    334.9
2012  2  2    33   21  1  0     78.50    0.1447E-03      -0.0    334.9
2012  2  2    33   21  2  0     78.66    0.2063E-03      -0.0    334.9
2012  2  2    33   21  3  0     78.81    0.2495E-03      -0.0    334.9
2012  2  2    33   21  4  0     78.97    0.2882E-03      -0.0    334.9
2012  2  2    33   21  5  0     79.13    0.3092E-03      -0.0    -99.9
2012  2  2    33   21  6  0     79.28    0.3174E-03      -0.0    -99.9
2012  2  2    33   21  7  0     79.44    0.3245E-03      -0.0    -99.9
2012  2  2    33   21  8  0     79.60    0.3212E-03      -0.0    -99.9
2012  2  2    33   21  9  0     79.76    0.3335E-03      -0.0    -99.9
2012  2  2    33   21 10  0     79.92    0.3418E-03      -0.0    -99.9
2012  2  2    33   21 11  0     80.08    0.3452E-03      -0.0    -99.9
2012  2  2    33   21 12  0     80.24    0.3460E-03      -0.0    -99.9
2012  2  2    33   21 13  0     80.40    0.3455E-03      -0.0    -99.9
2012  2  2    33   21 14  0     80.56    0.3366E-03      -0.0    -99.9
2012  2  2    33   21 15  0     80.72    0.3176E-02       1.6     35.4
2012  2  2    33   21 16  0     80.88    0.4833E-01      20.0     13.5
2012  2  2    33   21 17  0     81.04    0.4985E-01      20.8     12.0
2012  2  2    33   21 18  0     81.20    0.4931E-01      21.1     11.8
2012  2  2    33   21 19  0     81.36    0.4908E-01      21.4     11.7
2012  2  2    33   21 20  0     81.53    0.4892E-01      21.9     11.5
2012  2  2    33   21 21  0     81.69    0.4883E-01      22.3     11.4
2012  2  2    33   21 22  0     81.85    0.4071E-01      18.5      7.8
2012  2  2    33   21 23  0     82.01    0.6265E-03       0.1    -99.9
2012  2  2    33   21 24  0     82.18    0.6605E-03       0.2    -99.9
2012  2  2    33   21 25  0     82.34    0.4253E-01      22.3     14.1
2012  2  2    33   21 26  0     82.50    0.4666E-01      24.4     11.4
2012  2  2    33   21 27  0     82.67    0.4745E-01      25.4     11.2
2012  2  2    33   21 28  0     82.83    0.4754E-01      26.1     11.0
2012  2  2    33   21 29  0     83.00    0.4749E-01      26.8     10.9
2012  2  2    33   21 30  0     83.16    0.2386E-01      13.0      5.0
2012  2  2    33   21 31  0     83.33    0.1081E-02       0.7     26.5
2012  2  2    33   21 32  0     83.49    0.4693E-01      29.1     11.9
2012  2  2    33   21 33  0     83.66    0.5019E-01      31.3     10.0
2012  2  2    33   21 34  0     83.83    0.5056E-01      32.4      9.8
2012  2  2    33   21 35  0     83.99    0.5051E-01      33.3      9.6
2012  2  2    33   21 36  0     84.16    0.5045E-01      34.3      9.5
2012  2  2    33   21 37  0     84.33    0.5042E-01      35.4      9.3
2012  2  2    33   21 38  0     84.49    0.7306E-02       4.2    -99.9
2012  2  2    33   21 44  0     85.50    0.4060E-03      12.3    575.9
2012  2  2    33   21 45  0     85.67    0.5323E-03      13.0    228.4
2012  2  2    33   21 46  0     85.84    0.4268E-03      13.2    226.5
2012  2  2    33   21 47  0     86.01    0.4085E-03      13.1    216.8
2012  2  2    33   21 48  0     86.18    0.3813E-03      12.8    205.5
2012  2  2    33   21 49  0     86.35    0.3691E-03      12.2    193.9
2012  2  2    33   21 50  0     86.52    0.3486E-03      11.5    183.4
2012  2  2    33   21 51  0     86.69    0.3434E-03      11.1    172.6
2012  2  2    33   21 52  0     86.86    0.3320E-03      11.0    165.6
2012  2  2    33   21 53  0     87.04    0.3135E-03      11.1    160.8
2012  2  2    33   21 54  0     87.21    0.2992E-03      11.0    153.6
2012  2  2    33   21 55  0     87.38    0.2832E-03      10.9    148.2
2012  2  2    33   21 56  0     87.55    0.2810E-03      10.8    142.1
2012  2  2    33   21 57  0     87.72    0.2716E-03      10.6    135.5
2012  2  2    33   21 58  0     87.90    0.2541E-03      10.5    128.8
2012  2  2    33   21 59  0     88.07    0.2521E-03      10.5    124.1
2012  2  2    33   22  0  0     88.24    0.2396E-03      10.6    121.5
2012  2  2    33   22  1  0     88.41    0.2341E-03      10.8    117.4
2012  2  2    33   22  2  0     88.59    0.2239E-03      11.1    113.8
2012  2  2    33   22  3  0     88.76    0.2063E-03      11.4    112.8
2012  2  2    33   22  4  0     88.93    0.2058E-03      11.9    109.8
2012  2  2    33   22  5  0     89.11    0.2017E-03      12.2    109.1
2012  2  2    33   22  6  0     89.28    0.1887E-03      12.4    106.7
2012  2  2    33   22  7  0     89.46    0.1897E-03      12.5    102.1
2012  2  2    33   22  8  0     89.63    0.1824E-03      12.6     98.7
2012  2  2    33   22  9  0     89.80    0.1800E-03      12.9     94.9
2012  2  2    33   22 10  0     89.98    0.1621E-03      13.1     91.5
