                             NILUUV 115

Uvpro Version 2.0
Latitude :   40.74 (North)
Longitude:  -74.03  (West)
Calibration file: cf100603a.115
Height above sea level:    33.0  m
CLT derived from channel 4
CLT scale factor used:   1.0
Ozone derived from channel pair ch3/ch2
Ozone scale factor used:   1.0
Drift factors ch1-ch6:   0.745  0.782  0.832  0.874  0.672  0.989
Ozone profile climatology: Mid  Latitude
Dose type:    CLW    Caldwell Plant 1971           

yyyy mm dd   jul   hh mm ss      SZA     dose rate       clt     Ozone
                              [degrees]   [W/m^2]        [%]     [DU]
2013  6 16   167    0  0  0     85.96    0.6238E-03      84.6    283.9
2013  6 16   167    0  1  0     86.13    0.6068E-03      84.6    279.9
2013  6 16   167    0  2  0     86.29    0.6093E-03      84.6    275.9
2013  6 16   167    0  3  0     86.46    0.5966E-03      84.7    271.2
2013  6 16   167    0  4  0     86.63    0.5911E-03      84.8    265.0
2013  6 16   167    0  5  0     86.79    0.5664E-03      84.9    257.1
2013  6 16   167    0  6  0     86.96    0.5543E-03      85.0    249.4
2013  6 16   167    0  7  0     87.13    0.5476E-03      84.9    243.2
2013  6 16   167    0  8  0     87.29    0.5345E-03      84.7    236.8
2013  6 16   167    0  9  0     87.46    0.5418E-03      84.6    228.9
2013  6 16   167    0 10  0     87.62    0.5159E-03      84.6    219.0
2013  6 16   167    0 11  0     87.79    0.5180E-03      84.8    210.5
2013  6 16   167    0 12  0     87.95    0.5038E-03      85.0    200.2
2013  6 16   167    0 13  0     88.12    0.5065E-03      84.9    193.2
2013  6 16   167    0 14  0     88.28    0.4895E-03      84.6    184.3
2013  6 16   167    0 15  0     88.45    0.4792E-03      84.5    176.0
2013  6 16   167    0 16  0     88.61    0.4792E-03      84.4    165.1
2013  6 16   167    0 17  0     88.77    0.4786E-03      84.5    154.1
2013  6 16   167    0 18  0     88.94    0.4792E-03      84.8    142.5
2013  6 16   167    0 19  0     89.10    0.4705E-03      84.6    136.0
2013  6 16   167    0 20  0     89.26    0.4730E-03      84.2    130.5
2013  6 16   167    0 21  0     89.43    0.4531E-03      83.9    121.1
2013  6 16   167    0 22  0     89.59    0.4387E-03      83.8    116.4
2013  6 16   167    0 23  0     89.75    0.4420E-03      84.0    111.0
2013  6 16   167    0 24  0     89.91    0.4316E-03      84.4    105.3
2013  6 16   167    9 31  0     89.84    0.3683E-03      81.5    111.5
2013  6 16   167    9 32  0     89.68    0.3710E-03      81.4    116.6
2013  6 16   167    9 33  0     89.52    0.3807E-03      81.5    121.2
2013  6 16   167    9 34  0     89.35    0.3791E-03      81.7    130.3
2013  6 16   167    9 35  0     89.19    0.3983E-03      82.1    136.4
2013  6 16   167    9 36  0     89.03    0.4028E-03      82.8    141.2
2013  6 16   167    9 37  0     88.86    0.3954E-03      82.9    152.4
2013  6 16   167    9 38  0     88.70    0.4162E-03      82.9    163.5
2013  6 16   167    9 39  0     88.54    0.4300E-03      83.1    173.3
2013  6 16   167    9 40  0     88.37    0.4321E-03      83.4    183.4
2013  6 16   167    9 41  0     88.21    0.4451E-03      83.9    193.2
2013  6 16   167    9 42  0     88.04    0.4381E-03      84.3    198.8
2013  6 16   167    9 43  0     87.88    0.4507E-03      84.4    207.5
2013  6 16   167    9 44  0     87.71    0.4652E-03      84.4    218.0
2013  6 16   167    9 45  0     87.55    0.4699E-03      84.5    228.6
2013  6 16   167    9 46  0     87.38    0.4701E-03      84.5    236.8
2013  6 16   167    9 47  0     87.22    0.4895E-03      84.5    242.9
2013  6 16   167    9 48  0     87.05    0.4920E-03      84.7    248.9
2013  6 16   167    9 49  0     86.89    0.4956E-03      84.6    255.4
2013  6 16   167    9 50  0     86.72    0.5102E-03      84.4    263.1
2013  6 16   167    9 51  0     86.55    0.5181E-03      84.0    269.5
2013  6 16   167    9 52  0     86.38    0.5320E-03      83.6    274.8
2013  6 16   167    9 53  0     86.22    0.5441E-03      83.1    278.5
2013  6 16   167    9 54  0     86.05    0.5445E-03      82.7    281.0
2013  6 16   167    9 55  0     85.88    0.5627E-03      82.1    285.0
2013  6 16   167    9 56  0     85.71    0.5667E-03      81.3    288.9
2013  6 16   167    9 57  0     85.55    0.5791E-03      80.4    293.5
2013  6 16   167    9 58  0     85.38    0.5767E-03      79.0    298.9
2013  6 16   167    9 59  0     85.21    0.5643E-03      77.0    306.8
2013  6 16   167   10  0  0     85.04    0.5627E-03      75.0    313.6
2013  6 16   167   10  1  0     84.87    0.5613E-03      73.6    318.3
2013  6 16   167   10  2  0     84.70    0.5743E-03      72.8    319.1
2013  6 16   167   10  3  0     84.53    0.5961E-03      72.8    318.3
2013  6 16   167   10  4  0     84.36    0.6120E-03      73.1    317.4
2013  6 16   167   10  5  0     84.19    0.6397E-03      72.8    318.0
2013  6 16   167   10  6  0     84.02    0.6452E-03      71.1    318.8
2013  6 16   167   10  7  0     83.85    0.6399E-03      68.2    320.8
2013  6 16   167   10  8  0     83.68    0.6384E-03      64.8    323.2
2013  6 16   167   10  9  0     83.51    0.6209E-03      61.4    325.5
2013  6 16   167   10 10  0     83.34    0.6268E-03      58.3    326.2
2013  6 16   167   10 11  0     83.17    0.6181E-03      55.9    326.1
2013  6 16   167   10 12  0     82.99    0.6247E-03      54.3    325.3
2013  6 16   167   10 13  0     82.82    0.6204E-03      53.2    325.2
2013  6 16   167   10 14  0     82.65    0.6479E-03      52.3    325.4
2013  6 16   167   10 15  0     82.48    0.6558E-03      51.5    325.1
2013  6 16   167   10 16  0     82.31    0.6641E-03      50.7    324.9
2013  6 16   167   10 17  0     82.13    0.7023E-03      49.9    324.5
2013  6 16   167   10 18  0     81.96    0.7142E-03      49.2    324.1
2013  6 16   167   10 19  0     81.79    0.7287E-03      48.3    324.3
2013  6 16   167   10 20  0     81.61    0.7548E-03      47.2    323.9
2013  6 16   167   10 21  0     81.44    0.7584E-03      45.9    323.5
2013  6 16   167   10 22  0     81.27    0.7785E-03      44.7    323.2
2013  6 16   167   10 23  0     81.09    0.7989E-03      43.5    323.1
2013  6 16   167   10 24  0     80.92    0.7910E-03      42.4    322.4
2013  6 16   167   10 25  0     80.74    0.8186E-03      41.3    322.0
2013  6 16   167   10 26  0     80.57    0.8292E-03      40.3    321.3
2013  6 16   167   10 27  0     80.39    0.8462E-03      39.0    320.5
2013  6 16   167   10 28  0     80.22    0.8555E-03      38.1    320.0
2013  6 16   167   10 29  0     80.04    0.8868E-03      37.4    319.8
2013  6 16   167   10 30  0     79.87    0.9053E-03      37.0    319.5
2013  6 16   167   10 31  0     79.69    0.9504E-03      36.8    319.1
2013  6 16   167   10 32  0     79.52    0.9677E-03      36.7    319.1
2013  6 16   167   10 33  0     79.34    0.9958E-03      36.6    318.8
2013  6 16   167   10 34  0     79.17    0.1023E-02      36.3    319.2
2013  6 16   167   10 35  0     78.99    0.1044E-02      35.9    319.3
2013  6 16   167   10 36  0     78.81    0.1068E-02      35.5    319.7
2013  6 16   167   10 37  0     78.64    0.1086E-02      35.2    320.4
2013  6 16   167   10 38  0     78.46    0.1122E-02      35.1    320.1
2013  6 16   167   10 39  0     78.28    0.1148E-02      35.3    320.8
2013  6 16   167   10 40  0     78.11    0.1196E-02      35.6    321.0
2013  6 16   167   10 41  0     77.93    0.1244E-02      35.8    321.7
2013  6 16   167   10 42  0     77.75    0.1282E-02      35.9    321.8
2013  6 16   167   10 43  0     77.57    0.1304E-02      35.9    322.3
2013  6 16   167   10 44  0     77.40    0.1355E-02      36.0    323.1
2013  6 16   167   10 45  0     77.22    0.1382E-02      36.2    323.8
2013  6 16   167   10 46  0     77.04    0.1451E-02      36.5    324.2
2013  6 16   167   10 47  0     76.86    0.1492E-02      36.9    324.5
2013  6 16   167   10 48  0     76.68    0.1548E-02      37.0    324.8
2013  6 16   167   10 49  0     76.50    0.1596E-02      37.0    324.9
2013  6 16   167   10 50  0     76.33    0.1632E-02      36.8    325.1
2013  6 16   167   10 51  0     76.15    0.1678E-02      36.4    325.4
2013  6 16   167   10 52  0     75.97    0.1705E-02      36.0    325.5
2013  6 16   167   10 53  0     75.79    0.1747E-02      35.7    325.4
2013  6 16   167   10 54  0     75.61    0.1804E-02      35.5    325.0
2013  6 16   167   10 55  0     75.43    0.1871E-02      35.5    324.5
2013  6 16   167   10 56  0     75.25    0.1922E-02      35.5    324.3
2013  6 16   167   10 57  0     75.07    0.1982E-02      35.2    324.1
2013  6 16   167   10 58  0     74.89    0.2027E-02      34.6    324.1
2013  6 16   167   10 59  0     74.71    0.2042E-02      33.9    324.1
2013  6 16   167   11  0  0     74.53    0.2082E-02      33.4    324.4
2013  6 16   167   11  1  0     74.35    0.2148E-02      33.4    324.4
2013  6 16   167   11  2  0     74.17    0.2249E-02      33.9    324.5
2013  6 16   167   11  3  0     73.99    0.2378E-02      34.8    324.4
2013  6 16   167   11  4  0     73.81    0.2514E-02      35.7    324.3
2013  6 16   167   11  5  0     73.63    0.2647E-02      36.5    324.2
2013  6 16   167   11  6  0     73.44    0.2787E-02      37.3    324.1
2013  6 16   167   11  7  0     73.26    0.2936E-02      38.2    324.0
2013  6 16   167   11  8  0     73.08    0.3135E-02      39.6    323.8
2013  6 16   167   11  9  0     72.90    0.3360E-02      41.2    323.4
2013  6 16   167   11 10  0     72.72    0.3599E-02      43.0    323.1
2013  6 16   167   11 11  0     72.54    0.3858E-02      44.6    322.7
2013  6 16   167   11 12  0     72.35    0.4054E-02      45.7    322.5
2013  6 16   167   11 13  0     72.17    0.4235E-02      46.4    322.4
2013  6 16   167   11 14  0     71.99    0.4380E-02      46.7    322.4
2013  6 16   167   11 15  0     71.81    0.4531E-02      47.0    322.4
2013  6 16   167   11 16  0     71.62    0.4663E-02      47.0    322.5
2013  6 16   167   11 17  0     71.44    0.4768E-02      46.8    322.8
2013  6 16   167   11 18  0     71.26    0.4814E-02      46.1    323.2
2013  6 16   167   11 19  0     71.08    0.4826E-02      45.1    323.7
2013  6 16   167   11 20  0     70.89    0.4792E-02      43.6    324.2
2013  6 16   167   11 21  0     70.71    0.4729E-02      42.0    324.8
2013  6 16   167   11 22  0     70.53    0.4671E-02      40.3    325.2
2013  6 16   167   11 23  0     70.34    0.4628E-02      38.8    325.7
2013  6 16   167   11 24  0     70.16    0.4613E-02      37.6    326.0
2013  6 16   167   11 25  0     69.98    0.4623E-02      36.8    326.3
2013  6 16   167   11 26  0     69.79    0.4662E-02      36.0    326.3
2013  6 16   167   11 27  0     69.61    0.4698E-02      35.3    326.4
2013  6 16   167   11 28  0     69.42    0.4733E-02      34.5    326.5
2013  6 16   167   11 29  0     69.24    0.4733E-02      33.6    326.7
2013  6 16   167   11 30  0     69.06    0.4723E-02      32.7    327.0
2013  6 16   167   11 31  0     68.87    0.4722E-02      31.8    327.4
2013  6 16   167   11 32  0     68.69    0.4755E-02      31.2    327.7
2013  6 16   167   11 33  0     68.50    0.4842E-02      30.9    328.0
2013  6 16   167   11 34  0     68.32    0.4950E-02      30.9    328.2
2013  6 16   167   11 35  0     68.13    0.5089E-02      31.0    328.3
2013  6 16   167   11 36  0     67.95    0.5305E-02      31.4    328.4
2013  6 16   167   11 37  0     67.76    0.5618E-02      32.4    328.3
2013  6 16   167   11 38  0     67.58    0.6054E-02      34.1    327.6
2013  6 16   167   11 39  0     67.39    0.6598E-02      36.3    326.8
2013  6 16   167   11 40  0     67.21    0.7222E-02      38.7    327.0
2013  6 16   167   11 41  0     67.02    0.7846E-02      41.1    326.6
2013  6 16   167   11 42  0     66.84    0.8420E-02      43.1    326.2
2013  6 16   167   11 43  0     66.65    0.8908E-02      44.6    326.2
2013  6 16   167   11 44  0     66.46    0.9253E-02      45.4    326.6
2013  6 16   167   11 45  0     66.28    0.9452E-02      45.7    327.2
2013  6 16   167   11 46  0     66.09    0.9587E-02      45.5    327.9
2013  6 16   167   11 47  0     65.91    0.9694E-02      45.1    328.4
2013  6 16   167   11 48  0     65.72    0.9791E-02      44.7    328.9
2013  6 16   167   11 49  0     65.53    0.9811E-02      43.8    329.1
2013  6 16   167   11 50  0     65.35    0.9764E-02      42.6    329.3
2013  6 16   167   11 51  0     65.16    0.9744E-02      41.5    329.5
2013  6 16   167   11 52  0     64.98    0.9854E-02      40.9    329.6
2013  6 16   167   11 53  0     64.79    0.1011E-01      40.8    329.4
2013  6 16   167   11 54  0     64.60    0.1048E-01      41.3    329.0
2013  6 16   167   11 55  0     64.42    0.1085E-01      41.8    328.8
2013  6 16   167   11 56  0     64.23    0.1114E-01      42.0    328.7
2013  6 16   167   11 57  0     64.04    0.1125E-01      41.7    329.1
2013  6 16   167   11 58  0     63.86    0.1112E-01      40.7    330.0
2013  6 16   167   11 59  0     63.67    0.1078E-01      39.0    331.4
2013  6 16   167   12  0  0     63.48    0.1035E-01      37.0    332.9
2013  6 16   167   12  1  0     63.29    0.9991E-02      35.2    334.3
2013  6 16   167   12  2  0     63.11    0.9768E-02      33.9    335.3
2013  6 16   167   12  3  0     62.92    0.9624E-02      32.6    335.8
2013  6 16   167   12  4  0     62.73    0.9494E-02      31.4    336.0
2013  6 16   167   12  5  0     62.55    0.9406E-02      30.4    336.2
2013  6 16   167   12  6  0     62.36    0.9381E-02      29.6    336.3
2013  6 16   167   12  7  0     62.17    0.9447E-02      29.1    336.3
2013  6 16   167   12  8  0     61.98    0.9603E-02      28.8    336.1
2013  6 16   167   12  9  0     61.79    0.9890E-02      28.9    335.7
2013  6 16   167   12 10  0     61.61    0.1034E-01      29.4    335.0
2013  6 16   167   12 11  0     61.42    0.1098E-01      30.3    334.1
2013  6 16   167   12 12  0     61.23    0.1180E-01      31.7    333.1
2013  6 16   167   12 13  0     61.04    0.1276E-01      33.5    332.2
2013  6 16   167   12 14  0     60.85    0.1384E-01      35.6    331.6
2013  6 16   167   12 15  0     60.67    0.1502E-01      37.9    331.2
2013  6 16   167   12 16  0     60.48    0.1629E-01      40.4    330.9
2013  6 16   167   12 17  0     60.29    0.1752E-01      42.8    330.9
2013  6 16   167   12 18  0     60.10    0.1869E-01      45.0    330.5
2013  6 16   167   12 19  0     59.91    0.1968E-01      46.7    331.2
2013  6 16   167   12 20  0     59.73    0.2052E-01      48.0    331.1
2013  6 16   167   12 21  0     59.54    0.2111E-01      48.9    331.8
2013  6 16   167   12 22  0     59.35    0.2142E-01      48.9    332.3
2013  6 16   167   12 23  0     59.16    0.2133E-01      48.0    332.7
2013  6 16   167   12 24  0     58.97    0.2109E-01      46.7    333.1
2013  6 16   167   12 25  0     58.78    0.2093E-01      45.4    333.7
2013  6 16   167   12 26  0     58.59    0.2094E-01      44.5    333.1
2013  6 16   167   12 27  0     58.41    0.2091E-01      43.5    333.3
2013  6 16   167   12 28  0     58.22    0.2067E-01      42.2    333.3
2013  6 16   167   12 29  0     58.03    0.2028E-01      40.6    333.1
2013  6 16   167   12 30  0     57.84    0.1989E-01      39.2    333.8
2013  6 16   167   12 31  0     57.65    0.1972E-01      38.2    334.0
2013  6 16   167   12 32  0     57.46    0.1962E-01      37.3    333.9
2013  6 16   167   12 33  0     57.27    0.1950E-01      36.4    333.7
2013  6 16   167   12 34  0     57.08    0.1930E-01      35.5    333.9
2013  6 16   167   12 35  0     56.89    0.1899E-01      34.4    334.4
2013  6 16   167   12 36  0     56.71    0.1855E-01      33.1    335.1
2013  6 16   167   12 37  0     56.52    0.1808E-01      31.8    335.6
2013  6 16   167   12 38  0     56.33    0.1775E-01      30.7    335.9
2013  6 16   167   12 39  0     56.14    0.1757E-01      30.0    336.4
2013  6 16   167   12 40  0     55.95    0.1767E-01      29.8    337.4
2013  6 16   167   12 41  0     55.76    0.1799E-01      29.8    337.7
2013  6 16   167   12 42  0     55.57    0.1845E-01      30.1    337.8
2013  6 16   167   12 43  0     55.38    0.1899E-01      30.5    338.0
2013  6 16   167   12 44  0     55.19    0.1961E-01      31.0    337.9
2013  6 16   167   12 45  0     55.00    0.2025E-01      31.5    337.9
2013  6 16   167   12 46  0     54.81    0.2084E-01      32.0    337.8
2013  6 16   167   12 47  0     54.62    0.2129E-01      32.2    338.0
2013  6 16   167   12 48  0     54.43    0.2154E-01      32.0    338.2
2013  6 16   167   12 49  0     54.25    0.2153E-01      31.6    337.9
2013  6 16   167   12 50  0     54.06    0.2149E-01      31.0    339.1
2013  6 16   167   12 51  0     53.87    0.2181E-01      31.0    339.0
2013  6 16   167   12 52  0     53.68    0.2257E-01      31.5    338.9
2013  6 16   167   12 53  0     53.49    0.2365E-01      32.4    338.5
2013  6 16   167   12 54  0     53.30    0.2488E-01      33.6    338.2
2013  6 16   167   12 55  0     53.11    0.2647E-01      35.1    337.8
2013  6 16   167   12 56  0     52.92    0.2844E-01      37.0    337.2
2013  6 16   167   12 57  0     52.73    0.3060E-01      39.1    336.3
2013  6 16   167   12 58  0     52.54    0.3250E-01      40.8    335.3
2013  6 16   167   12 59  0     52.35    0.3361E-01      41.6    334.9
2013  6 16   167   13  0  0     52.16    0.3406E-01      41.7    335.1
2013  6 16   167   13  1  0     51.97    0.3441E-01      41.6    335.5
2013  6 16   167   13  2  0     51.78    0.3472E-01      41.6    336.2
2013  6 16   167   13  3  0     51.59    0.3508E-01      41.5    336.6
2013  6 16   167   13  4  0     51.40    0.3599E-01      42.0    336.9
2013  6 16   167   13  5  0     51.22    0.3765E-01      43.2    336.7
2013  6 16   167   13  6  0     51.03    0.3985E-01      44.9    336.7
2013  6 16   167   13  7  0     50.84    0.4269E-01      47.4    336.0
2013  6 16   167   13  8  0     50.65    0.4591E-01      50.1    335.2
2013  6 16   167   13  9  0     50.46    0.4899E-01      52.6    334.8
2013  6 16   167   13 10  0     50.27    0.5192E-01      54.9    334.3
2013  6 16   167   13 11  0     50.08    0.5823E-01      62.1    336.5
2013  6 16   167   13 12  0     49.89    0.5926E-01      61.5    333.7
2013  6 16   167   13 13  0     49.70    0.6135E-01      63.1    334.6
2013  6 16   167   13 14  0     49.51    0.6365E-01      65.0    335.4
2013  6 16   167   13 15  0     49.32    0.6561E-01      66.6    335.9
2013  6 16   167   13 16  0     49.13    0.6824E-01      69.0    336.1
2013  6 16   167   13 17  0     48.94    0.6745E-01      66.9    336.0
2013  6 16   167   13 18  0     48.76    0.6711E-01      65.4    335.9
2013  6 16   167   13 19  0     48.57    0.7041E-01      68.4    337.1
2013  6 16   167   13 20  0     48.38    0.7986E-01      79.2    339.1
2013  6 16   167   13 21  0     48.19    0.6982E-01      65.9    335.8
2013  6 16   167   13 22  0     48.00    0.6875E-01      64.2    336.7
2013  6 16   167   13 23  0     47.81    0.6986E-01      65.4    339.0
2013  6 16   167   13 24  0     47.62    0.6986E-01      64.4    336.7
2013  6 16   167   13 25  0     47.43    0.6810E-01      61.7    337.7
2013  6 16   167   13 26  0     47.24    0.6973E-01      62.7    338.5
2013  6 16   167   13 27  0     47.05    0.7726E-01      70.8    343.0
2013  6 16   167   13 28  0     46.87    0.8475E-01      78.0    340.6
2013  6 16   167   13 29  0     46.68    0.6837E-01      59.7    337.6
2013  6 16   167   13 30  0     46.49    0.6603E-01      56.6    338.5
2013  6 16   167   13 31  0     46.30    0.6590E-01      55.5    338.3
2013  6 16   167   13 32  0     46.11    0.6755E-01      56.0    337.8
2013  6 16   167   13 33  0     45.92    0.6984E-01      57.2    337.7
2013  6 16   167   13 34  0     45.74    0.7299E-01      59.5    338.5
2013  6 16   167   13 35  0     45.55    0.7940E-01      65.2    339.0
2013  6 16   167   13 36  0     45.36    0.7689E-01      62.5    339.4
2013  6 16   167   13 37  0     45.17    0.8095E-01      67.0    342.8
2013  6 16   167   13 38  0     44.98    0.6712E-01      53.7    338.3
2013  6 16   167   13 39  0     44.79    0.5966E-01      47.6    342.6
2013  6 16   167   13 40  0     44.61    0.5454E-01      43.3    342.6
2013  6 16   167   13 41  0     44.42    0.4920E-01      38.8    345.2
2013  6 16   167   13 42  0     44.23    0.4649E-01      36.5    347.0
2013  6 16   167   13 43  0     44.04    0.4496E-01      35.0    347.9
2013  6 16   167   13 44  0     43.86    0.4443E-01      34.3    348.7
2013  6 16   167   13 45  0     43.67    0.4466E-01      34.1    348.8
2013  6 16   167   13 46  0     43.48    0.4544E-01      34.2    348.8
2013  6 16   167   13 47  0     43.29    0.4652E-01      34.5    348.0
2013  6 16   167   13 48  0     43.11    0.4794E-01      35.0    347.1
2013  6 16   167   13 49  0     42.92    0.5009E-01      36.1    346.7
2013  6 16   167   13 50  0     42.73    0.5273E-01      37.4    345.9
2013  6 16   167   13 51  0     42.55    0.5530E-01      38.8    345.1
2013  6 16   167   13 52  0     42.36    0.5673E-01      39.4    344.8
2013  6 16   167   13 53  0     42.17    0.5641E-01      39.0    345.2
2013  6 16   167   13 54  0     41.99    0.5520E-01      38.1    346.6
2013  6 16   167   13 55  0     41.80    0.5494E-01      37.6    347.4
2013  6 16   167   13 56  0     41.61    0.5603E-01      37.8    347.2
2013  6 16   167   13 57  0     41.43    0.5829E-01      38.7    346.1
2013  6 16   167   13 58  0     41.24    0.6103E-01      39.9    345.0
2013  6 16   167   13 59  0     41.06    0.6350E-01      40.9    344.0
2013  6 16   167   14  0  0     40.87    0.6479E-01      41.4    343.4
2013  6 16   167   14  1  0     40.68    0.6351E-01      40.4    343.5
2013  6 16   167   14  2  0     40.50    0.5883E-01      37.4    344.9
2013  6 16   167   14  3  0     40.31    0.5370E-01      34.1    347.1
2013  6 16   167   14  4  0     40.13    0.5213E-01      32.8    349.0
2013  6 16   167   14  5  0     39.94    0.5588E-01      34.5    348.7
2013  6 16   167   14  6  0     39.76    0.6381E-01      38.5    346.5
2013  6 16   167   14  7  0     39.57    0.7357E-01      43.6    344.5
2013  6 16   167   14  8  0     39.39    0.8320E-01      48.9    342.8
2013  6 16   167   14  9  0     39.20    0.9010E-01      52.6    342.4
2013  6 16   167   14 10  0     39.02    0.9413E-01      54.4    341.8
2013  6 16   167   14 11  0     38.83    0.9600E-01      55.0    341.7
2013  6 16   167   14 12  0     38.65    0.9778E-01      55.4    341.4
2013  6 16   167   14 13  0     38.47    0.9918E-01      55.6    340.9
2013  6 16   167   14 14  0     38.28    0.1024E+00      56.8    340.7
2013  6 16   167   14 15  0     38.10    0.1078E+00      59.3    340.6
2013  6 16   167   14 16  0     37.92    0.1156E+00      63.5    342.0
2013  6 16   167   14 17  0     37.73    0.1260E+00      69.5    342.3
2013  6 16   167   14 18  0     37.55    0.1258E+00      68.6    340.5
2013  6 16   167   14 19  0     37.37    0.1252E+00      68.1    341.9
2013  6 16   167   14 20  0     37.19    0.1238E+00      67.0    342.6
2013  6 16   167   14 21  0     37.00    0.1216E+00      65.5    343.6
2013  6 16   167   14 22  0     36.82    0.1231E+00      65.9    343.8
2013  6 16   167   14 23  0     36.64    0.1245E+00      66.0    343.5
2013  6 16   167   14 24  0     36.46    0.1229E+00      64.4    343.6
2013  6 16   167   14 25  0     36.28    0.1271E+00      66.1    344.1
2013  6 16   167   14 26  0     36.09    0.1337E+00      69.3    344.4
2013  6 16   167   14 27  0     35.91    0.1307E+00      66.5    341.7
2013  6 16   167   14 28  0     35.73    0.1330E+00      67.2    342.5
2013  6 16   167   14 29  0     35.55    0.1296E+00      64.6    342.9
2013  6 16   167   14 30  0     35.37    0.1294E+00      63.4    339.3
2013  6 16   167   14 31  0     35.19    0.1394E+00      68.6    344.7
2013  6 16   167   14 32  0     35.01    0.1647E+00      81.1    340.5
2013  6 16   167   14 33  0     34.83    0.1803E+00      88.9    340.6
2013  6 16   167   14 34  0     34.65    0.1537E+00      72.9    341.5
2013  6 16   167   14 35  0     34.47    0.1894E+00      92.0    343.9
2013  6 16   167   14 36  0     34.30    0.2104E+00     102.6    342.8
2013  6 16   167   14 37  0     34.12    0.2136E+00     103.7    342.6
2013  6 16   167   14 38  0     33.94    0.1886E+00      88.8    336.6
2013  6 16   167   14 39  0     33.76    0.1770E+00      82.6    340.2
2013  6 16   167   14 40  0     33.58    0.1667E+00      76.5    338.9
2013  6 16   167   14 41  0     33.41    0.1776E+00      82.1    341.7
2013  6 16   167   14 42  0     33.23    0.1754E+00      80.1    339.8
2013  6 16   167   14 43  0     33.05    0.1842E+00      84.1    340.2
2013  6 16   167   14 44  0     32.88    0.1785E+00      80.8    342.7
2013  6 16   167   14 45  0     32.70    0.1847E+00      83.1    341.9
2013  6 16   167   14 46  0     32.53    0.2040E+00      92.6    342.7
2013  6 16   167   14 47  0     32.35    0.2153E+00      97.8    343.1
2013  6 16   167   14 48  0     32.18    0.2108E+00      94.2    338.5
2013  6 16   167   14 49  0     32.00    0.1757E+00      76.2    340.5
2013  6 16   167   14 50  0     31.83    0.1859E+00      81.0    343.3
2013  6 16   167   14 51  0     31.65    0.2205E+00      98.2    345.9
2013  6 16   167   14 52  0     31.48    0.2291E+00     101.5    343.5
2013  6 16   167   14 53  0     31.31    0.2148E+00      93.9    341.5
2013  6 16   167   14 54  0     31.13    0.1831E+00      78.2    340.1
2013  6 16   167   14 55  0     30.96    0.1618E+00      67.9    340.8
2013  6 16   167   14 56  0     30.79    0.1599E+00      66.5    340.2
2013  6 16   167   14 57  0     30.62    0.1723E+00      72.1    343.9
2013  6 16   167   14 58  0     30.45    0.2023E+00      86.4    348.0
2013  6 16   167   14 59  0     30.28    0.2034E+00      85.6    342.8
2013  6 16   167   15  0  0     30.11    0.1909E+00      79.1    342.1
2013  6 16   167   15  1  0     29.94    0.2017E+00      84.5    348.5
2013  6 16   167   15  2  0     29.77    0.2075E+00      85.9    344.1
2013  6 16   167   15  3  0     29.60    0.2371E+00      99.0    344.6
2013  6 16   167   15  4  0     29.43    0.2335E+00      96.7    346.3
2013  6 16   167   15  5  0     29.26    0.2324E+00      94.9    342.4
2013  6 16   167   15  6  0     29.10    0.2393E+00      97.6    343.1
2013  6 16   167   15  7  0     28.93    0.2382E+00      96.6    344.9
2013  6 16   167   15  8  0     28.76    0.2411E+00      97.1    343.9
2013  6 16   167   15  9  0     28.60    0.2494E+00     100.6    344.1
2013  6 16   167   15 10  0     28.43    0.2342E+00      93.1    341.6
2013  6 16   167   15 11  0     28.27    0.2219E+00      87.2    343.0
2013  6 16   167   15 12  0     28.10    0.2463E+00      98.4    348.3
2013  6 16   167   15 13  0     27.94    0.2643E+00     105.5    345.1
2013  6 16   167   15 14  0     27.78    0.2399E+00      94.3    344.7
2013  6 16   167   15 15  0     27.61    0.2439E+00      96.4    347.5
2013  6 16   167   15 16  0     27.45    0.2519E+00     100.2    348.6
2013  6 16   167   15 17  0     27.29    0.2054E+00      79.3    340.8
2013  6 16   167   15 18  0     27.13    0.1736E+00      66.1    342.8
2013  6 16   167   15 19  0     26.97    0.1627E+00      61.7    347.1
2013  6 16   167   15 20  0     26.81    0.1689E+00      64.2    348.5
2013  6 16   167   15 21  0     26.65    0.1657E+00      62.5    348.1
2013  6 16   167   15 22  0     26.49    0.1758E+00      66.3    347.0
2013  6 16   167   15 23  0     26.34    0.1692E+00      63.1    348.4
2013  6 16   167   15 24  0     26.18    0.2167E+00      83.1    353.8
2013  6 16   167   15 25  0     26.02    0.2046E+00      76.1    344.8
2013  6 16   167   15 26  0     25.87    0.2205E+00      82.3    349.1
2013  6 16   167   15 27  0     25.72    0.2596E+00      97.8    348.1
2013  6 16   167   15 28  0     25.56    0.2563E+00      95.5    345.0
2013  6 16   167   15 29  0     25.41    0.2486E+00      92.4    348.2
2013  6 16   167   15 30  0     25.26    0.2717E+00     101.6    348.3
2013  6 16   167   15 31  0     25.11    0.2572E+00      95.8    349.1
2013  6 16   167   15 32  0     24.96    0.2564E+00      94.9    343.9
2013  6 16   167   15 33  0     24.81    0.1920E+00      68.8    343.9
2013  6 16   167   15 34  0     24.66    0.1861E+00      66.4    347.6
2013  6 16   167   15 35  0     24.51    0.1985E+00      70.9    349.4
2013  6 16   167   15 36  0     24.36    0.2385E+00      86.6    350.6
2013  6 16   167   15 37  0     24.22    0.2562E+00      93.0    349.4
2013  6 16   167   15 38  0     24.07    0.2536E+00      91.0    345.0
2013  6 16   167   15 39  0     23.93    0.2425E+00      87.3    350.8
2013  6 16   167   15 40  0     23.78    0.2642E+00      95.8    350.8
2013  6 16   167   15 41  0     23.64    0.2695E+00      97.6    350.2
2013  6 16   167   15 42  0     23.50    0.2448E+00      87.4    347.8
2013  6 16   167   15 43  0     23.36    0.2324E+00      82.4    350.1
2013  6 16   167   15 44  0     23.22    0.2553E+00      90.5    348.7
2013  6 16   167   15 45  0     23.08    0.2501E+00      88.1    349.0
2013  6 16   167   15 46  0     22.94    0.2520E+00      88.3    348.8
2013  6 16   167   15 47  0     22.81    0.2525E+00      88.1    348.4
2013  6 16   167   15 48  0     22.67    0.2447E+00      84.7    347.5
2013  6 16   167   15 49  0     22.54    0.2461E+00      85.2    348.9
2013  6 16   167   15 50  0     22.41    0.2550E+00      88.3    348.9
2013  6 16   167   15 51  0     22.27    0.2551E+00      87.7    348.0
2013  6 16   167   15 52  0     22.14    0.2556E+00      87.6    348.4
2013  6 16   167   15 53  0     22.01    0.2614E+00      89.6    348.6
2013  6 16   167   15 54  0     21.89    0.2693E+00      92.2    348.7
2013  6 16   167   15 55  0     21.76    0.2794E+00      95.7    348.7
2013  6 16   167   15 56  0     21.63    0.2741E+00      93.5    348.8
2013  6 16   167   15 57  0     21.51    0.2494E+00      83.8    346.3
2013  6 16   167   15 58  0     21.39    0.2693E+00      91.7    350.3
2013  6 16   167   15 59  0     21.27    0.2488E+00      83.9    347.8
2013  6 16   167   16  0  0     21.14    0.2291E+00      76.6    346.8
2013  6 16   167   16  1  0     21.03    0.2259E+00      76.4    355.3
2013  6 16   167   16  2  0     20.91    0.2628E+00      89.5    351.3
2013  6 16   167   16  3  0     20.79    0.2483E+00      84.0    350.8
2013  6 16   167   16  4  0     20.68    0.2410E+00      81.4    351.3
2013  6 16   167   16  5  0     20.57    0.2560E+00      87.3    354.5
2013  6 16   167   16  6  0     20.45    0.2561E+00      87.1    353.0
2013  6 16   167   16  7  0     20.34    0.2238E+00      75.4    353.2
2013  6 16   167   16  8  0     20.24    0.2360E+00      80.2    356.7
2013  6 16   167   16  9  0     20.13    0.2384E+00      80.5    352.4
2013  6 16   167   16 10  0     20.02    0.2269E+00      76.4    356.1
2013  6 16   167   16 11  0     19.92    0.2516E+00      85.2    355.4
2013  6 16   167   16 12  0     19.82    0.2555E+00      86.6    355.9
2013  6 16   167   16 13  0     19.72    0.2390E+00      80.4    353.4
2013  6 16   167   16 14  0     19.62    0.2226E+00      75.0    356.5
2013  6 16   167   16 15  0     19.52    0.2284E+00      77.5    357.5
2013  6 16   167   16 16  0     19.43    0.2048E+00      69.1    355.3
2013  6 16   167   16 17  0     19.34    0.1888E+00      64.0    356.6
2013  6 16   167   16 18  0     19.24    0.1669E+00      56.6    359.7
2013  6 16   167   16 19  0     19.16    0.1576E+00      53.5    360.8
2013  6 16   167   16 20  0     19.07    0.1524E+00      51.8    361.9
2013  6 16   167   16 21  0     18.98    0.1552E+00      52.6    362.7
2013  6 16   167   16 22  0     18.90    0.1653E+00      55.7    362.1
2013  6 16   167   16 23  0     18.82    0.1802E+00      60.5    360.5
2013  6 16   167   16 24  0     18.74    0.1731E+00      57.6    358.3
2013  6 16   167   16 25  0     18.66    0.1807E+00      60.5    363.1
2013  6 16   167   16 26  0     18.58    0.2078E+00      69.8    361.6
2013  6 16   167   16 27  0     18.51    0.2025E+00      66.8    354.3
2013  6 16   167   16 28  0     18.44    0.2267E+00      75.5    359.6
2013  6 16   167   16 29  0     18.37    0.2342E+00      77.0    357.6
2013  6 16   167   16 30  0     18.30    0.3036E+00     101.5    361.5
2013  6 16   167   16 31  0     18.24    0.2859E+00      93.7    350.7
2013  6 16   167   16 32  0     18.18    0.2567E+00      84.0    353.2
2013  6 16   167   16 33  0     18.11    0.2578E+00      84.9    358.3
2013  6 16   167   16 34  0     18.06    0.2578E+00      84.5    355.5
2013  6 16   167   16 35  0     18.00    0.2447E+00      80.4    358.9
2013  6 16   167   16 36  0     17.95    0.2657E+00      87.5    356.2
2013  6 16   167   16 37  0     17.89    0.2654E+00      87.4    356.1
2013  6 16   167   16 38  0     17.85    0.2272E+00      74.4    356.3
2013  6 16   167   16 39  0     17.80    0.2098E+00      68.7    355.3
2013  6 16   167   16 40  0     17.75    0.1825E+00      59.9    358.4
2013  6 16   167   16 41  0     17.71    0.1655E+00      54.7    361.5
2013  6 16   167   16 42  0     17.67    0.1625E+00      54.0    363.7
2013  6 16   167   16 43  0     17.64    0.1641E+00      54.6    362.8
2013  6 16   167   16 44  0     17.60    0.1544E+00      51.3    363.3
2013  6 16   167   16 45  0     17.57    0.1468E+00      48.9    364.3
2013  6 16   167   16 46  0     17.54    0.1412E+00      47.1    365.4
2013  6 16   167   16 47  0     17.51    0.1397E+00      46.7    366.2
2013  6 16   167   16 48  0     17.49    0.1392E+00      46.6    366.2
2013  6 16   167   16 49  0     17.46    0.1387E+00      46.6    366.7
2013  6 16   167   16 50  0     17.44    0.1399E+00      46.9    366.5
2013  6 16   167   16 51  0     17.43    0.1395E+00      46.8    366.3
2013  6 16   167   16 52  0     17.41    0.1403E+00      47.0    366.3
2013  6 16   167   16 53  0     17.40    0.1435E+00      47.9    365.6
2013  6 16   167   16 54  0     17.39    0.1424E+00      47.5    364.8
2013  6 16   167   16 55  0     17.38    0.1362E+00      45.5    365.1
2013  6 16   167   16 56  0     17.38    0.1302E+00      43.8    366.7
2013  6 16   167   16 57  0     17.37    0.1276E+00      43.1    368.4
2013  6 16   167   16 58  0     17.37    0.1285E+00      43.5    369.1
2013  6 16   167   16 59  0     17.38    0.1337E+00      45.2    369.6
2013  6 16   167   17  0  0     17.38    0.1419E+00      47.8    368.9
2013  6 16   167   17  1  0     17.39    0.1507E+00      50.6    367.4
2013  6 16   167   17  2  0     17.40    0.1530E+00      51.2    365.8
2013  6 16   167   17  3  0     17.41    0.1439E+00      48.5    365.9
2013  6 16   167   17  4  0     17.43    0.1314E+00      44.6    367.9
2013  6 16   167   17  5  0     17.45    0.1228E+00      42.0    369.7
2013  6 16   167   17  6  0     17.47    0.1155E+00      39.8    371.2
2013  6 16   167   17  7  0     17.49    0.1089E+00      37.9    373.5
2013  6 16   167   17  8  0     17.51    0.1072E+00      37.3    373.9
2013  6 16   167   17  9  0     17.54    0.1065E+00      37.1    374.3
2013  6 16   167   17 10  0     17.57    0.1077E+00      37.6    375.0
2013  6 16   167   17 11  0     17.61    0.1144E+00      40.0    375.6
2013  6 16   167   17 12  0     17.64    0.1239E+00      43.3    375.5
2013  6 16   167   17 13  0     17.68    0.1450E+00      50.5    374.6
2013  6 16   167   17 14  0     17.72    0.1518E+00      52.6    372.7
2013  6 16   167   17 15  0     17.76    0.1654E+00      57.3    372.9
2013  6 16   167   17 16  0     17.81    0.1767E+00      61.0    370.9
2013  6 16   167   17 17  0     17.85    0.2056E+00      71.3    371.0
2013  6 16   167   17 18  0     17.90    0.1900E+00      65.3    364.8
2013  6 16   167   17 19  0     17.95    0.1615E+00      55.9    368.6
2013  6 16   167   17 20  0     18.01    0.1511E+00      52.7    372.6
2013  6 16   167   17 21  0     18.07    0.1750E+00      61.1    372.4
2013  6 16   167   17 22  0     18.12    0.1668E+00      58.0    367.6
2013  6 16   167   17 23  0     18.19    0.1445E+00      50.6    371.4
2013  6 16   167   17 24  0     18.25    0.1378E+00      48.6    373.2
2013  6 16   167   17 25  0     18.31    0.1335E+00      47.3    374.2
2013  6 16   167   17 26  0     18.38    0.1303E+00      46.3    375.4
2013  6 16   167   17 27  0     18.45    0.1304E+00      46.6    377.0
2013  6 16   167   17 28  0     18.52    0.1382E+00      49.2    376.4
2013  6 16   167   17 29  0     18.60    0.1551E+00      55.1    378.7
2013  6 16   167   17 30  0     18.67    0.1920E+00      67.4    371.5
2013  6 16   167   17 31  0     18.75    0.2001E+00      69.3    363.8
2013  6 16   167   17 32  0     18.83    0.1723E+00      59.5    366.9
2013  6 16   167   17 33  0     18.91    0.1727E+00      59.7    368.1
2013  6 16   167   17 34  0     19.00    0.1982E+00      68.8    369.3
2013  6 16   167   17 35  0     19.08    0.1965E+00      67.9    362.0
2013  6 16   167   17 36  0     19.17    0.1672E+00      58.3    366.0
2013  6 16   167   17 37  0     19.26    0.1579E+00      55.5    369.0
2013  6 16   167   17 38  0     19.35    0.1607E+00      56.5    368.9
2013  6 16   167   17 39  0     19.44    0.1585E+00      55.8    368.5
2013  6 16   167   17 40  0     19.54    0.1628E+00      57.4    369.7
2013  6 16   167   17 41  0     19.64    0.1809E+00      63.5    367.6
2013  6 16   167   17 42  0     19.73    0.1977E+00      69.7    369.8
2013  6 16   167   17 43  0     19.84    0.2335E+00      82.0    364.2
2013  6 16   167   17 44  0     19.94    0.2256E+00      79.0    363.1
2013  6 16   167   17 45  0     20.04    0.2286E+00      79.9    361.6
2013  6 16   167   17 46  0     20.15    0.2764E+00      98.1    365.7
2013  6 16   167   17 47  0     20.25    0.2887E+00     101.0    358.8
2013  6 16   167   17 48  0     20.36    0.2800E+00      97.8    363.1
2013  6 16   167   17 49  0     20.47    0.3238E+00     113.6    358.9
2013  6 16   167   17 50  0     20.58    0.3164E+00     110.5    355.5
2013  6 16   167   17 51  0     20.70    0.2800E+00      97.6    356.8
2013  6 16   167   17 52  0     20.81    0.2864E+00     100.5    357.6
2013  6 16   167   17 53  0     20.93    0.2427E+00      84.1    351.1
2013  6 16   167   17 54  0     21.05    0.1828E+00      63.2    358.5
2013  6 16   167   17 55  0     21.16    0.1946E+00      68.5    364.1
2013  6 16   167   17 56  0     21.28    0.2551E+00      91.8    364.6
2013  6 16   167   17 57  0     21.41    0.2724E+00      97.7    360.4
2013  6 16   167   17 58  0     21.53    0.2733E+00      97.4    354.7
2013  6 16   167   17 59  0     21.65    0.2618E+00      94.2    360.4
2013  6 16   167   18  0  0     21.78    0.2493E+00      89.6    359.7
2013  6 16   167   18  1  0     21.91    0.2502E+00      89.5    354.1
2013  6 16   167   18  2  0     22.03    0.2048E+00      72.9    357.9
2013  6 16   167   18  3  0     22.16    0.1813E+00      64.2    355.1
2013  6 16   167   18  4  0     22.29    0.1686E+00      60.6    361.5
2013  6 16   167   18  5  0     22.43    0.1725E+00      62.5    358.9
2013  6 16   167   18  6  0     22.56    0.1523E+00      55.9    361.3
2013  6 16   167   18  7  0     22.69    0.1420E+00      52.6    362.8
2013  6 16   167   18  8  0     22.83    0.1365E+00      50.8    364.1
2013  6 16   167   18  9  0     22.97    0.1289E+00      47.9    363.0
2013  6 16   167   18 10  0     23.10    0.1144E+00      42.6    362.5
2013  6 16   167   18 11  0     23.24    0.1022E+00      38.7    366.7
2013  6 16   167   18 12  0     23.38    0.9973E-01      38.6    372.0
2013  6 16   167   18 13  0     23.52    0.1104E+00      43.0    373.0
2013  6 16   167   18 14  0     23.66    0.1252E+00      48.4    370.0
2013  6 16   167   18 15  0     23.81    0.1382E+00      52.9    366.5
2013  6 16   167   18 16  0     23.95    0.1491E+00      56.7    363.6
2013  6 16   167   18 17  0     24.09    0.1556E+00      58.9    361.4
2013  6 16   167   18 18  0     24.24    0.1627E+00      61.6    358.8
2013  6 16   167   18 19  0     24.39    0.1468E+00      55.6    358.6
2013  6 16   167   18 20  0     24.53    0.1389E+00      53.2    361.2
2013  6 16   167   18 21  0     24.68    0.1361E+00      52.7    363.2
2013  6 16   167   18 22  0     24.83    0.1413E+00      55.0    363.5
2013  6 16   167   18 23  0     24.98    0.1475E+00      57.2    360.9
2013  6 16   167   18 24  0     25.13    0.1467E+00      56.8    359.6
2013  6 16   167   18 25  0     25.28    0.1428E+00      55.5    359.2
2013  6 16   167   18 26  0     25.43    0.1387E+00      54.2    360.1
2013  6 16   167   18 27  0     25.59    0.1305E+00      51.2    360.0
2013  6 16   167   18 28  0     25.74    0.1245E+00      49.3    361.2
2013  6 16   167   18 29  0     25.89    0.1203E+00      48.0    361.8
2013  6 16   167   18 30  0     26.05    0.1154E+00      46.4    362.5
2013  6 16   167   18 31  0     26.21    0.1094E+00      44.3    363.4
2013  6 16   167   18 32  0     26.36    0.1035E+00      42.4    365.1
2013  6 16   167   18 33  0     26.52    0.9872E-01      41.0    367.5
2013  6 16   167   18 34  0     26.68    0.9581E-01      40.3    369.9
2013  6 16   167   18 35  0     26.84    0.9687E-01      41.2    371.6
2013  6 16   167   18 36  0     27.00    0.1054E+00      44.9    371.5
2013  6 16   167   18 37  0     27.16    0.1228E+00      52.1    369.8
2013  6 16   167   18 38  0     27.32    0.1603E+00      67.8    366.8
2013  6 16   167   18 39  0     27.48    0.1747E+00      72.9    360.4
2013  6 16   167   18 40  0     27.64    0.1759E+00      72.7    356.6
2013  6 16   167   18 41  0     27.80    0.1597E+00      65.6    355.6
2013  6 16   167   18 42  0     27.97    0.1695E+00      70.7    358.7
2013  6 16   167   18 43  0     28.13    0.1725E+00      72.1    357.2
2013  6 16   167   18 44  0     28.29    0.1680E+00      69.9    352.9
2013  6 16   167   18 45  0     28.46    0.1448E+00      59.9    353.1
2013  6 16   167   18 46  0     28.62    0.1341E+00      55.8    354.7
2013  6 16   167   18 47  0     28.79    0.1299E+00      54.6    355.7
2013  6 16   167   18 48  0     28.96    0.1267E+00      53.6    356.4
2013  6 16   167   18 49  0     29.12    0.1268E+00      54.1    357.3
2013  6 16   167   18 50  0     29.29    0.1286E+00      55.3    357.8
2013  6 16   167   18 51  0     29.46    0.1331E+00      57.6    357.4
2013  6 16   167   18 52  0     29.63    0.1328E+00      57.7    356.5
2013  6 16   167   18 53  0     29.79    0.1302E+00      56.8    356.7
2013  6 16   167   18 54  0     29.96    0.1296E+00      56.9    357.0
2013  6 16   167   18 55  0     30.13    0.1299E+00      57.5    357.1
2013  6 16   167   18 56  0     30.30    0.1308E+00      58.3    357.3
2013  6 16   167   18 57  0     30.47    0.1328E+00      59.5    357.2
2013  6 16   167   18 58  0     30.65    0.1367E+00      61.6    356.9
2013  6 16   167   18 59  0     30.82    0.1402E+00      63.4    356.2
2013  6 16   167   19  0  0     30.99    0.1445E+00      65.7    355.8
2013  6 16   167   19  1  0     31.16    0.1461E+00      66.6    353.9
2013  6 16   167   19  2  0     31.33    0.1338E+00      60.6    352.1
2013  6 16   167   19  3  0     31.51    0.1279E+00      58.2    353.0
2013  6 16   167   19  4  0     31.68    0.1224E+00      55.9    352.8
2013  6 16   167   19  5  0     31.85    0.1200E+00      55.1    353.3
2013  6 16   167   19  6  0     32.03    0.1226E+00      56.6    353.3
2013  6 16   167   19  7  0     32.20    0.1309E+00      61.1    354.7
2013  6 16   167   19  8  0     32.38    0.1462E+00      68.8    353.1
2013  6 16   167   19  9  0     32.55    0.1473E+00      69.2    350.1
2013  6 16   167   19 10  0     32.73    0.1341E+00      62.3    347.7
2013  6 16   167   19 11  0     32.90    0.1232E+00      57.3    348.0
2013  6 16   167   19 12  0     33.08    0.1216E+00      57.3    350.4
2013  6 16   167   19 13  0     33.26    0.1290E+00      61.7    350.6
2013  6 16   167   19 14  0     33.43    0.1256E+00      59.9    349.2
2013  6 16   167   19 15  0     33.61    0.1261E+00      60.4    349.3
2013  6 16   167   19 16  0     33.79    0.1387E+00      67.8    352.9
2013  6 16   167   19 17  0     33.97    0.1417E+00      68.5    346.7
2013  6 16   167   19 18  0     34.15    0.1608E+00      79.5    350.9
2013  6 16   167   19 19  0     34.32    0.1611E+00      79.2    345.0
2013  6 16   167   19 20  0     34.50    0.1436E+00      70.3    345.2
2013  6 16   167   19 21  0     34.68    0.1476E+00      73.6    347.1
2013  6 16   167   19 22  0     34.86    0.1339E+00      66.0    344.1
2013  6 16   167   19 23  0     35.04    0.1252E+00      61.8    343.7
2013  6 16   167   19 24  0     35.22    0.1227E+00      61.1    345.1
2013  6 16   167   19 25  0     35.40    0.1327E+00      67.6    348.8
2013  6 16   167   19 26  0     35.58    0.1437E+00      73.8    346.2
2013  6 16   167   19 27  0     35.76    0.1643E+00      87.1    349.7
2013  6 16   167   19 28  0     35.94    0.1346E+00      68.5    339.1
2013  6 16   167   19 29  0     36.12    0.1189E+00      60.8    343.4
2013  6 16   167   19 30  0     36.30    0.1225E+00      64.0    344.3
2013  6 16   167   19 31  0     36.49    0.1133E+00      59.3    343.5
2013  6 16   167   19 32  0     36.67    0.1064E+00      56.2    344.5
2013  6 16   167   19 33  0     36.85    0.1067E+00      57.4    347.1
2013  6 16   167   19 34  0     37.03    0.1094E+00      59.8    347.5
2013  6 16   167   19 35  0     37.21    0.1090E+00      60.4    348.1
2013  6 16   167   19 36  0     37.40    0.1120E+00      63.4    349.8
2013  6 16   167   19 37  0     37.58    0.1063E+00      60.0    346.2
2013  6 16   167   19 38  0     37.76    0.9644E-01      54.4    346.4
2013  6 16   167   19 39  0     37.94    0.8977E-01      51.0    346.5
2013  6 16   167   19 40  0     38.13    0.8427E-01      48.5    347.6
2013  6 16   167   19 41  0     38.31    0.8063E-01      47.1    349.4
2013  6 16   167   19 42  0     38.50    0.7875E-01      46.8    350.5
2013  6 16   167   19 43  0     38.68    0.7468E-01      44.9    351.0
2013  6 16   167   19 44  0     38.86    0.7083E-01      43.3    352.7
2013  6 16   167   19 45  0     39.05    0.6850E-01      42.5    354.3
2013  6 16   167   19 46  0     39.23    0.6746E-01      42.4    354.9
2013  6 16   167   19 47  0     39.42    0.6721E-01      42.8    355.8
2013  6 16   167   19 48  0     39.60    0.6808E-01      43.8    355.8
2013  6 16   167   19 49  0     39.79    0.7061E-01      45.8    355.8
2013  6 16   167   19 50  0     39.97    0.7470E-01      48.6    355.0
2013  6 16   167   19 51  0     40.16    0.7843E-01      51.1    353.4
2013  6 16   167   19 52  0     40.34    0.8466E-01      56.0    354.0
2013  6 16   167   19 53  0     40.53    0.8722E-01      57.9    351.4
2013  6 16   167   19 54  0     40.71    0.8274E-01      55.0    350.2
2013  6 16   167   19 55  0     40.90    0.7853E-01      52.7    350.6
2013  6 16   167   19 56  0     41.08    0.7494E-01      50.8    351.1
2013  6 16   167   19 57  0     41.27    0.7286E-01      49.8    351.3
2013  6 16   167   19 58  0     41.46    0.7153E-01      49.2    351.1
2013  6 16   167   19 59  0     41.64    0.6981E-01      48.6    351.6
2013  6 16   167   20  0  0     41.83    0.6838E-01      48.5    353.4
2013  6 16   167   20  1  0     42.02    0.6916E-01      49.8    354.1
2013  6 16   167   20  2  0     42.20    0.7122E-01      52.2    355.6
2013  6 16   167   20  3  0     42.39    0.7597E-01      56.9    355.9
2013  6 16   167   20  4  0     42.57    0.7327E-01      54.7    353.9
2013  6 16   167   20  5  0     42.76    0.7310E-01      54.8    353.3
2013  6 16   167   20  6  0     42.95    0.7253E-01      54.5    352.5
2013  6 16   167   20  7  0     43.14    0.7207E-01      54.6    353.0
2013  6 16   167   20  8  0     43.32    0.7488E-01      57.9    354.3
2013  6 16   167   20  9  0     43.51    0.8203E-01      64.8    355.6
2013  6 16   167   20 10  0     43.70    0.8995E-01      72.4    355.6
2013  6 16   167   20 11  0     43.89    0.9386E-01      76.1    352.9
2013  6 16   167   20 12  0     44.07    0.8453E-01      67.8    350.2
2013  6 16   167   20 13  0     44.26    0.7931E-01      63.6    349.1
2013  6 16   167   20 14  0     44.45    0.7401E-01      59.5    348.6
2013  6 16   167   20 15  0     44.64    0.7102E-01      57.5    348.7
2013  6 16   167   20 16  0     44.82    0.7114E-01      58.3    349.1
2013  6 16   167   20 17  0     45.01    0.6947E-01      57.1    347.9
2013  6 16   167   20 18  0     45.20    0.6695E-01      55.4    347.4
2013  6 16   167   20 19  0     45.39    0.6436E-01      53.6    347.1
2013  6 16   167   20 20  0     45.58    0.6130E-01      51.5    347.0
2013  6 16   167   20 21  0     45.76    0.5674E-01      48.4    347.3
2013  6 16   167   20 22  0     45.95    0.5283E-01      46.3    350.0
2013  6 16   167   20 23  0     46.14    0.5062E-01      45.0    350.8
2013  6 16   167   20 24  0     46.33    0.4961E-01      44.6    351.1
2013  6 16   167   20 25  0     46.52    0.4966E-01      45.3    351.8
2013  6 16   167   20 26  0     46.71    0.5045E-01      46.2    350.9
2013  6 16   167   20 27  0     46.89    0.4935E-01      45.6    350.0
2013  6 16   167   20 28  0     47.08    0.4704E-01      44.1    350.5
2013  6 16   167   20 29  0     47.27    0.4564E-01      43.3    350.8
2013  6 16   167   20 30  0     47.46    0.4367E-01      42.3    351.4
2013  6 16   167   20 31  0     47.65    0.4384E-01      43.1    352.6
2013  6 16   167   20 32  0     47.84    0.4540E-01      44.7    350.6
2013  6 16   167   20 33  0     48.03    0.4541E-01      45.2    350.4
2013  6 16   167   20 34  0     48.22    0.4635E-01      47.2    351.9
2013  6 16   167   20 35  0     48.41    0.4874E-01      50.3    351.1
2013  6 16   167   20 36  0     48.59    0.5071E-01      52.2    348.6
2013  6 16   167   20 37  0     48.78    0.5075E-01      52.5    347.3
2013  6 16   167   20 38  0     48.97    0.5008E-01      52.5    347.6
2013  6 16   167   20 39  0     49.16    0.4925E-01      52.5    348.2
2013  6 16   167   20 40  0     49.35    0.4873E-01      52.8    348.4
2013  6 16   167   20 41  0     49.54    0.4814E-01      52.7    347.7
2013  6 16   167   20 42  0     49.73    0.4621E-01      51.1    346.5
2013  6 16   167   20 43  0     49.92    0.4209E-01      46.8    345.1
2013  6 16   167   20 44  0     50.11    0.3604E-01      40.7    345.7
2013  6 16   167   20 45  0     50.30    0.3143E-01      36.2    348.3
2013  6 16   167   20 46  0     50.49    0.2845E-01      33.6    350.0
2013  6 16   167   20 47  0     50.68    0.2606E-01      31.7    353.2
2013  6 16   167   20 48  0     50.86    0.2596E-01      32.6    357.2
2013  6 16   167   20 49  0     51.05    0.2813E-01      35.8    357.2
2013  6 16   167   20 50  0     51.24    0.2966E-01      38.2    356.1
2013  6 16   167   20 51  0     51.43    0.3084E-01      40.6    356.9
2013  6 16   167   20 52  0     51.62    0.3413E-01      46.0    358.4
2013  6 16   167   20 53  0     51.81    0.4006E-01      54.7    357.4
2013  6 16   167   20 54  0     52.00    0.4719E-01      65.6    356.8
2013  6 16   167   20 55  0     52.19    0.5348E-01      74.9    353.1
2013  6 16   167   20 56  0     52.38    0.5525E-01      77.0    351.0
2013  6 16   167   20 57  0     52.57    0.5883E-01      83.5    350.2
2013  6 16   167   20 58  0     52.76    0.6034E-01      86.9    349.8
2013  6 16   167   20 59  0     52.95    0.6550E-01      96.9    351.0
2013  6 16   167   21  0  0     53.14    0.6461E-01      94.2    344.8
2013  6 16   167   21  1  0     53.33    0.5710E-01      81.0    340.3
2013  6 16   167   21  2  0     53.52    0.5091E-01      71.0    337.2
2013  6 16   167   21  3  0     53.71    0.4795E-01      68.0    338.3
2013  6 16   167   21  4  0     53.89    0.4670E-01      68.1    339.5
2013  6 16   167   21  5  0     54.08    0.4476E-01      65.3    337.6
2013  6 16   167   21  6  0     54.27    0.4232E-01      61.5    335.3
2013  6 16   167   21  7  0     54.46    0.3892E-01      57.0    334.4
2013  6 16   167   21  8  0     54.65    0.3571E-01      53.5    335.9
2013  6 16   167   21  9  0     54.84    0.3535E-01      55.1    339.4
2013  6 16   167   21 10  0     55.03    0.3708E-01      59.2    339.2
2013  6 16   167   21 11  0     55.22    0.3726E-01      60.1    338.0
2013  6 16   167   21 12  0     55.41    0.3597E-01      58.2    336.2
2013  6 16   167   21 13  0     55.60    0.3421E-01      55.6    335.1
2013  6 16   167   21 14  0     55.79    0.3238E-01      53.4    334.7
2013  6 16   167   21 15  0     55.98    0.3077E-01      51.7    334.7
2013  6 16   167   21 16  0     56.17    0.2788E-01      47.5    334.1
2013  6 16   167   21 17  0     56.35    0.2460E-01      42.6    334.0
2013  6 16   167   21 18  0     56.54    0.2171E-01      38.2    335.4
2013  6 16   167   21 19  0     56.73    0.2151E-01      38.6    337.1
2013  6 16   167   21 20  0     56.92    0.2264E-01      41.1    336.2
2013  6 16   167   21 21  0     57.11    0.2255E-01      42.0    335.9
2013  6 16   167   21 22  0     57.30    0.2091E-01      40.1    337.1
2013  6 16   167   21 23  0     57.49    0.1850E-01      36.7    338.7
2013  6 16   167   21 24  0     57.68    0.1722E-01      35.3    341.2
2013  6 16   167   21 25  0     57.87    0.1700E-01      35.6    341.0
2013  6 16   167   21 26  0     58.06    0.1561E-01      33.2    339.8
2013  6 16   167   21 27  0     58.24    0.1403E-01      30.1    340.0
2013  6 16   167   21 28  0     58.43    0.1338E-01      29.1    340.5
2013  6 16   167   21 29  0     58.62    0.1340E-01      29.5    339.1
2013  6 16   167   21 30  0     58.81    0.1234E-01      27.3    337.2
2013  6 16   167   21 31  0     59.00    0.1110E-01      24.8    338.1
2013  6 16   167   21 32  0     59.19    0.1162E-01      26.7    340.8
2013  6 16   167   21 33  0     59.38    0.1395E-01      32.9    341.0
2013  6 16   167   21 34  0     59.56    0.1569E-01      37.9    339.5
2013  6 16   167   21 35  0     59.75    0.1544E-01      38.1    338.8
2013  6 16   167   21 36  0     59.94    0.1508E-01      38.2    340.3
2013  6 16   167   21 37  0     60.13    0.1530E-01      39.4    339.6
2013  6 16   167   21 38  0     60.32    0.1532E-01      40.3    339.9
2013  6 16   167   21 39  0     60.51    0.1535E-01      41.3    339.6
2013  6 16   167   21 40  0     60.69    0.1508E-01      41.2    338.9
2013  6 16   167   21 41  0     60.88    0.1375E-01      37.9    336.8
2013  6 16   167   21 42  0     61.07    0.1141E-01      32.1    337.4
2013  6 16   167   21 43  0     61.26    0.9426E-02      27.3    339.4
2013  6 16   167   21 44  0     61.45    0.8017E-02      23.8    341.3
2013  6 16   167   21 45  0     61.63    0.7627E-02      23.2    343.8
2013  6 16   167   21 46  0     61.82    0.8668E-02      26.9    343.2
2013  6 16   167   21 47  0     62.01    0.1002E-01      31.4    340.6
2013  6 16   167   21 48  0     62.20    0.1082E-01      34.5    338.5
2013  6 16   167   21 49  0     62.38    0.1069E-01      34.4    335.4
2013  6 16   167   21 50  0     62.57    0.9033E-02      29.5    334.8
2013  6 16   167   21 51  0     62.76    0.7277E-02      24.3    336.5
2013  6 16   167   21 52  0     62.95    0.6351E-02      21.8    339.9
2013  6 16   167   21 53  0     63.13    0.6470E-02      22.9    341.8
2013  6 16   167   21 54  0     63.32    0.6963E-02      25.2    341.0
2013  6 16   167   21 55  0     63.51    0.7857E-02      28.9    339.8
2013  6 16   167   21 56  0     63.69    0.8614E-02      32.0    336.7
2013  6 16   167   21 57  0     63.88    0.8291E-02      30.9    334.5
2013  6 16   167   21 58  0     64.07    0.7780E-02      29.3    333.9
2013  6 16   167   21 59  0     64.26    0.7848E-02      29.9    333.2
2013  6 16   167   22  0  0     64.44    0.8098E-02      31.5    332.7
2013  6 16   167   22  1  0     64.63    0.8460E-02      34.1    334.0
2013  6 16   167   22  2  0     64.82    0.9363E-02      39.1    334.8
2013  6 16   167   22  3  0     65.00    0.1081E-01      46.7    334.9
2013  6 16   167   22  4  0     65.19    0.1245E-01      54.4    332.2
2013  6 16   167   22  5  0     65.37    0.1369E-01      60.2    329.8
2013  6 16   167   22  6  0     65.56    0.1470E-01      65.3    327.6
2013  6 16   167   22  7  0     65.75    0.1520E-01      68.6    326.6
2013  6 16   167   22  8  0     65.93    0.1528E-01      70.5    326.6
2013  6 16   167   22  9  0     66.12    0.1523E-01      72.4    326.6
2013  6 16   167   22 10  0     66.30    0.1502E-01      73.2    326.7
2013  6 16   167   22 11  0     66.49    0.1461E-01      72.3    325.9
2013  6 16   167   22 12  0     66.68    0.1397E-01      69.9    324.4
2013  6 16   167   22 13  0     66.86    0.1324E-01      66.9    323.3
2013  6 16   167   22 14  0     67.05    0.1262E-01      64.4    322.3
2013  6 16   167   22 15  0     67.23    0.1212E-01      62.4    320.8
2013  6 16   167   22 16  0     67.42    0.1167E-01      61.1    320.3
2013  6 16   167   22 17  0     67.60    0.1129E-01      60.5    320.2
2013  6 16   167   22 18  0     67.79    0.1096E-01      60.7    320.7
2013  6 16   167   22 19  0     67.97    0.1070E-01      61.2    321.1
2013  6 16   167   22 20  0     68.16    0.1045E-01      61.8    322.1
2013  6 16   167   22 21  0     68.34    0.1022E-01      62.5    322.5
2013  6 16   167   22 22  0     68.53    0.9996E-02      63.0    322.9
2013  6 16   167   22 23  0     68.71    0.9751E-02      63.3    323.1
2013  6 16   167   22 24  0     68.90    0.9479E-02      63.3    323.1
2013  6 16   167   22 25  0     69.08    0.9251E-02      63.6    323.4
2013  6 16   167   22 26  0     69.26    0.9079E-02      64.6    324.1
2013  6 16   167   22 27  0     69.45    0.8786E-02      64.7    324.7
2013  6 16   167   22 28  0     69.63    0.8465E-02      64.3    325.1
2013  6 16   167   22 29  0     69.82    0.8195E-02      63.9    324.9
2013  6 16   167   22 30  0     70.00    0.7976E-02      64.0    324.9
2013  6 16   167   22 31  0     70.18    0.7823E-02      64.5    325.0
2013  6 16   167   22 32  0     70.37    0.7640E-02      64.8    325.2
2013  6 16   167   22 33  0     70.55    0.7437E-02      65.0    325.3
2013  6 16   167   22 34  0     70.73    0.7190E-02      65.1    325.6
2013  6 16   167   22 35  0     70.92    0.6990E-02      65.7    326.5
2013  6 16   167   22 36  0     71.10    0.6795E-02      66.2    327.1
2013  6 16   167   22 37  0     71.28    0.6606E-02      66.6    327.6
2013  6 16   167   22 38  0     71.47    0.6429E-02      66.9    328.0
2013  6 16   167   22 39  0     71.65    0.6248E-02      67.6    328.8
2013  6 16   167   22 40  0     71.83    0.6060E-02      68.0    329.3
2013  6 16   167   22 41  0     72.01    0.5916E-02      68.7    329.1
2013  6 16   167   22 42  0     72.20    0.5836E-02      71.1    330.4
2013  6 16   167   22 43  0     72.38    0.5795E-02      73.0    330.2
2013  6 16   167   22 44  0     72.56    0.5665E-02      71.2    327.8
2013  6 16   167   22 45  0     72.74    0.5619E-02      71.9    326.5
2013  6 16   167   22 46  0     72.92    0.5548E-02      72.7    325.6
2013  6 16   167   22 47  0     73.10    0.5505E-02      75.5    326.7
2013  6 16   167   22 48  0     73.29    0.5463E-02      78.0    327.0
2013  6 16   167   22 49  0     73.47    0.5377E-02      78.8    326.9
2013  6 16   167   22 50  0     73.65    0.5376E-02      84.3    329.7
2013  6 16   167   22 51  0     73.83    0.5344E-02      89.3    331.9
2013  6 16   167   22 52  0     74.01    0.5309E-02      92.8    332.8
2013  6 16   167   22 53  0     74.19    0.5241E-02      95.2    333.4
2013  6 16   167   22 54  0     74.37    0.5136E-02      97.0    333.7
2013  6 16   167   22 55  0     74.55    0.5008E-02      97.1    333.3
2013  6 16   167   22 56  0     74.73    0.4849E-02      95.9    332.4
2013  6 16   167   22 57  0     74.91    0.4678E-02      94.7    331.5
2013  6 16   167   22 58  0     75.09    0.4525E-02      93.7    330.5
2013  6 16   167   22 59  0     75.27    0.4380E-02      92.9    329.9
2013  6 16   167   23  0  0     75.45    0.4229E-02      92.3    329.3
2013  6 16   167   23  1  0     75.63    0.4083E-02      91.4    328.7
2013  6 16   167   23  2  0     75.81    0.3946E-02      90.8    328.3
2013  6 16   167   23  3  0     75.99    0.3816E-02      90.3    327.7
2013  6 16   167   23  4  0     76.17    0.3694E-02      89.7    327.6
2013  6 16   167   23  5  0     76.35    0.3577E-02      89.4    327.3
2013  6 16   167   23  6  0     76.53    0.3461E-02      89.6    327.4
2013  6 16   167   23  7  0     76.70    0.3357E-02      89.9    327.5
2013  6 16   167   23  8  0     76.88    0.3253E-02      90.4    327.8
2013  6 16   167   23  9  0     77.06    0.3153E-02      91.0    327.7
2013  6 16   167   23 10  0     77.24    0.3055E-02      91.1    327.8
2013  6 16   167   23 11  0     77.42    0.2958E-02      91.4    327.8
2013  6 16   167   23 12  0     77.60    0.2857E-02      91.1    327.5
2013  6 16   167   23 13  0     77.77    0.2743E-02      90.7    327.5
2013  6 16   167   23 14  0     77.95    0.2652E-02      90.8    327.5
2013  6 16   167   23 15  0     78.13    0.2566E-02      90.7    327.5
2013  6 16   167   23 16  0     78.30    0.2474E-02      90.3    327.3
2013  6 16   167   23 17  0     78.48    0.2396E-02      90.0    327.1
2013  6 16   167   23 18  0     78.66    0.2309E-02      89.9    326.9
2013  6 16   167   23 19  0     78.83    0.2231E-02      89.8    326.9
2013  6 16   167   23 20  0     79.01    0.2164E-02      90.2    326.9
2013  6 16   167   23 21  0     79.19    0.2092E-02      90.6    326.9
2013  6 16   167   23 22  0     79.36    0.2024E-02      90.9    327.1
2013  6 16   167   23 23  0     79.54    0.1949E-02      91.1    327.1
2013  6 16   167   23 24  0     79.71    0.1882E-02      91.3    327.0
2013  6 16   167   23 25  0     79.89    0.1817E-02      91.4    326.6
2013  6 16   167   23 26  0     80.06    0.1751E-02      91.2    326.6
2013  6 16   167   23 27  0     80.24    0.1687E-02      91.1    326.6
2013  6 16   167   23 28  0     80.41    0.1635E-02      91.2    326.4
2013  6 16   167   23 29  0     80.59    0.1566E-02      91.1    326.3
2013  6 16   167   23 30  0     80.76    0.1526E-02      90.9    325.8
2013  6 16   167   23 31  0     80.94    0.1479E-02      90.6    325.5
2013  6 16   167   23 32  0     81.11    0.1420E-02      90.3    325.2
2013  6 16   167   23 33  0     81.29    0.1372E-02      90.0    324.6
2013  6 16   167   23 34  0     81.46    0.1324E-02      89.9    324.2
2013  6 16   167   23 35  0     81.63    0.1298E-02      89.9    323.7
2013  6 16   167   23 36  0     81.81    0.1250E-02      89.8    323.7
2013  6 16   167   23 37  0     81.98    0.1201E-02      89.9    322.9
2013  6 16   167   23 38  0     82.15    0.1158E-02      89.8    323.1
2013  6 16   167   23 39  0     82.32    0.1124E-02      89.7    322.1
2013  6 16   167   23 40  0     82.50    0.1087E-02      89.5    321.7
2013  6 16   167   23 41  0     82.67    0.1055E-02      89.4    320.8
2013  6 16   167   23 42  0     82.84    0.1033E-02      89.5    320.3
2013  6 16   167   23 43  0     83.01    0.1008E-02      89.4    319.5
2013  6 16   167   23 44  0     83.18    0.9718E-03      89.2    318.9
2013  6 16   167   23 45  0     83.36    0.9389E-03      89.0    317.9
2013  6 16   167   23 46  0     83.53    0.9134E-03      88.8    317.3
2013  6 16   167   23 47  0     83.70    0.8890E-03      88.8    317.2
2013  6 16   167   23 48  0     83.87    0.8615E-03      88.8    315.8
2013  6 16   167   23 49  0     84.04    0.8490E-03      88.7    314.4
2013  6 16   167   23 50  0     84.21    0.8386E-03      88.7    313.0
2013  6 16   167   23 51  0     84.38    0.8096E-03      88.6    311.6
2013  6 16   167   23 52  0     84.55    0.7926E-03      88.6    309.4
2013  6 16   167   23 53  0     84.72    0.7769E-03      88.5    307.4
2013  6 16   167   23 54  0     84.89    0.7431E-03      88.5    304.8
2013  6 16   167   23 55  0     85.06    0.7239E-03      88.5    302.0
2013  6 16   167   23 56  0     85.23    0.7169E-03      88.3    299.7
2013  6 16   167   23 57  0     85.40    0.6939E-03      88.1    296.5
2013  6 16   167   23 58  0     85.56    0.6770E-03      88.0    292.9
2013  6 16   167   23 59  0     85.73    0.6524E-03      87.9    289.0
