                            NILUUV 115

Uvpro Version 2.0
Latitude :   40.74 (North)
Longitude:  -74.03  (West)
Calibration file: cf100603a.115
Height above sea level:     0.0  m
CLT derived from channel 4
CLT scale factor used:   1.0
Ozone derived from channel pair ch3/ch2
Ozone scale factor used:   1.0
Drift factors ch1-ch6:   0.743  0.760  0.829  0.882  0.669  1.005
Ozone profile climatology: Mid  Latitude
Dose type:    CLW    Caldwell Plant 1971           

yyyy mm dd   jul   hh mm ss      SZA     dose rate       clt     Ozone
                              [degrees]   [W/m^2]        [%]     [DU]
2014  1 30    30   12 14  0     89.89    0.1791E-03      84.8    349.0
2014  1 30    30   12 15  0     89.71    0.1849E-03      85.0    362.9
2014  1 30    30   12 16  0     89.54    0.1940E-03      85.3    326.0
2014  1 30    30   12 17  0     89.37    0.2023E-03      85.9    310.4
2014  1 30    30   12 18  0     89.19    0.2231E-03      86.9    289.3
2014  1 30    30   12 19  0     89.02    0.2308E-03      87.8    280.5
2014  1 30    30   12 20  0     88.85    0.2392E-03      87.9    262.8
2014  1 30    30   12 21  0     88.68    0.2584E-03      87.9    261.5
2014  1 30    30   12 22  0     88.50    0.2654E-03      88.4    271.0
2014  1 30    30   12 23  0     88.33    0.2736E-03      88.7    266.8
2014  1 30    30   12 24  0     88.16    0.2899E-03      89.3    263.0
2014  1 30    30   12 25  0     87.99    0.3058E-03      89.3    250.3
2014  1 30    30   12 26  0     87.82    0.3205E-03      89.5    252.7
2014  1 30    30   12 27  0     87.65    0.3324E-03      89.7    257.8
2014  1 30    30   12 28  0     87.48    0.3458E-03      89.9    258.2
2014  1 30    30   12 29  0     87.31    0.3592E-03      90.2    258.1
2014  1 30    30   12 30  0     87.14    0.3822E-03      90.6    256.6
2014  1 30    30   12 31  0     86.97    0.3908E-03      91.0    254.9
2014  1 30    30   12 32  0     86.80    0.4039E-03      90.9    257.5
2014  1 30    30   12 33  0     86.63    0.4129E-03      90.7    259.2
2014  1 30    30   12 34  0     86.46    0.4496E-03      90.9    260.7
2014  1 30    30   12 35  0     86.29    0.4734E-03      91.2    261.3
2014  1 30    30   12 36  0     86.12    0.4923E-03      91.4    261.8
2014  1 30    30   12 37  0     85.95    0.5217E-03      91.7    262.6
2014  1 30    30   12 38  0     85.78    0.5282E-03      91.5    264.2
2014  1 30    30   12 39  0     85.62    0.5492E-03      91.4    265.4
2014  1 30    30   12 40  0     85.45    0.5905E-03      91.3    266.5
2014  1 30    30   12 41  0     85.28    0.6152E-03      91.1    267.2
2014  1 30    30   12 42  0     85.11    0.6312E-03      91.5    269.1
2014  1 30    30   12 43  0     84.95    0.6642E-03      91.8    268.3
2014  1 30    30   12 44  0     84.78    0.6913E-03      91.9    270.1
2014  1 30    30   12 45  0     84.62    0.7232E-03      91.9    271.1
2014  1 30    30   12 46  0     84.45    0.7324E-03      91.9    273.0
2014  1 30    30   12 47  0     84.28    0.7858E-03      92.0    274.4
2014  1 30    30   12 48  0     84.12    0.8086E-03      92.0    274.9
2014  1 30    30   12 49  0     83.95    0.8426E-03      91.7    275.8
2014  1 30    30   12 50  0     83.79    0.8684E-03      91.7    276.6
2014  1 30    30   12 51  0     83.62    0.9131E-03      91.9    277.5
2014  1 30    30   12 52  0     83.46    0.9465E-03      92.1    278.5
2014  1 30    30   12 53  0     83.30    0.1000E-02      92.0    279.2
2014  1 30    30   12 54  0     83.13    0.1046E-02      92.1    279.6
2014  1 30    30   12 55  0     82.97    0.1064E-02      92.1    280.1
2014  1 30    30   12 56  0     82.81    0.1115E-02      91.8    280.6
2014  1 30    30   12 57  0     82.64    0.1167E-02      91.6    281.8
2014  1 30    30   12 58  0     82.48    0.1226E-02      91.5    282.1
2014  1 30    30   12 59  0     82.32    0.1290E-02      92.2    282.3
2014  1 30    30   13  0  0     82.16    0.1339E-02      92.6    282.7
2014  1 30    30   13  1  0     81.99    0.1412E-02      92.9    283.1
2014  1 30    30   13  2  0     81.83    0.1460E-02      92.2    283.7
2014  1 30    30   13  3  0     81.67    0.1464E-02      90.3    285.6
2014  1 30    30   13  4  0     81.51    0.1501E-02      90.4    286.6
2014  1 30    30   13  5  0     81.35    0.1634E-02      91.7    285.2
2014  1 30    30   13  6  0     81.19    0.1708E-02      92.1    285.1
2014  1 30    30   13  7  0     81.03    0.1778E-02      92.0    285.6
2014  1 30    30   13  8  0     80.87    0.1832E-02      91.8    286.3
2014  1 30    30   13  9  0     80.71    0.1906E-02      91.7    286.1
2014  1 30    30   13 10  0     80.55    0.1977E-02      91.5    286.5
2014  1 30    30   13 11  0     80.39    0.2055E-02      91.5    286.7
2014  1 30    30   13 12  0     80.24    0.2140E-02      91.3    286.8
2014  1 30    30   13 13  0     80.08    0.2217E-02      91.5    287.2
2014  1 30    30   13 14  0     79.92    0.2289E-02      91.4    287.6
2014  1 30    30   13 15  0     79.76    0.2373E-02      91.5    287.9
2014  1 30    30   13 16  0     79.61    0.2472E-02      91.5    288.1
2014  1 30    30   13 17  0     79.45    0.2565E-02      91.5    288.0
2014  1 30    30   13 18  0     79.30    0.2650E-02      91.2    288.3
2014  1 30    30   13 19  0     79.14    0.2731E-02      90.9    288.7
2014  1 30    30   13 20  0     78.98    0.2815E-02      90.9    289.0
2014  1 30    30   13 21  0     78.83    0.2915E-02      90.7    289.1
2014  1 30    30   13 22  0     78.67    0.3015E-02      90.6    289.3
2014  1 30    30   13 23  0     78.52    0.3121E-02      90.7    289.7
2014  1 30    30   13 24  0     78.37    0.3227E-02      90.8    289.8
2014  1 30    30   13 25  0     78.21    0.3340E-02      90.7    290.0
2014  1 30    30   13 26  0     78.06    0.3455E-02      90.5    289.9
2014  1 30    30   13 27  0     77.91    0.3569E-02      90.4    290.1
2014  1 30    30   13 28  0     77.75    0.3647E-02      89.7    290.4
2014  1 30    30   13 29  0     77.60    0.3770E-02      89.9    290.9
2014  1 30    30   13 30  0     77.45    0.3895E-02      90.1    290.6
2014  1 30    30   13 31  0     77.30    0.4025E-02      90.2    290.4
2014  1 30    30   13 32  0     77.15    0.4156E-02      90.2    290.5
2014  1 30    30   13 33  0     77.00    0.4284E-02      90.2    290.7
2014  1 30    30   13 34  0     76.85    0.4430E-02      90.3    291.0
2014  1 30    30   13 35  0     76.70    0.4549E-02      90.2    291.3
2014  1 30    30   13 36  0     76.55    0.4674E-02      90.2    291.5
2014  1 30    30   13 37  0     76.40    0.4814E-02      90.5    292.0
2014  1 30    30   13 38  0     76.25    0.4951E-02      90.5    292.1
2014  1 30    30   13 39  0     76.10    0.5099E-02      90.5    292.1
2014  1 30    30   13 40  0     75.95    0.5248E-02      90.6    292.5
2014  1 30    30   13 41  0     75.81    0.5432E-02      90.8    292.4
2014  1 30    30   13 42  0     75.66    0.5566E-02      90.7    292.8
2014  1 30    30   13 43  0     75.51    0.5722E-02      90.6    292.9
2014  1 30    30   13 44  0     75.37    0.5863E-02      90.3    292.8
2014  1 30    30   13 45  0     75.22    0.6013E-02      90.1    293.0
2014  1 30    30   13 46  0     75.07    0.6118E-02      89.7    293.8
2014  1 30    30   13 47  0     74.93    0.6282E-02      89.8    294.3
2014  1 30    30   13 48  0     74.78    0.6484E-02      90.0    294.3
2014  1 30    30   13 49  0     74.64    0.6613E-02      89.8    294.7
2014  1 30    30   13 50  0     74.50    0.6782E-02      89.6    294.9
2014  1 30    30   13 51  0     74.35    0.6976E-02      89.5    294.4
2014  1 30    30   13 52  0     74.21    0.7124E-02      89.2    294.6
2014  1 30    30   13 53  0     74.07    0.7268E-02      88.8    294.8
2014  1 30    30   13 54  0     73.92    0.7448E-02      88.8    295.0
2014  1 30    30   13 55  0     73.78    0.7639E-02      88.9    295.1
2014  1 30    30   13 56  0     73.64    0.7851E-02      89.1    295.3
2014  1 30    30   13 57  0     73.50    0.8047E-02      89.0    295.3
2014  1 30    30   13 58  0     73.36    0.8240E-02      89.0    295.5
2014  1 30    30   13 59  0     73.22    0.8435E-02      88.7    295.4
2014  1 30    30   14  0  0     73.08    0.8643E-02      89.0    295.6
2014  1 30    30   14  1  0     72.94    0.8861E-02      89.0    295.8
2014  1 30    30   14  2  0     72.80    0.9068E-02      89.1    296.0
2014  1 30    30   14  3  0     72.66    0.9301E-02      89.2    296.0
2014  1 30    30   14  4  0     72.53    0.9507E-02      89.2    296.0
2014  1 30    30   14  5  0     72.39    0.9743E-02      89.5    296.5
2014  1 30    30   14  6  0     72.25    0.9933E-02      89.2    296.3
2014  1 30    30   14  7  0     72.12    0.1017E-01      89.2    296.4
2014  1 30    30   14  8  0     71.98    0.1039E-01      89.2    296.7
2014  1 30    30   14  9  0     71.85    0.1065E-01      89.7    296.9
2014  1 30    30   14 10  0     71.71    0.1090E-01      89.6    296.9
2014  1 30    30   14 11  0     71.58    0.1113E-01      89.9    297.4
2014  1 30    30   14 12  0     71.44    0.1134E-01      90.0    297.6
2014  1 30    30   14 13  0     71.31    0.1157E-01      89.7    297.5
2014  1 30    30   14 14  0     71.18    0.1184E-01      89.8    297.5
2014  1 30    30   14 15  0     71.04    0.1213E-01      90.2    297.8
2014  1 30    30   14 16  0     70.91    0.1243E-01      90.4    297.7
2014  1 30    30   14 17  0     70.78    0.1268E-01      90.4    297.8
2014  1 30    30   14 18  0     70.65    0.1295E-01      90.8    297.8
2014  1 30    30   14 19  0     70.52    0.1323E-01      90.8    298.3
2014  1 30    30   14 20  0     70.39    0.1349E-01      90.9    298.4
2014  1 30    30   14 21  0     70.26    0.1379E-01      91.1    298.4
2014  1 30    30   14 22  0     70.13    0.1407E-01      91.5    298.8
2014  1 30    30   14 23  0     70.00    0.1437E-01      91.6    298.6
2014  1 30    30   14 24  0     69.87    0.1465E-01      91.7    298.8
2014  1 30    30   14 25  0     69.75    0.1491E-01      91.6    299.1
2014  1 30    30   14 26  0     69.62    0.1519E-01      91.8    299.3
2014  1 30    30   14 27  0     69.49    0.1547E-01      91.8    299.2
2014  1 30    30   14 28  0     69.37    0.1574E-01      91.9    299.5
2014  1 30    30   14 29  0     69.24    0.1603E-01      91.8    299.6
2014  1 30    30   14 30  0     69.12    0.1633E-01      91.7    299.5
2014  1 30    30   14 31  0     68.99    0.1663E-01      91.9    299.5
2014  1 30    30   14 32  0     68.87    0.1696E-01      92.1    299.7
2014  1 30    30   14 33  0     68.75    0.1732E-01      92.6    299.9
2014  1 30    30   14 34  0     68.63    0.1769E-01      93.0    300.3
2014  1 30    30   14 35  0     68.50    0.1801E-01      93.3    300.3
2014  1 30    30   14 36  0     68.38    0.1832E-01      93.3    300.5
2014  1 30    30   14 37  0     68.26    0.1859E-01      93.2    300.6
2014  1 30    30   14 38  0     68.14    0.1887E-01      93.0    300.8
2014  1 30    30   14 39  0     68.02    0.1919E-01      92.9    300.7
2014  1 30    30   14 40  0     67.90    0.1949E-01      92.7    300.5
2014  1 30    30   14 41  0     67.79    0.1977E-01      92.5    300.5
2014  1 30    30   14 42  0     67.67    0.2012E-01      92.7    300.6
2014  1 30    30   14 43  0     67.55    0.2049E-01      92.6    300.5
2014  1 30    30   14 44  0     67.43    0.2084E-01      92.6    300.3
2014  1 30    30   14 45  0     67.32    0.2120E-01      92.7    300.2
2014  1 30    30   14 46  0     67.20    0.2152E-01      92.6    300.1
2014  1 30    30   14 47  0     67.09    0.2185E-01      92.5    300.1
2014  1 30    30   14 48  0     66.97    0.2219E-01      92.5    300.3
2014  1 30    30   14 49  0     66.86    0.2256E-01      92.5    299.9
2014  1 30    30   14 50  0     66.74    0.2287E-01      92.4    299.9
2014  1 30    30   14 51  0     66.63    0.2318E-01      92.2    300.0
2014  1 30    30   14 52  0     66.52    0.2353E-01      92.2    300.0
2014  1 30    30   14 53  0     66.41    0.2387E-01      92.0    300.0
2014  1 30    30   14 54  0     66.30    0.2418E-01      91.8    299.8
2014  1 30    30   14 55  0     66.19    0.2453E-01      91.6    299.8
2014  1 30    30   14 56  0     66.08    0.2494E-01      91.8    299.7
2014  1 30    30   14 57  0     65.97    0.2530E-01      91.9    300.0
2014  1 30    30   14 58  0     65.86    0.2567E-01      92.1    300.0
2014  1 30    30   14 59  0     65.75    0.2599E-01      92.0    300.1
2014  1 30    30   15  0  0     65.65    0.2631E-01      91.8    299.9
2014  1 30    30   15  1  0     65.54    0.2669E-01      92.0    300.0
2014  1 30    30   15  2  0     65.44    0.2704E-01      92.0    300.0
2014  1 30    30   15  3  0     65.33    0.2742E-01      92.1    300.1
2014  1 30    30   15  4  0     65.23    0.2775E-01      92.1    300.2
2014  1 30    30   15  5  0     65.12    0.2814E-01      92.2    300.0
2014  1 30    30   15  6  0     65.02    0.2851E-01      92.2    300.0
2014  1 30    30   15  7  0     64.92    0.2891E-01      92.3    300.1
2014  1 30    30   15  8  0     64.81    0.2926E-01      92.2    300.0
2014  1 30    30   15  9  0     64.71    0.2966E-01      92.3    299.8
2014  1 30    30   15 10  0     64.61    0.3008E-01      92.6    300.1
2014  1 30    30   15 11  0     64.51    0.3048E-01      92.6    300.0
2014  1 30    30   15 12  0     64.41    0.3089E-01      92.7    299.8
2014  1 30    30   15 13  0     64.32    0.3131E-01      92.8    299.9
2014  1 30    30   15 14  0     64.22    0.3177E-01      93.0    300.0
2014  1 30    30   15 15  0     64.12    0.3211E-01      92.9    299.6
2014  1 30    30   15 16  0     64.02    0.3246E-01      92.9    299.8
2014  1 30    30   15 17  0     63.93    0.3283E-01      92.8    299.7
2014  1 30    30   15 18  0     63.83    0.3321E-01      92.7    299.3
2014  1 30    30   15 19  0     63.74    0.3360E-01      92.6    299.2
2014  1 30    30   15 20  0     63.65    0.3399E-01      92.6    299.4
2014  1 30    30   15 21  0     63.55    0.3442E-01      92.7    299.1
2014  1 30    30   15 22  0     63.46    0.3478E-01      92.7    299.4
2014  1 30    30   15 23  0     63.37    0.3515E-01      92.6    299.1
2014  1 30    30   15 24  0     63.28    0.3551E-01      92.5    299.2
2014  1 30    30   15 25  0     63.19    0.3591E-01      92.6    298.9
2014  1 30    30   15 26  0     63.10    0.3632E-01      92.4    298.8
2014  1 30    30   15 27  0     63.01    0.3668E-01      92.3    298.5
2014  1 30    30   15 28  0     62.92    0.3706E-01      92.4    298.4
2014  1 30    30   15 29  0     62.84    0.3744E-01      92.3    298.3
2014  1 30    30   15 30  0     62.75    0.3781E-01      92.1    298.2
2014  1 30    30   15 31  0     62.67    0.3823E-01      92.2    298.2
2014  1 30    30   15 32  0     62.58    0.3864E-01      92.2    297.9
2014  1 30    30   15 33  0     62.50    0.3912E-01      92.4    298.0
2014  1 30    30   15 34  0     62.41    0.3949E-01      92.4    297.9
2014  1 30    30   15 35  0     62.33    0.3990E-01      92.5    297.8
2014  1 30    30   15 36  0     62.25    0.4024E-01      92.4    297.7
2014  1 30    30   15 37  0     62.17    0.4058E-01      92.4    297.8
2014  1 30    30   15 38  0     62.09    0.4096E-01      92.4    297.7
2014  1 30    30   15 39  0     62.01    0.4132E-01      92.3    297.6
2014  1 30    30   15 40  0     61.93    0.4165E-01      92.3    297.7
2014  1 30    30   15 41  0     61.85    0.4206E-01      92.4    297.9
2014  1 30    30   15 42  0     61.77    0.4237E-01      92.3    297.7
2014  1 30    30   15 43  0     61.70    0.4267E-01      92.2    297.6
2014  1 30    30   15 44  0     61.62    0.4304E-01      92.2    297.8
2014  1 30    30   15 45  0     61.55    0.4336E-01      92.1    297.6
2014  1 30    30   15 46  0     61.47    0.4365E-01      91.9    297.5
2014  1 30    30   15 47  0     61.40    0.4400E-01      91.9    297.6
2014  1 30    30   15 48  0     61.33    0.4440E-01      91.9    297.5
2014  1 30    30   15 49  0     61.25    0.4473E-01      91.8    297.6
2014  1 30    30   15 50  0     61.18    0.4495E-01      91.5    297.2
2014  1 30    30   15 51  0     61.11    0.4521E-01      91.4    297.4
2014  1 30    30   15 52  0     61.04    0.4557E-01      91.5    297.7
2014  1 30    30   15 53  0     60.98    0.4594E-01      91.6    297.4
2014  1 30    30   15 54  0     60.91    0.4627E-01      91.5    297.3
2014  1 30    30   15 55  0     60.84    0.4660E-01      91.5    297.3
2014  1 30    30   15 56  0     60.77    0.4702E-01      91.4    297.0
2014  1 30    30   15 57  0     60.71    0.4731E-01      91.4    297.0
2014  1 30    30   15 58  0     60.64    0.4763E-01      91.2    296.8
2014  1 30    30   15 59  0     60.58    0.4801E-01      91.1    296.5
2014  1 30    30   16  0  0     60.52    0.4836E-01      91.3    296.5
2014  1 30    30   16  1  0     60.45    0.4863E-01      91.1    296.5
2014  1 30    30   16  2  0     60.39    0.4890E-01      91.1    296.5
2014  1 30    30   16  3  0     60.33    0.4928E-01      91.2    296.5
2014  1 30    30   16  4  0     60.27    0.4947E-01      91.1    296.7
2014  1 30    30   16  5  0     60.21    0.4980E-01      91.3    296.7
2014  1 30    30   16  6  0     60.16    0.5020E-01      91.5    296.6
2014  1 30    30   16  7  0     60.10    0.5049E-01      91.6    297.0
2014  1 30    30   16  8  0     60.04    0.5067E-01      91.4    297.1
2014  1 30    30   16  9  0     59.99    0.5080E-01      91.4    297.2
2014  1 30    30   16 10  0     59.93    0.5101E-01      91.4    297.8
2014  1 30    30   16 11  0     59.88    0.5126E-01      91.5    297.8
2014  1 30    30   16 12  0     59.83    0.5139E-01      91.2    297.6
2014  1 30    30   16 13  0     59.77    0.5149E-01      90.9    297.7
2014  1 30    30   16 14  0     59.72    0.5160E-01      90.8    297.9
2014  1 30    30   16 15  0     59.67    0.5191E-01      90.8    297.9
2014  1 30    30   16 16  0     59.62    0.5217E-01      90.6    297.4
2014  1 30    30   16 17  0     59.57    0.5238E-01      90.4    297.3
2014  1 30    30   16 18  0     59.53    0.5263E-01      90.3    297.4
2014  1 30    30   16 19  0     59.48    0.5297E-01      90.6    297.3
2014  1 30    30   16 20  0     59.43    0.5319E-01      90.5    297.4
2014  1 30    30   16 21  0     59.39    0.5343E-01      90.6    297.5
2014  1 30    30   16 22  0     59.35    0.5372E-01      90.7    297.6
2014  1 30    30   16 23  0     59.30    0.5391E-01      90.6    297.4
2014  1 30    30   16 24  0     59.26    0.5420E-01      90.9    297.7
2014  1 30    30   16 25  0     59.22    0.5439E-01      91.0    298.0
2014  1 30    30   16 26  0     59.18    0.5463E-01      91.0    297.8
2014  1 30    30   16 27  0     59.14    0.5494E-01      91.2    298.1
2014  1 30    30   16 28  0     59.10    0.5501E-01      91.0    297.9
2014  1 30    30   16 29  0     59.06    0.5507E-01      90.8    298.0
2014  1 30    30   16 30  0     59.02    0.5528E-01      91.0    298.0
2014  1 30    30   16 31  0     58.99    0.5548E-01      91.2    298.4
2014  1 30    30   16 32  0     58.95    0.5551E-01      90.8    298.3
2014  1 30    30   16 33  0     58.92    0.5560E-01      90.6    298.3
2014  1 30    30   16 34  0     58.88    0.5574E-01      90.7    298.4
2014  1 30    30   16 35  0     58.85    0.5579E-01      90.5    298.5
2014  1 30    30   16 36  0     58.82    0.5586E-01      90.6    298.8
2014  1 30    30   16 37  0     58.79    0.5592E-01      90.4    298.8
2014  1 30    30   16 38  0     58.76    0.5615E-01      90.6    298.8
2014  1 30    30   16 39  0     58.73    0.5643E-01      90.7    298.6
2014  1 30    30   16 40  0     58.70    0.5651E-01      90.5    298.7
2014  1 30    30   16 41  0     58.67    0.5663E-01      90.5    298.8
2014  1 30    30   16 42  0     58.65    0.5674E-01      90.5    298.6
2014  1 30    30   16 43  0     58.62    0.5691E-01      90.5    298.5
2014  1 30    30   16 44  0     58.60    0.5695E-01      90.3    298.3
2014  1 30    30   16 45  0     58.57    0.5706E-01      90.1    298.2
2014  1 30    30   16 46  0     58.55    0.5710E-01      89.8    298.1
2014  1 30    30   16 47  0     58.53    0.5718E-01      89.6    298.1
2014  1 30    30   16 48  0     58.51    0.5736E-01      89.7    298.0
2014  1 30    30   16 49  0     58.49    0.5755E-01      89.9    297.9
2014  1 30    30   16 50  0     58.47    0.5765E-01      89.8    297.7
2014  1 30    30   16 51  0     58.45    0.5786E-01      89.8    297.7
2014  1 30    30   16 52  0     58.43    0.5806E-01      89.9    297.6
2014  1 30    30   16 53  0     58.42    0.5822E-01      90.0    297.4
2014  1 30    30   16 54  0     58.40    0.5827E-01      89.9    297.3
2014  1 30    30   16 55  0     58.39    0.5835E-01      89.8    297.1
2014  1 30    30   16 56  0     58.37    0.5836E-01      89.5    296.8
2014  1 30    30   16 57  0     58.36    0.5841E-01      89.5    296.9
2014  1 30    30   16 58  0     58.35    0.5875E-01      90.0    297.0
2014  1 30    30   16 59  0     58.34    0.5894E-01      90.3    297.0
2014  1 30    30   17  0  0     58.33    0.5906E-01      90.4    297.2
2014  1 30    30   17  1  0     58.32    0.5915E-01      90.5    297.3
2014  1 30    30   17  2  0     58.31    0.5920E-01      90.6    297.3
2014  1 30    30   17  3  0     58.30    0.5929E-01      90.7    297.4
2014  1 30    30   17  4  0     58.30    0.5929E-01      90.7    297.4
2014  1 30    30   17  5  0     58.29    0.5935E-01      90.8    297.5
2014  1 30    30   17  6  0     58.29    0.5946E-01      90.9    297.6
2014  1 30    30   17  7  0     58.29    0.5940E-01      90.7    297.4
2014  1 30    30   17  8  0     58.28    0.5933E-01      90.6    297.4
2014  1 30    30   17  9  0     58.28    0.5947E-01      90.9    297.5
2014  1 30    30   17 10  0     58.28    0.5952E-01      91.0    297.5
2014  1 30    30   17 11  0     58.28    0.5948E-01      91.1    297.9
2014  1 30    30   17 12  0     58.28    0.5945E-01      91.1    298.1
2014  1 30    30   17 13  0     58.28    0.5939E-01      91.1    298.1
2014  1 30    30   17 14  0     58.29    0.5915E-01      90.8    298.3
2014  1 30    30   17 15  0     58.29    0.5898E-01      90.6    298.3
2014  1 30    30   17 16  0     58.30    0.5890E-01      90.6    298.4
2014  1 30    30   17 17  0     58.30    0.5884E-01      90.6    298.4
2014  1 30    30   17 18  0     58.31    0.5877E-01      90.6    298.3
2014  1 30    30   17 19  0     58.32    0.5882E-01      90.9    298.7
2014  1 30    30   17 20  0     58.33    0.5892E-01      91.2    298.7
2014  1 30    30   17 21  0     58.34    0.5902E-01      91.5    298.9
2014  1 30    30   17 22  0     58.35    0.5894E-01      91.5    298.8
2014  1 30    30   17 23  0     58.36    0.5880E-01      91.4    299.0
2014  1 30    30   17 24  0     58.37    0.5873E-01      91.5    299.1
2014  1 30    30   17 25  0     58.38    0.5859E-01      91.4    299.1
2014  1 30    30   17 26  0     58.40    0.5827E-01      91.1    299.1
2014  1 30    30   17 27  0     58.41    0.5800E-01      90.8    299.3
2014  1 30    30   17 28  0     58.43    0.5798E-01      91.1    299.5
2014  1 30    30   17 29  0     58.45    0.5779E-01      91.1    299.5
2014  1 30    30   17 30  0     58.46    0.5763E-01      91.2    299.9
2014  1 30    30   17 31  0     58.48    0.5745E-01      91.1    300.0
2014  1 30    30   17 32  0     58.50    0.5727E-01      91.0    300.0
2014  1 30    30   17 33  0     58.52    0.5704E-01      91.0    300.3
2014  1 30    30   17 34  0     58.54    0.5687E-01      90.9    300.4
2014  1 30    30   17 35  0     58.57    0.5671E-01      91.0    300.6
2014  1 30    30   17 36  0     58.59    0.5672E-01      91.4    300.8
2014  1 30    30   17 37  0     58.61    0.5654E-01      91.4    300.9
2014  1 30    30   17 38  0     58.64    0.5646E-01      91.7    301.3
2014  1 30    30   17 39  0     58.67    0.5604E-01      91.0    301.0
2014  1 30    30   17 40  0     58.69    0.5569E-01      90.5    300.8
2014  1 30    30   17 41  0     58.72    0.5547E-01      90.4    301.0
2014  1 30    30   17 42  0     58.75    0.5530E-01      90.5    301.1
2014  1 30    30   17 43  0     58.78    0.5518E-01      90.6    301.2
2014  1 30    30   17 44  0     58.81    0.5499E-01      90.5    301.1
2014  1 30    30   17 45  0     58.84    0.5481E-01      90.4    300.9
2014  1 30    30   17 46  0     58.87    0.5468E-01      90.6    301.0
2014  1 30    30   17 47  0     58.91    0.5435E-01      90.3    301.2
2014  1 30    30   17 48  0     58.94    0.5402E-01      90.1    301.3
2014  1 30    30   17 49  0     58.98    0.5389E-01      90.4    301.4
2014  1 30    30   17 50  0     59.01    0.5364E-01      90.3    301.6
2014  1 30    30   17 51  0     59.05    0.5354E-01      90.6    301.4
2014  1 30    30   17 52  0     59.09    0.5322E-01      90.3    301.6
2014  1 30    30   17 53  0     59.12    0.5289E-01      90.1    301.7
2014  1 30    30   17 54  0     59.16    0.5266E-01      90.3    301.9
2014  1 30    30   17 55  0     59.20    0.5237E-01      90.3    302.0
2014  1 30    30   17 56  0     59.25    0.5197E-01      90.0    302.1
2014  1 30    30   17 57  0     59.29    0.5164E-01      89.9    302.2
2014  1 30    30   17 58  0     59.33    0.5145E-01      90.1    302.4
2014  1 30    30   17 59  0     59.37    0.5118E-01      90.1    302.5
2014  1 30    30   18  0  0     59.42    0.5102E-01      90.3    302.7
2014  1 30    30   18  1  0     59.46    0.5081E-01      90.5    303.1
2014  1 30    30   18  2  0     59.51    0.5056E-01      90.6    303.2
2014  1 30    30   18  3  0     59.56    0.5025E-01      90.5    303.1
2014  1 30    30   18  4  0     59.61    0.4986E-01      90.3    303.4
2014  1 30    30   18  5  0     59.66    0.4957E-01      90.2    303.2
2014  1 30    30   18  6  0     59.71    0.4932E-01      90.4    303.6
2014  1 30    30   18  7  0     59.76    0.4911E-01      90.5    303.5
2014  1 30    30   18  8  0     59.81    0.4881E-01      90.5    303.5
2014  1 30    30   18  9  0     59.86    0.4854E-01      90.6    303.8
2014  1 30    30   18 10  0     59.91    0.4821E-01      90.5    303.9
2014  1 30    30   18 11  0     59.97    0.4793E-01      90.6    304.0
2014  1 30    30   18 12  0     60.02    0.4770E-01      90.8    304.2
2014  1 30    30   18 13  0     60.08    0.4749E-01      90.9    304.1
2014  1 30    30   18 14  0     60.14    0.4724E-01      91.0    304.2
2014  1 30    30   18 15  0     60.20    0.4687E-01      90.7    304.0
2014  1 30    30   18 16  0     60.25    0.4654E-01      90.7    304.2
2014  1 30    30   18 17  0     60.31    0.4639E-01      91.1    304.3
2014  1 30    30   18 18  0     60.37    0.4611E-01      90.9    304.1
2014  1 30    30   18 19  0     60.44    0.4580E-01      90.8    303.9
2014  1 30    30   18 20  0     60.50    0.4553E-01      90.8    303.9
2014  1 30    30   18 21  0     60.56    0.4528E-01      90.8    303.8
2014  1 30    30   18 22  0     60.62    0.4498E-01      90.8    303.8
2014  1 30    30   18 23  0     60.69    0.4476E-01      90.9    303.8
2014  1 30    30   18 24  0     60.75    0.4459E-01      91.0    303.4
2014  1 30    30   18 25  0     60.82    0.4433E-01      91.1    303.4
2014  1 30    30   18 26  0     60.88    0.4413E-01      91.2    303.2
2014  1 30    30   18 27  0     60.95    0.4390E-01      91.3    303.0
2014  1 30    30   18 28  0     61.02    0.4370E-01      91.5    302.9
2014  1 30    30   18 29  0     61.09    0.4352E-01      91.6    302.7
2014  1 30    30   18 30  0     61.16    0.4328E-01      91.7    302.5
2014  1 30    30   18 31  0     61.23    0.4302E-01      91.6    302.2
2014  1 30    30   18 32  0     61.30    0.4272E-01      91.5    302.0
2014  1 30    30   18 33  0     61.37    0.4250E-01      91.5    301.5
2014  1 30    30   18 34  0     61.45    0.4230E-01      91.7    301.2
2014  1 30    30   18 35  0     61.52    0.4194E-01      91.2    300.9
2014  1 30    30   18 36  0     61.60    0.4164E-01      91.1    300.4
2014  1 30    30   18 37  0     61.67    0.4131E-01      91.0    300.4
2014  1 30    30   18 38  0     61.75    0.4102E-01      90.8    300.1
2014  1 30    30   18 39  0     61.83    0.4077E-01      90.8    299.6
2014  1 30    30   18 40  0     61.90    0.4052E-01      90.8    299.3
2014  1 30    30   18 41  0     61.98    0.4016E-01      90.7    299.0
2014  1 30    30   18 42  0     62.06    0.3986E-01      90.8    299.1
2014  1 30    30   18 43  0     62.14    0.3956E-01      90.8    299.0
2014  1 30    30   18 44  0     62.22    0.3927E-01      90.8    298.7
2014  1 30    30   18 45  0     62.30    0.3901E-01      90.9    298.4
2014  1 30    30   18 46  0     62.39    0.3877E-01      91.1    298.3
2014  1 30    30   18 47  0     62.47    0.3847E-01      91.0    298.2
2014  1 30    30   18 48  0     62.55    0.3810E-01      90.9    298.1
2014  1 30    30   18 49  0     62.64    0.3776E-01      90.8    297.7
2014  1 30    30   18 50  0     62.72    0.3746E-01      90.8    297.6
2014  1 30    30   18 51  0     62.81    0.3709E-01      90.6    297.3
2014  1 30    30   18 52  0     62.90    0.3671E-01      90.3    296.9
2014  1 30    30   18 53  0     62.98    0.3632E-01      90.1    296.8
2014  1 30    30   18 54  0     63.07    0.3595E-01      90.0    296.4
2014  1 30    30   18 55  0     63.16    0.3572E-01      90.2    296.3
2014  1 30    30   18 56  0     63.25    0.3552E-01      90.7    296.4
2014  1 30    30   18 57  0     63.34    0.3535E-01      91.1    296.2
2014  1 30    30   18 58  0     63.43    0.3510E-01      91.3    295.8
2014  1 30    30   18 59  0     63.52    0.3481E-01      91.2    295.6
2014  1 30    30   19  0  0     63.62    0.3448E-01      91.1    295.2
2014  1 30    30   19  1  0     63.71    0.3419E-01      91.2    295.1
2014  1 30    30   19  2  0     63.80    0.3384E-01      91.1    294.7
2014  1 30    30   19  3  0     63.90    0.3347E-01      91.0    294.5
2014  1 30    30   19  4  0     63.99    0.3317E-01      91.1    294.4
2014  1 30    30   19  5  0     64.09    0.3279E-01      91.1    294.4
2014  1 30    30   19  6  0     64.19    0.3244E-01      91.1    294.4
2014  1 30    30   19  7  0     64.28    0.3212E-01      91.3    294.3
2014  1 30    30   19  8  0     64.38    0.3181E-01      91.5    294.1
2014  1 30    30   19  9  0     64.48    0.3146E-01      91.4    294.0
2014  1 30    30   19 10  0     64.58    0.3107E-01      91.2    293.6
2014  1 30    30   19 11  0     64.68    0.3057E-01      90.8    293.9
2014  1 30    30   19 12  0     64.78    0.3017E-01      90.7    294.2
2014  1 30    30   19 13  0     64.88    0.2975E-01      90.6    294.1
2014  1 30    30   19 14  0     64.99    0.2934E-01      90.6    294.0
2014  1 30    30   19 15  0     65.09    0.2905E-01      90.9    294.0
2014  1 30    30   19 16  0     65.19    0.2867E-01      90.8    294.1
2014  1 30    30   19 17  0     65.30    0.2830E-01      90.8    294.0
2014  1 30    30   19 18  0     65.40    0.2789E-01      90.6    294.0
2014  1 30    30   19 19  0     65.51    0.2751E-01      90.5    294.1
2014  1 30    30   19 20  0     65.61    0.2714E-01      90.4    294.1
2014  1 30    30   19 21  0     65.72    0.2678E-01      90.3    293.8
2014  1 30    30   19 22  0     65.83    0.2640E-01      90.2    293.9
2014  1 30    30   19 23  0     65.93    0.2607E-01      90.3    293.9
2014  1 30    30   19 24  0     66.04    0.2573E-01      90.5    293.9
2014  1 30    30   19 25  0     66.15    0.2535E-01      90.3    293.6
2014  1 30    30   19 26  0     66.26    0.2501E-01      90.3    293.8
2014  1 30    30   19 27  0     66.37    0.2463E-01      90.2    293.6
2014  1 30    30   19 28  0     66.48    0.2430E-01      90.3    293.5
2014  1 30    30   19 29  0     66.60    0.2404E-01      90.7    293.4
2014  1 30    30   19 30  0     66.71    0.2376E-01      90.9    293.1
2014  1 30    30   19 31  0     66.82    0.2343E-01      91.0    293.3
2014  1 30    30   19 32  0     66.93    0.2312E-01      91.1    293.0
2014  1 30    30   19 33  0     67.05    0.2279E-01      91.0    292.6
2014  1 30    30   19 34  0     67.16    0.2245E-01      90.8    292.4
2014  1 30    30   19 35  0     67.28    0.2211E-01      90.8    292.4
2014  1 30    30   19 36  0     67.39    0.2176E-01      90.5    292.2
2014  1 30    30   19 37  0     67.51    0.2147E-01      90.7    291.9
2014  1 30    30   19 38  0     67.63    0.2114E-01      90.9    292.2
2014  1 30    30   19 39  0     67.75    0.2085E-01      91.1    292.1
2014  1 30    30   19 40  0     67.86    0.2051E-01      91.1    292.0
2014  1 30    30   19 41  0     67.98    0.2019E-01      91.0    291.8
2014  1 30    30   19 42  0     68.10    0.1986E-01      91.2    291.8
2014  1 30    30   19 43  0     68.22    0.1957E-01      91.4    292.1
2014  1 30    30   19 44  0     68.34    0.1925E-01      91.5    292.2
2014  1 30    30   19 45  0     68.46    0.1894E-01      91.4    292.0
2014  1 30    30   19 46  0     68.59    0.1861E-01      91.2    291.6
2014  1 30    30   19 47  0     68.71    0.1826E-01      91.1    291.5
2014  1 30    30   19 48  0     68.83    0.1795E-01      91.0    291.5
2014  1 30    30   19 49  0     68.95    0.1766E-01      91.2    291.3
2014  1 30    30   19 50  0     69.08    0.1737E-01      91.4    291.3
2014  1 30    30   19 51  0     69.20    0.1706E-01      91.2    291.3
2014  1 30    30   19 52  0     69.33    0.1678E-01      91.4    291.1
2014  1 30    30   19 53  0     69.45    0.1645E-01      91.0    290.9
2014  1 30    30   19 54  0     69.58    0.1615E-01      91.1    290.8
2014  1 30    30   19 55  0     69.71    0.1589E-01      91.2    290.7
2014  1 30    30   19 56  0     69.83    0.1561E-01      91.3    290.3
2014  1 30    30   19 57  0     69.96    0.1531E-01      91.1    290.5
2014  1 30    30   19 58  0     70.09    0.1506E-01      91.2    289.9
2014  1 30    30   19 59  0     70.22    0.1477E-01      91.2    289.6
2014  1 30    30   20  0  0     70.35    0.1450E-01      91.1    289.6
2014  1 30    30   20  1  0     70.48    0.1424E-01      91.2    289.3
2014  1 30    30   20  2  0     70.61    0.1396E-01      91.1    289.4
2014  1 30    30   20  3  0     70.74    0.1371E-01      91.2    288.8
2014  1 30    30   20  4  0     70.87    0.1347E-01      91.3    288.8
2014  1 30    30   20  5  0     71.00    0.1323E-01      91.6    288.7
2014  1 30    30   20  6  0     71.13    0.1298E-01      91.7    288.5
2014  1 30    30   20  7  0     71.27    0.1272E-01      91.4    288.3
2014  1 30    30   20  8  0     71.40    0.1246E-01      91.3    287.9
2014  1 30    30   20  9  0     71.53    0.1225E-01      91.6    287.9
2014  1 30    30   20 10  0     71.67    0.1201E-01      91.8    287.6
2014  1 30    30   20 11  0     71.80    0.1179E-01      91.9    287.4
2014  1 30    30   20 12  0     71.94    0.1155E-01      91.7    287.0
2014  1 30    30   20 13  0     72.07    0.1131E-01      91.5    286.7
2014  1 30    30   20 14  0     72.21    0.1105E-01      91.4    286.5
2014  1 30    30   20 15  0     72.34    0.1082E-01      91.5    286.3
2014  1 30    30   20 16  0     72.48    0.1058E-01      91.4    286.0
2014  1 30    30   20 17  0     72.62    0.1035E-01      91.4    285.8
2014  1 30    30   20 18  0     72.76    0.1015E-01      91.3    285.2
2014  1 30    30   20 19  0     72.89    0.9919E-02      91.3    285.3
2014  1 30    30   20 20  0     73.03    0.9744E-02      91.6    285.0
2014  1 30    30   20 21  0     73.17    0.9516E-02      91.7    284.8
2014  1 30    30   20 22  0     73.31    0.9297E-02      91.6    284.4
2014  1 30    30   20 23  0     73.45    0.9081E-02      91.4    284.3
2014  1 30    30   20 24  0     73.59    0.8872E-02      91.4    284.0
2014  1 30    30   20 25  0     73.73    0.8661E-02      91.4    283.7
2014  1 30    30   20 26  0     73.88    0.8468E-02      91.5    283.5
2014  1 30    30   20 27  0     74.02    0.8291E-02      91.5    283.2
2014  1 30    30   20 28  0     74.16    0.8083E-02      91.4    282.8
2014  1 30    30   20 29  0     74.30    0.7898E-02      91.5    282.4
2014  1 30    30   20 30  0     74.45    0.7736E-02      91.7    282.2
2014  1 30    30   20 31  0     74.59    0.7565E-02      91.7    281.7
2014  1 30    30   20 32  0     74.73    0.7381E-02      91.9    281.4
2014  1 30    30   20 33  0     74.88    0.7209E-02      92.1    281.2
2014  1 30    30   20 34  0     75.02    0.7055E-02      92.2    280.8
2014  1 30    30   20 35  0     75.17    0.6866E-02      92.1    280.5
2014  1 30    30   20 36  0     75.31    0.6690E-02      91.8    280.0
2014  1 30    30   20 37  0     75.46    0.6508E-02      91.6    279.7
2014  1 30    30   20 38  0     75.61    0.6335E-02      91.7    279.4
2014  1 30    30   20 39  0     75.76    0.6197E-02      91.8    278.5
2014  1 30    30   20 40  0     75.90    0.6027E-02      91.7    278.1
2014  1 30    30   20 41  0     76.05    0.5846E-02      91.7    277.8
2014  1 30    30   20 42  0     76.20    0.5705E-02      91.6    277.6
2014  1 30    30   20 43  0     76.35    0.5544E-02      91.4    277.2
2014  1 30    30   20 44  0     76.50    0.5382E-02      91.5    277.0
2014  1 30    30   20 45  0     76.65    0.5260E-02      91.8    276.7
2014  1 30    30   20 46  0     76.80    0.5092E-02      91.9    276.3
2014  1 30    30   20 47  0     76.95    0.4957E-02      92.0    276.1
2014  1 30    30   20 48  0     77.10    0.4813E-02      91.9    275.7
2014  1 30    30   20 49  0     77.25    0.4680E-02      91.9    275.4
2014  1 30    30   20 50  0     77.40    0.4544E-02      92.1    275.3
2014  1 30    30   20 51  0     77.55    0.4413E-02      92.1    275.0
2014  1 30    30   20 52  0     77.70    0.4283E-02      92.1    274.7
2014  1 30    30   20 53  0     77.85    0.4158E-02      92.1    274.9
2014  1 30    30   20 54  0     78.01    0.4015E-02      92.2    274.6
2014  1 30    30   20 55  0     78.16    0.3900E-02      92.1    274.3
2014  1 30    30   20 56  0     78.31    0.3772E-02      92.0    274.0
2014  1 30    30   20 57  0     78.47    0.3656E-02      91.9    273.8
2014  1 30    30   20 58  0     78.62    0.3551E-02      91.9    273.6
2014  1 30    30   20 59  0     78.78    0.3433E-02      92.0    273.3
2014  1 30    30   21  0  0     78.93    0.3327E-02      92.0    273.1
2014  1 30    30   21  1  0     79.09    0.3221E-02      92.2    272.6
2014  1 30    30   21  2  0     79.24    0.3115E-02      92.4    272.3
2014  1 30    30   21  3  0     79.40    0.3026E-02      92.4    272.0
2014  1 30    30   21  4  0     79.56    0.2902E-02      92.4    272.0
2014  1 30    30   21  5  0     79.71    0.2816E-02      92.5    271.7
2014  1 30    30   21  6  0     79.87    0.2711E-02      92.4    271.3
2014  1 30    30   21  7  0     80.03    0.2615E-02      92.5    270.9
2014  1 30    30   21  8  0     80.18    0.2521E-02      92.6    270.5
2014  1 30    30   21  9  0     80.34    0.2455E-02      92.6    270.3
2014  1 30    30   21 10  0     80.50    0.2342E-02      92.7    270.0
2014  1 30    30   21 11  0     80.66    0.2263E-02      92.7    269.8
2014  1 30    30   21 12  0     80.82    0.2176E-02      92.8    269.4
2014  1 30    30   21 13  0     80.98    0.2107E-02      92.8    269.1
2014  1 30    30   21 14  0     81.14    0.2033E-02      92.9    268.6
2014  1 30    30   21 15  0     81.30    0.1957E-02      93.0    268.3
2014  1 30    30   21 16  0     81.46    0.1883E-02      93.0    267.8
2014  1 30    30   21 17  0     81.62    0.1825E-02      93.0    267.3
2014  1 30    30   21 18  0     81.78    0.1727E-02      93.0    266.8
2014  1 30    30   21 19  0     81.94    0.1675E-02      93.1    266.3
2014  1 30    30   21 20  0     82.10    0.1625E-02      93.2    266.2
2014  1 30    30   21 21  0     82.26    0.1554E-02      93.4    265.6
2014  1 30    30   21 22  0     82.42    0.1495E-02      93.5    265.1
2014  1 30    30   21 23  0     82.59    0.1442E-02      93.6    264.5
2014  1 30    30   21 24  0     82.75    0.1395E-02      93.8    264.1
2014  1 30    30   21 25  0     82.91    0.1348E-02      94.0    262.7
2014  1 30    30   21 26  0     83.08    0.1291E-02      94.1    262.9
2014  1 30    30   21 27  0     83.24    0.1241E-02      94.0    262.2
2014  1 30    30   21 28  0     83.40    0.1201E-02      94.0    261.7
2014  1 30    30   21 29  0     83.57    0.1149E-02      94.1    261.1
2014  1 30    30   21 30  0     83.73    0.1110E-02      94.0    260.3
2014  1 30    30   21 31  0     83.90    0.1058E-02      94.0    259.5
2014  1 30    30   21 32  0     84.06    0.1031E-02      94.2    259.1
2014  1 30    30   21 33  0     84.23    0.9822E-03      94.5    258.1
2014  1 30    30   21 34  0     84.39    0.9385E-03      94.6    257.2
2014  1 30    30   21 35  0     84.56    0.9056E-03      94.7    256.7
2014  1 30    30   21 36  0     84.72    0.8733E-03      94.9    255.3
2014  1 30    30   21 37  0     84.89    0.8366E-03      95.1    254.6
2014  1 30    30   21 38  0     85.06    0.8060E-03      95.2    254.3
2014  1 30    30   21 39  0     85.22    0.7733E-03      95.0    253.3
2014  1 30    30   21 40  0     85.39    0.7365E-03      95.0    252.5
2014  1 30    30   21 41  0     85.56    0.7079E-03      95.1    251.2
2014  1 30    30   21 42  0     85.73    0.6848E-03      95.3    249.2
2014  1 30    30   21 43  0     85.89    0.6589E-03      95.5    247.4
2014  1 30    30   21 44  0     86.06    0.6367E-03      95.5    247.6
2014  1 30    30   21 45  0     86.23    0.5993E-03      95.3    246.8
2014  1 30    30   21 46  0     86.40    0.5691E-03      95.3    246.3
2014  1 30    30   21 47  0     86.57    0.5644E-03      95.3    245.2
2014  1 30    30   21 48  0     86.74    0.5539E-03      95.3    242.7
2014  1 30    30   21 49  0     86.91    0.5168E-03      95.4    240.6
2014  1 30    30   21 50  0     87.08    0.5120E-03      95.5    239.8
2014  1 30    30   21 51  0     87.25    0.4941E-03      95.3    241.4
2014  1 30    30   21 52  0     87.42    0.4727E-03      95.2    240.3
2014  1 30    30   21 53  0     87.59    0.4435E-03      95.3    239.2
2014  1 30    30   21 54  0     87.76    0.4420E-03      95.5    236.5
2014  1 30    30   21 55  0     87.93    0.4084E-03      95.7    233.7
2014  1 30    30   21 56  0     88.10    0.4005E-03      95.6    235.9
2014  1 30    30   21 57  0     88.27    0.3796E-03      95.1    236.9
2014  1 30    30   21 58  0     88.44    0.3683E-03      94.9    238.3
2014  1 30    30   21 59  0     88.62    0.3605E-03      94.9    239.0
2014  1 30    30   22  0  0     88.79    0.3487E-03      94.9    227.9
2014  1 30    30   22  1  0     88.96    0.3278E-03      95.2    223.2
2014  1 30    30   22  2  0     89.13    0.3243E-03      95.0    246.2
2014  1 30    30   22  3  0     89.31    0.3118E-03      94.7    264.8
2014  1 30    30   22  4  0     89.48    0.2943E-03      94.4    266.4
2014  1 30    30   22  5  0     89.65    0.2826E-03      94.4    251.1
2014  1 30    30   22  6  0     89.82    0.2827E-03      94.6    250.6
2014  1 30    30   22  7  0     90.00    0.2793E-03      95.2    218.8
