                            NILUUV 115

Uvpro Version 2.0
Latitude :   40.74 (North)
Longitude:  -74.03  (West)
Calibration file: cf100603a.115
Height above sea level:     0.0  m
CLT derived from channel 4
CLT scale factor used:   1.0
Ozone derived from channel pair ch3/ch2
Ozone scale factor used:   1.0
Drift factors ch1-ch6:   0.498  0.524  0.592  0.646  0.499  0.871
Ozone profile climatology: Mid  Latitude
Dose type:    CLW    Caldwell Plant 1971           

yyyy mm dd   jul   hh mm ss      SZA     dose rate       clt     Ozone
                              [degrees]   [W/m^2]        [%]     [DU]
2014 12 29   363   12 26  0     89.90    0.5266E-03      91.7    156.0
2014 12 29   363   12 27  0     89.74    0.5474E-03      91.5    182.0
2014 12 29   363   12 28  0     89.58    0.5563E-03      91.8    186.3
2014 12 29   363   12 29  0     89.41    0.5674E-03      93.0    199.2
2014 12 29   363   12 30  0     89.25    0.5656E-03      94.6    200.5
2014 12 29   363   12 31  0     89.09    0.5861E-03      96.2    190.5
2014 12 29   363   12 32  0     88.93    0.6100E-03      97.3    184.0
2014 12 29   363   12 33  0     88.77    0.6410E-03      98.2    188.3
2014 12 29   363   12 34  0     88.61    0.6631E-03      99.0    194.8
2014 12 29   363   12 35  0     88.46    0.6718E-03      99.5    198.9
2014 12 29   363   12 36  0     88.30    0.6938E-03     100.4    204.7
2014 12 29   363   12 37  0     88.14    0.6844E-03     101.2    213.2
2014 12 29   363   12 38  0     87.98    0.6894E-03     100.5    218.8
2014 12 29   363   12 39  0     87.82    0.6832E-03      98.7    231.4
2014 12 29   363   12 40  0     87.66    0.6875E-03      96.6    239.8
2014 12 29   363   12 41  0     87.51    0.6937E-03      94.7    243.2
2014 12 29   363   12 42  0     87.35    0.7047E-03      93.2    243.9
2014 12 29   363   12 43  0     87.19    0.7237E-03      92.4    243.0
2014 12 29   363   12 44  0     87.04    0.7423E-03      92.1    244.5
2014 12 29   363   12 45  0     86.88    0.7615E-03      91.5    245.9
2014 12 29   363   12 46  0     86.73    0.7774E-03      90.6    247.3
2014 12 29   363   12 47  0     86.57    0.8011E-03      89.8    247.9
2014 12 29   363   12 48  0     86.41    0.8223E-03      89.9    249.6
2014 12 29   363   12 49  0     86.26    0.8301E-03      90.6    253.1
2014 12 29   363   12 50  0     86.11    0.8554E-03      91.4    255.7
2014 12 29   363   12 51  0     85.95    0.8773E-03      91.8    255.6
2014 12 29   363   12 52  0     85.80    0.9022E-03      92.1    255.8
2014 12 29   363   12 53  0     85.64    0.9526E-03      92.6    256.8
2014 12 29   363   12 54  0     85.49    0.9886E-03      92.8    258.8
2014 12 29   363   12 55  0     85.34    0.1007E-02      93.0    259.7
2014 12 29   363   12 56  0     85.19    0.1042E-02      94.4    262.3
2014 12 29   363   12 57  0     85.03    0.1071E-02      96.0    264.6
2014 12 29   363   12 58  0     84.88    0.1085E-02      96.2    264.6
2014 12 29   363   12 59  0     84.73    0.1106E-02      96.2    266.9
2014 12 29   363   13  0  0     84.58    0.1130E-02      97.2    271.5
2014 12 29   363   13  1  0     84.43    0.1149E-02      97.0    275.3
2014 12 29   363   13  2  0     84.28    0.1189E-02      94.9    274.8
2014 12 29   363   13  3  0     84.13    0.1211E-02      93.8    275.2
2014 12 29   363   13  4  0     83.98    0.1228E-02      93.0    274.9
2014 12 29   363   13  5  0     83.83    0.1264E-02      90.3    273.2
2014 12 29   363   13  6  0     83.68    0.1279E-02      87.5    272.0
2014 12 29   363   13  7  0     83.53    0.1315E-02      85.9    272.0
2014 12 29   363   13  8  0     83.38    0.1353E-02      84.3    272.5
2014 12 29   363   13  9  0     83.24    0.1355E-02      82.8    273.0
2014 12 29   363   13 10  0     83.09    0.1387E-02      81.8    274.5
2014 12 29   363   13 11  0     82.94    0.1393E-02      80.8    275.9
2014 12 29   363   13 12  0     82.79    0.1419E-02      79.8    277.3
2014 12 29   363   13 13  0     82.65    0.1453E-02      79.3    278.5
2014 12 29   363   13 14  0     82.50    0.1468E-02      78.6    279.2
2014 12 29   363   13 15  0     82.36    0.1481E-02      78.0    280.2
2014 12 29   363   13 16  0     82.21    0.1516E-02      77.4    281.3
2014 12 29   363   13 17  0     82.07    0.1553E-02      77.2    282.1
2014 12 29   363   13 18  0     81.92    0.1628E-02      77.5    281.4
2014 12 29   363   13 19  0     81.78    0.1678E-02      79.2    282.5
2014 12 29   363   13 20  0     81.63    0.1691E-02      79.9    285.2
2014 12 29   363   13 21  0     81.49    0.1740E-02      78.3    285.4
2014 12 29   363   13 22  0     81.35    0.1849E-02      79.1    283.5
2014 12 29   363   13 23  0     81.20    0.1977E-02      82.6    282.7
2014 12 29   363   13 24  0     81.06    0.2108E-02      85.2    281.2
2014 12 29   363   13 25  0     80.92    0.2248E-02      86.8    279.8
2014 12 29   363   13 26  0     80.78    0.2344E-02      87.7    279.6
2014 12 29   363   13 27  0     80.64    0.2435E-02      88.6    280.0
2014 12 29   363   13 28  0     80.50    0.2526E-02      89.7    280.4
2014 12 29   363   13 29  0     80.36    0.2625E-02      90.9    281.1
2014 12 29   363   13 30  0     80.22    0.2751E-02      93.1    282.2
2014 12 29   363   13 31  0     80.08    0.2853E-02      96.0    283.5
2014 12 29   363   13 32  0     79.94    0.2943E-02      97.7    284.3
2014 12 29   363   13 33  0     79.80    0.3031E-02      97.9    284.1
2014 12 29   363   13 34  0     79.66    0.3097E-02      96.0    283.3
2014 12 29   363   13 35  0     79.53    0.3154E-02      92.8    282.2
2014 12 29   363   13 36  0     79.39    0.3193E-02      90.6    282.0
2014 12 29   363   13 37  0     79.25    0.3233E-02      89.8    282.5
2014 12 29   363   13 38  0     79.12    0.3296E-02      89.0    282.5
2014 12 29   363   13 39  0     78.98    0.3358E-02      88.1    283.0
2014 12 29   363   13 40  0     78.84    0.3401E-02      87.3    283.9
2014 12 29   363   13 41  0     78.71    0.3482E-02      86.6    283.9
2014 12 29   363   13 42  0     78.57    0.3595E-02      87.0    284.0
2014 12 29   363   13 43  0     78.44    0.3726E-02      88.0    284.3
2014 12 29   363   13 44  0     78.31    0.3830E-02      88.9    284.6
2014 12 29   363   13 45  0     78.17    0.3967E-02      89.2    284.5
2014 12 29   363   13 46  0     78.04    0.4081E-02      89.3    284.5
2014 12 29   363   13 47  0     77.91    0.4182E-02      88.9    284.3
2014 12 29   363   13 48  0     77.78    0.4304E-02      88.3    284.1
2014 12 29   363   13 49  0     77.65    0.4433E-02      88.3    284.0
2014 12 29   363   13 50  0     77.51    0.4581E-02      89.5    284.4
2014 12 29   363   13 51  0     77.38    0.4766E-02      91.6    285.1
2014 12 29   363   13 52  0     77.25    0.4981E-02      93.3    285.1
2014 12 29   363   13 53  0     77.12    0.5174E-02      94.8    285.1
2014 12 29   363   13 54  0     76.99    0.5347E-02      95.5    284.9
2014 12 29   363   13 55  0     76.87    0.5517E-02      95.6    284.6
2014 12 29   363   13 56  0     76.74    0.5683E-02      96.3    284.8
2014 12 29   363   13 57  0     76.61    0.5838E-02      97.4    285.3
2014 12 29   363   13 58  0     76.48    0.6012E-02      98.0    285.5
2014 12 29   363   13 59  0     76.36    0.6152E-02      97.6    285.1
2014 12 29   363   14  0  0     76.23    0.6338E-02      96.6    284.1
2014 12 29   363   14  1  0     76.10    0.6529E-02      96.3    283.2
2014 12 29   363   14  2  0     75.98    0.6766E-02      97.6    283.1
2014 12 29   363   14  3  0     75.85    0.6995E-02      99.4    283.7
2014 12 29   363   14  4  0     75.73    0.7182E-02      99.7    283.6
2014 12 29   363   14  5  0     75.61    0.7361E-02      98.9    283.0
2014 12 29   363   14  6  0     75.48    0.7565E-02      98.6    282.7
2014 12 29   363   14  7  0     75.36    0.7829E-02     100.5    283.3
2014 12 29   363   14  8  0     75.24    0.8251E-02     108.8    286.5
2014 12 29   363   14  9  0     75.12    0.8588E-02     113.2    287.8
2014 12 29   363   14 10  0     75.00    0.8868E-02     116.5    289.1
2014 12 29   363   14 11  0     74.87    0.9088E-02     117.0    289.3
2014 12 29   363   14 12  0     74.75    0.9265E-02     115.8    288.8
2014 12 29   363   14 13  0     74.63    0.9557E-02     118.4    290.4
2014 12 29   363   14 14  0     74.52    0.9808E-02     119.3    290.5
2014 12 29   363   14 15  0     74.40    0.1002E-01     119.8    290.8
2014 12 29   363   14 16  0     74.28    0.1019E-01     118.5    290.6
2014 12 29   363   14 17  0     74.16    0.1043E-01     119.4    290.9
2014 12 29   363   14 18  0     74.04    0.1069E-01     121.0    291.5
2014 12 29   363   14 19  0     73.93    0.1094E-01     121.0    291.6
2014 12 29   363   14 20  0     73.81    0.1118E-01     121.1    291.6
2014 12 29   363   14 21  0     73.70    0.1141E-01     121.1    291.6
2014 12 29   363   14 22  0     73.58    0.1167E-01     121.3    291.4
2014 12 29   363   14 23  0     73.47    0.1192E-01     121.4    291.5
2014 12 29   363   14 24  0     73.35    0.1219E-01     121.6    291.4
2014 12 29   363   14 25  0     73.24    0.1242E-01     121.6    291.3
2014 12 29   363   14 26  0     73.13    0.1267E-01     121.7    291.3
2014 12 29   363   14 27  0     73.01    0.1295E-01     121.9    291.3
2014 12 29   363   14 28  0     72.90    0.1318E-01     121.7    291.2
2014 12 29   363   14 29  0     72.79    0.1340E-01     121.0    290.9
2014 12 29   363   14 30  0     72.68    0.1362E-01     120.5    290.4
2014 12 29   363   14 31  0     72.57    0.1349E-01     111.7    286.8
2014 12 29   363   14 32  0     72.46    0.1337E-01     105.3    284.9
2014 12 29   363   14 33  0     72.35    0.1342E-01     102.0    283.5
2014 12 29   363   14 34  0     72.25    0.1349E-01      98.1    281.9
2014 12 29   363   14 35  0     72.14    0.1370E-01      97.5    281.5
2014 12 29   363   14 36  0     72.03    0.1380E-01      95.2    280.4
2014 12 29   363   14 37  0     71.92    0.1394E-01      93.8    280.0
2014 12 29   363   14 38  0     71.82    0.1410E-01      93.0    279.7
2014 12 29   363   14 39  0     71.71    0.1442E-01      93.6    279.9
2014 12 29   363   14 40  0     71.61    0.1485E-01      95.9    280.6
2014 12 29   363   14 41  0     71.50    0.1526E-01      97.3    280.9
2014 12 29   363   14 42  0     71.40    0.1554E-01      97.8    281.0
2014 12 29   363   14 43  0     71.30    0.1599E-01     101.9    283.0
2014 12 29   363   14 44  0     71.20    0.1646E-01     105.3    284.3
2014 12 29   363   14 45  0     71.09    0.1720E-01     112.7    286.4
2014 12 29   363   14 46  0     70.99    0.1671E-01     101.1    281.8
2014 12 29   363   14 47  0     70.89    0.1634E-01      93.3    279.1
2014 12 29   363   14 48  0     70.79    0.1629E-01      90.9    279.1
2014 12 29   363   14 49  0     70.69    0.1642E-01      90.3    279.1
2014 12 29   363   14 50  0     70.60    0.1663E-01      89.9    278.9
2014 12 29   363   14 51  0     70.50    0.1680E-01      89.0    278.6
2014 12 29   363   14 52  0     70.40    0.1720E-01      90.0    278.7
2014 12 29   363   14 53  0     70.30    0.1750E-01      90.3    278.8
2014 12 29   363   14 54  0     70.21    0.1794E-01      92.6    279.7
2014 12 29   363   14 55  0     70.11    0.1812E-01      92.0    279.5
2014 12 29   363   14 56  0     70.02    0.1836E-01      91.5    279.2
2014 12 29   363   14 57  0     69.92    0.1880E-01      94.2    280.6
2014 12 29   363   14 58  0     69.83    0.1972E-01     102.7    284.2
2014 12 29   363   14 59  0     69.74    0.1928E-01      94.3    280.6
2014 12 29   363   15  0  0     69.64    0.1918E-01      91.3    279.6
2014 12 29   363   15  1  0     69.55    0.1908E-01      88.3    278.7
2014 12 29   363   15  2  0     69.46    0.1908E-01      86.7    278.4
2014 12 29   363   15  3  0     69.37    0.1928E-01      86.8    278.5
2014 12 29   363   15  4  0     69.28    0.1942E-01      85.9    278.4
2014 12 29   363   15  5  0     69.19    0.1990E-01      88.3    279.6
2014 12 29   363   15  6  0     69.10    0.2015E-01      87.9    279.3
2014 12 29   363   15  7  0     69.02    0.2049E-01      87.9    278.3
2014 12 29   363   15  8  0     68.93    0.2095E-01      88.9    279.0
2014 12 29   363   15  9  0     68.84    0.2193E-01      94.1    280.8
2014 12 29   363   15 10  0     68.76    0.2287E-01     100.8    283.1
2014 12 29   363   15 11  0     68.67    0.2213E-01      93.1    280.2
2014 12 29   363   15 12  0     68.59    0.2201E-01      91.8    281.1
2014 12 29   363   15 13  0     68.50    0.2218E-01      92.5    282.4
2014 12 29   363   15 14  0     68.42    0.2218E-01      90.8    281.6
2014 12 29   363   15 15  0     68.34    0.2244E-01      91.2    281.9
2014 12 29   363   15 16  0     68.26    0.2270E-01      91.7    282.6
2014 12 29   363   15 17  0     68.18    0.2296E-01      91.7    282.7
2014 12 29   363   15 18  0     68.10    0.2386E-01      96.7    286.1
2014 12 29   363   15 19  0     68.02    0.2548E-01     102.9    284.4
2014 12 29   363   15 20  0     67.94    0.2626E-01     105.3    285.2
2014 12 29   363   15 21  0     67.86    0.2614E-01     102.0    284.5
2014 12 29   363   15 22  0     67.78    0.2861E-01     119.2    290.6
2014 12 29   363   15 23  0     67.71    0.2886E-01     117.3    288.9
2014 12 29   363   15 24  0     67.63    0.2958E-01     120.1    289.4
2014 12 29   363   15 25  0     67.56    0.2991E-01     120.5    289.8
2014 12 29   363   15 26  0     67.48    0.3035E-01     121.6    290.2
2014 12 29   363   15 27  0     67.41    0.3090E-01     122.8    290.2
2014 12 29   363   15 28  0     67.33    0.3126E-01     123.1    290.3
2014 12 29   363   15 29  0     67.26    0.3143E-01     122.1    289.8
2014 12 29   363   15 30  0     67.19    0.3119E-01     118.7    289.2
2014 12 29   363   15 31  0     67.12    0.3162E-01     119.6    289.4
2014 12 29   363   15 32  0     67.05    0.3137E-01     115.4    286.8
2014 12 29   363   15 33  0     66.98    0.2941E-01     102.1    285.0
2014 12 29   363   15 34  0     66.91    0.3145E-01     113.6    288.0
2014 12 29   363   15 35  0     66.84    0.3261E-01     118.9    289.6
2014 12 29   363   15 36  0     66.77    0.3403E-01     126.1    291.6
2014 12 29   363   15 37  0     66.71    0.3427E-01     125.9    291.0
2014 12 29   363   15 38  0     66.64    0.3365E-01     120.7    290.0
2014 12 29   363   15 39  0     66.58    0.3132E-01     103.9    283.8
2014 12 29   363   15 40  0     66.51    0.3207E-01     108.7    288.1
2014 12 29   363   15 41  0     66.45    0.3388E-01     117.4    290.1
2014 12 29   363   15 42  0     66.39    0.3513E-01     122.9    290.8
2014 12 29   363   15 43  0     66.32    0.3489E-01     119.6    289.0
2014 12 29   363   15 44  0     66.26    0.3267E-01     104.9    285.4
2014 12 29   363   15 45  0     66.20    0.3148E-01      96.4    282.2
2014 12 29   363   15 46  0     66.14    0.3089E-01      92.0    281.3
2014 12 29   363   15 47  0     66.08    0.3152E-01      94.0    281.9
2014 12 29   363   15 48  0     66.03    0.3149E-01      92.3    281.4
2014 12 29   363   15 49  0     65.97    0.3266E-01      96.9    282.9
2014 12 29   363   15 50  0     65.91    0.3486E-01     107.4    287.0
2014 12 29   363   15 51  0     65.86    0.3845E-01     125.1    290.7
2014 12 29   363   15 52  0     65.80    0.3801E-01     120.8    289.3
2014 12 29   363   15 53  0     65.75    0.3637E-01     110.5    286.8
2014 12 29   363   15 54  0     65.69    0.3813E-01     118.9    288.8
2014 12 29   363   15 55  0     65.64    0.3778E-01     116.7    289.4
2014 12 29   363   15 56  0     65.59    0.3943E-01     124.8    291.2
2014 12 29   363   15 57  0     65.54    0.3969E-01     126.0    292.5
2014 12 29   363   15 58  0     65.49    0.4039E-01     127.7    292.1
2014 12 29   363   15 59  0     65.44    0.4082E-01     127.8    291.6
2014 12 29   363   16  0  0     65.39    0.3860E-01     113.9    287.4
2014 12 29   363   16  1  0     65.34    0.3813E-01     110.7    287.3
2014 12 29   363   16  2  0     65.29    0.3950E-01     116.8    289.0
2014 12 29   363   16  3  0     65.24    0.3815E-01     109.3    286.9
2014 12 29   363   16  4  0     65.20    0.3794E-01     108.4    287.0
2014 12 29   363   16  5  0     65.15    0.4135E-01     126.3    294.0
2014 12 29   363   16  6  0     65.11    0.4320E-01     132.8    293.9
2014 12 29   363   16  7  0     65.07    0.4322E-01     130.3    291.1
2014 12 29   363   16  8  0     65.02    0.3643E-01      97.5    283.3
2014 12 29   363   16  9  0     64.98    0.3540E-01      93.7    282.6
2014 12 29   363   16 10  0     64.94    0.3459E-01      90.2    282.4
2014 12 29   363   16 11  0     64.90    0.3474E-01      89.8    282.4
2014 12 29   363   16 12  0     64.86    0.3529E-01      90.7    281.9
2014 12 29   363   16 13  0     64.82    0.3567E-01      91.1    281.8
2014 12 29   363   16 14  0     64.79    0.3621E-01      92.5    282.4
2014 12 29   363   16 15  0     64.75    0.3657E-01      93.5    282.9
2014 12 29   363   16 16  0     64.71    0.3717E-01      95.9    283.7
2014 12 29   363   16 17  0     64.68    0.3612E-01      91.0    281.7
2014 12 29   363   16 18  0     64.64    0.3607E-01      90.6    282.4
2014 12 29   363   16 19  0     64.61    0.3674E-01      92.2    282.4
2014 12 29   363   16 20  0     64.58    0.3689E-01      92.1    282.4
2014 12 29   363   16 21  0     64.54    0.3713E-01      92.1    282.3
2014 12 29   363   16 22  0     64.51    0.3778E-01      93.3    282.3
2014 12 29   363   16 23  0     64.48    0.3920E-01      98.3    284.1
2014 12 29   363   16 24  0     64.45    0.4057E-01     103.0    284.6
2014 12 29   363   16 25  0     64.42    0.4300E-01     114.7    289.4
2014 12 29   363   16 26  0     64.40    0.4214E-01     109.9    286.7
2014 12 29   363   16 27  0     64.37    0.4194E-01     110.2    288.6
2014 12 29   363   16 28  0     64.34    0.4004E-01     100.3    283.5
2014 12 29   363   16 29  0     64.32    0.4074E-01     104.7    287.4
2014 12 29   363   16 30  0     64.29    0.3903E-01      96.1    282.7
2014 12 29   363   16 31  0     64.27    0.3883E-01      95.3    284.2
2014 12 29   363   16 32  0     64.25    0.4102E-01     103.9    286.6
2014 12 29   363   16 33  0     64.22    0.3917E-01      94.9    282.2
2014 12 29   363   16 34  0     64.20    0.3806E-01      90.8    281.7
2014 12 29   363   16 35  0     64.18    0.3760E-01      88.6    281.2
2014 12 29   363   16 36  0     64.16    0.3858E-01      92.1    282.8
2014 12 29   363   16 37  0     64.14    0.4008E-01      97.5    284.3
2014 12 29   363   16 38  0     64.13    0.4194E-01     104.5    287.7
2014 12 29   363   16 39  0     64.11    0.4688E-01     124.0    290.8
2014 12 29   363   16 40  0     64.09    0.4747E-01     125.2    291.4
2014 12 29   363   16 41  0     64.08    0.4926E-01     131.8    292.7
2014 12 29   363   16 42  0     64.06    0.4983E-01     132.5    291.9
2014 12 29   363   16 43  0     64.05    0.5020E-01     132.6    291.7
2014 12 29   363   16 44  0     64.04    0.5048E-01     132.8    291.5
2014 12 29   363   16 45  0     64.02    0.5073E-01     132.9    290.9
2014 12 29   363   16 46  0     64.01    0.5074E-01     132.8    291.0
2014 12 29   363   16 47  0     64.00    0.5067E-01     132.8    291.2
2014 12 29   363   16 48  0     63.99    0.5036E-01     132.3    291.8
2014 12 29   363   16 49  0     63.98    0.5040E-01     132.6    292.1
2014 12 29   363   16 50  0     63.98    0.5033E-01     131.3    291.0
2014 12 29   363   16 51  0     63.97    0.4967E-01     128.0    290.2
2014 12 29   363   16 52  0     63.96    0.5092E-01     132.7    291.1
2014 12 29   363   16 53  0     63.96    0.5124E-01     133.2    290.8
2014 12 29   363   16 54  0     63.95    0.5151E-01     133.7    290.5
2014 12 29   363   16 55  0     63.95    0.5139E-01     132.7    290.0
2014 12 29   363   16 56  0     63.95    0.5129E-01     131.9    289.9
2014 12 29   363   16 57  0     63.95    0.5106E-01     130.7    289.4
2014 12 29   363   16 58  0     63.94    0.5076E-01     129.1    288.6
2014 12 29   363   16 59  0     63.94    0.5075E-01     128.7    288.4
2014 12 29   363   17  0  0     63.94    0.4991E-01     124.7    286.5
2014 12 29   363   17  1  0     63.95    0.4686E-01     112.5    283.3
2014 12 29   363   17  2  0     63.95    0.4416E-01     102.4    280.6
2014 12 29   363   17  3  0     63.95    0.4314E-01     100.1    281.0
2014 12 29   363   17  4  0     63.96    0.4411E-01     105.6    284.0
2014 12 29   363   17  5  0     63.96    0.4491E-01     108.6    284.5
2014 12 29   363   17  6  0     63.97    0.4554E-01     110.4    284.0
2014 12 29   363   17  7  0     63.97    0.4462E-01     106.6    283.2
2014 12 29   363   17  8  0     63.98    0.4615E-01     113.4    285.4
2014 12 29   363   17  9  0     63.99    0.4588E-01     112.6    285.6
2014 12 29   363   17 10  0     64.00    0.4850E-01     123.5    288.5
2014 12 29   363   17 11  0     64.01    0.4990E-01     128.5    289.2
2014 12 29   363   17 12  0     64.02    0.5078E-01     131.3    289.2
2014 12 29   363   17 13  0     64.03    0.5100E-01     131.5    288.9
2014 12 29   363   17 14  0     64.04    0.5075E-01     129.9    287.8
2014 12 29   363   17 15  0     64.05    0.4883E-01     121.5    285.0
2014 12 29   363   17 16  0     64.07    0.4917E-01     123.8    286.1
2014 12 29   363   17 17  0     64.08    0.4736E-01     117.1    284.1
2014 12 29   363   17 18  0     64.10    0.4704E-01     117.1    284.7
2014 12 29   363   17 19  0     64.12    0.4621E-01     114.1    284.4
2014 12 29   363   17 20  0     64.13    0.4399E-01     103.9    279.7
2014 12 29   363   17 21  0     64.15    0.4568E-01     113.0    284.4
2014 12 29   363   17 22  0     64.17    0.4755E-01     121.8    287.1
2014 12 29   363   17 23  0     64.19    0.4815E-01     125.5    287.7
2014 12 29   363   17 24  0     64.21    0.4794E-01     125.3    288.1
2014 12 29   363   17 25  0     64.23    0.4761E-01     123.8    286.6
2014 12 29   363   17 26  0     64.26    0.4420E-01     109.1    281.7
2014 12 29   363   17 27  0     64.28    0.4133E-01      96.8    277.7
2014 12 29   363   17 28  0     64.30    0.4029E-01      92.9    276.9
2014 12 29   363   17 29  0     64.33    0.4115E-01      96.7    278.7
2014 12 29   363   17 30  0     64.35    0.4445E-01     111.7    284.0
2014 12 29   363   17 31  0     64.38    0.4556E-01     116.1    283.8
2014 12 29   363   17 32  0     64.41    0.4612E-01     119.2    285.4
2014 12 29   363   17 33  0     64.44    0.4708E-01     123.5    285.9
2014 12 29   363   17 34  0     64.47    0.4685E-01     123.0    285.5
2014 12 29   363   17 35  0     64.50    0.4617E-01     121.1    284.7
2014 12 29   363   17 36  0     64.53    0.4441E-01     114.5    283.1
2014 12 29   363   17 37  0     64.56    0.4440E-01     115.7    284.0
2014 12 29   363   17 38  0     64.59    0.4429E-01     115.6    283.7
2014 12 29   363   17 39  0     64.62    0.4421E-01     115.5    283.9
2014 12 29   363   17 40  0     64.66    0.4446E-01     116.8    283.4
2014 12 29   363   17 41  0     64.69    0.4442E-01     117.2    283.8
2014 12 29   363   17 42  0     64.73    0.4566E-01     123.7    285.7
2014 12 29   363   17 43  0     64.76    0.4555E-01     123.6    285.4
2014 12 29   363   17 44  0     64.80    0.4571E-01     125.1    285.6
2014 12 29   363   17 45  0     64.84    0.4544E-01     124.8    285.4
2014 12 29   363   17 46  0     64.88    0.4521E-01     124.8    285.3
2014 12 29   363   17 47  0     64.92    0.4453E-01     122.9    285.1
2014 12 29   363   17 48  0     64.96    0.4469E-01     125.0    285.9
2014 12 29   363   17 49  0     65.00    0.4502E-01     127.4    286.2
2014 12 29   363   17 50  0     65.04    0.4474E-01     126.7    286.0
2014 12 29   363   17 51  0     65.09    0.4467E-01     127.5    286.3
2014 12 29   363   17 52  0     65.13    0.4420E-01     126.3    285.9
2014 12 29   363   17 53  0     65.17    0.4372E-01     125.2    285.2
2014 12 29   363   17 54  0     65.22    0.4337E-01     125.0    285.7
2014 12 29   363   17 55  0     65.27    0.4344E-01     126.7    286.3
2014 12 29   363   17 56  0     65.31    0.4321E-01     126.8    286.2
2014 12 29   363   17 57  0     65.36    0.4275E-01     125.9    286.0
2014 12 29   363   17 58  0     65.41    0.4240E-01     125.7    286.2
2014 12 29   363   17 59  0     65.46    0.4218E-01     126.3    286.5
2014 12 29   363   18  0  0     65.51    0.4191E-01     126.3    286.4
2014 12 29   363   18  1  0     65.56    0.4156E-01     126.1    286.6
2014 12 29   363   18  2  0     65.61    0.4099E-01     125.0    286.5
2014 12 29   363   18  3  0     65.66    0.4017E-01     122.5    285.8
2014 12 29   363   18  4  0     65.72    0.3983E-01     122.3    286.0
2014 12 29   363   18  5  0     65.77    0.4036E-01     126.7    287.4
2014 12 29   363   18  6  0     65.82    0.4024E-01     127.4    287.4
2014 12 29   363   18  7  0     65.88    0.3975E-01     126.1    286.9
2014 12 29   363   18  8  0     65.94    0.3903E-01     123.9    286.4
2014 12 29   363   18  9  0     65.99    0.3895E-01     125.0    286.6
2014 12 29   363   18 10  0     66.05    0.3864E-01     124.4    286.5
2014 12 29   363   18 11  0     66.11    0.3848E-01     124.7    286.3
2014 12 29   363   18 12  0     66.17    0.3793E-01     123.1    285.9
2014 12 29   363   18 13  0     66.23    0.3782E-01     124.3    286.3
2014 12 29   363   18 14  0     66.29    0.3745E-01     123.8    286.0
2014 12 29   363   18 15  0     66.35    0.3738E-01     125.0    286.4
2014 12 29   363   18 16  0     66.41    0.3719E-01     125.3    286.2
2014 12 29   363   18 17  0     66.48    0.3688E-01     125.3    286.0
2014 12 29   363   18 18  0     66.54    0.3672E-01     126.4    286.7
2014 12 29   363   18 19  0     66.61    0.3649E-01     126.8    286.4
2014 12 29   363   18 20  0     66.67    0.3581E-01     124.5    285.7
2014 12 29   363   18 21  0     66.74    0.3511E-01     121.7    284.5
2014 12 29   363   18 22  0     66.80    0.3547E-01     126.1    286.6
2014 12 29   363   18 23  0     66.87    0.3542E-01     127.4    286.6
2014 12 29   363   18 24  0     66.94    0.3476E-01     125.4    285.9
2014 12 29   363   18 25  0     67.01    0.3450E-01     127.0    286.9
2014 12 29   363   18 26  0     67.08    0.3432E-01     127.9    287.0
2014 12 29   363   18 27  0     67.15    0.3406E-01     128.0    286.8
2014 12 29   363   18 28  0     67.22    0.3325E-01     125.0    286.6
2014 12 29   363   18 29  0     67.29    0.3402E-01     132.1    288.1
2014 12 29   363   18 30  0     67.37    0.3405E-01     134.0    288.4
2014 12 29   363   18 31  0     67.44    0.3410E-01     135.5    288.5
2014 12 29   363   18 32  0     67.51    0.3393E-01     135.7    287.9
2014 12 29   363   18 33  0     67.59    0.3276E-01     129.6    286.0
2014 12 29   363   18 34  0     67.66    0.3240E-01     130.3    286.9
2014 12 29   363   18 35  0     67.74    0.3183E-01     128.6    286.1
2014 12 29   363   18 36  0     67.82    0.3078E-01     123.9    285.6
2014 12 29   363   18 37  0     67.90    0.3122E-01     130.0    287.0
2014 12 29   363   18 38  0     67.97    0.3088E-01     129.8    286.9
2014 12 29   363   18 39  0     68.05    0.3036E-01     128.3    286.3
2014 12 29   363   18 40  0     68.13    0.2949E-01     124.3    285.0
2014 12 29   363   18 41  0     68.21    0.2864E-01     120.5    284.4
2014 12 29   363   18 42  0     68.29    0.2898E-01     127.0    286.5
2014 12 29   363   18 43  0     68.38    0.2875E-01     127.6    286.8
2014 12 29   363   18 44  0     68.46    0.2840E-01     127.4    286.7
2014 12 29   363   18 45  0     68.54    0.2814E-01     127.7    286.5
2014 12 29   363   18 46  0     68.63    0.2770E-01     126.6    285.8
2014 12 29   363   18 47  0     68.71    0.2687E-01     122.4    284.5
2014 12 29   363   18 48  0     68.80    0.2615E-01     119.2    284.1
2014 12 29   363   18 49  0     68.88    0.2622E-01     122.8    285.1
2014 12 29   363   18 50  0     68.97    0.2583E-01     122.4    284.9
2014 12 29   363   18 51  0     69.06    0.2537E-01     121.2    284.8
2014 12 29   363   18 52  0     69.14    0.2555E-01     125.8    286.1
2014 12 29   363   18 53  0     69.23    0.2550E-01     127.8    286.2
2014 12 29   363   18 54  0     69.32    0.2515E-01     127.6    286.2
2014 12 29   363   18 55  0     69.41    0.2460E-01     125.3    284.9
2014 12 29   363   18 56  0     69.50    0.2402E-01     123.0    284.7
2014 12 29   363   18 57  0     69.59    0.2355E-01     121.8    284.4
2014 12 29   363   18 58  0     69.68    0.2344E-01     122.9    284.2
2014 12 29   363   18 59  0     69.78    0.2315E-01     123.2    284.6
2014 12 29   363   19  0  0     69.87    0.2301E-01     125.0    284.9
2014 12 29   363   19  1  0     69.96    0.2244E-01     122.2    284.1
2014 12 29   363   19  2  0     70.06    0.2249E-01     126.3    285.4
2014 12 29   363   19  3  0     70.15    0.2227E-01     127.3    285.4
2014 12 29   363   19  4  0     70.25    0.2195E-01     126.9    285.0
2014 12 29   363   19  5  0     70.35    0.2132E-01     123.2    283.9
2014 12 29   363   19  6  0     70.44    0.2081E-01     120.4    283.0
2014 12 29   363   19  7  0     70.54    0.2070E-01     123.2    284.4
2014 12 29   363   19  8  0     70.64    0.2082E-01     128.0    285.1
2014 12 29   363   19  9  0     70.74    0.2032E-01     126.0    284.9
2014 12 29   363   19 10  0     70.84    0.2000E-01     125.5    284.4
2014 12 29   363   19 11  0     70.94    0.1970E-01     125.6    284.4
2014 12 29   363   19 12  0     71.04    0.1935E-01     125.3    284.3
2014 12 29   363   19 13  0     71.14    0.1895E-01     123.7    283.9
2014 12 29   363   19 14  0     71.24    0.1858E-01     122.9    283.5
2014 12 29   363   19 15  0     71.34    0.1815E-01     121.6    283.3
2014 12 29   363   19 16  0     71.45    0.1771E-01     119.8    282.7
2014 12 29   363   19 17  0     71.55    0.1747E-01     121.4    283.7
2014 12 29   363   19 18  0     71.65    0.1714E-01     120.3    283.0
2014 12 29   363   19 19  0     71.76    0.1691E-01     120.6    283.2
2014 12 29   363   19 20  0     71.87    0.1658E-01     118.7    282.1
2014 12 29   363   19 21  0     71.97    0.1625E-01     117.7    281.9
2014 12 29   363   19 22  0     72.08    0.1617E-01     121.3    282.6
2014 12 29   363   19 23  0     72.19    0.1578E-01     118.9    281.8
2014 12 29   363   19 24  0     72.29    0.1545E-01     117.7    281.5
2014 12 29   363   19 25  0     72.40    0.1510E-01     116.3    280.8
2014 12 29   363   19 26  0     72.51    0.1496E-01     119.3    282.0
2014 12 29   363   19 27  0     72.62    0.1468E-01     118.5    281.6
2014 12 29   363   19 28  0     72.73    0.1447E-01     120.0    282.0
2014 12 29   363   19 29  0     72.84    0.1426E-01     120.9    282.4
2014 12 29   363   19 30  0     72.95    0.1395E-01     120.6    282.1
2014 12 29   363   19 31  0     73.06    0.1352E-01     116.8    280.9
2014 12 29   363   19 32  0     73.18    0.1357E-01     123.4    283.1
2014 12 29   363   19 33  0     73.29    0.1342E-01     125.5    283.5
2014 12 29   363   19 34  0     73.40    0.1314E-01     123.6    282.5
2014 12 29   363   19 35  0     73.52    0.1293E-01     125.1    282.9
2014 12 29   363   19 36  0     73.63    0.1267E-01     125.3    283.0
2014 12 29   363   19 37  0     73.75    0.1240E-01     124.5    282.6
2014 12 29   363   19 38  0     73.86    0.1214E-01     123.0    281.9
2014 12 29   363   19 39  0     73.98    0.1187E-01     121.8    281.3
2014 12 29   363   19 40  0     74.10    0.1159E-01     121.0    281.3
2014 12 29   363   19 41  0     74.21    0.1138E-01     121.4    281.2
2014 12 29   363   19 42  0     74.33    0.1106E-01     118.7    280.2
2014 12 29   363   19 43  0     74.45    0.1091E-01     121.2    281.2
2014 12 29   363   19 44  0     74.57    0.1076E-01     123.1    281.6
2014 12 29   363   19 45  0     74.69    0.1053E-01     122.8    281.5
2014 12 29   363   19 46  0     74.81    0.1032E-01     123.4    281.5
2014 12 29   363   19 47  0     74.93    0.1011E-01     123.9    281.7
2014 12 29   363   19 48  0     75.05    0.9854E-02     122.5    281.0
2014 12 29   363   19 49  0     75.17    0.9519E-02     118.0    279.1
2014 12 29   363   19 50  0     75.29    0.9197E-02     114.3    277.5
2014 12 29   363   19 51  0     75.41    0.8909E-02     110.7    276.3
2014 12 29   363   19 52  0     75.54    0.8620E-02     108.5    275.7
2014 12 29   363   19 53  0     75.66    0.8449E-02     109.8    276.6
2014 12 29   363   19 54  0     75.79    0.8494E-02     121.0    280.6
2014 12 29   363   19 55  0     75.91    0.8395E-02     123.9    281.3
2014 12 29   363   19 56  0     76.03    0.8256E-02     124.1    281.1
2014 12 29   363   19 57  0     76.16    0.8051E-02     124.3    281.1
2014 12 29   363   19 58  0     76.29    0.7879E-02     124.6    281.1
2014 12 29   363   19 59  0     76.41    0.7659E-02     123.2    280.5
2014 12 29   363   20  0  0     76.54    0.7436E-02     122.3    280.3
2014 12 29   363   20  1  0     76.67    0.7229E-02     122.0    280.3
2014 12 29   363   20  2  0     76.79    0.6986E-02     119.3    279.3
2014 12 29   363   20  3  0     76.92    0.6779E-02     117.7    278.9
2014 12 29   363   20  4  0     77.05    0.6636E-02     118.6    279.1
2014 12 29   363   20  5  0     77.18    0.6470E-02     118.0    278.9
2014 12 29   363   20  6  0     77.31    0.6350E-02     120.7    279.9
2014 12 29   363   20  7  0     77.44    0.6178E-02     120.7    279.9
2014 12 29   363   20  8  0     77.57    0.5965E-02     115.7    278.3
2014 12 29   363   20  9  0     77.70    0.5791E-02     114.8    278.1
2014 12 29   363   20 10  0     77.83    0.5622E-02     114.0    277.9
2014 12 29   363   20 11  0     77.97    0.5466E-02     114.4    278.0
2014 12 29   363   20 12  0     78.10    0.5309E-02     115.9    279.0
2014 12 29   363   20 13  0     78.23    0.5162E-02     118.3    280.1
2014 12 29   363   20 14  0     78.37    0.4974E-02     115.8    279.5
2014 12 29   363   20 15  0     78.50    0.4818E-02     113.9    279.2
2014 12 29   363   20 16  0     78.63    0.4665E-02     114.3    279.4
2014 12 29   363   20 17  0     78.77    0.4455E-02     111.4    278.6
2014 12 29   363   20 18  0     78.90    0.4307E-02     109.6    278.2
2014 12 29   363   20 19  0     79.04    0.4158E-02     109.2    278.2
2014 12 29   363   20 20  0     79.18    0.4023E-02     108.7    278.4
2014 12 29   363   20 21  0     79.31    0.3916E-02     110.7    279.4
2014 12 29   363   20 22  0     79.45    0.3826E-02     114.9    280.9
2014 12 29   363   20 23  0     79.59    0.3737E-02     116.5    281.4
2014 12 29   363   20 24  0     79.72    0.3621E-02     116.6    281.6
2014 12 29   363   20 25  0     79.86    0.3508E-02     116.4    281.3
2014 12 29   363   20 26  0     80.00    0.3406E-02     114.6    280.5
2014 12 29   363   20 27  0     80.14    0.3318E-02     112.8    279.5
2014 12 29   363   20 28  0     80.28    0.3221E-02     112.4    279.1
2014 12 29   363   20 29  0     80.42    0.3121E-02     112.6    278.9
2014 12 29   363   20 30  0     80.56    0.3043E-02     112.0    278.4
2014 12 29   363   20 31  0     80.70    0.2962E-02     113.3    278.7
2014 12 29   363   20 32  0     80.84    0.2879E-02     114.7    279.3
2014 12 29   363   20 33  0     80.98    0.2776E-02     115.1    279.4
2014 12 29   363   20 34  0     81.13    0.2696E-02     115.0    279.7
2014 12 29   363   20 35  0     81.27    0.2592E-02     114.5    280.3
2014 12 29   363   20 36  0     81.41    0.2461E-02     112.3    280.3
2014 12 29   363   20 37  0     81.55    0.2369E-02     110.0    280.4
2014 12 29   363   20 38  0     81.70    0.2302E-02     108.3    279.6
2014 12 29   363   20 39  0     81.84    0.2215E-02     107.7    279.2
2014 12 29   363   20 40  0     81.99    0.2155E-02     108.7    279.3
2014 12 29   363   20 41  0     82.13    0.2081E-02     109.0    279.1
2014 12 29   363   20 42  0     82.28    0.2027E-02     108.9    278.5
2014 12 29   363   20 43  0     82.42    0.1957E-02     108.5    277.6
2014 12 29   363   20 44  0     82.57    0.1892E-02     108.2    277.5
2014 12 29   363   20 45  0     82.71    0.1849E-02     107.4    277.6
2014 12 29   363   20 46  0     82.86    0.1785E-02     107.7    277.9
2014 12 29   363   20 47  0     83.01    0.1748E-02     108.4    277.6
2014 12 29   363   20 48  0     83.15    0.1715E-02     109.0    276.7
2014 12 29   363   20 49  0     83.30    0.1674E-02     109.9    275.5
2014 12 29   363   20 50  0     83.45    0.1657E-02     111.1    274.2
2014 12 29   363   20 51  0     83.60    0.1633E-02     112.6    273.2
2014 12 29   363   20 52  0     83.75    0.1575E-02     114.6    273.0
2014 12 29   363   20 53  0     83.90    0.1552E-02     116.1    272.8
2014 12 29   363   20 54  0     84.04    0.1505E-02     116.9    273.1
2014 12 29   363   20 55  0     84.19    0.1496E-02     117.5    272.1
2014 12 29   363   20 56  0     84.34    0.1439E-02     117.6    271.4
2014 12 29   363   20 57  0     84.50    0.1392E-02     118.4    271.1
2014 12 29   363   20 58  0     84.65    0.1369E-02     119.9    268.9
2014 12 29   363   20 59  0     84.80    0.1321E-02     121.0    267.0
2014 12 29   363   21  0  0     84.95    0.1319E-02     121.3    264.4
2014 12 29   363   21  1  0     85.10    0.1296E-02     120.4    263.3
2014 12 29   363   21  2  0     85.25    0.1257E-02     119.2    260.1
2014 12 29   363   21  3  0     85.41    0.1222E-02     118.1    257.8
2014 12 29   363   21  4  0     85.56    0.1197E-02     117.5    255.6
2014 12 29   363   21  5  0     85.71    0.1165E-02     117.4    254.6
2014 12 29   363   21  6  0     85.87    0.1132E-02     117.8    254.2
2014 12 29   363   21  7  0     86.02    0.1093E-02     118.1    254.5
2014 12 29   363   21  8  0     86.17    0.1045E-02     117.5    253.8
2014 12 29   363   21  9  0     86.33    0.1028E-02     116.4    251.7
2014 12 29   363   21 10  0     86.48    0.9783E-03     114.9    248.6
2014 12 29   363   21 11  0     86.64    0.9509E-03     113.9    245.5
2014 12 29   363   21 12  0     86.79    0.9456E-03     113.2    243.0
2014 12 29   363   21 13  0     86.95    0.9293E-03     112.1    238.6
2014 12 29   363   21 14  0     87.11    0.9099E-03     110.1    236.3
2014 12 29   363   21 15  0     87.26    0.8814E-03     107.8    233.6
2014 12 29   363   21 16  0     87.42    0.8545E-03     106.0    231.5
2014 12 29   363   21 17  0     87.58    0.8301E-03     104.5    228.6
2014 12 29   363   21 18  0     87.73    0.7860E-03     102.8    222.2
2014 12 29   363   21 19  0     87.89    0.7786E-03     101.4    216.7
2014 12 29   363   21 20  0     88.05    0.7521E-03     100.1    210.8
2014 12 29   363   21 21  0     88.21    0.7120E-03      98.8    212.3
2014 12 29   363   21 22  0     88.37    0.6987E-03      98.8    208.9
2014 12 29   363   21 23  0     88.53    0.6889E-03      99.7    206.7
2014 12 29   363   21 24  0     88.68    0.6926E-03     100.1    199.1
2014 12 29   363   21 25  0     88.84    0.6750E-03     100.9    189.2
2014 12 29   363   21 26  0     89.00    0.6649E-03     102.6    187.0
2014 12 29   363   21 27  0     89.16    0.6733E-03     104.3    196.2
2014 12 29   363   21 28  0     89.32    0.6633E-03     106.3    203.5
2014 12 29   363   21 29  0     89.49    0.6703E-03     107.7    187.0
2014 12 29   363   21 30  0     89.65    0.6407E-03     107.5    177.2
2014 12 29   363   21 31  0     89.81    0.6446E-03     107.4    151.9
2014 12 29   363   21 32  0     89.97    0.6457E-03     108.9    148.2
