                            NILUUV 115

Uvpro Version 2.0
Latitude :   40.74 (North)
Longitude:  -74.03  (West)
Calibration file: cf100603a.115
Height above sea level:     0.0  m
CLT derived from channel 4
CLT scale factor used:   1.0
Ozone derived from channel pair ch3/ch2
Ozone scale factor used:   1.0
Drift factors ch1-ch6:   0.880  0.929  0.913  0.935  0.829  0.998
Ozone profile climatology: Mid  Latitude
Dose type:    CLW    Caldwell Plant 1971           

yyyy mm dd   jul   hh mm ss      SZA     dose rate       clt     Ozone
                              [degrees]   [W/m^2]        [%]     [DU]
2011  3 10    69   11 22  0     89.87    0.5309E-04      10.2    136.0
2011  3 10    69   11 23  0     89.68    0.5016E-04       9.5    146.8
2011  3 10    69   11 24  0     89.49    0.5004E-04      10.9    180.6
2011  3 10    69   11 25  0     89.30    0.5758E-04      13.1    227.1
2011  3 10    69   11 26  0     89.11    0.5319E-04      12.8    218.8
2011  3 10    69   11 27  0     88.92    0.5149E-04      11.4    214.5
2011  3 10    69   11 28  0     88.74    0.5834E-04      13.2    255.7
2011  3 10    69   11 29  0     88.55    0.6215E-04      12.5    246.8
2011  3 10    69   11 30  0     88.36    0.6316E-04      10.0    240.8
2011  3 10    69   11 31  0     88.17    0.5925E-04       9.2    242.0
2011  3 10    69   11 32  0     87.98    0.5413E-04      10.6    250.8
2011  3 10    69   11 33  0     87.79    0.6659E-04      13.7    287.0
2011  3 10    69   11 34  0     87.61    0.7224E-04      15.0    281.4
2011  3 10    69   11 35  0     87.42    0.7565E-04      14.3    280.6
2011  3 10    69   11 36  0     87.23    0.6825E-04      10.7    262.4
2011  3 10    69   11 37  0     87.04    0.6533E-04      11.3    287.3
2011  3 10    69   11 38  0     86.85    0.7842E-04      12.6    293.9
2011  3 10    69   11 39  0     86.67    0.7150E-04      12.4    302.3
2011  3 10    69   11 40  0     86.48    0.7464E-04      12.2    305.2
2011  3 10    69   11 41  0     86.29    0.6170E-04      11.0    306.6
2011  3 10    69   11 42  0     86.10    0.6853E-04      10.9    306.0
2011  3 10    69   11 43  0     85.92    0.7643E-04      12.3    317.3
2011  3 10    69   11 44  0     85.73    0.7789E-04      12.5    316.6
2011  3 10    69   11 45  0     85.54    0.7954E-04      12.5    323.8
2011  3 10    69   11 46  0     85.36    0.8717E-04      12.0    323.1
2011  3 10    69   11 47  0     85.17    0.8552E-04      12.7    326.0
2011  3 10    69   11 48  0     84.98    0.9721E-04      13.2    324.5
2011  3 10    69   11 49  0     84.79    0.8849E-04      11.5    325.3
2011  3 10    69   11 50  0     84.61    0.1000E-03      14.0    333.5
2011  3 10    69   11 51  0     84.42    0.1035E-03      13.1    330.4
2011  3 10    69   11 52  0     84.24    0.9424E-04      10.5    327.4
2011  3 10    69   11 53  0     84.05    0.8326E-04       9.8    328.6
2011  3 10    69   11 54  0     83.86    0.1000E-03      11.5    328.8
2011  3 10    69   11 55  0     83.68    0.1242E-03      14.5    328.6
2011  3 10    69   11 56  0     83.49    0.1410E-03      15.2    324.2
2011  3 10    69   11 57  0     83.30    0.1388E-03      14.1    324.8
2011  3 10    69   11 58  0     83.12    0.1389E-03      13.9    327.0
2011  3 10    69   11 59  0     82.93    0.1324E-03      12.9    327.5
2011  3 10    69   12  0  0     82.75    0.1512E-03      14.3    329.2
2011  3 10    69   12  1  0     82.56    0.1729E-03      16.9    330.9
2011  3 10    69   12  2  0     82.38    0.1870E-03      17.6    327.8
2011  3 10    69   12  3  0     82.19    0.1654E-03      14.9    327.9
2011  3 10    69   12  4  0     82.00    0.1869E-03      15.6    330.3
2011  3 10    69   12  5  0     81.82    0.2104E-03      17.0    328.0
2011  3 10    69   12  6  0     81.64    0.1939E-03      14.9    326.6
2011  3 10    69   12  7  0     81.45    0.2122E-03      15.1    328.3
2011  3 10    69   12  8  0     81.27    0.2233E-03      16.0    326.9
2011  3 10    69   12  9  0     81.08    0.2196E-03      14.6    325.4
2011  3 10    69   12 10  0     80.90    0.2115E-03      12.8    325.1
2011  3 10    69   12 11  0     80.71    0.1957E-03      11.2    324.2
2011  3 10    69   12 12  0     80.53    0.2119E-03      12.1    326.8
2011  3 10    69   12 13  0     80.35    0.2156E-03      12.0    324.2
2011  3 10    69   12 14  0     80.16    0.2083E-03      10.8    324.9
2011  3 10    69   12 15  0     79.98    0.2575E-03      12.8    326.2
2011  3 10    69   12 16  0     79.79    0.2749E-03      13.2    323.9
2011  3 10    69   12 17  0     79.61    0.2514E-03      11.3    323.5
2011  3 10    69   12 18  0     79.43    0.2589E-03      11.5    325.3
2011  3 10    69   12 19  0     79.24    0.2968E-03      12.3    323.8
2011  3 10    69   12 20  0     79.06    0.3037E-03      12.3    324.3
2011  3 10    69   12 21  0     78.88    0.3309E-03      13.0    324.8
2011  3 10    69   12 22  0     78.69    0.3041E-03      11.4    323.5
2011  3 10    69   12 23  0     78.51    0.3201E-03      11.9    328.0
2011  3 10    69   12 24  0     78.33    0.3867E-03      13.8    326.8
2011  3 10    69   12 25  0     78.15    0.3884E-03      13.4    326.4
2011  3 10    69   12 26  0     77.96    0.3834E-03      12.9    326.5
2011  3 10    69   12 27  0     77.78    0.3581E-03      11.5    328.1
2011  3 10    69   12 28  0     77.60    0.3845E-03      12.2    329.5
2011  3 10    69   12 29  0     77.42    0.4131E-03      12.2    329.5
2011  3 10    69   12 30  0     77.24    0.4224E-03      12.0    329.1
2011  3 10    69   12 31  0     77.06    0.4398E-03      12.1    328.5
2011  3 10    69   12 32  0     76.88    0.4962E-03      13.0    326.3
2011  3 10    69   12 33  0     76.69    0.5107E-03      12.6    323.3
2011  3 10    69   12 34  0     76.51    0.5431E-03      12.8    323.4
2011  3 10    69   12 35  0     76.33    0.5734E-03      13.1    321.5
2011  3 10    69   12 36  0     76.15    0.6057E-03      13.5    321.2
2011  3 10    69   12 37  0     75.97    0.6274E-03      13.4    320.9
2011  3 10    69   12 38  0     75.79    0.6294E-03      13.0    322.0
2011  3 10    69   12 39  0     75.61    0.7426E-03      15.0    323.5
2011  3 10    69   12 40  0     75.43    0.7631E-03      14.5    321.0
2011  3 10    69   12 41  0     75.25    0.7539E-03      13.9    321.1
2011  3 10    69   12 42  0     75.08    0.7679E-03      13.9    322.4
2011  3 10    69   12 43  0     74.90    0.8062E-03      14.1    323.3
2011  3 10    69   12 44  0     74.72    0.7804E-03      13.2    322.9
2011  3 10    69   12 45  0     74.54    0.7610E-03      12.8    325.3
2011  3 10    69   12 46  0     74.36    0.7850E-03      12.7    326.9
2011  3 10    69   12 47  0     74.18    0.8009E-03      12.6    326.6
2011  3 10    69   12 48  0     74.00    0.7939E-03      12.2    327.7
2011  3 10    69   12 49  0     73.82    0.8170E-03      12.3    330.7
2011  3 10    69   12 50  0     73.65    0.8143E-03      12.0    329.8
2011  3 10    69   12 51  0     73.47    0.7906E-03      11.4    331.0
2011  3 10    69   12 52  0     73.29    0.7974E-03      11.0    331.5
2011  3 10    69   12 53  0     73.12    0.7962E-03      10.6    331.7
2011  3 10    69   12 54  0     72.94    0.8736E-03      11.2    332.0
2011  3 10    69   12 55  0     72.76    0.1063E-02      13.4    330.8
2011  3 10    69   12 56  0     72.59    0.9829E-03      11.9    328.1
2011  3 10    69   12 57  0     72.41    0.9203E-03      10.7    330.3
2011  3 10    69   12 58  0     72.23    0.9179E-03      10.5    331.9
2011  3 10    69   12 59  0     72.06    0.9900E-03      11.3    334.9
2011  3 10    69   13  0  0     71.88    0.1181E-02      13.1    333.0
2011  3 10    69   13  1  0     71.71    0.1092E-02      11.7    331.7
2011  3 10    69   13  2  0     71.53    0.1130E-02      11.9    335.9
2011  3 10    69   13  3  0     71.36    0.1408E-02      14.6    335.6
2011  3 10    69   13  4  0     71.18    0.1265E-02      12.7    333.9
2011  3 10    69   13  5  0     71.01    0.1157E-02      11.3    335.9
2011  3 10    69   13  6  0     70.84    0.1200E-02      11.6    338.8
2011  3 10    69   13  7  0     70.66    0.1392E-02      12.9    337.3
2011  3 10    69   13  8  0     70.49    0.1424E-02      12.7    334.6
2011  3 10    69   13  9  0     70.32    0.1508E-02      13.0    335.1
2011  3 10    69   13 10  0     70.14    0.1619E-02      13.6    333.8
2011  3 10    69   13 11  0     69.97    0.1781E-02      14.5    334.6
2011  3 10    69   13 12  0     69.80    0.1972E-02      15.5    330.4
2011  3 10    69   13 13  0     69.63    0.1563E-02      12.1    332.8
2011  3 10    69   13 14  0     69.45    0.1677E-02      12.7    334.8
2011  3 10    69   13 15  0     69.28    0.1608E-02      11.8    333.1
2011  3 10    69   13 16  0     69.11    0.1775E-02      12.5    333.1
2011  3 10    69   13 17  0     68.94    0.1923E-02      13.0    330.5
2011  3 10    69   13 18  0     68.77    0.2140E-02      14.0    328.8
2011  3 10    69   13 19  0     68.60    0.2096E-02      13.2    327.9
2011  3 10    69   13 20  0     68.43    0.2520E-02      15.1    323.6
2011  3 10    69   13 21  0     68.26    0.2192E-02      12.7    321.9
2011  3 10    69   13 22  0     68.09    0.2289E-02      13.2    325.9
2011  3 10    69   13 23  0     67.92    0.2598E-02      14.7    325.4
2011  3 10    69   13 24  0     67.75    0.2623E-02      14.2    322.1
2011  3 10    69   13 25  0     67.58    0.2550E-02      13.7    325.7
2011  3 10    69   13 26  0     67.41    0.2905E-02      15.2    324.9
2011  3 10    69   13 27  0     67.24    0.3497E-02      17.7    324.2
2011  3 10    69   13 28  0     67.07    0.3352E-02      16.1    316.3
2011  3 10    69   13 29  0     66.91    0.2779E-02      12.9    318.6
2011  3 10    69   13 30  0     66.74    0.3500E-02      15.9    321.5
2011  3 10    69   13 31  0     66.57    0.4388E-02      19.0    313.5
2011  3 10    69   13 32  0     66.41    0.3641E-02      15.1    310.2
2011  3 10    69   13 33  0     66.24    0.3745E-02      15.2    314.2
2011  3 10    69   13 34  0     66.07    0.5501E-02      21.6    311.5
2011  3 10    69   13 35  0     65.91    0.5921E-02      22.8    310.7
2011  3 10    69   13 36  0     65.74    0.5907E-02      22.1    308.0
2011  3 10    69   13 37  0     65.58    0.5458E-02      20.0    308.3
2011  3 10    69   13 38  0     65.41    0.5392E-02      19.4    309.8
2011  3 10    69   13 39  0     65.25    0.6823E-02      23.7    308.3
2011  3 10    69   13 40  0     65.09    0.8934E-02      29.8    305.2
2011  3 10    69   13 41  0     64.92    0.8317E-02      26.4    297.7
2011  3 10    69   13 42  0     64.76    0.6583E-02      20.6    302.0
2011  3 10    69   13 43  0     64.60    0.9521E-02      29.1    302.2
2011  3 10    69   13 44  0     64.43    0.8490E-02      25.1    296.3
2011  3 10    69   13 45  0     64.27    0.6546E-02      19.3    300.4
2011  3 10    69   13 46  0     64.11    0.6480E-02      19.2    305.7
2011  3 10    69   13 47  0     63.95    0.6561E-02      19.0    303.2
2011  3 10    69   13 48  0     63.79    0.5831E-02      16.8    306.7
2011  3 10    69   13 49  0     63.63    0.5506E-02      15.7    306.3
2011  3 10    69   13 50  0     63.47    0.6019E-02      17.2    311.5
2011  3 10    69   13 51  0     63.30    0.6491E-02      18.1    308.1
2011  3 10    69   13 52  0     63.15    0.6463E-02      17.8    309.7
2011  3 10    69   13 53  0     62.99    0.5306E-02      14.5    311.7
2011  3 10    69   13 54  0     62.83    0.6073E-02      16.7    317.9
2011  3 10    69   13 55  0     62.67    0.6665E-02      17.8    312.1
2011  3 10    69   13 56  0     62.51    0.4905E-02      13.1    316.0
2011  3 10    69   13 57  0     62.35    0.4925E-02      13.4    323.4
2011  3 10    69   13 58  0     62.20    0.5419E-02      14.3    317.7
2011  3 10    69   13 59  0     62.04    0.4377E-02      11.6    324.3
2011  3 10    69   14  0  0     61.88    0.4787E-02      12.4    323.0
2011  3 10    69   14  1  0     61.73    0.4980E-02      12.8    324.1
2011  3 10    69   14  2  0     61.57    0.5407E-02      13.5    323.1
2011  3 10    69   14  3  0     61.42    0.6414E-02      15.8    321.9
2011  3 10    69   14  4  0     61.26    0.5126E-02      12.6    322.2
2011  3 10    69   14  5  0     61.11    0.4540E-02      11.1    326.8
2011  3 10    69   14  6  0     60.95    0.5650E-02      13.5    326.8
2011  3 10    69   14  7  0     60.80    0.6197E-02      14.4    321.8
2011  3 10    69   14  8  0     60.65    0.5769E-02      13.3    324.7
2011  3 10    69   14  9  0     60.50    0.5272E-02      11.9    322.5
2011  3 10    69   14 10  0     60.34    0.4918E-02      11.1    326.9
2011  3 10    69   14 11  0     60.19    0.6444E-02      14.4    329.0
2011  3 10    69   14 12  0     60.04    0.5208E-02      11.4    323.6
2011  3 10    69   14 13  0     59.89    0.4460E-02       9.9    331.2
2011  3 10    69   14 14  0     59.74    0.4935E-02      10.9    333.9
2011  3 10    69   14 15  0     59.59    0.6181E-02      13.3    331.2
2011  3 10    69   14 16  0     59.44    0.5168E-02      10.9    328.4
2011  3 10    69   14 17  0     59.29    0.5720E-02      11.9    330.6
2011  3 10    69   14 18  0     59.14    0.6177E-02      12.5    328.6
2011  3 10    69   14 19  0     58.99    0.6682E-02      13.3    327.4
2011  3 10    69   14 20  0     58.85    0.6743E-02      13.5    331.5
2011  3 10    69   14 21  0     58.70    0.6790E-02      13.5    330.3
2011  3 10    69   14 22  0     58.55    0.5757E-02      11.6    334.6
2011  3 10    69   14 23  0     58.41    0.4341E-02       8.8    335.2
2011  3 10    69   14 24  0     58.26    0.4488E-02       9.2    347.7
2011  3 10    69   14 25  0     58.12    0.5740E-02      11.3    338.8
2011  3 10    69   14 26  0     57.97    0.5138E-02       9.9    337.7
2011  3 10    69   14 27  0     57.83    0.5259E-02      10.1    341.3
2011  3 10    69   14 28  0     57.68    0.5426E-02      10.6    344.2
2011  3 10    69   14 29  0     57.54    0.4976E-02       9.7    346.0
2011  3 10    69   14 30  0     57.40    0.5660E-02      10.9    346.7
2011  3 10    69   14 31  0     57.26    0.5790E-02      10.9    345.4
2011  3 10    69   14 32  0     57.12    0.6725E-02      12.3    342.4
2011  3 10    69   14 33  0     56.98    0.6284E-02      11.0    335.7
2011  3 10    69   14 34  0     56.84    0.7693E-02      13.2    339.6
2011  3 10    69   14 35  0     56.70    0.9835E-02      16.0    328.8
2011  3 10    69   14 36  0     56.56    0.9235E-02      14.5    325.0
2011  3 10    69   14 37  0     56.42    0.8431E-02      12.9    322.5
2011  3 10    69   14 38  0     56.28    0.8200E-02      12.7    330.8
2011  3 10    69   14 39  0     56.14    0.1167E-01      17.9    329.2
2011  3 10    69   14 40  0     56.01    0.1252E-01      18.8    324.6
2011  3 10    69   14 41  0     55.87    0.1136E-01      16.7    323.6
2011  3 10    69   14 42  0     55.73    0.1211E-01      17.7    327.2
2011  3 10    69   14 43  0     55.60    0.1589E-01      23.3    328.4
2011  3 10    69   14 44  0     55.46    0.1443E-01      20.7    323.7
2011  3 10    69   14 45  0     55.33    0.1338E-01      18.8    323.3
2011  3 10    69   14 46  0     55.20    0.1392E-01      19.3    323.3
2011  3 10    69   14 47  0     55.06    0.1388E-01      18.9    321.2
2011  3 10    69   14 48  0     54.93    0.1253E-01      16.9    321.9
2011  3 10    69   14 49  0     54.80    0.1272E-01      17.0    323.2
2011  3 10    69   14 50  0     54.67    0.1186E-01      15.7    323.3
2011  3 10    69   14 51  0     54.54    0.1050E-01      14.0    325.1
2011  3 10    69   14 52  0     54.41    0.1040E-01      13.9    327.7
2011  3 10    69   14 53  0     54.28    0.1013E-01      13.4    329.1
2011  3 10    69   14 54  0     54.15    0.1050E-01      13.6    325.8
2011  3 10    69   14 55  0     54.02    0.1151E-01      14.7    328.9
2011  3 10    69   14 56  0     53.90    0.1482E-01      18.6    325.8
2011  3 10    69   14 57  0     53.77    0.1647E-01      20.4    323.3
2011  3 10    69   14 58  0     53.65    0.1381E-01      17.1    324.6
2011  3 10    69   14 59  0     53.52    0.1483E-01      18.4    327.7
2011  3 10    69   15  0  0     53.40    0.1461E-01      18.2    327.6
2011  3 10    69   15  1  0     53.27    0.1225E-01      15.3    331.6
2011  3 10    69   15  2  0     53.15    0.1318E-01      16.4    331.0
2011  3 10    69   15  3  0     53.03    0.1115E-01      13.9    334.2
2011  3 10    69   15  4  0     52.91    0.1386E-01      17.1    336.3
2011  3 10    69   15  5  0     52.79    0.1407E-01      17.1    332.6
2011  3 10    69   15  6  0     52.67    0.1278E-01      15.4    332.8
2011  3 10    69   15  7  0     52.55    0.1115E-01      13.4    334.3
2011  3 10    69   15  8  0     52.43    0.1351E-01      16.4    340.7
2011  3 10    69   15  9  0     52.31    0.1318E-01      16.0    337.8
2011  3 10    69   15 10  0     52.19    0.1304E-01      16.0    343.8
2011  3 10    69   15 11  0     52.07    0.1318E-01      16.2    346.7
2011  3 10    69   15 12  0     51.96    0.1283E-01      15.5    340.9
2011  3 10    69   15 13  0     51.84    0.1138E-01      14.2    354.7
2011  3 10    69   15 14  0     51.73    0.1221E-01      15.2    348.0
2011  3 10    69   15 15  0     51.61    0.9029E-02      11.4    356.5
2011  3 10    69   15 16  0     51.50    0.1032E-01      13.0    360.0
2011  3 10    69   15 17  0     51.39    0.1172E-01      14.5    355.7
2011  3 10    69   15 18  0     51.28    0.1068E-01      12.9    354.9
2011  3 10    69   15 19  0     51.17    0.1189E-01      14.1    350.9
2011  3 10    69   15 20  0     51.06    0.1004E-01      11.7    350.4
2011  3 10    69   15 21  0     50.95    0.1134E-01      13.0    351.7
2011  3 10    69   15 22  0     50.84    0.1306E-01      14.7    347.5
2011  3 10    69   15 23  0     50.73    0.1365E-01      15.1    346.6
2011  3 10    69   15 24  0     50.63    0.1508E-01      16.6    344.8
2011  3 10    69   15 25  0     50.52    0.1151E-01      12.5    345.1
2011  3 10    69   15 26  0     50.41    0.1271E-01      13.9    347.6
2011  3 10    69   15 27  0     50.31    0.1589E-01      17.2    350.4
2011  3 10    69   15 28  0     50.21    0.1548E-01      16.4    340.0
2011  3 10    69   15 29  0     50.10    0.1508E-01      15.9    347.0
2011  3 10    69   15 30  0     50.00    0.1687E-01      17.5    342.5
2011  3 10    69   15 31  0     49.90    0.2086E-01      21.1    341.6
2011  3 10    69   15 32  0     49.80    0.1799E-01      17.7    332.5
2011  3 10    69   15 33  0     49.70    0.1968E-01      19.2    338.8
2011  3 10    69   15 34  0     49.60    0.1944E-01      18.6    330.8
2011  3 10    69   15 35  0     49.50    0.1743E-01      16.9    338.5
2011  3 10    69   15 36  0     49.41    0.2058E-01      19.9    339.0
2011  3 10    69   15 37  0     49.31    0.2386E-01      22.7    336.2
2011  3 10    69   15 38  0     49.22    0.2330E-01      21.9    334.1
2011  3 10    69   15 39  0     49.12    0.2031E-01      18.9    334.1
2011  3 10    69   15 40  0     49.03    0.2690E-01      25.2    338.2
2011  3 10    69   15 41  0     48.94    0.2285E-01      21.1    334.6
2011  3 10    69   15 42  0     48.84    0.2757E-01      25.1    332.7
2011  3 10    69   15 43  0     48.75    0.2889E-01      25.8    330.9
2011  3 10    69   15 44  0     48.66    0.2672E-01      23.4    327.9
2011  3 10    69   15 45  0     48.57    0.2784E-01      24.3    329.9
2011  3 10    69   15 46  0     48.49    0.2755E-01      23.8    326.6
2011  3 10    69   15 47  0     48.40    0.2767E-01      23.9    329.0
2011  3 10    69   15 48  0     48.31    0.2608E-01      22.1    326.5
2011  3 10    69   15 49  0     48.23    0.2669E-01      22.5    327.1
2011  3 10    69   15 50  0     48.15    0.2216E-01      18.7    326.2
2011  3 10    69   15 51  0     48.06    0.1809E-01      15.5    333.4
2011  3 10    69   15 52  0     47.98    0.2283E-01      19.6    334.9
2011  3 10    69   15 53  0     47.90    0.2202E-01      18.8    335.0
2011  3 10    69   15 54  0     47.82    0.2358E-01      19.7    329.3
2011  3 10    69   15 55  0     47.74    0.2199E-01      18.4    334.0
2011  3 10    69   15 56  0     47.66    0.3003E-01      25.0    331.5
2011  3 10    69   15 57  0     47.58    0.2327E-01      19.5    331.6
2011  3 10    69   15 58  0     47.51    0.2340E-01      19.8    335.6
2011  3 10    69   15 59  0     47.43    0.2393E-01      20.3    336.7
2011  3 10    69   16  0  0     47.35    0.2371E-01      19.8    333.0
2011  3 10    69   16  1  0     47.28    0.2227E-01      18.4    335.5
2011  3 10    69   16  2  0     47.21    0.2381E-01      19.5    333.2
2011  3 10    69   16  3  0     47.14    0.2216E-01      18.0    329.0
2011  3 10    69   16  4  0     47.07    0.2050E-01      16.8    338.2
2011  3 10    69   16  5  0     47.00    0.2145E-01      17.5    333.5
2011  3 10    69   16  6  0     46.93    0.2099E-01      17.4    338.7
2011  3 10    69   16  7  0     46.86    0.2162E-01      18.1    341.3
2011  3 10    69   16  8  0     46.79    0.1825E-01      15.3    340.1
2011  3 10    69   16  9  0     46.73    0.1989E-01      16.7    343.6
2011  3 10    69   16 10  0     46.66    0.2010E-01      16.9    344.7
2011  3 10    69   16 11  0     46.60    0.1888E-01      15.7    342.4
2011  3 10    69   16 12  0     46.54    0.2001E-01      16.7    344.3
2011  3 10    69   16 13  0     46.47    0.2024E-01      17.0    345.1
2011  3 10    69   16 14  0     46.41    0.1721E-01      14.6    347.8
2011  3 10    69   16 15  0     46.36    0.1704E-01      14.7    351.4
2011  3 10    69   16 16  0     46.30    0.1542E-01      13.6    357.1
2011  3 10    69   16 17  0     46.24    0.1448E-01      12.8    356.8
2011  3 10    69   16 18  0     46.18    0.1668E-01      14.9    362.7
2011  3 10    69   16 19  0     46.13    0.1693E-01      15.0    357.0
2011  3 10    69   16 20  0     46.07    0.1524E-01      13.5    359.1
2011  3 10    69   16 21  0     46.02    0.1511E-01      13.1    357.7
2011  3 10    69   16 22  0     45.97    0.1637E-01      14.2    358.9
2011  3 10    69   16 23  0     45.92    0.1724E-01      15.0    357.0
2011  3 10    69   16 24  0     45.87    0.1436E-01      12.6    360.2
2011  3 10    69   16 25  0     45.82    0.1469E-01      13.0    363.9
2011  3 10    69   16 26  0     45.77    0.1399E-01      12.3    360.7
2011  3 10    69   16 27  0     45.73    0.1339E-01      11.8    361.9
2011  3 10    69   16 28  0     45.68    0.1530E-01      13.5    367.0
2011  3 10    69   16 29  0     45.63    0.1598E-01      14.1    364.2
2011  3 10    69   16 30  0     45.59    0.1669E-01      14.6    362.7
2011  3 10    69   16 31  0     45.55    0.1541E-01      13.7    368.0
2011  3 10    69   16 32  0     45.51    0.1602E-01      14.1    365.1
2011  3 10    69   16 33  0     45.47    0.1880E-01      16.2    363.7
2011  3 10    69   16 34  0     45.43    0.1962E-01      16.5    358.4
2011  3 10    69   16 35  0     45.39    0.2423E-01      19.9    354.4
2011  3 10    69   16 36  0     45.35    0.2150E-01      17.3    348.4
2011  3 10    69   16 37  0     45.32    0.2430E-01      19.2    350.1
2011  3 10    69   16 38  0     45.28    0.2902E-01      22.7    347.2
2011  3 10    69   16 39  0     45.25    0.2520E-01      19.6    343.0
2011  3 10    69   16 40  0     45.22    0.2790E-01      21.8    348.4
2011  3 10    69   16 41  0     45.19    0.2485E-01      19.4    342.5
2011  3 10    69   16 42  0     45.16    0.2236E-01      17.8    352.1
2011  3 10    69   16 43  0     45.13    0.2262E-01      18.0    353.2
2011  3 10    69   16 44  0     45.10    0.2520E-01      19.9    349.2
2011  3 10    69   16 45  0     45.08    0.2484E-01      19.7    352.1
2011  3 10    69   16 46  0     45.05    0.2443E-01      19.2    347.0
2011  3 10    69   16 47  0     45.03    0.2237E-01      17.7    353.5
2011  3 10    69   16 48  0     45.01    0.2624E-01      20.6    349.8
2011  3 10    69   16 49  0     44.98    0.2223E-01      17.5    352.3
2011  3 10    69   16 50  0     44.96    0.2714E-01      21.3    352.3
2011  3 10    69   16 51  0     44.94    0.2910E-01      22.9    351.2
2011  3 10    69   16 52  0     44.93    0.2820E-01      22.3    351.4
2011  3 10    69   16 53  0     44.91    0.2720E-01      21.9    357.4
2011  3 10    69   16 54  0     44.89    0.2415E-01      19.6    353.5
2011  3 10    69   16 55  0     44.88    0.1743E-01      14.6    361.4
2011  3 10    69   16 56  0     44.86    0.1552E-01      13.1    364.3
2011  3 10    69   16 57  0     44.85    0.1751E-01      14.9    369.6
2011  3 10    69   16 58  0     44.84    0.2047E-01      17.0    362.7
2011  3 10    69   16 59  0     44.83    0.2284E-01      18.6    360.8
2011  3 10    69   17  0  0     44.82    0.2780E-01      22.2    356.5
2011  3 10    69   17  1  0     44.81    0.2599E-01      20.5    351.2
2011  3 10    69   17  2  0     44.81    0.2306E-01      18.4    355.0
2011  3 10    69   17  3  0     44.80    0.2298E-01      18.7    360.3
2011  3 10    69   17  4  0     44.80    0.2459E-01      20.0    358.8
2011  3 10    69   17  5  0     44.79    0.2006E-01      16.5    359.0
2011  3 10    69   17  6  0     44.79    0.1932E-01      16.1    362.3
2011  3 10    69   17  7  0     44.79    0.1887E-01      15.8    363.0
2011  3 10    69   17  8  0     44.79    0.1811E-01      15.2    363.8
2011  3 10    69   17  9  0     44.79    0.1523E-01      13.0    364.4
2011  3 10    69   17 10  0     44.80    0.1609E-01      13.9    369.7
2011  3 10    69   17 11  0     44.80    0.1467E-01      12.6    366.0
2011  3 10    69   17 12  0     44.81    0.1477E-01      12.6    366.1
2011  3 10    69   17 13  0     44.81    0.1349E-01      11.4    364.8
2011  3 10    69   17 14  0     44.82    0.1611E-01      13.3    362.0
2011  3 10    69   17 15  0     44.83    0.1735E-01      14.1    359.7
2011  3 10    69   17 16  0     44.84    0.1837E-01      14.7    352.8
2011  3 10    69   17 17  0     44.85    0.2062E-01      16.3    356.6
2011  3 10    69   17 18  0     44.86    0.2372E-01      18.4    345.5
2011  3 10    69   17 19  0     44.87    0.1849E-01      14.6    349.1
2011  3 10    69   17 20  0     44.89    0.1628E-01      13.0    354.5
2011  3 10    69   17 21  0     44.90    0.1804E-01      14.2    350.8
2011  3 10    69   17 22  0     44.92    0.1789E-01      14.3    353.4
2011  3 10    69   17 23  0     44.94    0.1670E-01      13.5    356.0
2011  3 10    69   17 24  0     44.96    0.1578E-01      12.7    355.0
2011  3 10    69   17 25  0     44.98    0.1538E-01      12.4    355.6
2011  3 10    69   17 26  0     45.00    0.1381E-01      11.2    357.2
2011  3 10    69   17 27  0     45.02    0.1797E-01      14.5    358.4
2011  3 10    69   17 28  0     45.05    0.2164E-01      17.1    351.3
2011  3 10    69   17 29  0     45.07    0.2698E-01      21.0    347.8
2011  3 10    69   17 30  0     45.10    0.2507E-01      19.4    345.3
2011  3 10    69   17 31  0     45.12    0.2740E-01      21.3    347.6
2011  3 10    69   17 32  0     45.15    0.3168E-01      24.6    343.6
2011  3 10    69   17 33  0     45.18    0.2780E-01      21.6    344.8
2011  3 10    69   17 34  0     45.21    0.2822E-01      21.9    345.1
2011  3 10    69   17 35  0     45.24    0.2530E-01      19.6    341.8
2011  3 10    69   17 36  0     45.27    0.2512E-01      19.7    347.2
2011  3 10    69   17 37  0     45.31    0.2373E-01      18.6    344.5
2011  3 10    69   17 38  0     45.34    0.2611E-01      20.6    348.2
2011  3 10    69   17 39  0     45.38    0.2280E-01      17.8    340.5
2011  3 10    69   17 40  0     45.42    0.2477E-01      19.4    347.2
2011  3 10    69   17 41  0     45.46    0.3048E-01      23.6    342.5
2011  3 10    69   17 42  0     45.50    0.3099E-01      23.9    340.6
2011  3 10    69   17 43  0     45.54    0.2971E-01      22.9    340.2
2011  3 10    69   17 44  0     45.58    0.2990E-01      23.1    339.7
2011  3 10    69   17 45  0     45.62    0.2850E-01      22.2    341.6
2011  3 10    69   17 46  0     45.67    0.3111E-01      24.3    341.2
2011  3 10    69   17 47  0     45.71    0.2877E-01      22.4    338.5
2011  3 10    69   17 48  0     45.76    0.3100E-01      24.2    340.9
2011  3 10    69   17 49  0     45.80    0.3233E-01      25.2    339.8
2011  3 10    69   17 50  0     45.85    0.3083E-01      24.2    340.2
2011  3 10    69   17 51  0     45.90    0.3170E-01      24.9    337.4
2011  3 10    69   17 52  0     45.95    0.2977E-01      23.5    338.8
2011  3 10    69   17 53  0     46.00    0.2431E-01      19.4    339.7
2011  3 10    69   17 54  0     46.06    0.2500E-01      20.1    343.6
2011  3 10    69   17 55  0     46.11    0.2949E-01      23.6    339.8
2011  3 10    69   17 56  0     46.17    0.2586E-01      21.0    343.5
2011  3 10    69   17 57  0     46.22    0.2648E-01      21.6    339.4
2011  3 10    69   17 58  0     46.28    0.2259E-01      18.8    344.8
2011  3 10    69   17 59  0     46.34    0.2097E-01      17.6    345.8
2011  3 10    69   18  0  0     46.40    0.2048E-01      17.4    348.6
2011  3 10    69   18  1  0     46.46    0.2457E-01      21.0    348.5
2011  3 10    69   18  2  0     46.52    0.2072E-01      17.7    344.8
2011  3 10    69   18  3  0     46.58    0.1760E-01      15.4    353.8
2011  3 10    69   18  4  0     46.64    0.2033E-01      17.7    346.8
2011  3 10    69   18  5  0     46.71    0.1416E-01      12.5    351.3
2011  3 10    69   18  6  0     46.77    0.1647E-01      14.6    351.4
2011  3 10    69   18  7  0     46.84    0.1441E-01      12.7    350.1
2011  3 10    69   18  8  0     46.91    0.2159E-01      18.9    351.7
2011  3 10    69   18  9  0     46.98    0.2200E-01      19.0    344.0
2011  3 10    69   18 10  0     47.04    0.1895E-01      16.5    343.1
2011  3 10    69   18 11  0     47.12    0.2003E-01      17.6    349.0
2011  3 10    69   18 12  0     47.19    0.2061E-01      17.6    338.1
2011  3 10    69   18 13  0     47.26    0.2103E-01      17.8    339.5
2011  3 10    69   18 14  0     47.33    0.2142E-01      18.2    338.6
2011  3 10    69   18 15  0     47.41    0.2554E-01      21.6    336.5
2011  3 10    69   18 16  0     47.48    0.2365E-01      19.9    332.8
2011  3 10    69   18 17  0     47.56    0.2176E-01      18.4    335.0
2011  3 10    69   18 18  0     47.64    0.1977E-01      16.8    333.5
2011  3 10    69   18 19  0     47.72    0.2365E-01      20.2    336.9
2011  3 10    69   18 20  0     47.79    0.2495E-01      21.2    331.0
2011  3 10    69   18 21  0     47.87    0.2555E-01      21.7    334.9
2011  3 10    69   18 22  0     47.96    0.3082E-01      26.0    329.8
2011  3 10    69   18 23  0     48.04    0.3117E-01      26.4    329.3
2011  3 10    69   18 24  0     48.12    0.2989E-01      25.6    329.7
2011  3 10    69   18 25  0     48.21    0.2678E-01      23.2    329.7
2011  3 10    69   18 26  0     48.29    0.2193E-01      19.3    331.3
2011  3 10    69   18 27  0     48.38    0.2107E-01      18.7    333.8
2011  3 10    69   18 28  0     48.46    0.1985E-01      17.9    337.0
2011  3 10    69   18 29  0     48.55    0.2221E-01      19.9    333.5
2011  3 10    69   18 30  0     48.64    0.1938E-01      17.5    332.8
2011  3 10    69   18 31  0     48.73    0.2191E-01      19.8    332.9
2011  3 10    69   18 32  0     48.82    0.2065E-01      18.7    332.6
2011  3 10    69   18 33  0     48.91    0.2413E-01      22.0    333.8
2011  3 10    69   18 34  0     49.00    0.2453E-01      22.3    329.5
2011  3 10    69   18 35  0     49.10    0.2705E-01      24.6    329.5
2011  3 10    69   18 36  0     49.19    0.2224E-01      20.2    326.9
2011  3 10    69   18 37  0     49.29    0.2634E-01      24.1    329.1
2011  3 10    69   18 38  0     49.38    0.2428E-01      22.3    327.2
2011  3 10    69   18 39  0     49.48    0.2811E-01      25.7    326.3
2011  3 10    69   18 40  0     49.58    0.2534E-01      23.1    322.6
2011  3 10    69   18 41  0     49.67    0.2746E-01      25.3    327.4
2011  3 10    69   18 42  0     49.77    0.3118E-01      28.8    322.8
2011  3 10    69   18 43  0     49.87    0.2861E-01      26.7    324.5
2011  3 10    69   18 44  0     49.97    0.2652E-01      25.1    324.9
2011  3 10    69   18 45  0     50.07    0.2586E-01      24.8    325.9
2011  3 10    69   18 46  0     50.18    0.2526E-01      24.6    328.0
2011  3 10    69   18 47  0     50.28    0.2301E-01      22.7    327.3
2011  3 10    69   18 48  0     50.38    0.2031E-01      20.3    328.6
2011  3 10    69   18 49  0     50.49    0.1920E-01      19.6    333.6
2011  3 10    69   18 50  0     50.59    0.1992E-01      20.6    333.7
2011  3 10    69   18 51  0     50.70    0.1795E-01      18.9    335.0
2011  3 10    69   18 52  0     50.81    0.1763E-01      18.8    335.7
2011  3 10    69   18 53  0     50.92    0.1714E-01      18.6    337.5
2011  3 10    69   18 54  0     51.02    0.1970E-01      21.5    338.4
2011  3 10    69   18 55  0     51.13    0.2074E-01      22.8    337.4
2011  3 10    69   18 56  0     51.25    0.2008E-01      22.1    335.2
2011  3 10    69   18 57  0     51.36    0.1817E-01      20.3    336.1
2011  3 10    69   18 58  0     51.47    0.1507E-01      17.1    337.5
2011  3 10    69   18 59  0     51.58    0.1521E-01      17.5    340.3
2011  3 10    69   19  0  0     51.69    0.1638E-01      18.9    338.3
2011  3 10    69   19  1  0     51.81    0.1627E-01      19.0    340.6
2011  3 10    69   19  2  0     51.92    0.1829E-01      21.4    337.1
2011  3 10    69   19  3  0     52.04    0.1666E-01      19.7    336.0
2011  3 10    69   19  4  0     52.16    0.1376E-01      16.6    339.6
2011  3 10    69   19  5  0     52.27    0.1471E-01      18.1    342.0
2011  3 10    69   19  6  0     52.39    0.1219E-01      15.2    340.4
2011  3 10    69   19  7  0     52.51    0.1207E-01      15.5    348.3
2011  3 10    69   19  8  0     52.63    0.1276E-01      16.3    342.2
2011  3 10    69   19  9  0     52.75    0.1200E-01      15.6    347.3
2011  3 10    69   19 10  0     52.87    0.1300E-01      16.8    342.0
2011  3 10    69   19 11  0     52.99    0.1225E-01      16.0    342.0
2011  3 10    69   19 12  0     53.11    0.1255E-01      16.7    344.1
2011  3 10    69   19 13  0     53.24    0.1171E-01      15.9    347.0
2011  3 10    69   19 14  0     53.36    0.1275E-01      17.5    345.9
2011  3 10    69   19 15  0     53.48    0.1376E-01      19.1    345.0
2011  3 10    69   19 16  0     53.61    0.1265E-01      17.7    344.6
2011  3 10    69   19 17  0     53.73    0.1169E-01      16.6    346.1
2011  3 10    69   19 18  0     53.86    0.1062E-01      15.0    342.2
2011  3 10    69   19 19  0     53.99    0.1228E-01      17.2    343.0
2011  3 10    69   19 20  0     54.11    0.1484E-01      20.7    337.9
2011  3 10    69   19 21  0     54.24    0.1396E-01      19.8    338.5
2011  3 10    69   19 22  0     54.37    0.1378E-01      19.7    338.2
2011  3 10    69   19 23  0     54.50    0.1336E-01      19.2    335.8
2011  3 10    69   19 24  0     54.63    0.1216E-01      17.8    339.1
2011  3 10    69   19 25  0     54.76    0.1244E-01      18.3    337.4
2011  3 10    69   19 26  0     54.89    0.1156E-01      17.2    337.9
2011  3 10    69   19 27  0     55.02    0.1205E-01      18.2    339.6
2011  3 10    69   19 28  0     55.16    0.1189E-01      18.0    335.3
2011  3 10    69   19 29  0     55.29    0.9693E-02      15.1    343.6
2011  3 10    69   19 30  0     55.42    0.1128E-01      17.7    338.4
2011  3 10    69   19 31  0     55.56    0.8293E-02      13.4    343.7
2011  3 10    69   19 32  0     55.69    0.9814E-02      16.2    344.1
2011  3 10    69   19 33  0     55.83    0.9066E-02      15.3    345.4
2011  3 10    69   19 34  0     55.96    0.8073E-02      13.8    345.2
2011  3 10    69   19 35  0     56.10    0.8617E-02      15.0    348.7
2011  3 10    69   19 36  0     56.24    0.8701E-02      15.2    344.9
2011  3 10    69   19 37  0     56.38    0.7996E-02      14.2    348.4
2011  3 10    69   19 38  0     56.52    0.9539E-02      17.0    345.1
2011  3 10    69   19 39  0     56.65    0.9434E-02      16.8    342.4
2011  3 10    69   19 40  0     56.79    0.9982E-02      17.8    341.4
2011  3 10    69   19 41  0     56.93    0.1030E-01      18.7    341.7
2011  3 10    69   19 42  0     57.07    0.9734E-02      18.1    345.0
2011  3 10    69   19 43  0     57.22    0.9360E-02      17.6    342.7
2011  3 10    69   19 44  0     57.36    0.1008E-01      19.3    343.1
2011  3 10    69   19 45  0     57.50    0.8159E-02      16.0    345.5
2011  3 10    69   19 46  0     57.64    0.8489E-02      17.0    345.2
2011  3 10    69   19 47  0     57.78    0.5606E-02      11.5    344.9
2011  3 10    69   19 48  0     57.93    0.6317E-02      13.6    358.8
2011  3 10    69   19 49  0     58.07    0.6650E-02      14.2    348.2
2011  3 10    69   19 50  0     58.22    0.5521E-02      12.0    352.0
2011  3 10    69   19 51  0     58.36    0.6100E-02      13.6    354.8
2011  3 10    69   19 52  0     58.51    0.6768E-02      15.1    349.7
2011  3 10    69   19 53  0     58.65    0.6531E-02      14.7    350.6
2011  3 10    69   19 54  0     58.80    0.5624E-02      12.7    345.3
2011  3 10    69   19 55  0     58.95    0.5653E-02      13.0    350.1
2011  3 10    69   19 56  0     59.09    0.6247E-02      14.4    346.5
2011  3 10    69   19 57  0     59.24    0.5118E-02      11.9    344.5
2011  3 10    69   19 58  0     59.39    0.4797E-02      11.3    347.2
2011  3 10    69   19 59  0     59.54    0.4649E-02      11.0    344.6
2011  3 10    69   20  0  0     59.69    0.4768E-02      11.5    345.5
2011  3 10    69   20  1  0     59.84    0.5093E-02      12.8    352.3
2011  3 10    69   20  2  0     59.99    0.5140E-02      13.0    343.4
2011  3 10    69   20  3  0     60.14    0.3281E-02       8.7    350.5
2011  3 10    69   20  4  0     60.29    0.2955E-02       8.3    364.1
2011  3 10    69   20  5  0     60.45    0.3271E-02       9.1    355.0
2011  3 10    69   20  6  0     60.60    0.3627E-02      10.5    360.6
2011  3 10    69   20  7  0     60.75    0.3091E-02       8.9    355.6
2011  3 10    69   20  8  0     60.90    0.3316E-02       9.7    355.7
2011  3 10    69   20  9  0     61.06    0.3124E-02       9.3    358.1
2011  3 10    69   20 10  0     61.21    0.2917E-02       8.6    352.2
2011  3 10    69   20 11  0     61.37    0.2862E-02       8.5    353.8
2011  3 10    69   20 12  0     61.52    0.3672E-02      10.9    351.8
2011  3 10    69   20 13  0     61.68    0.3704E-02      10.8    340.8
2011  3 10    69   20 14  0     61.83    0.3671E-02      11.0    346.5
2011  3 10    69   20 15  0     61.99    0.3383E-02      10.2    341.4
2011  3 10    69   20 16  0     62.15    0.3181E-02       9.8    343.0
2011  3 10    69   20 17  0     62.30    0.3681E-02      11.3    342.5
2011  3 10    69   20 18  0     62.46    0.4650E-02      14.4    340.6
2011  3 10    69   20 19  0     62.62    0.5575E-02      17.1    332.1
2011  3 10    69   20 20  0     62.78    0.5072E-02      16.0    335.3
2011  3 10    69   20 21  0     62.93    0.5542E-02      17.6    332.2
2011  3 10    69   20 22  0     63.09    0.5514E-02      17.7    330.9
2011  3 10    69   20 23  0     63.25    0.5149E-02      16.8    332.2
2011  3 10    69   20 24  0     63.41    0.6233E-02      20.5    329.3
2011  3 10    69   20 25  0     63.57    0.5155E-02      17.2    326.6
2011  3 10    69   20 26  0     63.73    0.5076E-02      17.3    330.4
2011  3 10    69   20 27  0     63.90    0.5763E-02      19.9    328.2
2011  3 10    69   20 28  0     64.06    0.5107E-02      17.8    324.3
2011  3 10    69   20 29  0     64.22    0.4525E-02      16.3    328.2
2011  3 10    69   20 30  0     64.38    0.4563E-02      16.9    328.7
2011  3 10    69   20 31  0     64.54    0.3250E-02      12.5    330.3
2011  3 10    69   20 32  0     64.71    0.3200E-02      12.8    334.9
2011  3 10    69   20 33  0     64.87    0.2865E-02      11.4    328.9
2011  3 10    69   20 34  0     65.03    0.2765E-02      11.3    333.3
2011  3 10    69   20 35  0     65.20    0.2724E-02      10.9    327.5
2011  3 10    69   20 36  0     65.36    0.3383E-02      13.8    329.0
2011  3 10    69   20 37  0     65.52    0.3240E-02      13.1    320.7
2011  3 10    69   20 38  0     65.69    0.2678E-02      11.4    329.6
2011  3 10    69   20 39  0     65.85    0.3082E-02      13.5    327.8
2011  3 10    69   20 40  0     66.02    0.2410E-02      10.8    326.3
2011  3 10    69   20 41  0     66.19    0.2266E-02      10.7    336.4
2011  3 10    69   20 42  0     66.35    0.2779E-02      13.6    336.2
2011  3 10    69   20 43  0     66.52    0.2637E-02      13.2    333.2
2011  3 10    69   20 44  0     66.69    0.2104E-02      10.8    335.8
2011  3 10    69   20 45  0     66.85    0.2669E-02      14.4    339.4
2011  3 10    69   20 46  0     67.02    0.2378E-02      13.1    337.5
2011  3 10    69   20 47  0     67.19    0.2356E-02      13.4    337.9
2011  3 10    69   20 48  0     67.35    0.2549E-02      14.9    340.7
2011  3 10    69   20 49  0     67.52    0.2395E-02      14.0    335.3
2011  3 10    69   20 50  0     67.69    0.2937E-02      17.6    335.9
2011  3 10    69   20 51  0     67.86    0.2892E-02      17.4    332.2
2011  3 10    69   20 52  0     68.03    0.2593E-02      15.8    329.5
2011  3 10    69   20 53  0     68.20    0.2201E-02      13.8    332.4
2011  3 10    69   20 54  0     68.37    0.2087E-02      13.2    328.6
2011  3 10    69   20 55  0     68.54    0.2021E-02      13.0    330.8
2011  3 10    69   20 56  0     68.71    0.2575E-02      16.7    328.8
2011  3 10    69   20 57  0     68.88    0.2543E-02      16.3    322.4
2011  3 10    69   20 58  0     69.05    0.2603E-02      16.7    318.3
2011  3 10    69   20 59  0     69.22    0.2549E-02      16.8    320.7
2011  3 10    69   21  0  0     69.39    0.2781E-02      18.4    314.5
2011  3 10    69   21  1  0     69.56    0.2261E-02      15.6    318.5
2011  3 10    69   21  2  0     69.74    0.1967E-02      14.0    319.3
2011  3 10    69   21  3  0     69.91    0.2204E-02      16.6    324.3
2011  3 10    69   21  4  0     70.08    0.2092E-02      16.4    323.3
2011  3 10    69   21  5  0     70.25    0.1584E-02      12.7    323.8
2011  3 10    69   21  6  0     70.43    0.1708E-02      14.4    328.4
2011  3 10    69   21  7  0     70.60    0.1934E-02      16.8    326.0
2011  3 10    69   21  8  0     70.77    0.1397E-02      12.3    324.8
2011  3 10    69   21  9  0     70.95    0.1634E-02      14.9    326.9
2011  3 10    69   21 10  0     71.12    0.1623E-02      14.9    323.5
2011  3 10    69   21 11  0     71.30    0.1466E-02      13.7    322.2
2011  3 10    69   21 12  0     71.47    0.1309E-02      12.8    323.9
2011  3 10    69   21 13  0     71.65    0.1275E-02      12.7    324.8
2011  3 10    69   21 14  0     71.82    0.1228E-02      12.6    323.6
2011  3 10    69   21 15  0     71.99    0.1140E-02      12.1    325.2
2011  3 10    69   21 16  0     72.17    0.1047E-02      11.6    328.5
2011  3 10    69   21 17  0     72.35    0.9942E-03      11.1    324.1
2011  3 10    69   21 18  0     72.52    0.1056E-02      12.2    326.4
2011  3 10    69   21 19  0     72.70    0.8748E-03      10.4    326.6
2011  3 10    69   21 20  0     72.88    0.9850E-03      12.1    324.1
2011  3 10    69   21 21  0     73.05    0.7788E-03       9.9    326.7
2011  3 10    69   21 22  0     73.23    0.8370E-03      11.1    330.2
2011  3 10    69   21 23  0     73.41    0.7282E-03       9.8    324.7
2011  3 10    69   21 24  0     73.58    0.6589E-03       9.4    332.3
2011  3 10    69   21 25  0     73.76    0.6225E-03       9.3    331.7
2011  3 10    69   21 26  0     73.94    0.5595E-03       8.6    330.3
2011  3 10    69   21 27  0     74.12    0.4618E-03       7.4    335.7
2011  3 10    69   21 28  0     74.29    0.4592E-03       7.5    332.9
2011  3 10    69   21 29  0     74.47    0.4342E-03       7.3    334.5
2011  3 10    69   21 30  0     74.65    0.4728E-03       8.2    334.7
2011  3 10    69   21 31  0     74.83    0.5246E-03       9.1    328.7
2011  3 10    69   21 32  0     75.01    0.5232E-03       9.4    326.4
2011  3 10    69   21 33  0     75.19    0.7183E-03      13.6    327.4
2011  3 10    69   21 34  0     75.37    0.7148E-03      13.4    318.3
2011  3 10    69   21 35  0     75.55    0.6252E-03      11.9    319.6
2011  3 10    69   21 36  0     75.73    0.8298E-03      16.5    318.6
2011  3 10    69   21 37  0     75.91    0.1189E-02      24.7    316.5
2011  3 10    69   21 38  0     76.09    0.1003E-02      20.8    308.4
2011  3 10    69   21 39  0     76.27    0.9278E-03      19.9    313.0
2011  3 10    69   21 40  0     76.45    0.9999E-03      22.1    311.0
2011  3 10    69   21 41  0     76.63    0.1015E-02      22.8    310.0
2011  3 10    69   21 42  0     76.81    0.1221E-02      28.7    308.1
2011  3 10    69   21 43  0     76.99    0.1174E-02      28.4    307.3
2011  3 10    69   21 44  0     77.17    0.1165E-02      29.2    307.3
2011  3 10    69   21 45  0     77.35    0.1152E-02      29.5    303.9
2011  3 10    69   21 46  0     77.53    0.8737E-03      23.6    307.6
2011  3 10    69   21 47  0     77.71    0.1092E-02      31.4    309.6
2011  3 10    69   21 48  0     77.90    0.9616E-03      28.5    307.8
2011  3 10    69   21 49  0     78.08    0.9979E-03      30.1    306.3
2011  3 10    69   21 50  0     78.26    0.9818E-03      31.8    309.7
2011  3 10    69   21 51  0     78.44    0.1006E-02      33.6    307.4
2011  3 10    69   21 52  0     78.62    0.9986E-03      35.2    308.7
2011  3 10    69   21 53  0     78.81    0.8662E-03      31.2    306.4
2011  3 10    69   21 54  0     78.99    0.7860E-03      29.9    310.3
2011  3 10    69   21 55  0     79.17    0.6885E-03      26.3    305.6
2011  3 10    69   21 56  0     79.35    0.6980E-03      28.7    311.3
2011  3 10    69   21 57  0     79.54    0.5488E-03      23.0    307.3
2011  3 10    69   21 58  0     79.72    0.5883E-03      26.0    310.6
2011  3 10    69   21 59  0     79.90    0.4245E-03      18.5    305.5
2011  3 10    69   22  0  0     80.09    0.4451E-03      20.7    311.1
2011  3 10    69   22  1  0     80.27    0.3979E-03      19.2    310.7
2011  3 10    69   22  2  0     80.45    0.3903E-03      20.1    311.0
2011  3 10    69   22  3  0     80.64    0.3260E-03      17.7    312.3
2011  3 10    69   22  4  0     80.82    0.3261E-03      18.8    315.3
2011  3 10    69   22  5  0     81.01    0.2803E-03      15.8    314.6
2011  3 10    69   22  6  0     81.19    0.2286E-03      13.2    316.4
2011  3 10    69   22  7  0     81.37    0.2640E-03      16.6    315.2
2011  3 10    69   22  8  0     81.56    0.2343E-03      15.7    322.8
2011  3 10    69   22  9  0     81.74    0.2005E-03      12.9    313.2
2011  3 10    69   22 10  0     81.93    0.1825E-03      12.9    325.3
2011  3 10    69   22 11  0     82.11    0.2208E-03      17.0    322.1
2011  3 10    69   22 12  0     82.30    0.1899E-03      14.0    317.9
2011  3 10    69   22 13  0     82.48    0.1654E-03      12.1    319.0
2011  3 10    69   22 14  0     82.67    0.1535E-03      11.5    317.8
2011  3 10    69   22 15  0     82.86    0.1460E-03      11.4    327.4
2011  3 10    69   22 16  0     83.04    0.1529E-03      12.9    319.2
2011  3 10    69   22 17  0     83.23    0.1136E-03       8.3    319.5
2011  3 10    69   22 18  0     83.41    0.1015E-03       7.2    322.7
2011  3 10    69   22 19  0     83.60    0.1113E-03       8.3    324.9
2011  3 10    69   22 20  0     83.78    0.1057E-03       7.8    318.7
2011  3 10    69   22 21  0     83.97    0.9413E-04       8.2    322.1
2011  3 10    69   22 22  0     84.16    0.1088E-03       8.5    319.6
2011  3 10    69   22 23  0     84.34    0.1053E-03       8.9    318.3
2011  3 10    69   22 24  0     84.53    0.9553E-04       9.4    316.3
2011  3 10    69   22 25  0     84.72    0.9777E-04       9.1    314.5
2011  3 10    69   22 26  0     84.90    0.8929E-04       9.6    312.6
2011  3 10    69   22 27  0     85.09    0.8845E-04      10.0    311.5
2011  3 10    69   22 28  0     85.27    0.9688E-04      10.8    313.9
2011  3 10    69   22 29  0     85.46    0.9669E-04      10.8    312.5
2011  3 10    69   22 30  0     85.65    0.9832E-04      11.7    303.3
2011  3 10    69   22 31  0     85.84    0.8955E-04      11.4    305.6
2011  3 10    69   22 32  0     86.02    0.8710E-04      11.3    295.6
2011  3 10    69   22 33  0     86.21    0.8370E-04       9.1    290.9
2011  3 10    69   22 34  0     86.40    0.8602E-04      10.4    302.5
2011  3 10    69   22 35  0     86.58    0.7004E-04      10.1    297.4
2011  3 10    69   22 36  0     86.77    0.7361E-04       9.9    290.7
2011  3 10    69   22 37  0     86.96    0.6932E-04       8.3    279.0
2011  3 10    69   22 38  0     87.15    0.7930E-04       8.7    279.9
2011  3 10    69   22 39  0     87.33    0.6985E-04       8.3    250.3
2011  3 10    69   22 40  0     87.52    0.6546E-04      10.2    261.4
2011  3 10    69   22 41  0     87.71    0.7390E-04      12.2    246.3
2011  3 10    69   22 42  0     87.90    0.8015E-04      13.5    247.4
2011  3 10    69   22 43  0     88.09    0.7962E-04      13.3    238.5
2011  3 10    69   22 44  0     88.27    0.7618E-04      15.2    248.0
2011  3 10    69   22 45  0     88.46    0.8331E-04      12.5    211.8
2011  3 10    69   22 46  0     88.65    0.8021E-04      14.7    221.4
2011  3 10    69   22 47  0     88.84    0.6390E-04      12.7    182.8
2011  3 10    69   22 48  0     89.03    0.7997E-04      13.7    186.6
2011  3 10    69   22 49  0     89.21    0.7111E-04      12.8    167.1
2011  3 10    69   22 50  0     89.40    0.7620E-04      13.3    171.2
2011  3 10    69   22 51  0     89.59    0.6359E-04      15.2    170.0
2011  3 10    69   22 52  0     89.78    0.7572E-04      17.5    183.3
2011  3 10    69   22 53  0     89.97    0.6739E-04      20.2    155.3
