                            NILUUV 115

Uvpro Version 2.0
Latitude :   40.74 (North)
Longitude:  -74.03  (West)
Calibration file: cf100603a.115
Height above sea level:     0.0  m
CLT derived from channel 4
CLT scale factor used:   1.0
Ozone derived from channel pair ch3/ch2
Ozone scale factor used:   1.0
Drift factors ch1-ch6:   0.516  0.543  0.601  0.653  0.506  0.867
Ozone profile climatology: Mid  Latitude
Dose type:    CLW    Caldwell Plant 1971           

yyyy mm dd   jul   hh mm ss      SZA     dose rate       clt     Ozone
                              [degrees]   [W/m^2]        [%]     [DU]
2014  5 22   142    0  0  0     88.70    0.6576E-03      56.8    133.9
2014  5 22   142    0  1  0     88.87    0.6769E-03      60.2    127.8
2014  5 22   142    0  2  0     89.04    0.6964E-03      63.4    122.7
2014  5 22   142    0  3  0     89.21    0.6665E-03      65.7    117.3
2014  5 22   142    0  4  0     89.38    0.6903E-03      68.7    113.4
2014  5 22   142    0  5  0     89.55    0.7106E-03      73.0    109.2
2014  5 22   142    0  6  0     89.72    0.7071E-03      77.4    104.4
2014  5 22   142    0  7  0     89.89    0.7084E-03      80.5     98.8
2014  5 22   142    9 39  0     89.92    0.5508E-03      27.8     68.8
2014  5 22   142    9 40  0     89.75    0.5382E-03      27.3     73.4
2014  5 22   142    9 41  0     89.58    0.5538E-03      26.8     78.4
2014  5 22   142    9 42  0     89.42    0.5541E-03      27.3     84.9
2014  5 22   142    9 43  0     89.25    0.5463E-03      28.5     94.4
2014  5 22   142    9 44  0     89.08    0.5443E-03      29.0     98.4
2014  5 22   142    9 45  0     88.91    0.5566E-03      28.0    103.2
2014  5 22   142    9 46  0     88.74    0.5386E-03      26.1    106.4
2014  5 22   142    9 47  0     88.57    0.5458E-03      23.4    107.7
2014  5 22   142    9 48  0     88.40    0.5434E-03      19.9    107.1
2014  5 22   142    9 49  0     88.23    0.5287E-03      16.3    102.7
2014  5 22   142    9 50  0     88.06    0.5292E-03      13.8    100.2
2014  5 22   142    9 51  0     87.88    0.5279E-03      12.9    102.5
2014  5 22   142    9 52  0     87.71    0.5230E-03      12.9    109.1
2014  5 22   142    9 53  0     87.54    0.5403E-03      13.2    117.7
2014  5 22   142    9 54  0     87.37    0.5499E-03      13.9    133.7
2014  5 22   142    9 55  0     87.20    0.5577E-03      15.3    149.6
2014  5 22   142    9 56  0     87.03    0.5639E-03      16.7    166.4
2014  5 22   142    9 57  0     86.85    0.5536E-03      17.2    176.5
2014  5 22   142    9 58  0     86.68    0.5649E-03      16.9    186.6
2014  5 22   142    9 59  0     86.51    0.5686E-03      16.7    197.0
2014  5 22   142   10  0  0     86.33    0.5566E-03      17.7    212.6
2014  5 22   142   10  1  0     86.16    0.5631E-03      19.5    227.8
2014  5 22   142   10  2  0     85.99    0.5783E-03      20.6    239.6
2014  5 22   142   10  3  0     85.81    0.6048E-03      20.4    247.2
2014  5 22   142   10  4  0     85.64    0.6026E-03      20.2    251.2
2014  5 22   142   10  5  0     85.47    0.5919E-03      20.8    263.5
2014  5 22   142   10  6  0     85.29    0.5892E-03      22.4    275.3
2014  5 22   142   10  7  0     85.12    0.6126E-03      25.1    286.9
2014  5 22   142   10  8  0     84.94    0.6374E-03      29.2    299.4
2014  5 22   142   10  9  0     84.77    0.6694E-03      34.3    311.6
2014  5 22   142   10 10  0     84.59    0.6910E-03      39.4    319.5
2014  5 22   142   10 11  0     84.42    0.7235E-03      43.7    324.5
2014  5 22   142   10 12  0     84.24    0.7606E-03      47.2    328.7
2014  5 22   142   10 13  0     84.07    0.7943E-03      50.4    330.8
2014  5 22   142   10 14  0     83.89    0.7974E-03      53.4    332.0
2014  5 22   142   10 15  0     83.71    0.8187E-03      54.5    334.0
2014  5 22   142   10 16  0     83.54    0.8365E-03      53.1    335.6
2014  5 22   142   10 17  0     83.36    0.8307E-03      50.2    337.1
2014  5 22   142   10 18  0     83.18    0.8041E-03      46.4    336.7
2014  5 22   142   10 19  0     83.01    0.7895E-03      41.6    335.8
2014  5 22   142   10 20  0     82.83    0.7703E-03      37.4    334.2
2014  5 22   142   10 21  0     82.65    0.7557E-03      33.9    331.8
2014  5 22   142   10 22  0     82.48    0.7636E-03      30.7    330.0
2014  5 22   142   10 23  0     82.30    0.7621E-03      29.4    329.0
2014  5 22   142   10 24  0     82.12    0.7687E-03      29.2    328.2
2014  5 22   142   10 25  0     81.94    0.7728E-03      28.6    326.2
2014  5 22   142   10 26  0     81.76    0.7752E-03      27.6    324.7
2014  5 22   142   10 27  0     81.59    0.7918E-03      26.6    324.5
2014  5 22   142   10 28  0     81.41    0.8069E-03      26.0    325.1
2014  5 22   142   10 29  0     81.23    0.8105E-03      25.7    326.5
2014  5 22   142   10 30  0     81.05    0.8024E-03      26.6    329.1
2014  5 22   142   10 31  0     80.87    0.8262E-03      25.5    329.2
2014  5 22   142   10 32  0     80.69    0.8133E-03      23.2    330.2
2014  5 22   142   10 33  0     80.51    0.7871E-03      22.4    331.8
2014  5 22   142   10 34  0     80.33    0.8217E-03      22.2    334.0
2014  5 22   142   10 35  0     80.15    0.8174E-03      22.0    335.5
2014  5 22   142   10 36  0     79.97    0.8277E-03      22.4    337.3
2014  5 22   142   10 37  0     79.79    0.8711E-03      23.4    338.6
2014  5 22   142   10 38  0     79.61    0.8806E-03      24.0    339.0
2014  5 22   142   10 39  0     79.43    0.9221E-03      24.7    339.9
2014  5 22   142   10 40  0     79.25    0.9873E-03      27.9    342.2
2014  5 22   142   10 41  0     79.07    0.1099E-02      32.3    342.9
2014  5 22   142   10 42  0     78.89    0.1182E-02      35.5    342.6
2014  5 22   142   10 43  0     78.71    0.1260E-02      37.4    342.1
2014  5 22   142   10 44  0     78.53    0.1351E-02      39.0    341.7
2014  5 22   142   10 45  0     78.35    0.1403E-02      39.9    341.0
2014  5 22   142   10 46  0     78.17    0.1439E-02      39.7    340.6
2014  5 22   142   10 47  0     77.99    0.1438E-02      38.0    340.4
2014  5 22   142   10 48  0     77.81    0.1403E-02      35.3    339.9
2014  5 22   142   10 49  0     77.62    0.1397E-02      33.8    339.8
2014  5 22   142   10 50  0     77.44    0.1482E-02      34.8    340.1
2014  5 22   142   10 51  0     77.26    0.1616E-02      38.6    340.7
2014  5 22   142   10 52  0     77.08    0.1759E-02      42.3    340.7
2014  5 22   142   10 53  0     76.90    0.1898E-02      44.7    341.2
2014  5 22   142   10 54  0     76.71    0.2021E-02      46.5    341.3
2014  5 22   142   10 55  0     76.53    0.2162E-02      48.8    341.0
2014  5 22   142   10 56  0     76.35    0.2278E-02      50.9    340.5
2014  5 22   142   10 57  0     76.16    0.2414E-02      52.4    340.0
2014  5 22   142   10 58  0     75.98    0.2464E-02      51.6    339.9
2014  5 22   142   10 59  0     75.80    0.2471E-02      49.4    340.2
2014  5 22   142   11  0  0     75.61    0.2485E-02      47.9    340.0
2014  5 22   142   11  1  0     75.43    0.2521E-02      46.8    339.2
2014  5 22   142   11  2  0     75.25    0.2611E-02      46.4    338.0
2014  5 22   142   11  3  0     75.06    0.2746E-02      46.8    336.6
2014  5 22   142   11  4  0     74.88    0.2926E-02      47.9    335.5
2014  5 22   142   11  5  0     74.70    0.3061E-02      48.3    334.2
2014  5 22   142   11  6  0     74.51    0.3095E-02      46.9    332.9
2014  5 22   142   11  7  0     74.33    0.3000E-02      43.2    331.3
2014  5 22   142   11  8  0     74.14    0.2837E-02      38.3    329.7
2014  5 22   142   11  9  0     73.96    0.2641E-02      33.7    329.3
2014  5 22   142   11 10  0     73.78    0.2520E-02      30.5    329.2
2014  5 22   142   11 11  0     73.59    0.2473E-02      28.6    329.3
2014  5 22   142   11 12  0     73.41    0.2448E-02      27.6    330.5
2014  5 22   142   11 13  0     73.22    0.2470E-02      27.5    332.4
2014  5 22   142   11 14  0     73.04    0.2569E-02      28.9    335.3
2014  5 22   142   11 15  0     72.85    0.2764E-02      31.6    338.0
2014  5 22   142   11 16  0     72.67    0.3034E-02      35.1    340.5
2014  5 22   142   11 17  0     72.48    0.3345E-02      39.4    342.6
2014  5 22   142   11 18  0     72.30    0.3610E-02      42.9    345.3
2014  5 22   142   11 19  0     72.11    0.3683E-02      43.8    347.4
2014  5 22   142   11 20  0     71.93    0.3561E-02      41.6    349.5
2014  5 22   142   11 21  0     71.74    0.3385E-02      38.1    349.9
2014  5 22   142   11 22  0     71.55    0.3284E-02      35.2    349.2
2014  5 22   142   11 23  0     71.37    0.3272E-02      33.4    348.7
2014  5 22   142   11 24  0     71.18    0.3395E-02      33.6    349.3
2014  5 22   142   11 25  0     71.00    0.3630E-02      35.2    350.1
2014  5 22   142   11 26  0     70.81    0.3925E-02      37.4    349.9
2014  5 22   142   11 27  0     70.62    0.4252E-02      39.2    349.3
2014  5 22   142   11 28  0     70.44    0.4510E-02      40.3    348.6
2014  5 22   142   11 29  0     70.25    0.4755E-02      41.2    347.9
2014  5 22   142   11 30  0     70.07    0.4997E-02      42.1    347.4
2014  5 22   142   11 31  0     69.88    0.5196E-02      42.6    346.8
2014  5 22   142   11 32  0     69.69    0.5337E-02      42.6    346.5
2014  5 22   142   11 33  0     69.51    0.5410E-02      42.0    346.2
2014  5 22   142   11 34  0     69.32    0.5325E-02      40.1    346.2
2014  5 22   142   11 35  0     69.13    0.5124E-02      37.6    346.7
2014  5 22   142   11 36  0     68.95    0.5048E-02      36.0    347.5
2014  5 22   142   11 37  0     68.76    0.5070E-02      35.4    347.9
2014  5 22   142   11 38  0     68.57    0.5087E-02      34.7    348.4
2014  5 22   142   11 39  0     68.38    0.5101E-02      34.1    349.6
2014  5 22   142   11 40  0     68.20    0.5215E-02      34.2    351.2
2014  5 22   142   11 41  0     68.01    0.5634E-02      36.5    352.7
2014  5 22   142   11 42  0     67.82    0.6516E-02      41.9    353.8
2014  5 22   142   11 43  0     67.63    0.7646E-02      48.5    352.9
2014  5 22   142   11 44  0     67.45    0.8569E-02      53.1    351.6
2014  5 22   142   11 45  0     67.26    0.9113E-02      55.0    350.6
2014  5 22   142   11 46  0     67.07    0.9228E-02      54.1    349.6
2014  5 22   142   11 47  0     66.88    0.8918E-02      50.9    349.7
2014  5 22   142   11 48  0     66.70    0.8604E-02      48.1    351.0
2014  5 22   142   11 49  0     66.51    0.8975E-02      49.1    352.3
2014  5 22   142   11 50  0     66.32    0.1016E-01      54.4    352.5
2014  5 22   142   11 51  0     66.13    0.1159E-01      60.8    351.4
2014  5 22   142   11 52  0     65.94    0.1286E-01      66.3    351.2
2014  5 22   142   11 53  0     65.76    0.1398E-01      70.9    351.3
2014  5 22   142   11 54  0     65.57    0.1454E-01      72.6    351.5
2014  5 22   142   11 55  0     65.38    0.1474E-01      72.2    352.0
2014  5 22   142   11 56  0     65.19    0.1509E-01      72.0    352.1
2014  5 22   142   11 57  0     65.00    0.1543E-01      71.6    352.2
2014  5 22   142   11 58  0     64.81    0.1602E-01      72.4    351.9
2014  5 22   142   11 59  0     64.63    0.1676E-01      73.7    351.2
2014  5 22   142   12  0  0     64.44    0.1748E-01      74.9    350.6
2014  5 22   142   12  1  0     64.25    0.1819E-01      75.9    350.0
2014  5 22   142   12  2  0     64.06    0.1872E-01      75.7    349.3
2014  5 22   142   12  3  0     63.87    0.1895E-01      74.6    348.7
2014  5 22   142   12  4  0     63.68    0.1888E-01      72.5    348.7
2014  5 22   142   12  5  0     63.49    0.1806E-01      67.6    348.3
2014  5 22   142   12  6  0     63.30    0.1669E-01      60.9    348.3
2014  5 22   142   12  7  0     63.12    0.1526E-01      54.1    348.3
2014  5 22   142   12  8  0     62.93    0.1419E-01      49.0    348.7
2014  5 22   142   12  9  0     62.74    0.1434E-01      48.5    349.6
2014  5 22   142   12 10  0     62.55    0.1528E-01      51.0    350.1
2014  5 22   142   12 11  0     62.36    0.1599E-01      52.6    350.0
2014  5 22   142   12 12  0     62.17    0.1602E-01      51.9    350.3
2014  5 22   142   12 13  0     61.98    0.1502E-01      48.0    351.1
2014  5 22   142   12 14  0     61.79    0.1297E-01      41.2    353.1
2014  5 22   142   12 15  0     61.60    0.1208E-01      38.3    357.5
2014  5 22   142   12 16  0     61.41    0.1279E-01      40.3    359.7
2014  5 22   142   12 17  0     61.22    0.1323E-01      41.4    361.5
2014  5 22   142   12 18  0     61.04    0.1314E-01      40.7    362.5
2014  5 22   142   12 19  0     60.85    0.1284E-01      39.4    365.2
2014  5 22   142   12 20  0     60.66    0.1365E-01      41.3    366.8
2014  5 22   142   12 21  0     60.47    0.1491E-01      44.1    365.9
2014  5 22   142   12 22  0     60.28    0.1614E-01      46.5    364.0
2014  5 22   142   12 23  0     60.09    0.1763E-01      49.4    362.4
2014  5 22   142   12 24  0     59.90    0.1814E-01      49.5    360.4
2014  5 22   142   12 25  0     59.71    0.1739E-01      46.6    360.6
2014  5 22   142   12 26  0     59.52    0.1666E-01      44.0    361.4
2014  5 22   142   12 27  0     59.33    0.1557E-01      40.5    362.6
2014  5 22   142   12 28  0     59.14    0.1476E-01      38.0    364.8
2014  5 22   142   12 29  0     58.95    0.1449E-01      36.9    367.1
2014  5 22   142   12 30  0     58.76    0.1412E-01      35.6    368.7
2014  5 22   142   12 31  0     58.57    0.1293E-01      32.1    370.0
2014  5 22   142   12 32  0     58.38    0.1155E-01      28.1    370.9
2014  5 22   142   12 33  0     58.20    0.1075E-01      25.5    372.2
2014  5 22   142   12 34  0     58.01    0.1047E-01      24.1    371.3
2014  5 22   142   12 35  0     57.82    0.1053E-01      23.4    368.5
2014  5 22   142   12 36  0     57.63    0.1106E-01      23.7    365.7
2014  5 22   142   12 37  0     57.44    0.1119E-01      23.1    361.3
2014  5 22   142   12 38  0     57.25    0.1059E-01      21.3    360.0
2014  5 22   142   12 39  0     57.06    0.1029E-01      20.3    360.4
2014  5 22   142   12 40  0     56.87    0.1011E-01      19.7    361.4
2014  5 22   142   12 41  0     56.68    0.1015E-01      19.5    362.7
2014  5 22   142   12 42  0     56.49    0.1063E-01      20.4    365.2
2014  5 22   142   12 43  0     56.30    0.1220E-01      23.3    366.0
2014  5 22   142   12 44  0     56.11    0.1318E-01      24.9    365.3
2014  5 22   142   12 45  0     55.92    0.1513E-01      28.5    368.4
2014  5 22   142   12 46  0     55.73    0.1778E-01      33.3    368.1
2014  5 22   142   12 47  0     55.54    0.1866E-01      34.7    369.3
2014  5 22   142   12 48  0     55.35    0.1933E-01      35.6    369.9
2014  5 22   142   12 49  0     55.16    0.1902E-01      34.6    370.4
2014  5 22   142   12 50  0     54.97    0.1864E-01      33.4    370.3
2014  5 22   142   12 51  0     54.79    0.1739E-01      30.8    371.1
2014  5 22   142   12 52  0     54.60    0.1729E-01      30.4    373.4
2014  5 22   142   12 53  0     54.41    0.1799E-01      31.2    373.7
2014  5 22   142   12 54  0     54.22    0.1850E-01      31.6    373.5
2014  5 22   142   12 55  0     54.03    0.1968E-01      32.9    373.4
2014  5 22   142   12 56  0     53.84    0.2064E-01      33.7    371.1
2014  5 22   142   12 57  0     53.65    0.2013E-01      32.2    370.2
2014  5 22   142   12 58  0     53.46    0.2071E-01      32.6    371.1
2014  5 22   142   12 59  0     53.27    0.2153E-01      33.2    369.8
2014  5 22   142   13  0  0     53.08    0.2164E-01      32.7    369.3
2014  5 22   142   13  1  0     52.89    0.2278E-01      33.7    368.5
2014  5 22   142   13  2  0     52.70    0.2390E-01      34.3    366.1
2014  5 22   142   13  3  0     52.52    0.2422E-01      33.7    363.1
2014  5 22   142   13  4  0     52.33    0.2432E-01      33.0    362.0
2014  5 22   142   13  5  0     52.14    0.2452E-01      32.4    359.7
2014  5 22   142   13  6  0     51.95    0.2472E-01      32.2    359.5
2014  5 22   142   13  7  0     51.76    0.2532E-01      32.8    359.1
2014  5 22   142   13  8  0     51.57    0.2657E-01      34.5    362.2
2014  5 22   142   13  9  0     51.38    0.3037E-01      38.8    360.4
2014  5 22   142   13 10  0     51.19    0.3025E-01      37.9    359.3
2014  5 22   142   13 11  0     51.01    0.3028E-01      37.7    360.6
2014  5 22   142   13 12  0     50.82    0.3238E-01      40.2    361.2
2014  5 22   142   13 13  0     50.63    0.3393E-01      41.9    362.5
2014  5 22   142   13 14  0     50.44    0.3375E-01      41.3    362.0
2014  5 22   142   13 15  0     50.25    0.3513E-01      42.9    365.3
2014  5 22   142   13 16  0     50.06    0.3910E-01      47.6    365.8
2014  5 22   142   13 17  0     49.88    0.3973E-01      48.3    366.3
2014  5 22   142   13 18  0     49.69    0.3945E-01      47.8    367.5
2014  5 22   142   13 19  0     49.50    0.3709E-01      44.8    369.7
2014  5 22   142   13 20  0     49.31    0.3475E-01      41.6    371.5
2014  5 22   142   13 21  0     49.12    0.3331E-01      39.6    374.2
2014  5 22   142   13 22  0     48.94    0.3620E-01      42.8    375.7
2014  5 22   142   13 23  0     48.75    0.3678E-01      43.0    375.0
2014  5 22   142   13 24  0     48.56    0.3490E-01      40.5    376.7
2014  5 22   142   13 25  0     48.37    0.3405E-01      39.2    378.9
2014  5 22   142   13 26  0     48.19    0.3389E-01      38.4    379.0
2014  5 22   142   13 27  0     48.00    0.3353E-01      37.3    379.3
2014  5 22   142   13 28  0     47.81    0.3434E-01      37.4    379.0
2014  5 22   142   13 29  0     47.63    0.3625E-01      38.7    377.9
2014  5 22   142   13 30  0     47.44    0.3843E-01      40.0    375.5
2014  5 22   142   13 31  0     47.25    0.4110E-01      42.0    374.0
2014  5 22   142   13 32  0     47.07    0.4445E-01      44.9    372.8
2014  5 22   142   13 33  0     46.88    0.4472E-01      45.1    372.8
2014  5 22   142   13 34  0     46.69    0.4439E-01      44.7    373.2
2014  5 22   142   13 35  0     46.51    0.3961E-01      39.7    374.8
2014  5 22   142   13 36  0     46.32    0.3983E-01      40.0    379.8
2014  5 22   142   13 37  0     46.13    0.4307E-01      42.8    379.0
2014  5 22   142   13 38  0     45.95    0.4131E-01      40.6    378.3
2014  5 22   142   13 39  0     45.76    0.4087E-01      40.0    381.0
2014  5 22   142   13 40  0     45.58    0.4196E-01      40.9    382.1
2014  5 22   142   13 41  0     45.39    0.3944E-01      38.1    381.0
2014  5 22   142   13 42  0     45.20    0.3276E-01      31.7    383.7
2014  5 22   142   13 43  0     45.02    0.3083E-01      29.9    388.4
2014  5 22   142   13 44  0     44.83    0.3429E-01      33.0    390.4
2014  5 22   142   13 45  0     44.65    0.3842E-01      36.5    388.1
2014  5 22   142   13 46  0     44.46    0.3882E-01      36.5    386.9
2014  5 22   142   13 47  0     44.28    0.3873E-01      36.2    388.0
2014  5 22   142   13 48  0     44.09    0.3755E-01      35.1    390.4
2014  5 22   142   13 49  0     43.91    0.3819E-01      35.5    392.6
2014  5 22   142   13 50  0     43.73    0.4012E-01      36.7    391.3
2014  5 22   142   13 51  0     43.54    0.4176E-01      37.7    390.2
2014  5 22   142   13 52  0     43.36    0.4209E-01      37.9    391.8
2014  5 22   142   13 53  0     43.17    0.4355E-01      39.2    393.1
2014  5 22   142   13 54  0     42.99    0.4524E-01      40.6    395.1
2014  5 22   142   13 55  0     42.81    0.4793E-01      42.6    394.9
2014  5 22   142   13 56  0     42.62    0.5081E-01      44.8    396.0
2014  5 22   142   13 57  0     42.44    0.5313E-01      46.5    396.3
2014  5 22   142   13 58  0     42.26    0.5409E-01      47.1    396.3
2014  5 22   142   13 59  0     42.07    0.5088E-01      44.7    398.5
2014  5 22   142   14  0  0     41.89    0.4429E-01      39.4    403.3
2014  5 22   142   14  1  0     41.71    0.3983E-01      35.8    410.2
2014  5 22   142   14  2  0     41.53    0.4162E-01      37.3    412.6
2014  5 22   142   14  3  0     41.34    0.4508E-01      39.8    411.1
2014  5 22   142   14  4  0     41.16    0.4738E-01      41.1    409.3
2014  5 22   142   14  5  0     40.98    0.4937E-01      42.3    408.8
2014  5 22   142   14  6  0     40.80    0.4903E-01      41.4    406.8
2014  5 22   142   14  7  0     40.62    0.4564E-01      38.3    408.1
2014  5 22   142   14  8  0     40.44    0.4422E-01      37.1    410.9
2014  5 22   142   14  9  0     40.26    0.4104E-01      34.3    410.5
2014  5 22   142   14 10  0     40.08    0.3785E-01      31.7    414.3
2014  5 22   142   14 11  0     39.90    0.3744E-01      31.5    417.6
2014  5 22   142   14 12  0     39.72    0.3653E-01      31.1    420.8
2014  5 22   142   14 13  0     39.54    0.3362E-01      28.9    424.9
2014  5 22   142   14 14  0     39.36    0.3079E-01      26.7    430.3
2014  5 22   142   14 15  0     39.18    0.3025E-01      26.4    434.6
2014  5 22   142   14 16  0     39.00    0.3164E-01      27.5    435.6
2014  5 22   142   14 17  0     38.82    0.3374E-01      28.7    433.7
2014  5 22   142   14 18  0     38.64    0.3587E-01      29.9    430.1
2014  5 22   142   14 19  0     38.46    0.3793E-01      31.1    428.1
2014  5 22   142   14 20  0     38.29    0.3817E-01      31.0    426.8
2014  5 22   142   14 21  0     38.11    0.3648E-01      29.6    428.3
2014  5 22   142   14 22  0     37.93    0.3513E-01      28.6    431.4
2014  5 22   142   14 23  0     37.75    0.3321E-01      26.9    431.9
2014  5 22   142   14 24  0     37.58    0.3219E-01      26.0    433.9
2014  5 22   142   14 25  0     37.40    0.3392E-01      27.3    436.5
2014  5 22   142   14 26  0     37.23    0.3629E-01      29.2    438.1
2014  5 22   142   14 27  0     37.05    0.4063E-01      32.9    441.3
2014  5 22   142   14 28  0     36.87    0.4480E-01      36.5    443.0
2014  5 22   142   14 29  0     36.70    0.4702E-01      38.5    445.8
2014  5 22   142   14 30  0     36.52    0.4916E-01      40.1    446.3
2014  5 22   142   14 31  0     36.35    0.5032E-01      40.7    445.5
2014  5 22   142   14 32  0     36.18    0.4797E-01      38.3    443.5
2014  5 22   142   14 33  0     36.00    0.4278E-01      34.0    444.1
2014  5 22   142   14 34  0     35.83    0.3984E-01      31.6    446.2
2014  5 22   142   14 35  0     35.66    0.3797E-01      30.0    446.8
2014  5 22   142   14 36  0     35.48    0.3711E-01      29.3    449.0
2014  5 22   142   14 37  0     35.31    0.4014E-01      31.4    450.5
2014  5 22   142   14 38  0     35.14    0.4330E-01      33.4    447.9
2014  5 22   142   14 39  0     34.97    0.4455E-01      34.1    446.5
2014  5 22   142   14 40  0     34.80    0.4281E-01      32.8    447.8
2014  5 22   142   14 41  0     34.63    0.4215E-01      32.4    452.2
2014  5 22   142   14 42  0     34.45    0.4455E-01      34.4    454.4
2014  5 22   142   14 43  0     34.29    0.4621E-01      35.6    455.4
2014  5 22   142   14 44  0     34.12    0.4740E-01      36.5    456.9
2014  5 22   142   14 45  0     33.95    0.4862E-01      37.4    457.8
2014  5 22   142   14 46  0     33.78    0.5061E-01      38.8    458.5
2014  5 22   142   14 47  0     33.61    0.5404E-01      41.0    457.7
2014  5 22   142   14 48  0     33.44    0.5814E-01      43.6    456.4
2014  5 22   142   14 49  0     33.27    0.6166E-01      45.5    453.7
2014  5 22   142   14 50  0     33.11    0.6323E-01      45.9    450.9
2014  5 22   142   14 51  0     32.94    0.6247E-01      44.8    449.7
2014  5 22   142   14 52  0     32.78    0.5985E-01      42.4    447.8
2014  5 22   142   14 53  0     32.61    0.5614E-01      38.9    444.3
2014  5 22   142   14 54  0     32.45    0.5123E-01      34.7    441.3
2014  5 22   142   14 55  0     32.28    0.4542E-01      30.2    438.3
2014  5 22   142   14 56  0     32.12    0.4024E-01      26.4    437.2
2014  5 22   142   14 57  0     31.95    0.3804E-01      24.6    437.3
2014  5 22   142   14 58  0     31.79    0.3950E-01      25.0    434.7
2014  5 22   142   14 59  0     31.63    0.4353E-01      27.1    431.5
2014  5 22   142   15  0  0     31.47    0.4930E-01      30.2    429.0
2014  5 22   142   15  1  0     31.31    0.5407E-01      32.9    427.2
2014  5 22   142   15  2  0     31.15    0.5550E-01      33.6    426.5
2014  5 22   142   15  3  0     30.99    0.5340E-01      32.6    429.7
2014  5 22   142   15  4  0     30.83    0.5060E-01      31.4    434.4
2014  5 22   142   15  5  0     30.67    0.4669E-01      29.8    441.9
2014  5 22   142   15  6  0     30.51    0.4315E-01      28.4    449.9
2014  5 22   142   15  7  0     30.35    0.4128E-01      28.0    459.1
2014  5 22   142   15  8  0     30.19    0.4259E-01      29.5    465.9
2014  5 22   142   15  9  0     30.04    0.4513E-01      31.6    468.9
2014  5 22   142   15 10  0     29.88    0.4845E-01      34.0    471.4
2014  5 22   142   15 11  0     29.73    0.5262E-01      37.0    471.7
2014  5 22   142   15 12  0     29.57    0.5279E-01      37.1    472.4
2014  5 22   142   15 13  0     29.42    0.4966E-01      35.0    473.2
2014  5 22   142   15 14  0     29.27    0.4443E-01      31.2    473.4
2014  5 22   142   15 15  0     29.11    0.4028E-01      28.2    474.8
2014  5 22   142   15 16  0     28.96    0.3724E-01      25.9    475.4
2014  5 22   142   15 17  0     28.81    0.3306E-01      22.6    473.4
2014  5 22   142   15 18  0     28.66    0.2940E-01      19.7    471.3
2014  5 22   142   15 19  0     28.51    0.2779E-01      18.1    466.9
2014  5 22   142   15 20  0     28.37    0.2803E-01      17.4    459.3
2014  5 22   142   15 21  0     28.22    0.2867E-01      17.1    450.5
2014  5 22   142   15 22  0     28.07    0.2824E-01      16.1    442.0
2014  5 22   142   15 23  0     27.92    0.2796E-01      15.3    435.0
2014  5 22   142   15 24  0     27.78    0.3073E-01      16.0    426.0
2014  5 22   142   15 25  0     27.64    0.3876E-01      19.4    415.9
2014  5 22   142   15 26  0     27.49    0.4914E-01      24.0    407.1
2014  5 22   142   15 27  0     27.35    0.5447E-01      26.4    401.8
2014  5 22   142   15 28  0     27.21    0.5363E-01      25.8    401.1
2014  5 22   142   15 29  0     27.07    0.5349E-01      25.7    402.7
2014  5 22   142   15 30  0     26.93    0.5744E-01      27.4    404.1
2014  5 22   142   15 31  0     26.79    0.6626E-01      31.3    404.0
2014  5 22   142   15 32  0     26.65    0.7755E-01      36.3    401.3
2014  5 22   142   15 33  0     26.51    0.8022E-01      37.2    398.5
2014  5 22   142   15 34  0     26.38    0.7864E-01      36.5    401.1
2014  5 22   142   15 35  0     26.24    0.8913E-01      41.3    403.0
2014  5 22   142   15 36  0     26.11    0.1042E+00      47.8    399.6
2014  5 22   142   15 37  0     25.97    0.1087E+00      49.4    398.0
2014  5 22   142   15 38  0     25.84    0.1132E+00      51.0    397.3
2014  5 22   142   15 39  0     25.71    0.1114E+00      49.5    395.2
2014  5 22   142   15 40  0     25.58    0.1072E+00      46.9    392.5
2014  5 22   142   15 41  0     25.45    0.1014E+00      44.0    390.3
2014  5 22   142   15 42  0     25.33    0.1011E+00      44.1    393.1
2014  5 22   142   15 43  0     25.20    0.1153E+00      50.4    393.9
2014  5 22   142   15 44  0     25.07    0.1330E+00      57.7    392.3
2014  5 22   142   15 45  0     24.95    0.1460E+00      62.5    388.7
2014  5 22   142   15 46  0     24.83    0.1443E+00      60.8    385.4
2014  5 22   142   15 47  0     24.70    0.1379E+00      58.0    385.2
2014  5 22   142   15 48  0     24.58    0.1280E+00      53.9    386.8
2014  5 22   142   15 49  0     24.46    0.1248E+00      52.6    387.0
2014  5 22   142   15 50  0     24.35    0.1135E+00      47.5    386.6
2014  5 22   142   15 51  0     24.23    0.1131E+00      47.6    390.7
2014  5 22   142   15 52  0     24.11    0.1191E+00      50.2    390.0
2014  5 22   142   15 53  0     24.00    0.1140E+00      47.9    390.5
2014  5 22   142   15 54  0     23.89    0.1053E+00      44.4    392.3
2014  5 22   142   15 55  0     23.77    0.9411E-01      39.7    393.9
2014  5 22   142   15 56  0     23.66    0.8579E-01      36.3    397.1
2014  5 22   142   15 57  0     23.56    0.8845E-01      37.7    398.4
2014  5 22   142   15 58  0     23.45    0.8673E-01      37.1    397.1
2014  5 22   142   15 59  0     23.34    0.7772E-01      33.4    400.3
2014  5 22   142   16  0  0     23.24    0.7274E-01      31.2    403.2
2014  5 22   142   16  1  0     23.13    0.7850E-01      33.4    404.9
2014  5 22   142   16  2  0     23.03    0.9915E-01      41.8    401.1
2014  5 22   142   16  3  0     22.93    0.1130E+00      47.0    395.2
2014  5 22   142   16  4  0     22.83    0.1142E+00      47.1    394.4
2014  5 22   142   16  5  0     22.74    0.1230E+00      50.6    394.0
2014  5 22   142   16  6  0     22.64    0.1275E+00      52.2    391.0
2014  5 22   142   16  7  0     22.55    0.1151E+00      47.0    389.4
2014  5 22   142   16  8  0     22.46    0.9485E-01      38.9    390.7
2014  5 22   142   16  9  0     22.36    0.7780E-01      32.3    395.2
2014  5 22   142   16 10  0     22.28    0.6889E-01      28.9    400.3
2014  5 22   142   16 11  0     22.19    0.6778E-01      28.5    403.7
2014  5 22   142   16 12  0     22.10    0.7252E-01      30.5    403.7
2014  5 22   142   16 13  0     22.02    0.7646E-01      32.0    401.9
2014  5 22   142   16 14  0     21.94    0.7889E-01      32.9    401.2
2014  5 22   142   16 15  0     21.86    0.7943E-01      32.9    400.8
2014  5 22   142   16 16  0     21.78    0.8363E-01      34.6    401.3
2014  5 22   142   16 17  0     21.70    0.9063E-01      37.3    400.7
2014  5 22   142   16 18  0     21.63    0.1011E+00      41.3    399.8
2014  5 22   142   16 19  0     21.55    0.1145E+00      46.4    398.1
2014  5 22   142   16 20  0     21.48    0.1221E+00      49.2    395.7
2014  5 22   142   16 21  0     21.41    0.1172E+00      47.2    394.1
2014  5 22   142   16 22  0     21.35    0.1045E+00      42.4    395.9
2014  5 22   142   16 23  0     21.28    0.9653E-01      39.5    399.5
2014  5 22   142   16 24  0     21.22    0.9499E-01      39.1    401.5
2014  5 22   142   16 25  0     21.16    0.9241E-01      38.1    402.2
2014  5 22   142   16 26  0     21.10    0.8971E-01      37.1    403.8
2014  5 22   142   16 27  0     21.04    0.8815E-01      36.5    403.2
2014  5 22   142   16 28  0     20.98    0.8489E-01      35.2    405.6
2014  5 22   142   16 29  0     20.93    0.8881E-01      36.9    407.6
2014  5 22   142   16 30  0     20.88    0.1003E+00      41.6    407.6
2014  5 22   142   16 31  0     20.83    0.1171E+00      48.3    405.5
2014  5 22   142   16 32  0     20.78    0.1273E+00      52.3    403.0
2014  5 22   142   16 33  0     20.73    0.1277E+00      52.5    402.9
2014  5 22   142   16 34  0     20.69    0.1305E+00      53.7    403.0
2014  5 22   142   16 35  0     20.65    0.1314E+00      54.4    405.0
2014  5 22   142   16 36  0     20.61    0.1250E+00      51.9    403.7
2014  5 22   142   16 37  0     20.57    0.1020E+00      42.6    405.3
2014  5 22   142   16 38  0     20.54    0.8287E-01      34.9    409.7
2014  5 22   142   16 39  0     20.50    0.7392E-01      31.4    412.1
2014  5 22   142   16 40  0     20.47    0.6611E-01      28.3    414.0
2014  5 22   142   16 41  0     20.45    0.5944E-01      25.6    415.2
2014  5 22   142   16 42  0     20.42    0.5410E-01      23.4    417.6
2014  5 22   142   16 43  0     20.40    0.5252E-01      22.7    418.4
2014  5 22   142   16 44  0     20.37    0.5422E-01      23.3    417.0
2014  5 22   142   16 45  0     20.35    0.5526E-01      23.6    416.0
2014  5 22   142   16 46  0     20.34    0.5707E-01      24.1    415.1
2014  5 22   142   16 47  0     20.32    0.6155E-01      25.8    412.3
2014  5 22   142   16 48  0     20.31    0.6786E-01      28.2    409.3
2014  5 22   142   16 49  0     20.30    0.7211E-01      29.8    407.9
2014  5 22   142   16 50  0     20.29    0.7519E-01      31.0    406.6
2014  5 22   142   16 51  0     20.28    0.7436E-01      30.7    406.2
2014  5 22   142   16 52  0     20.28    0.7049E-01      29.2    406.0
2014  5 22   142   16 53  0     20.28    0.6549E-01      27.2    406.8
2014  5 22   142   16 54  0     20.28    0.6053E-01      25.2    407.7
2014  5 22   142   16 55  0     20.28    0.5671E-01      23.7    409.2
2014  5 22   142   16 56  0     20.28    0.5550E-01      23.3    410.9
2014  5 22   142   16 57  0     20.29    0.5511E-01      23.1    411.1
2014  5 22   142   16 58  0     20.30    0.5393E-01      22.7    411.5
2014  5 22   142   16 59  0     20.31    0.5386E-01      22.7    412.8
2014  5 22   142   17  0  0     20.33    0.5340E-01      22.5    412.7
2014  5 22   142   17  1  0     20.34    0.5374E-01      22.6    412.1
2014  5 22   142   17  2  0     20.36    0.5320E-01      22.3    410.7
2014  5 22   142   17  3  0     20.38    0.5287E-01      22.2    411.5
2014  5 22   142   17  4  0     20.40    0.5513E-01      23.1    411.7
2014  5 22   142   17  5  0     20.43    0.5751E-01      24.1    410.3
2014  5 22   142   17  6  0     20.45    0.5769E-01      24.1    409.3
2014  5 22   142   17  7  0     20.48    0.5729E-01      24.0    409.4
2014  5 22   142   17  8  0     20.51    0.5380E-01      22.6    409.8
2014  5 22   142   17  9  0     20.55    0.5184E-01      21.9    412.2
2014  5 22   142   17 10  0     20.58    0.5183E-01      22.0    412.2
2014  5 22   142   17 11  0     20.62    0.5175E-01      22.0    412.7
2014  5 22   142   17 12  0     20.66    0.5206E-01      22.1    413.1
2014  5 22   142   17 13  0     20.70    0.5023E-01      21.4    412.1
2014  5 22   142   17 14  0     20.75    0.4744E-01      20.3    412.8
2014  5 22   142   17 15  0     20.79    0.4592E-01      19.7    414.4
2014  5 22   142   17 16  0     20.84    0.4519E-01      19.5    415.0
2014  5 22   142   17 17  0     20.89    0.4430E-01      19.2    415.9
2014  5 22   142   17 18  0     20.94    0.4345E-01      18.9    416.9
2014  5 22   142   17 19  0     21.00    0.4366E-01      19.1    418.0
2014  5 22   142   17 20  0     21.05    0.4278E-01      18.7    416.1
2014  5 22   142   17 21  0     21.11    0.4083E-01      17.9    416.9
2014  5 22   142   17 22  0     21.17    0.3890E-01      17.1    416.8
2014  5 22   142   17 23  0     21.23    0.3673E-01      16.1    416.5
2014  5 22   142   17 24  0     21.30    0.3621E-01      16.0    418.7
2014  5 22   142   17 25  0     21.36    0.3642E-01      16.1    418.3
2014  5 22   142   17 26  0     21.43    0.3707E-01      16.4    418.3
2014  5 22   142   17 27  0     21.50    0.3741E-01      16.6    418.8
2014  5 22   142   17 28  0     21.57    0.3736E-01      16.6    418.6
2014  5 22   142   17 29  0     21.65    0.3634E-01      16.2    418.4
2014  5 22   142   17 30  0     21.72    0.3493E-01      15.6    419.1
2014  5 22   142   17 31  0     21.80    0.3424E-01      15.4    419.8
2014  5 22   142   17 32  0     21.88    0.3408E-01      15.3    420.5
2014  5 22   142   17 33  0     21.96    0.3471E-01      15.6    420.5
2014  5 22   142   17 34  0     22.04    0.3538E-01      16.0    420.1
2014  5 22   142   17 35  0     22.13    0.3559E-01      16.1    420.1
2014  5 22   142   17 36  0     22.21    0.3549E-01      16.0    418.6
2014  5 22   142   17 37  0     22.30    0.3414E-01      15.5    418.8
2014  5 22   142   17 38  0     22.39    0.3342E-01      15.2    419.6
2014  5 22   142   17 39  0     22.48    0.3402E-01      15.4    419.0
2014  5 22   142   17 40  0     22.57    0.3459E-01      15.7    419.0
2014  5 22   142   17 41  0     22.67    0.3540E-01      16.1    418.1
2014  5 22   142   17 42  0     22.76    0.3552E-01      16.1    417.1
2014  5 22   142   17 43  0     22.86    0.3458E-01      15.7    417.6
2014  5 22   142   17 44  0     22.96    0.3512E-01      16.0    417.4
2014  5 22   142   17 45  0     23.06    0.3462E-01      15.8    417.1
2014  5 22   142   17 46  0     23.16    0.3635E-01      16.6    418.0
2014  5 22   142   17 47  0     23.26    0.3855E-01      17.6    416.3
2014  5 22   142   17 48  0     23.37    0.3939E-01      18.0    414.7
2014  5 22   142   17 49  0     23.48    0.3908E-01      17.9    415.1
2014  5 22   142   17 50  0     23.58    0.3838E-01      17.7    415.4
2014  5 22   142   17 51  0     23.69    0.3709E-01      17.2    415.3
2014  5 22   142   17 52  0     23.80    0.3602E-01      16.8    416.5
2014  5 22   142   17 53  0     23.92    0.3683E-01      17.2    417.9
2014  5 22   142   17 54  0     24.03    0.3920E-01      18.3    416.7
2014  5 22   142   17 55  0     24.14    0.4112E-01      19.1    415.5
2014  5 22   142   17 56  0     24.26    0.4393E-01      20.4    414.6
2014  5 22   142   17 57  0     24.38    0.4816E-01      22.3    412.5
2014  5 22   142   17 58  0     24.50    0.5337E-01      24.6    411.5
2014  5 22   142   17 59  0     24.62    0.6021E-01      27.6    409.5
2014  5 22   142   18  0  0     24.74    0.6595E-01      30.0    406.4
2014  5 22   142   18  1  0     24.86    0.7058E-01      31.9    404.1
2014  5 22   142   18  2  0     24.98    0.7379E-01      33.3    402.4
2014  5 22   142   18  3  0     25.11    0.7581E-01      34.2    401.6
2014  5 22   142   18  4  0     25.23    0.7910E-01      35.8    401.3
2014  5 22   142   18  5  0     25.36    0.8373E-01      37.9    400.7
2014  5 22   142   18  6  0     25.49    0.8651E-01      39.2    399.4
2014  5 22   142   18  7  0     25.62    0.8745E-01      39.8    399.4
2014  5 22   142   18  8  0     25.75    0.8710E-01      39.7    398.7
2014  5 22   142   18  9  0     25.88    0.8741E-01      39.9    399.0
2014  5 22   142   18 10  0     26.01    0.8815E-01      40.4    398.5
2014  5 22   142   18 11  0     26.14    0.8595E-01      39.6    398.3
2014  5 22   142   18 12  0     26.28    0.8379E-01      38.8    399.1
2014  5 22   142   18 13  0     26.41    0.8339E-01      38.7    399.2
2014  5 22   142   18 14  0     26.55    0.8566E-01      39.8    399.4
2014  5 22   142   18 15  0     26.69    0.9014E-01      41.8    398.6
2014  5 22   142   18 16  0     26.82    0.9384E-01      43.5    396.8
2014  5 22   142   18 17  0     26.96    0.9769E-01      45.2    395.5
2014  5 22   142   18 18  0     27.10    0.9555E-01      44.1    393.1
2014  5 22   142   18 19  0     27.25    0.8768E-01      40.7    392.7
2014  5 22   142   18 20  0     27.39    0.8087E-01      37.8    393.9
2014  5 22   142   18 21  0     27.53    0.7659E-01      36.2    396.7
2014  5 22   142   18 22  0     27.67    0.7929E-01      37.9    399.2
2014  5 22   142   18 23  0     27.82    0.8809E-01      42.2    398.4
2014  5 22   142   18 24  0     27.96    0.9866E-01      47.1    396.5
2014  5 22   142   18 25  0     28.11    0.1091E+00      51.8    393.6
2014  5 22   142   18 26  0     28.26    0.1125E+00      53.3    391.2
2014  5 22   142   18 27  0     28.40    0.1079E+00      51.1    390.4
2014  5 22   142   18 28  0     28.55    0.1010E+00      48.1    390.6
2014  5 22   142   18 29  0     28.70    0.9292E-01      44.5    390.4
2014  5 22   142   18 30  0     28.85    0.8351E-01      40.2    390.2
2014  5 22   142   18 31  0     29.00    0.7232E-01      35.1    390.8
2014  5 22   142   18 32  0     29.15    0.6377E-01      31.4    393.4
2014  5 22   142   18 33  0     29.31    0.5984E-01      29.8    394.8
2014  5 22   142   18 34  0     29.46    0.5889E-01      29.5    395.8
2014  5 22   142   18 35  0     29.61    0.5968E-01      30.0    395.6
2014  5 22   142   18 36  0     29.77    0.6177E-01      31.2    395.4
2014  5 22   142   18 37  0     29.92    0.6403E-01      32.4    395.0
2014  5 22   142   18 38  0     30.08    0.6416E-01      32.6    394.2
2014  5 22   142   18 39  0     30.23    0.6535E-01      33.4    394.5
2014  5 22   142   18 40  0     30.39    0.6461E-01      33.2    394.2
2014  5 22   142   18 41  0     30.55    0.6132E-01      31.6    395.1
2014  5 22   142   18 42  0     30.71    0.5817E-01      30.2    397.8
2014  5 22   142   18 43  0     30.87    0.5817E-01      30.6    399.5
2014  5 22   142   18 44  0     31.03    0.5713E-01      30.4    400.4
2014  5 22   142   18 45  0     31.19    0.5413E-01      29.2    401.0
2014  5 22   142   18 46  0     31.35    0.4713E-01      25.8    404.3
2014  5 22   142   18 47  0     31.51    0.4240E-01      23.7    409.1
2014  5 22   142   18 48  0     31.67    0.3993E-01      22.8    413.0
2014  5 22   142   18 49  0     31.83    0.4532E-01      26.4    416.0
2014  5 22   142   18 50  0     32.00    0.5565E-01      32.4    409.4
2014  5 22   142   18 51  0     32.16    0.6087E-01      35.3    405.9
2014  5 22   142   18 52  0     32.32    0.6473E-01      37.1    401.5
2014  5 22   142   18 53  0     32.49    0.6580E-01      37.3    398.1
2014  5 22   142   18 54  0     32.65    0.6643E-01      37.5    395.5
2014  5 22   142   18 55  0     32.82    0.6556E-01      36.8    393.4
2014  5 22   142   18 56  0     32.98    0.6228E-01      35.1    392.8
2014  5 22   142   18 57  0     33.15    0.5887E-01      33.4    393.0
2014  5 22   142   18 58  0     33.32    0.5653E-01      32.3    394.1
2014  5 22   142   18 59  0     33.48    0.5698E-01      32.8    394.5
2014  5 22   142   19  0  0     33.65    0.5846E-01      33.8    393.4
2014  5 22   142   19  1  0     33.82    0.5823E-01      33.9    393.1
2014  5 22   142   19  2  0     33.99    0.5735E-01      33.7    393.6
2014  5 22   142   19  3  0     34.16    0.5404E-01      32.1    394.7
2014  5 22   142   19  4  0     34.33    0.5010E-01      30.2    396.1
2014  5 22   142   19  5  0     34.50    0.4906E-01      30.0    398.7
2014  5 22   142   19  6  0     34.67    0.5123E-01      31.7    400.4
2014  5 22   142   19  7  0     34.84    0.5372E-01      33.5    399.6
2014  5 22   142   19  8  0     35.01    0.5686E-01      35.6    399.4
2014  5 22   142   19  9  0     35.18    0.6422E-01      40.2    398.3
2014  5 22   142   19 10  0     35.35    0.7219E-01      45.1    395.4
2014  5 22   142   19 11  0     35.53    0.7404E-01      46.1    392.0
2014  5 22   142   19 12  0     35.70    0.6933E-01      43.4    391.5
2014  5 22   142   19 13  0     35.87    0.6270E-01      39.7    392.2
2014  5 22   142   19 14  0     36.05    0.5647E-01      36.3    393.9
2014  5 22   142   19 15  0     36.22    0.5304E-01      34.7    395.8
2014  5 22   142   19 16  0     36.39    0.4959E-01      32.8    396.7
2014  5 22   142   19 17  0     36.57    0.4593E-01      30.7    397.9
2014  5 22   142   19 18  0     36.74    0.4209E-01      28.4    398.3
2014  5 22   142   19 19  0     36.92    0.3918E-01      26.8    401.4
2014  5 22   142   19 20  0     37.09    0.3763E-01      26.0    402.8
2014  5 22   142   19 21  0     37.27    0.3802E-01      26.5    404.7
2014  5 22   142   19 22  0     37.45    0.3954E-01      27.9    405.7
2014  5 22   142   19 23  0     37.62    0.4117E-01      29.6    406.6
2014  5 22   142   19 24  0     37.80    0.4181E-01      30.4    406.6
2014  5 22   142   19 25  0     37.97    0.4151E-01      30.5    407.1
2014  5 22   142   19 26  0     38.15    0.4366E-01      32.4    407.9
2014  5 22   142   19 27  0     38.33    0.4649E-01      34.6    406.5
2014  5 22   142   19 28  0     38.51    0.4741E-01      35.3    404.6
2014  5 22   142   19 29  0     38.69    0.4669E-01      34.9    403.6
2014  5 22   142   19 30  0     38.86    0.4455E-01      33.5    403.3
2014  5 22   142   19 31  0     39.04    0.4339E-01      32.9    404.5
2014  5 22   142   19 32  0     39.22    0.4442E-01      34.0    405.5
2014  5 22   142   19 33  0     39.40    0.4841E-01      37.2    404.2
2014  5 22   142   19 34  0     39.58    0.5391E-01      41.5    403.3
2014  5 22   142   19 35  0     39.76    0.5990E-01      46.3    401.7
2014  5 22   142   19 36  0     39.94    0.6633E-01      51.4    399.9
2014  5 22   142   19 37  0     40.12    0.6738E-01      52.1    396.6
2014  5 22   142   19 38  0     40.30    0.6276E-01      48.6    395.4
2014  5 22   142   19 39  0     40.48    0.5430E-01      42.4    395.2
2014  5 22   142   19 40  0     40.66    0.4597E-01      36.5    397.6
2014  5 22   142   19 41  0     40.84    0.4017E-01      32.6    401.7
2014  5 22   142   19 42  0     41.02    0.3752E-01      31.2    405.8
2014  5 22   142   19 43  0     41.21    0.3703E-01      31.5    409.2
2014  5 22   142   19 44  0     41.39    0.3837E-01      33.1    410.4
2014  5 22   142   19 45  0     41.57    0.4064E-01      35.5    411.0
2014  5 22   142   19 46  0     41.75    0.4284E-01      37.8    410.6
2014  5 22   142   19 47  0     41.93    0.4525E-01      40.4    410.5
2014  5 22   142   19 48  0     42.12    0.4657E-01      42.0    410.0
2014  5 22   142   19 49  0     42.30    0.4569E-01      41.6    410.0
2014  5 22   142   19 50  0     42.48    0.4409E-01      40.9    411.7
2014  5 22   142   19 51  0     42.67    0.4277E-01      40.6    414.5
2014  5 22   142   19 52  0     42.85    0.4315E-01      41.9    417.4
2014  5 22   142   19 53  0     43.03    0.4465E-01      44.2    418.6
2014  5 22   142   19 54  0     43.22    0.4563E-01      46.1    420.2
2014  5 22   142   19 55  0     43.40    0.4538E-01      46.8    421.3
2014  5 22   142   19 56  0     43.58    0.4245E-01      44.8    423.4
2014  5 22   142   19 57  0     43.77    0.4078E-01      44.1    427.1
2014  5 22   142   19 58  0     43.95    0.4141E-01      45.6    428.2
2014  5 22   142   19 59  0     44.14    0.3967E-01      44.5    428.6
2014  5 22   142   20  0  0     44.32    0.3654E-01      41.6    429.0
2014  5 22   142   20  1  0     44.51    0.3415E-01      39.3    429.4
2014  5 22   142   20  2  0     44.69    0.3228E-01      37.4    428.4
2014  5 22   142   20  3  0     44.88    0.3133E-01      36.5    427.8
2014  5 22   142   20  4  0     45.06    0.3215E-01      37.4    425.5
2014  5 22   142   20  5  0     45.25    0.3374E-01      39.1    421.9
2014  5 22   142   20  6  0     45.43    0.3534E-01      40.8    419.0
2014  5 22   142   20  7  0     45.62    0.3577E-01      41.3    416.3
2014  5 22   142   20  8  0     45.80    0.3519E-01      40.8    414.6
2014  5 22   142   20  9  0     45.99    0.3412E-01      40.0    414.3
2014  5 22   142   20 10  0     46.17    0.3351E-01      39.8    414.3
2014  5 22   142   20 11  0     46.36    0.3228E-01      38.7    414.1
2014  5 22   142   20 12  0     46.55    0.3091E-01      37.4    413.2
2014  5 22   142   20 13  0     46.73    0.2949E-01      36.0    413.1
2014  5 22   142   20 14  0     46.92    0.2809E-01      34.8    413.8
2014  5 22   142   20 15  0     47.11    0.2777E-01      34.8    414.7
2014  5 22   142   20 16  0     47.29    0.2937E-01      37.3    415.0
2014  5 22   142   20 17  0     47.48    0.3171E-01      40.6    414.1
2014  5 22   142   20 18  0     47.67    0.3243E-01      41.8    412.2
2014  5 22   142   20 19  0     47.85    0.3123E-01      40.6    411.0
2014  5 22   142   20 20  0     48.04    0.2982E-01      39.2    411.0
2014  5 22   142   20 21  0     48.23    0.2917E-01      38.9    411.8
2014  5 22   142   20 22  0     48.41    0.2948E-01      39.8    412.1
2014  5 22   142   20 23  0     48.60    0.3037E-01      41.5    411.8
2014  5 22   142   20 24  0     48.79    0.3094E-01      42.8    410.8
2014  5 22   142   20 25  0     48.98    0.2963E-01      41.4    409.9
2014  5 22   142   20 26  0     49.16    0.2643E-01      37.5    410.4
2014  5 22   142   20 27  0     49.35    0.2300E-01      33.3    412.2
2014  5 22   142   20 28  0     49.54    0.2071E-01      30.7    415.9
2014  5 22   142   20 29  0     49.73    0.1992E-01      30.4    419.5
2014  5 22   142   20 30  0     49.92    0.1908E-01      29.9    422.7
2014  5 22   142   20 31  0     50.10    0.1800E-01      29.2    426.6
2014  5 22   142   20 32  0     50.29    0.1702E-01      28.5    430.1
2014  5 22   142   20 33  0     50.48    0.1618E-01      27.8    433.6
2014  5 22   142   20 34  0     50.67    0.1570E-01      27.8    436.5
2014  5 22   142   20 35  0     50.86    0.1558E-01      28.3    438.7
2014  5 22   142   20 36  0     51.04    0.1525E-01      28.3    439.5
2014  5 22   142   20 37  0     51.23    0.1470E-01      27.9    441.1
2014  5 22   142   20 38  0     51.42    0.1425E-01      27.5    441.4
2014  5 22   142   20 39  0     51.61    0.1351E-01      26.3    440.8
2014  5 22   142   20 40  0     51.80    0.1272E-01      25.0    439.5
2014  5 22   142   20 41  0     51.99    0.1233E-01      24.3    437.6
2014  5 22   142   20 42  0     52.18    0.1238E-01      24.4    433.9
2014  5 22   142   20 43  0     52.36    0.1272E-01      24.8    429.3
2014  5 22   142   20 44  0     52.55    0.1370E-01      26.5    424.2
2014  5 22   142   20 45  0     52.74    0.1524E-01      29.3    418.2
2014  5 22   142   20 46  0     52.93    0.1684E-01      31.9    412.2
2014  5 22   142   20 47  0     53.12    0.1853E-01      34.9    407.6
2014  5 22   142   20 48  0     53.31    0.2100E-01      39.4    403.8
2014  5 22   142   20 49  0     53.50    0.2411E-01      45.3    400.9
2014  5 22   142   20 50  0     53.69    0.2773E-01      52.5    399.2
2014  5 22   142   20 51  0     53.88    0.3146E-01      60.4    397.0
2014  5 22   142   20 52  0     54.06    0.3220E-01      62.4    395.7
2014  5 22   142   20 53  0     54.25    0.3284E-01      64.6    395.3
2014  5 22   142   20 54  0     54.44    0.3305E-01      66.0    394.5
2014  5 22   142   20 55  0     54.63    0.3219E-01      65.3    393.8
2014  5 22   142   20 56  0     54.82    0.3085E-01      63.8    394.6
2014  5 22   142   20 57  0     55.01    0.2922E-01      61.7    395.7
2014  5 22   142   20 58  0     55.20    0.2699E-01      58.4    397.1
2014  5 22   142   20 59  0     55.39    0.2521E-01      56.1    399.7
2014  5 22   142   21  0  0     55.58    0.2450E-01      55.8    400.9
2014  5 22   142   21  1  0     55.77    0.2395E-01      55.7    401.4
2014  5 22   142   21  2  0     55.96    0.2294E-01      54.3    400.9
2014  5 22   142   21  3  0     56.15    0.2194E-01      52.9    401.2
2014  5 22   142   21  4  0     56.33    0.2259E-01      55.6    400.5
2014  5 22   142   21  5  0     56.52    0.2313E-01      57.6    397.8
2014  5 22   142   21  6  0     56.71    0.2481E-01      62.7    397.2
2014  5 22   142   21  7  0     56.90    0.2776E-01      71.1    394.3
2014  5 22   142   21  8  0     57.09    0.2851E-01      73.5    391.1
2014  5 22   142   21  9  0     57.28    0.2647E-01      67.2    386.5
2014  5 22   142   21 10  0     57.47    0.2439E-01      61.8    384.3
2014  5 22   142   21 11  0     57.66    0.2289E-01      59.2    385.3
2014  5 22   142   21 12  0     57.85    0.2300E-01      60.8    384.9
2014  5 22   142   21 13  0     58.04    0.2274E-01      60.2    383.4
2014  5 22   142   21 14  0     58.23    0.2265E-01      60.5    382.2
2014  5 22   142   21 15  0     58.42    0.2379E-01      65.8    384.5
2014  5 22   142   21 16  0     58.61    0.2704E-01      76.8    383.9
2014  5 22   142   21 17  0     58.80    0.2864E-01      81.3    381.4
2014  5 22   142   21 18  0     58.99    0.2730E-01      76.0    375.2
2014  5 22   142   21 19  0     59.17    0.2429E-01      67.5    375.4
2014  5 22   142   21 20  0     59.36    0.2402E-01      69.2    375.9
2014  5 22   142   21 21  0     59.55    0.2154E-01      61.2    373.8
2014  5 22   142   21 22  0     59.74    0.1999E-01      57.5    373.9
2014  5 22   142   21 23  0     59.93    0.1823E-01      53.4    374.0
2014  5 22   142   21 24  0     60.12    0.1629E-01      48.2    373.4
2014  5 22   142   21 25  0     60.31    0.1501E-01      45.5    374.7
2014  5 22   142   21 26  0     60.50    0.1395E-01      43.2    375.3
2014  5 22   142   21 27  0     60.69    0.1279E-01      40.7    376.8
2014  5 22   142   21 28  0     60.88    0.1190E-01      38.8    377.8
2014  5 22   142   21 29  0     61.07    0.1087E-01      35.9    376.8
2014  5 22   142   21 30  0     61.26    0.9594E-02      32.0    377.5
2014  5 22   142   21 31  0     61.44    0.8835E-02      30.1    380.7
2014  5 22   142   21 32  0     61.63    0.8688E-02      30.9    385.1
2014  5 22   142   21 33  0     61.82    0.8844E-02      33.4    390.1
2014  5 22   142   21 34  0     62.01    0.9193E-02      36.7    394.8
2014  5 22   142   21 35  0     62.20    0.9345E-02      39.3    398.5
2014  5 22   142   21 36  0     62.39    0.8894E-02      39.2    402.1
2014  5 22   142   21 37  0     62.58    0.8192E-02      37.7    406.5
2014  5 22   142   21 38  0     62.77    0.7549E-02      36.2    411.4
2014  5 22   142   21 39  0     62.96    0.7049E-02      35.1    414.6
2014  5 22   142   21 40  0     63.14    0.6637E-02      34.2    417.2
2014  5 22   142   21 41  0     63.33    0.6247E-02      33.1    419.5
2014  5 22   142   21 42  0     63.52    0.5876E-02      32.2    421.9
2014  5 22   142   21 43  0     63.71    0.5580E-02      31.7    424.6
2014  5 22   142   21 44  0     63.90    0.5178E-02      30.6    428.6
2014  5 22   142   21 45  0     64.09    0.4694E-02      29.0    433.9
2014  5 22   142   21 46  0     64.28    0.4328E-02      28.1    440.6
2014  5 22   142   21 47  0     64.46    0.4109E-02      28.2    447.0
2014  5 22   142   21 48  0     64.65    0.3984E-02      28.6    452.6
2014  5 22   142   21 49  0     64.84    0.3831E-02      28.8    457.0
2014  5 22   142   21 50  0     65.03    0.3590E-02      28.1    459.8
2014  5 22   142   21 51  0     65.22    0.3211E-02      25.4    461.0
2014  5 22   142   21 52  0     65.41    0.2682E-02      21.4    462.9
2014  5 22   142   21 53  0     65.59    0.2346E-02      18.7    465.2
2014  5 22   142   21 54  0     65.78    0.2254E-02      18.2    466.2
2014  5 22   142   21 55  0     65.97    0.2398E-02      20.3    467.2
2014  5 22   142   21 56  0     66.16    0.2680E-02      23.7    465.9
2014  5 22   142   21 57  0     66.35    0.2795E-02      25.5    464.0
2014  5 22   142   21 58  0     66.53    0.2744E-02      25.6    462.6
2014  5 22   142   21 59  0     66.72    0.2608E-02      24.5    461.5
2014  5 22   142   22  0  0     66.91    0.2423E-02      22.8    459.8
2014  5 22   142   22  1  0     67.10    0.2276E-02      21.4    458.9
2014  5 22   142   22  2  0     67.28    0.2180E-02      20.9    458.6
2014  5 22   142   22  3  0     67.47    0.2144E-02      21.1    458.2
2014  5 22   142   22  4  0     67.66    0.2141E-02      21.2    458.3
2014  5 22   142   22  5  0     67.85    0.2087E-02      21.3    458.4
2014  5 22   142   22  6  0     68.03    0.2036E-02      21.2    459.1
2014  5 22   142   22  7  0     68.22    0.1980E-02      21.3    459.3
2014  5 22   142   22  8  0     68.41    0.1934E-02      21.3    459.3
2014  5 22   142   22  9  0     68.59    0.1829E-02      20.7    460.5
2014  5 22   142   22 10  0     68.78    0.1737E-02      19.8    461.5
2014  5 22   142   22 11  0     68.97    0.1631E-02      18.7    461.9
2014  5 22   142   22 12  0     69.15    0.1504E-02      17.2    461.7
2014  5 22   142   22 13  0     69.34    0.1323E-02      14.3    460.0
2014  5 22   142   22 14  0     69.53    0.1077E-02      10.4    456.5
2014  5 22   142   22 15  0     69.71    0.9021E-03       7.4    454.3
2014  5 22   142   22 16  0     69.90    0.8059E-03       6.2    454.4
2014  5 22   142   22 17  0     70.09    0.7894E-03       5.8    455.3
2014  5 22   142   22 18  0     70.27    0.7653E-03       5.9    457.3
2014  5 22   142   22 19  0     70.46    0.7616E-03       6.1    461.7
2014  5 22   142   22 20  0     70.64    0.7894E-03       6.6    466.7
2014  5 22   142   22 21  0     70.83    0.7712E-03       6.7    469.4
2014  5 22   142   22 22  0     71.02    0.7267E-03       6.0    467.8
2014  5 22   142   22 23  0     71.20    0.6870E-03       5.0    462.8
2014  5 22   142   22 24  0     71.39    0.6578E-03       4.3    461.9
2014  5 22   142   22 25  0     71.57    0.6373E-03       4.3    462.5
2014  5 22   142   22 26  0     71.76    0.6485E-03       4.6    464.7
2014  5 22   142   22 27  0     71.94    0.6270E-03       4.4    457.9
2014  5 22   142   22 28  0     72.13    0.6047E-03       3.6    446.6
2014  5 22   142   22 29  0     72.31    0.5776E-03       3.0    433.6
2014  5 22   142   22 30  0     72.50    0.5754E-03       2.6    425.8
2014  5 22   142   22 31  0     72.68    0.5811E-03       2.5    419.0
2014  5 22   142   22 32  0     72.87    0.5691E-03       2.4    415.9
2014  5 22   142   22 33  0     73.05    0.5683E-03       2.4    414.7
2014  5 22   142   22 34  0     73.24    0.5576E-03       2.5    416.7
2014  5 22   142   22 35  0     73.42    0.5533E-03       2.7    417.3
2014  5 22   142   22 36  0     73.61    0.5617E-03       2.8    413.9
2014  5 22   142   22 37  0     73.79    0.5742E-03       2.9    412.1
2014  5 22   142   22 38  0     73.98    0.5836E-03       3.4    414.8
2014  5 22   142   22 39  0     74.16    0.5982E-03       4.6    423.4
2014  5 22   142   22 40  0     74.34    0.6546E-03       7.3    430.0
2014  5 22   142   22 41  0     74.53    0.7857E-03      12.5    431.1
2014  5 22   142   22 42  0     74.71    0.9766E-03      18.8    424.0
2014  5 22   142   22 43  0     74.89    0.1093E-02      23.2    415.8
2014  5 22   142   22 44  0     75.08    0.1268E-02      29.3    408.3
2014  5 22   142   22 45  0     75.26    0.1599E-02      40.2    399.1
2014  5 22   142   22 46  0     75.44    0.1982E-02      52.2    388.7
2014  5 22   142   22 47  0     75.63    0.2266E-02      60.8    380.4
2014  5 22   142   22 48  0     75.81    0.2394E-02      65.0    374.7
2014  5 22   142   22 49  0     75.99    0.2326E-02      63.0    370.3
2014  5 22   142   22 50  0     76.18    0.1902E-02      49.8    367.2
2014  5 22   142   22 51  0     76.36    0.1406E-02      32.7    365.1
2014  5 22   142   22 52  0     76.54    0.1134E-02      23.0    361.2
2014  5 22   142   22 53  0     76.72    0.9668E-03      18.4    359.1
2014  5 22   142   22 54  0     76.91    0.9532E-03      17.9    360.0
2014  5 22   142   22 55  0     77.09    0.1039E-02      22.2    362.4
2014  5 22   142   22 56  0     77.27    0.1265E-02      32.4    363.9
2014  5 22   142   22 57  0     77.45    0.1655E-02      49.8    362.8
2014  5 22   142   22 58  0     77.63    0.1968E-02      65.2    359.1
2014  5 22   142   22 59  0     77.81    0.2084E-02      71.6    356.5
2014  5 22   142   23  0  0     78.00    0.2062E-02      72.6    355.3
2014  5 22   142   23  1  0     78.18    0.1919E-02      70.2    356.1
2014  5 22   142   23  2  0     78.36    0.1853E-02      70.5    358.4
2014  5 22   142   23  3  0     78.54    0.1837E-02      73.3    358.6
2014  5 22   142   23  4  0     78.72    0.1851E-02      76.1    358.0
2014  5 22   142   23  5  0     78.90    0.1798E-02      76.1    357.8
2014  5 22   142   23  6  0     79.08    0.1763E-02      76.4    357.6
2014  5 22   142   23  7  0     79.26    0.1695E-02      76.1    357.8
2014  5 22   142   23  8  0     79.44    0.1625E-02      76.6    359.7
2014  5 22   142   23  9  0     79.62    0.1603E-02      80.1    361.6
2014  5 22   142   23 10  0     79.80    0.1583E-02      83.9    363.0
2014  5 22   142   23 11  0     79.98    0.1537E-02      88.0    366.0
2014  5 22   142   23 12  0     80.16    0.1560E-02      94.0    367.6
2014  5 22   142   23 13  0     80.34    0.1582E-02     101.4    368.0
2014  5 22   142   23 14  0     80.52    0.1658E-02     108.2    366.2
2014  5 22   142   23 15  0     80.70    0.1724E-02     116.3    362.6
2014  5 22   142   23 16  0     80.87    0.1735E-02     121.9    359.9
2014  5 22   142   23 17  0     81.05    0.1730E-02     123.8    357.2
2014  5 22   142   23 18  0     81.23    0.1717E-02     124.0    354.3
2014  5 22   142   23 19  0     81.41    0.1683E-02     123.9    352.2
2014  5 22   142   23 20  0     81.59    0.1652E-02     124.1    351.1
2014  5 22   142   23 21  0     81.77    0.1600E-02     124.1    350.8
2014  5 22   142   23 22  0     81.94    0.1496E-02     118.1    348.9
2014  5 22   142   23 23  0     82.12    0.1330E-02     101.2    347.6
2014  5 22   142   23 24  0     82.30    0.1146E-02      81.0    344.4
2014  5 22   142   23 25  0     82.48    0.1032E-02      69.4    340.7
2014  5 22   142   23 26  0     82.65    0.1004E-02      67.1    339.1
2014  5 22   142   23 27  0     82.83    0.9650E-03      63.7    336.3
2014  5 22   142   23 28  0     83.01    0.8707E-03      55.2    333.5
2014  5 22   142   23 29  0     83.18    0.8158E-03      48.9    332.0
2014  5 22   142   23 30  0     83.36    0.7550E-03      44.4    329.1
2014  5 22   142   23 31  0     83.54    0.7379E-03      41.6    325.9
2014  5 22   142   23 32  0     83.71    0.7381E-03      41.7    325.0
2014  5 22   142   23 33  0     83.89    0.7297E-03      44.3    324.1
2014  5 22   142   23 34  0     84.06    0.7421E-03      47.2    324.0
2014  5 22   142   23 35  0     84.24    0.7704E-03      49.8    323.1
2014  5 22   142   23 36  0     84.41    0.7631E-03      51.1    320.5
2014  5 22   142   23 37  0     84.59    0.7492E-03      49.8    316.3
2014  5 22   142   23 38  0     84.76    0.7122E-03      48.9    313.0
2014  5 22   142   23 39  0     84.94    0.6995E-03      45.5    307.0
2014  5 22   142   23 40  0     85.11    0.6940E-03      42.0    299.8
2014  5 22   142   23 41  0     85.29    0.6521E-03      39.1    292.7
2014  5 22   142   23 42  0     85.46    0.6564E-03      37.7    285.9
2014  5 22   142   23 43  0     85.63    0.6226E-03      38.2    279.7
2014  5 22   142   23 44  0     85.81    0.6360E-03      39.7    275.5
2014  5 22   142   23 45  0     85.98    0.6384E-03      42.3    271.5
2014  5 22   142   23 46  0     86.15    0.6339E-03      41.0    263.2
2014  5 22   142   23 47  0     86.33    0.6056E-03      35.4    247.2
2014  5 22   142   23 48  0     86.50    0.5889E-03      30.9    230.6
2014  5 22   142   23 49  0     86.67    0.5870E-03      29.6    221.1
2014  5 22   142   23 50  0     86.84    0.5761E-03      29.4    210.7
2014  5 22   142   23 51  0     87.02    0.5872E-03      30.1    203.3
2014  5 22   142   23 52  0     87.19    0.5779E-03      32.0    200.7
2014  5 22   142   23 53  0     87.36    0.5813E-03      33.4    195.0
2014  5 22   142   23 54  0     87.53    0.5739E-03      33.5    184.2
2014  5 22   142   23 55  0     87.70    0.5623E-03      31.0    168.8
2014  5 22   142   23 56  0     87.87    0.5557E-03      27.8    148.8
2014  5 22   142   23 57  0     88.04    0.5433E-03      25.7    135.9
2014  5 22   142   23 58  0     88.21    0.5494E-03      24.2    123.4
2014  5 22   142   23 59  0     88.38    0.5516E-03      23.0    114.3
