                            NILUUV 115

Uvpro Version 2.0
Latitude :   40.74 (North)
Longitude:  -74.03  (West)
Calibration file: cf100603a.115
Height above sea level:     0.0  m
CLT derived from channel 4
CLT scale factor used:   1.0
Ozone derived from channel pair ch3/ch2
Ozone scale factor used:   1.0
Drift factors ch1-ch6:   0.513  0.541  0.600  0.651  0.505  0.866
Ozone profile climatology: Mid  Latitude
Dose type:    CLW    Caldwell Plant 1971           

yyyy mm dd   jul   hh mm ss      SZA     dose rate       clt     Ozone
                              [degrees]   [W/m^2]        [%]     [DU]
2014  5 26   146    0  0  0     88.13    0.8909E-03     113.1    191.9
2014  5 26   146    0  1  0     88.30    0.8904E-03     113.4    183.8
2014  5 26   146    0  2  0     88.47    0.8748E-03     113.3    174.6
2014  5 26   146    0  3  0     88.64    0.8620E-03     113.2    163.5
2014  5 26   146    0  4  0     88.80    0.8387E-03     113.2    151.8
2014  5 26   146    0  5  0     88.97    0.8335E-03     113.2    139.7
2014  5 26   146    0  6  0     89.14    0.8353E-03     112.4    134.1
2014  5 26   146    0  7  0     89.31    0.8252E-03     111.8    128.1
2014  5 26   146    0  8  0     89.48    0.8093E-03     111.4    119.8
2014  5 26   146    0  9  0     89.64    0.7924E-03     111.0    114.7
2014  5 26   146    0 10  0     89.81    0.7952E-03     110.9    109.4
2014  5 26   146    0 11  0     89.98    0.7643E-03     111.1    103.6
2014  5 26   146    9 36  0     89.97    0.5635E-03      24.8     53.4
2014  5 26   146    9 37  0     89.81    0.5692E-03      25.5     59.9
2014  5 26   146    9 38  0     89.64    0.5890E-03      26.6     67.7
2014  5 26   146    9 39  0     89.47    0.5915E-03      28.1     75.2
2014  5 26   146    9 40  0     89.30    0.6070E-03      29.6     82.9
2014  5 26   146    9 41  0     89.14    0.5918E-03      30.9     90.4
2014  5 26   146    9 42  0     88.97    0.6098E-03      31.9     97.7
2014  5 26   146    9 43  0     88.80    0.6210E-03      31.8    103.5
2014  5 26   146    9 44  0     88.63    0.6134E-03      31.1    109.2
2014  5 26   146    9 45  0     88.46    0.6135E-03      30.2    114.2
2014  5 26   146    9 46  0     88.29    0.6112E-03      29.6    119.7
2014  5 26   146    9 47  0     88.12    0.6271E-03      30.0    127.3
2014  5 26   146    9 48  0     87.95    0.6119E-03      31.6    139.1
2014  5 26   146    9 49  0     87.78    0.6214E-03      34.5    154.5
2014  5 26   146    9 50  0     87.61    0.6429E-03      38.5    173.4
2014  5 26   146    9 51  0     87.44    0.6519E-03      43.2    189.3
2014  5 26   146    9 52  0     87.27    0.6789E-03      48.2    202.6
2014  5 26   146    9 53  0     87.10    0.6839E-03      53.4    216.8
2014  5 26   146    9 54  0     86.93    0.7128E-03      58.1    226.5
2014  5 26   146    9 55  0     86.76    0.7384E-03      61.8    237.3
2014  5 26   146    9 56  0     86.59    0.7780E-03      64.6    247.2
2014  5 26   146    9 57  0     86.42    0.7767E-03      66.5    257.1
2014  5 26   146    9 58  0     86.25    0.7788E-03      67.6    264.5
2014  5 26   146    9 59  0     86.07    0.7831E-03      68.1    271.1
2014  5 26   146   10  0  0     85.90    0.8004E-03      67.7    276.8
2014  5 26   146   10  1  0     85.73    0.8034E-03      66.7    283.6
2014  5 26   146   10  2  0     85.56    0.7939E-03      65.5    291.0
2014  5 26   146   10  3  0     85.38    0.8141E-03      64.4    295.8
2014  5 26   146   10  4  0     85.21    0.8130E-03      63.7    299.6
2014  5 26   146   10  5  0     85.04    0.8232E-03      63.6    304.2
2014  5 26   146   10  6  0     84.86    0.8298E-03      63.8    307.4
2014  5 26   146   10  7  0     84.69    0.8505E-03      64.7    311.9
2014  5 26   146   10  8  0     84.52    0.8708E-03      66.0    315.2
2014  5 26   146   10  9  0     84.34    0.8869E-03      67.5    318.3
2014  5 26   146   10 10  0     84.17    0.9111E-03      68.8    320.6
2014  5 26   146   10 11  0     83.99    0.9238E-03      69.4    322.3
2014  5 26   146   10 12  0     83.82    0.9464E-03      69.1    324.8
2014  5 26   146   10 13  0     83.64    0.9535E-03      67.9    327.2
2014  5 26   146   10 14  0     83.47    0.9563E-03      66.1    328.7
2014  5 26   146   10 15  0     83.29    0.9494E-03      64.3    329.6
2014  5 26   146   10 16  0     83.12    0.9558E-03      62.8    330.4
2014  5 26   146   10 17  0     82.94    0.9883E-03      61.5    331.0
2014  5 26   146   10 18  0     82.76    0.9966E-03      60.7    332.2
2014  5 26   146   10 19  0     82.59    0.1013E-02      60.4    332.4
2014  5 26   146   10 20  0     82.41    0.1041E-02      60.1    333.1
2014  5 26   146   10 21  0     82.24    0.1042E-02      59.7    333.9
2014  5 26   146   10 22  0     82.06    0.1079E-02      59.2    334.6
2014  5 26   146   10 23  0     81.88    0.1113E-02      58.5    335.2
2014  5 26   146   10 24  0     81.71    0.1102E-02      57.8    336.0
2014  5 26   146   10 25  0     81.53    0.1139E-02      57.1    336.6
2014  5 26   146   10 26  0     81.35    0.1174E-02      57.0    337.8
2014  5 26   146   10 27  0     81.17    0.1170E-02      57.6    338.6
2014  5 26   146   10 28  0     81.00    0.1236E-02      58.8    339.7
2014  5 26   146   10 29  0     80.82    0.1271E-02      60.4    340.3
2014  5 26   146   10 30  0     80.64    0.1348E-02      62.5    341.0
2014  5 26   146   10 31  0     80.46    0.1404E-02      64.8    341.3
2014  5 26   146   10 32  0     80.28    0.1464E-02      67.1    341.7
2014  5 26   146   10 33  0     80.10    0.1552E-02      69.2    341.8
2014  5 26   146   10 34  0     79.93    0.1623E-02      70.9    341.8
2014  5 26   146   10 35  0     79.75    0.1689E-02      72.2    342.0
2014  5 26   146   10 36  0     79.57    0.1752E-02      73.1    342.2
2014  5 26   146   10 37  0     79.39    0.1828E-02      73.7    342.3
2014  5 26   146   10 38  0     79.21    0.1891E-02      74.1    342.9
2014  5 26   146   10 39  0     79.03    0.1948E-02      74.2    342.9
2014  5 26   146   10 40  0     78.85    0.2008E-02      74.2    343.0
2014  5 26   146   10 41  0     78.67    0.2066E-02      74.0    342.9
2014  5 26   146   10 42  0     78.49    0.2123E-02      73.4    342.9
2014  5 26   146   10 43  0     78.31    0.2170E-02      72.4    343.5
2014  5 26   146   10 44  0     78.13    0.2180E-02      71.1    343.9
2014  5 26   146   10 45  0     77.95    0.2205E-02      69.4    344.4
2014  5 26   146   10 46  0     77.77    0.2233E-02      67.4    344.9
2014  5 26   146   10 47  0     77.59    0.2246E-02      65.6    345.4
2014  5 26   146   10 48  0     77.41    0.2260E-02      64.0    345.7
2014  5 26   146   10 49  0     77.23    0.2303E-02      63.0    346.3
2014  5 26   146   10 50  0     77.04    0.2360E-02      62.7    346.7
2014  5 26   146   10 51  0     76.86    0.2424E-02      62.9    347.2
2014  5 26   146   10 52  0     76.68    0.2530E-02      64.0    347.6
2014  5 26   146   10 53  0     76.50    0.2632E-02      65.7    347.9
2014  5 26   146   10 54  0     76.32    0.2807E-02      68.2    348.4
2014  5 26   146   10 55  0     76.14    0.3002E-02      71.4    348.8
2014  5 26   146   10 56  0     75.95    0.3225E-02      75.2    349.1
2014  5 26   146   10 57  0     75.77    0.3483E-02      79.3    348.8
2014  5 26   146   10 58  0     75.59    0.3766E-02      83.4    348.0
2014  5 26   146   10 59  0     75.41    0.4076E-02      87.9    347.5
2014  5 26   146   11  0  0     75.22    0.4365E-02      91.9    347.2
2014  5 26   146   11  1  0     75.04    0.4673E-02      97.0    348.1
2014  5 26   146   11  2  0     74.86    0.4959E-02     101.0    348.7
2014  5 26   146   11  3  0     74.68    0.5253E-02     104.6    348.9
2014  5 26   146   11  4  0     74.49    0.5474E-02     104.2    347.6
2014  5 26   146   11  5  0     74.31    0.5776E-02     108.7    348.5
2014  5 26   146   11  6  0     74.13    0.5966E-02     106.5    347.4
2014  5 26   146   11  7  0     73.94    0.6333E-02     113.2    349.7
2014  5 26   146   11  8  0     73.76    0.6525E-02     111.2    348.6
2014  5 26   146   11  9  0     73.57    0.6814E-02     115.2    350.3
2014  5 26   146   11 10  0     73.39    0.7070E-02     115.7    350.3
2014  5 26   146   11 11  0     73.21    0.7364E-02     118.1    351.3
2014  5 26   146   11 12  0     73.02    0.7657E-02     120.1    352.1
2014  5 26   146   11 13  0     72.84    0.7858E-02     119.2    352.0
2014  5 26   146   11 14  0     72.65    0.8136E-02     119.6    352.4
2014  5 26   146   11 15  0     72.47    0.8375E-02     120.3    353.1
2014  5 26   146   11 16  0     72.28    0.8495E-02     115.6    351.5
2014  5 26   146   11 17  0     72.10    0.8796E-02     117.8    352.1
2014  5 26   146   11 18  0     71.92    0.8812E-02     110.1    350.0
2014  5 26   146   11 19  0     71.73    0.9039E-02     111.0    351.2
2014  5 26   146   11 20  0     71.55    0.9321E-02     113.8    352.7
2014  5 26   146   11 21  0     71.36    0.9595E-02     117.0    354.5
2014  5 26   146   11 22  0     71.18    0.9414E-02     106.0    351.0
2014  5 26   146   11 23  0     70.99    0.9437E-02     102.0    350.4
2014  5 26   146   11 24  0     70.80    0.9589E-02     101.1    350.9
2014  5 26   146   11 25  0     70.62    0.9671E-02      98.3    349.9
2014  5 26   146   11 26  0     70.43    0.9792E-02      96.2    349.8
2014  5 26   146   11 27  0     70.25    0.9916E-02      94.8    349.9
2014  5 26   146   11 28  0     70.06    0.1003E-01      93.1    349.9
2014  5 26   146   11 29  0     69.88    0.1018E-01      92.0    350.5
2014  5 26   146   11 30  0     69.69    0.1046E-01      93.4    352.0
2014  5 26   146   11 31  0     69.50    0.1106E-01      99.8    354.6
2014  5 26   146   11 32  0     69.32    0.1159E-01     104.4    356.9
2014  5 26   146   11 33  0     69.13    0.1178E-01     101.7    355.4
2014  5 26   146   11 34  0     68.95    0.1193E-01      97.6    353.0
2014  5 26   146   11 35  0     68.76    0.1219E-01      95.6    351.8
2014  5 26   146   11 36  0     68.57    0.1248E-01      94.8    351.6
2014  5 26   146   11 37  0     68.39    0.1302E-01      97.2    352.3
2014  5 26   146   11 38  0     68.20    0.1353E-01      98.3    352.0
2014  5 26   146   11 39  0     68.01    0.1409E-01     100.4    352.4
2014  5 26   146   11 40  0     67.83    0.1450E-01     100.4    351.8
2014  5 26   146   11 41  0     67.64    0.1468E-01      97.8    350.4
2014  5 26   146   11 42  0     67.45    0.1514E-01      99.2    351.3
2014  5 26   146   11 43  0     67.26    0.1503E-01      93.6    349.5
2014  5 26   146   11 44  0     67.08    0.1564E-01      98.2    352.2
2014  5 26   146   11 45  0     66.89    0.1621E-01     101.5    353.8
2014  5 26   146   11 46  0     66.70    0.1607E-01      95.6    351.2
2014  5 26   146   11 47  0     66.51    0.1666E-01      99.7    354.9
2014  5 26   146   11 48  0     66.33    0.1624E-01      91.1    351.1
2014  5 26   146   11 49  0     66.14    0.1618E-01      87.3    350.5
2014  5 26   146   11 50  0     65.95    0.1643E-01      86.7    351.5
2014  5 26   146   11 51  0     65.76    0.1681E-01      86.7    351.3
2014  5 26   146   11 52  0     65.58    0.1702E-01      85.2    350.6
2014  5 26   146   11 53  0     65.39    0.1743E-01      85.4    350.9
2014  5 26   146   11 54  0     65.20    0.1767E-01      83.7    349.5
2014  5 26   146   11 55  0     65.01    0.1797E-01      82.4    349.1
2014  5 26   146   11 56  0     64.82    0.1840E-01      81.9    348.7
2014  5 26   146   11 57  0     64.64    0.1894E-01      81.9    348.3
2014  5 26   146   11 58  0     64.45    0.1952E-01      81.9    347.5
2014  5 26   146   11 59  0     64.26    0.2018E-01      82.5    346.8
2014  5 26   146   12  0  0     64.07    0.2091E-01      83.5    346.9
2014  5 26   146   12  1  0     63.88    0.2174E-01      85.2    347.1
2014  5 26   146   12  2  0     63.70    0.2273E-01      87.9    347.8
2014  5 26   146   12  3  0     63.51    0.2344E-01      88.9    348.1
2014  5 26   146   12  4  0     63.32    0.2404E-01      89.1    347.7
2014  5 26   146   12  5  0     63.13    0.2492E-01      91.5    348.8
2014  5 26   146   12  6  0     62.94    0.2487E-01      87.2    346.7
2014  5 26   146   12  7  0     62.75    0.2542E-01      87.0    347.0
2014  5 26   146   12  8  0     62.56    0.2625E-01      88.2    347.1
2014  5 26   146   12  9  0     62.37    0.2731E-01      90.8    348.2
2014  5 26   146   12 10  0     62.19    0.2831E-01      92.5    348.1
2014  5 26   146   12 11  0     62.00    0.2880E-01      91.7    347.8
2014  5 26   146   12 12  0     61.81    0.2940E-01      91.5    347.6
2014  5 26   146   12 13  0     61.62    0.3010E-01      92.2    348.3
2014  5 26   146   12 14  0     61.43    0.3201E-01      99.0    350.3
2014  5 26   146   12 15  0     61.24    0.3160E-01      93.5    348.8
2014  5 26   146   12 16  0     61.05    0.3147E-01      89.4    346.3
2014  5 26   146   12 17  0     60.86    0.3154E-01      86.4    345.4
2014  5 26   146   12 18  0     60.67    0.3218E-01      86.1    345.1
2014  5 26   146   12 19  0     60.49    0.3311E-01      87.1    345.5
2014  5 26   146   12 20  0     60.30    0.3431E-01      89.6    346.8
2014  5 26   146   12 21  0     60.11    0.3546E-01      91.2    346.1
2014  5 26   146   12 22  0     59.92    0.3699E-01      94.9    347.9
2014  5 26   146   12 23  0     59.73    0.3926E-01     101.9    352.4
2014  5 26   146   12 24  0     59.54    0.4113E-01     105.1    349.5
2014  5 26   146   12 25  0     59.35    0.4327E-01     111.7    354.0
2014  5 26   146   12 26  0     59.16    0.4262E-01     105.7    352.8
2014  5 26   146   12 27  0     58.97    0.4217E-01      99.2    346.6
2014  5 26   146   12 28  0     58.78    0.4034E-01      89.8    345.6
2014  5 26   146   12 29  0     58.59    0.4116E-01      89.7    345.9
2014  5 26   146   12 30  0     58.40    0.4310E-01      93.6    347.1
2014  5 26   146   12 31  0     58.21    0.4936E-01     113.3    354.5
2014  5 26   146   12 32  0     58.02    0.5316E-01     122.4    354.6
2014  5 26   146   12 33  0     57.83    0.5285E-01     118.0    353.7
2014  5 26   146   12 34  0     57.65    0.5393E-01     118.5    352.9
2014  5 26   146   12 35  0     57.46    0.5063E-01     104.3    348.4
2014  5 26   146   12 36  0     57.27    0.4820E-01      94.1    346.5
2014  5 26   146   12 37  0     57.08    0.5327E-01     107.8    353.2
2014  5 26   146   12 38  0     56.89    0.5761E-01     117.2    353.0
2014  5 26   146   12 39  0     56.70    0.5956E-01     120.1    353.7
2014  5 26   146   12 40  0     56.51    0.6021E-01     119.1    354.4
2014  5 26   146   12 41  0     56.32    0.6224E-01     121.7    354.0
2014  5 26   146   12 42  0     56.13    0.6177E-01     117.3    353.1
2014  5 26   146   12 43  0     55.94    0.6453E-01     122.1    354.4
2014  5 26   146   12 44  0     55.75    0.6539E-01     121.3    353.9
2014  5 26   146   12 45  0     55.56    0.6648E-01     121.2    353.7
2014  5 26   146   12 46  0     55.37    0.6763E-01     121.2    353.8
2014  5 26   146   12 47  0     55.18    0.6812E-01     119.5    353.1
2014  5 26   146   12 48  0     54.99    0.6969E-01     120.9    354.1
2014  5 26   146   12 49  0     54.80    0.7075E-01     120.5    353.7
2014  5 26   146   12 50  0     54.61    0.7198E-01     120.7    353.6
2014  5 26   146   12 51  0     54.42    0.7320E-01     120.7    353.4
2014  5 26   146   12 52  0     54.24    0.7446E-01     120.9    353.4
2014  5 26   146   12 53  0     54.05    0.7562E-01     120.9    353.5
2014  5 26   146   12 54  0     53.86    0.7687E-01     121.1    353.8
2014  5 26   146   12 55  0     53.67    0.7831E-01     121.5    353.8
2014  5 26   146   12 56  0     53.48    0.7974E-01     121.9    353.8
2014  5 26   146   12 57  0     53.29    0.8109E-01     122.0    353.7
2014  5 26   146   12 58  0     53.10    0.8240E-01     122.2    353.7
2014  5 26   146   12 59  0     52.91    0.8363E-01     122.1    353.8
2014  5 26   146   13  0  0     52.72    0.8460E-01     121.7    353.9
2014  5 26   146   13  1  0     52.53    0.8561E-01     121.3    354.0
2014  5 26   146   13  2  0     52.34    0.8681E-01     121.2    354.0
2014  5 26   146   13  3  0     52.15    0.8738E-01     119.7    353.3
2014  5 26   146   13  4  0     51.96    0.8928E-01     121.0    354.1
2014  5 26   146   13  5  0     51.78    0.9103E-01     121.7    354.1
2014  5 26   146   13  6  0     51.59    0.9241E-01     121.8    354.0
2014  5 26   146   13  7  0     51.40    0.9386E-01     122.0    354.1
2014  5 26   146   13  8  0     51.21    0.9512E-01     121.9    354.1
2014  5 26   146   13  9  0     51.02    0.9653E-01     121.9    354.0
2014  5 26   146   13 10  0     50.83    0.9769E-01     121.7    354.1
2014  5 26   146   13 11  0     50.64    0.9910E-01     121.8    354.1
2014  5 26   146   13 12  0     50.45    0.1007E+00     122.2    354.2
2014  5 26   146   13 13  0     50.27    0.1022E+00     122.3    354.2
2014  5 26   146   13 14  0     50.08    0.1036E+00     122.3    354.1
2014  5 26   146   13 15  0     49.89    0.1050E+00     122.5    354.3
2014  5 26   146   13 16  0     49.70    0.1064E+00     122.5    354.5
2014  5 26   146   13 17  0     49.51    0.1080E+00     122.8    354.4
2014  5 26   146   13 18  0     49.32    0.1095E+00     122.9    354.4
2014  5 26   146   13 19  0     49.13    0.1110E+00     123.0    354.4
2014  5 26   146   13 20  0     48.95    0.1126E+00     123.1    354.4
2014  5 26   146   13 21  0     48.76    0.1138E+00     122.8    354.3
2014  5 26   146   13 22  0     48.57    0.1154E+00     122.9    354.3
2014  5 26   146   13 23  0     48.38    0.1169E+00     123.2    354.7
2014  5 26   146   13 24  0     48.19    0.1184E+00     123.2    354.7
2014  5 26   146   13 25  0     48.01    0.1199E+00     123.0    354.4
2014  5 26   146   13 26  0     47.82    0.1216E+00     123.2    354.4
2014  5 26   146   13 27  0     47.63    0.1231E+00     123.2    354.5
2014  5 26   146   13 28  0     47.44    0.1247E+00     123.1    354.2
2014  5 26   146   13 29  0     47.26    0.1263E+00     123.3    354.2
2014  5 26   146   13 30  0     47.07    0.1281E+00     123.6    354.3
2014  5 26   146   13 31  0     46.88    0.1294E+00     123.4    354.4
2014  5 26   146   13 32  0     46.69    0.1308E+00     123.4    354.7
2014  5 26   146   13 33  0     46.51    0.1323E+00     123.5    354.8
2014  5 26   146   13 34  0     46.32    0.1338E+00     123.3    354.7
2014  5 26   146   13 35  0     46.13    0.1358E+00     123.9    354.8
2014  5 26   146   13 36  0     45.95    0.1374E+00     124.0    355.0
2014  5 26   146   13 37  0     45.76    0.1387E+00     123.5    354.6
2014  5 26   146   13 38  0     45.57    0.1402E+00     123.5    354.8
2014  5 26   146   13 39  0     45.39    0.1420E+00     123.8    354.9
2014  5 26   146   13 40  0     45.20    0.1431E+00     123.4    354.7
2014  5 26   146   13 41  0     45.01    0.1418E+00     120.3    354.4
2014  5 26   146   13 42  0     44.83    0.1443E+00     121.6    355.3
2014  5 26   146   13 43  0     44.64    0.1481E+00     123.9    355.4
2014  5 26   146   13 44  0     44.46    0.1497E+00     123.8    355.2
2014  5 26   146   13 45  0     44.27    0.1510E+00     123.4    355.2
2014  5 26   146   13 46  0     44.09    0.1530E+00     123.8    355.3
2014  5 26   146   13 47  0     43.90    0.1549E+00     124.1    355.3
2014  5 26   146   13 48  0     43.71    0.1569E+00     124.3    355.0
2014  5 26   146   13 49  0     43.53    0.1587E+00     124.4    355.0
2014  5 26   146   13 50  0     43.34    0.1604E+00     124.5    355.2
2014  5 26   146   13 51  0     43.16    0.1619E+00     124.3    355.0
2014  5 26   146   13 52  0     42.97    0.1641E+00     124.7    355.0
2014  5 26   146   13 53  0     42.79    0.1661E+00     124.8    354.8
2014  5 26   146   13 54  0     42.61    0.1680E+00     124.9    354.7
2014  5 26   146   13 55  0     42.42    0.1699E+00     125.0    354.6
2014  5 26   146   13 56  0     42.24    0.1718E+00     125.0    354.4
2014  5 26   146   13 57  0     42.05    0.1735E+00     125.0    354.4
2014  5 26   146   13 58  0     41.87    0.1756E+00     125.3    354.4
2014  5 26   146   13 59  0     41.69    0.1777E+00     125.7    354.6
2014  5 26   146   14  0  0     41.50    0.1794E+00     125.8    354.6
2014  5 26   146   14  1  0     41.32    0.1812E+00     125.9    354.9
2014  5 26   146   14  2  0     41.14    0.1829E+00     125.8    354.8
2014  5 26   146   14  3  0     40.95    0.1837E+00     125.3    354.9
2014  5 26   146   14  4  0     40.77    0.1847E+00     124.6    354.7
2014  5 26   146   14  5  0     40.59    0.1869E+00     125.0    354.9
2014  5 26   146   14  6  0     40.41    0.1898E+00     125.9    354.9
2014  5 26   146   14  7  0     40.23    0.1917E+00     125.9    354.5
2014  5 26   146   14  8  0     40.04    0.1931E+00     125.6    354.5
2014  5 26   146   14  9  0     39.86    0.1949E+00     125.7    354.7
2014  5 26   146   14 10  0     39.68    0.1972E+00     126.1    354.8
2014  5 26   146   14 11  0     39.50    0.1990E+00     126.1    354.7
2014  5 26   146   14 12  0     39.32    0.2006E+00     126.1    354.9
2014  5 26   146   14 13  0     39.14    0.2020E+00     126.0    355.0
2014  5 26   146   14 14  0     38.96    0.2037E+00     125.9    354.9
2014  5 26   146   14 15  0     38.78    0.2057E+00     126.1    355.1
2014  5 26   146   14 16  0     38.60    0.2083E+00     126.7    355.0
2014  5 26   146   14 17  0     38.42    0.2105E+00     126.8    354.9
2014  5 26   146   14 18  0     38.24    0.2126E+00     127.0    354.7
2014  5 26   146   14 19  0     38.06    0.2147E+00     127.2    354.8
2014  5 26   146   14 20  0     37.88    0.2162E+00     127.1    354.7
2014  5 26   146   14 21  0     37.70    0.2178E+00     127.0    355.0
2014  5 26   146   14 22  0     37.52    0.2195E+00     127.2    355.1
2014  5 26   146   14 23  0     37.34    0.2184E+00     125.0    354.5
2014  5 26   146   14 24  0     37.17    0.2228E+00     127.0    355.2
2014  5 26   146   14 25  0     36.99    0.2249E+00     127.0    354.8
2014  5 26   146   14 26  0     36.81    0.2263E+00     126.7    354.8
2014  5 26   146   14 27  0     36.63    0.2270E+00     126.1    354.6
2014  5 26   146   14 28  0     36.46    0.2282E+00     125.8    354.9
2014  5 26   146   14 29  0     36.28    0.2304E+00     126.2    354.9
2014  5 26   146   14 30  0     36.10    0.2324E+00     126.2    354.9
2014  5 26   146   14 31  0     35.93    0.2341E+00     126.0    354.6
2014  5 26   146   14 32  0     35.75    0.2353E+00     125.7    354.5
2014  5 26   146   14 33  0     35.58    0.2360E+00     125.0    354.5
2014  5 26   146   14 34  0     35.40    0.2372E+00     124.9    354.6
2014  5 26   146   14 35  0     35.23    0.2379E+00     124.4    354.6
2014  5 26   146   14 36  0     35.06    0.2363E+00     122.4    354.6
2014  5 26   146   14 37  0     34.88    0.2406E+00     124.0    355.0
2014  5 26   146   14 38  0     34.71    0.2417E+00     123.6    354.5
2014  5 26   146   14 39  0     34.54    0.2429E+00     123.3    354.6
2014  5 26   146   14 40  0     34.36    0.2457E+00     124.1    354.8
2014  5 26   146   14 41  0     34.19    0.2475E+00     124.1    354.8
2014  5 26   146   14 42  0     34.02    0.2522E+00     125.6    354.8
2014  5 26   146   14 43  0     33.85    0.2563E+00     127.0    354.9
2014  5 26   146   14 44  0     33.68    0.2592E+00     127.7    355.0
2014  5 26   146   14 45  0     33.51    0.2609E+00     127.9    355.3
2014  5 26   146   14 46  0     33.34    0.2596E+00     126.2    355.0
2014  5 26   146   14 47  0     33.17    0.2641E+00     127.7    355.0
2014  5 26   146   14 48  0     33.00    0.2637E+00     126.2    354.4
2014  5 26   146   14 49  0     32.83    0.2635E+00     125.5    354.9
2014  5 26   146   14 50  0     32.66    0.2628E+00     124.4    354.8
2014  5 26   146   14 51  0     32.49    0.2634E+00     124.0    355.1
2014  5 26   146   14 52  0     32.32    0.2643E+00     123.8    355.2
2014  5 26   146   14 53  0     32.16    0.2624E+00     121.9    354.7
2014  5 26   146   14 54  0     31.99    0.2657E+00     122.5    354.9
2014  5 26   146   14 55  0     31.82    0.2684E+00     123.0    354.8
2014  5 26   146   14 56  0     31.66    0.2749E+00     125.6    355.4
2014  5 26   146   14 57  0     31.49    0.2799E+00     127.3    355.2
2014  5 26   146   14 58  0     31.33    0.2806E+00     126.8    355.0
2014  5 26   146   14 59  0     31.16    0.2821E+00     126.7    355.2
2014  5 26   146   15  0  0     31.00    0.2852E+00     127.5    355.3
2014  5 26   146   15  1  0     30.84    0.2882E+00     128.2    355.2
2014  5 26   146   15  2  0     30.68    0.2886E+00     127.5    355.1
2014  5 26   146   15  3  0     30.51    0.2902E+00     127.6    355.4
2014  5 26   146   15  4  0     30.35    0.2919E+00     127.7    355.4
2014  5 26   146   15  5  0     30.19    0.2931E+00     127.5    355.4
2014  5 26   146   15  6  0     30.03    0.2955E+00     128.0    355.6
2014  5 26   146   15  7  0     29.87    0.2966E+00     128.0    355.8
2014  5 26   146   15  8  0     29.71    0.2991E+00     128.5    356.0
2014  5 26   146   15  9  0     29.55    0.2989E+00     128.0    356.3
2014  5 26   146   15 10  0     29.40    0.2956E+00     125.8    355.9
2014  5 26   146   15 11  0     29.24    0.2978E+00     126.1    356.4
2014  5 26   146   15 12  0     29.08    0.2990E+00     126.2    356.8
2014  5 26   146   15 13  0     28.93    0.2977E+00     124.9    356.7
2014  5 26   146   15 14  0     28.77    0.3043E+00     127.5    357.2
2014  5 26   146   15 15  0     28.62    0.3063E+00     127.9    357.5
2014  5 26   146   15 16  0     28.46    0.3108E+00     129.5    357.9
2014  5 26   146   15 17  0     28.31    0.3123E+00     129.6    357.8
2014  5 26   146   15 18  0     28.16    0.3058E+00     126.3    358.2
2014  5 26   146   15 19  0     28.01    0.3127E+00     129.2    358.7
2014  5 26   146   15 20  0     27.86    0.3033E+00     124.0    357.2
2014  5 26   146   15 21  0     27.71    0.2950E+00     120.2    359.4
2014  5 26   146   15 22  0     27.56    0.2999E+00     121.6    357.5
2014  5 26   146   15 23  0     27.41    0.3073E+00     124.7    359.8
2014  5 26   146   15 24  0     27.26    0.2995E+00     120.7    358.4
2014  5 26   146   15 25  0     27.12    0.2921E+00     117.1    357.7
2014  5 26   146   15 26  0     26.97    0.2574E+00     101.1    356.1
2014  5 26   146   15 27  0     26.82    0.2762E+00     110.0    361.8
2014  5 26   146   15 28  0     26.68    0.2799E+00     111.2    360.6
2014  5 26   146   15 29  0     26.54    0.2805E+00     110.6    357.8
2014  5 26   146   15 30  0     26.39    0.2636E+00     103.1    359.6
2014  5 26   146   15 31  0     26.25    0.2675E+00     104.3    359.7
2014  5 26   146   15 32  0     26.11    0.2694E+00     104.7    360.5
2014  5 26   146   15 33  0     25.97    0.2775E+00     106.9    356.9
2014  5 26   146   15 34  0     25.83    0.2661E+00     101.8    359.9
2014  5 26   146   15 35  0     25.70    0.2969E+00     114.4    360.6
2014  5 26   146   15 36  0     25.56    0.3058E+00     117.3    359.5
2014  5 26   146   15 37  0     25.42    0.3151E+00     120.6    358.8
2014  5 26   146   15 38  0     25.29    0.3196E+00     122.1    359.8
2014  5 26   146   15 39  0     25.16    0.3311E+00     126.4    359.7
2014  5 26   146   15 40  0     25.02    0.3334E+00     126.7    359.1
2014  5 26   146   15 41  0     24.89    0.3245E+00     122.7    358.8
2014  5 26   146   15 42  0     24.76    0.3192E+00     120.5    359.2
2014  5 26   146   15 43  0     24.63    0.3202E+00     120.7    360.4
2014  5 26   146   15 44  0     24.50    0.3256E+00     122.4    359.5
2014  5 26   146   15 45  0     24.38    0.3206E+00     119.8    359.6
2014  5 26   146   15 46  0     24.25    0.3215E+00     119.6    359.2
2014  5 26   146   15 47  0     24.13    0.3230E+00     119.9    360.2
2014  5 26   146   15 48  0     24.00    0.3285E+00     121.5    359.6
2014  5 26   146   15 49  0     23.88    0.3338E+00     123.3    360.1
2014  5 26   146   15 50  0     23.76    0.3386E+00     125.0    360.1
2014  5 26   146   15 51  0     23.64    0.3426E+00     126.0    360.1
2014  5 26   146   15 52  0     23.52    0.3423E+00     125.5    359.7
2014  5 26   146   15 53  0     23.40    0.3382E+00     123.5    358.8
2014  5 26   146   15 54  0     23.29    0.3235E+00     117.4    360.8
2014  5 26   146   15 55  0     23.17    0.3424E+00     125.0    360.8
2014  5 26   146   15 56  0     23.06    0.3436E+00     125.2    361.1
2014  5 26   146   15 57  0     22.95    0.3389E+00     122.6    359.4
2014  5 26   146   15 58  0     22.84    0.3371E+00     121.8    361.1
2014  5 26   146   15 59  0     22.73    0.3342E+00     120.0    359.7
2014  5 26   146   16  0  0     22.62    0.3409E+00     122.5    360.9
2014  5 26   146   16  1  0     22.52    0.3479E+00     124.7    360.4
2014  5 26   146   16  2  0     22.41    0.3482E+00     124.4    360.5
2014  5 26   146   16  3  0     22.31    0.3530E+00     126.1    360.2
2014  5 26   146   16  4  0     22.21    0.3497E+00     124.5    361.0
2014  5 26   146   16  5  0     22.11    0.3582E+00     127.6    361.1
2014  5 26   146   16  6  0     22.01    0.3604E+00     128.3    361.2
2014  5 26   146   16  7  0     21.91    0.3613E+00     128.2    361.0
2014  5 26   146   16  8  0     21.82    0.3620E+00     128.1    360.8
2014  5 26   146   16  9  0     21.73    0.3582E+00     126.6    361.1
2014  5 26   146   16 10  0     21.63    0.3576E+00     126.3    361.5
2014  5 26   146   16 11  0     21.54    0.3631E+00     128.2    361.5
2014  5 26   146   16 12  0     21.46    0.3572E+00     125.5    361.2
2014  5 26   146   16 13  0     21.37    0.3600E+00     126.3    361.7
2014  5 26   146   16 14  0     21.28    0.3683E+00     129.2    361.4
2014  5 26   146   16 15  0     21.20    0.3701E+00     129.6    361.2
2014  5 26   146   16 16  0     21.12    0.3687E+00     128.9    361.3
2014  5 26   146   16 17  0     21.04    0.3673E+00     128.3    361.7
2014  5 26   146   16 18  0     20.96    0.3653E+00     127.2    361.4
2014  5 26   146   16 19  0     20.89    0.3605E+00     124.9    360.7
2014  5 26   146   16 20  0     20.81    0.3597E+00     124.6    362.3
2014  5 26   146   16 21  0     20.74    0.3673E+00     127.2    361.7
2014  5 26   146   16 22  0     20.67    0.3710E+00     128.4    361.4
2014  5 26   146   16 23  0     20.60    0.3701E+00     127.8    361.2
2014  5 26   146   16 24  0     20.54    0.3631E+00     124.8    361.0
2014  5 26   146   16 25  0     20.47    0.3571E+00     122.2    360.2
2014  5 26   146   16 26  0     20.41    0.3613E+00     123.9    362.0
2014  5 26   146   16 27  0     20.35    0.3664E+00     125.3    361.1
2014  5 26   146   16 28  0     20.29    0.3621E+00     122.9    360.1
2014  5 26   146   16 29  0     20.24    0.3690E+00     125.4    360.3
2014  5 26   146   16 30  0     20.18    0.3758E+00     127.7    360.4
2014  5 26   146   16 31  0     20.13    0.3786E+00     128.6    360.2
2014  5 26   146   16 32  0     20.08    0.3806E+00     129.4    360.4
2014  5 26   146   16 33  0     20.03    0.3708E+00     125.6    360.3
2014  5 26   146   16 34  0     19.99    0.3744E+00     127.0    360.6
2014  5 26   146   16 35  0     19.94    0.3745E+00     126.9    360.8
2014  5 26   146   16 36  0     19.90    0.3743E+00     126.7    360.6
2014  5 26   146   16 37  0     19.86    0.3638E+00     122.5    359.6
2014  5 26   146   16 38  0     19.83    0.3717E+00     125.7    362.0
2014  5 26   146   16 39  0     19.79    0.3813E+00     128.9    360.8
2014  5 26   146   16 40  0     19.76    0.3793E+00     128.1    360.8
2014  5 26   146   16 41  0     19.73    0.3834E+00     129.7    361.2
2014  5 26   146   16 42  0     19.70    0.3830E+00     129.4    360.8
2014  5 26   146   16 43  0     19.68    0.3767E+00     127.0    360.3
2014  5 26   146   16 44  0     19.65    0.3567E+00     119.4    359.5
2014  5 26   146   16 45  0     19.63    0.3371E+00     112.4    359.9
2014  5 26   146   16 46  0     19.61    0.3376E+00     112.7    361.2
2014  5 26   146   16 47  0     19.60    0.3653E+00     123.4    364.2
2014  5 26   146   16 48  0     19.58    0.3855E+00     130.5    361.9
2014  5 26   146   16 49  0     19.57    0.3850E+00     130.2    361.9
2014  5 26   146   16 50  0     19.56    0.3819E+00     129.0    360.8
2014  5 26   146   16 51  0     19.55    0.3466E+00     116.3    361.7
2014  5 26   146   16 52  0     19.55    0.3502E+00     117.8    361.4
2014  5 26   146   16 53  0     19.55    0.3349E+00     111.7    359.3
2014  5 26   146   16 54  0     19.55    0.3631E+00     123.0    365.8
2014  5 26   146   16 55  0     19.55    0.3839E+00     129.8    362.0
2014  5 26   146   16 56  0     19.55    0.3913E+00     132.5    362.4
2014  5 26   146   16 57  0     19.56    0.3944E+00     133.3    361.6
2014  5 26   146   16 58  0     19.57    0.3942E+00     133.1    361.5
2014  5 26   146   16 59  0     19.58    0.3924E+00     132.4    361.1
2014  5 26   146   17  0  0     19.59    0.3894E+00     131.4    361.3
2014  5 26   146   17  1  0     19.61    0.3874E+00     130.7    361.2
2014  5 26   146   17  2  0     19.62    0.3690E+00     123.8    360.5
2014  5 26   146   17  3  0     19.64    0.3719E+00     125.2    361.2
2014  5 26   146   17  4  0     19.67    0.3733E+00     125.5    360.7
2014  5 26   146   17  5  0     19.69    0.3741E+00     126.0    361.2
2014  5 26   146   17  6  0     19.72    0.3674E+00     123.4    360.6
2014  5 26   146   17  7  0     19.75    0.3706E+00     124.8    361.0
2014  5 26   146   17  8  0     19.78    0.3675E+00     123.8    361.3
2014  5 26   146   17  9  0     19.81    0.3639E+00     122.4    360.6
2014  5 26   146   17 10  0     19.85    0.3594E+00     121.3    361.8
2014  5 26   146   17 11  0     19.89    0.3547E+00     119.4    361.3
2014  5 26   146   17 12  0     19.93    0.3785E+00     128.4    361.8
2014  5 26   146   17 13  0     19.97    0.3786E+00     128.3    360.8
2014  5 26   146   17 14  0     20.01    0.3752E+00     127.3    361.4
2014  5 26   146   17 15  0     20.06    0.3753E+00     127.4    361.0
2014  5 26   146   17 16  0     20.11    0.3820E+00     129.8    361.2
2014  5 26   146   17 17  0     20.16    0.3889E+00     132.2    360.7
2014  5 26   146   17 18  0     20.21    0.3893E+00     132.4    360.4
2014  5 26   146   17 19  0     20.27    0.3873E+00     131.7    360.2
2014  5 26   146   17 20  0     20.32    0.3821E+00     130.3    360.4
2014  5 26   146   17 21  0     20.38    0.3770E+00     128.8    360.8
2014  5 26   146   17 22  0     20.44    0.3730E+00     127.3    360.6
2014  5 26   146   17 23  0     20.51    0.3720E+00     127.0    360.3
2014  5 26   146   17 24  0     20.57    0.3679E+00     125.8    360.6
2014  5 26   146   17 25  0     20.64    0.3629E+00     124.0    360.3
2014  5 26   146   17 26  0     20.71    0.3611E+00     123.5    360.7
2014  5 26   146   17 27  0     20.78    0.3637E+00     125.0    361.4
2014  5 26   146   17 28  0     20.85    0.3707E+00     127.9    361.2
2014  5 26   146   17 29  0     20.93    0.3716E+00     128.5    361.0
2014  5 26   146   17 30  0     21.00    0.3719E+00     128.8    360.9
2014  5 26   146   17 31  0     21.08    0.3714E+00     128.8    361.0
2014  5 26   146   17 32  0     21.16    0.3701E+00     128.8    361.2
2014  5 26   146   17 33  0     21.25    0.3674E+00     128.2    361.2
2014  5 26   146   17 34  0     21.33    0.3387E+00     117.5    359.4
2014  5 26   146   17 35  0     21.42    0.3090E+00     106.6    359.9
2014  5 26   146   17 36  0     21.50    0.3180E+00     110.6    362.5
2014  5 26   146   17 37  0     21.59    0.3426E+00     120.0    362.0
2014  5 26   146   17 38  0     21.68    0.3444E+00     120.7    361.3
2014  5 26   146   17 39  0     21.77    0.3487E+00     122.6    361.6
2014  5 26   146   17 40  0     21.87    0.3343E+00     116.9    359.7
2014  5 26   146   17 41  0     21.96    0.3418E+00     120.7    363.3
2014  5 26   146   17 42  0     22.06    0.3601E+00     127.9    362.0
2014  5 26   146   17 43  0     22.16    0.3582E+00     127.3    361.4
2014  5 26   146   17 44  0     22.26    0.3616E+00     129.0    361.8
2014  5 26   146   17 45  0     22.36    0.3626E+00     129.5    360.9
2014  5 26   146   17 46  0     22.47    0.3527E+00     126.0    361.1
2014  5 26   146   17 47  0     22.57    0.3550E+00     127.5    362.3
2014  5 26   146   17 48  0     22.68    0.3617E+00     130.2    361.6
2014  5 26   146   17 49  0     22.79    0.3579E+00     128.9    361.1
2014  5 26   146   17 50  0     22.90    0.3559E+00     128.7    361.7
2014  5 26   146   17 51  0     23.01    0.3520E+00     127.5    361.5
2014  5 26   146   17 52  0     23.12    0.3568E+00     130.0    362.2
2014  5 26   146   17 53  0     23.23    0.3633E+00     133.0    361.9
2014  5 26   146   17 54  0     23.35    0.3628E+00     133.3    361.9
2014  5 26   146   17 55  0     23.47    0.3580E+00     131.7    361.7
2014  5 26   146   17 56  0     23.58    0.3296E+00     120.7    359.7
2014  5 26   146   17 57  0     23.70    0.3044E+00     111.0    358.8
2014  5 26   146   17 58  0     23.82    0.2776E+00     100.8    361.5
2014  5 26   146   17 59  0     23.95    0.3060E+00     113.1    363.0
2014  5 26   146   18  0  0     24.07    0.3228E+00     120.5    363.1
2014  5 26   146   18  1  0     24.19    0.3332E+00     125.4    363.3
2014  5 26   146   18  2  0     24.32    0.3052E+00     113.8    361.6
2014  5 26   146   18  3  0     24.44    0.3213E+00     121.2    362.6
2014  5 26   146   18  4  0     24.57    0.3065E+00     115.3    362.6
2014  5 26   146   18  5  0     24.70    0.3284E+00     125.4    364.6
2014  5 26   146   18  6  0     24.83    0.3350E+00     128.4    362.9
2014  5 26   146   18  7  0     24.96    0.3123E+00     119.3    362.2
2014  5 26   146   18  8  0     25.09    0.2992E+00     114.5    362.4
2014  5 26   146   18  9  0     25.23    0.2979E+00     114.7    364.0
2014  5 26   146   18 10  0     25.36    0.3148E+00     122.8    365.6
2014  5 26   146   18 11  0     25.50    0.3097E+00     120.7    364.0
2014  5 26   146   18 12  0     25.63    0.3317E+00     131.0    365.9
2014  5 26   146   18 13  0     25.77    0.3244E+00     127.6    362.5
2014  5 26   146   18 14  0     25.91    0.2871E+00     111.7    362.0
2014  5 26   146   18 15  0     26.05    0.3056E+00     121.0    365.0
2014  5 26   146   18 16  0     26.19    0.3185E+00     127.3    365.0
2014  5 26   146   18 17  0     26.33    0.3084E+00     123.3    363.8
2014  5 26   146   18 18  0     26.47    0.3055E+00     122.6    364.4
2014  5 26   146   18 19  0     26.61    0.3160E+00     128.2    365.9
2014  5 26   146   18 20  0     26.76    0.3221E+00     131.2    364.7
2014  5 26   146   18 21  0     26.90    0.3126E+00     127.1    363.6
2014  5 26   146   18 22  0     27.05    0.3088E+00     125.8    363.5
2014  5 26   146   18 23  0     27.19    0.3125E+00     128.3    365.2
2014  5 26   146   18 24  0     27.34    0.3204E+00     131.9    363.9
2014  5 26   146   18 25  0     27.49    0.3180E+00     130.9    363.0
2014  5 26   146   18 26  0     27.64    0.3211E+00     132.9    363.0
2014  5 26   146   18 27  0     27.79    0.3096E+00     127.9    361.9
2014  5 26   146   18 28  0     27.94    0.2982E+00     123.1    360.9
2014  5 26   146   18 29  0     28.09    0.3120E+00     130.7    363.9
2014  5 26   146   18 30  0     28.24    0.3143E+00     132.3    362.6
2014  5 26   146   18 31  0     28.39    0.3129E+00     132.3    362.7
2014  5 26   146   18 32  0     28.54    0.3119E+00     132.4    362.6
2014  5 26   146   18 33  0     28.70    0.3104E+00     132.3    362.4
2014  5 26   146   18 34  0     28.85    0.3094E+00     132.4    362.2
2014  5 26   146   18 35  0     29.01    0.3072E+00     132.1    362.1
2014  5 26   146   18 36  0     29.16    0.3037E+00     131.3    362.4
2014  5 26   146   18 37  0     29.32    0.3023E+00     131.4    362.5
2014  5 26   146   18 38  0     29.48    0.3007E+00     131.3    362.4
2014  5 26   146   18 39  0     29.64    0.2980E+00     130.8    362.2
2014  5 26   146   18 40  0     29.80    0.2950E+00     130.1    362.3
2014  5 26   146   18 41  0     29.95    0.2923E+00     129.5    362.1
2014  5 26   146   18 42  0     30.11    0.2887E+00     128.5    361.9
2014  5 26   146   18 43  0     30.27    0.2862E+00     128.1    362.2
2014  5 26   146   18 44  0     30.44    0.2848E+00     128.0    362.1
2014  5 26   146   18 45  0     30.60    0.2870E+00     129.6    361.8
2014  5 26   146   18 46  0     30.76    0.2863E+00     129.8    361.5
2014  5 26   146   18 47  0     30.92    0.2849E+00     129.8    361.5
2014  5 26   146   18 48  0     31.09    0.2832E+00     129.7    361.3
2014  5 26   146   18 49  0     31.25    0.2818E+00     129.7    361.1
2014  5 26   146   18 50  0     31.41    0.2799E+00     129.8    361.4
2014  5 26   146   18 51  0     31.58    0.2785E+00     129.8    361.2
2014  5 26   146   18 52  0     31.74    0.2746E+00     128.7    361.3
2014  5 26   146   18 53  0     31.91    0.2720E+00     128.3    361.5
2014  5 26   146   18 54  0     32.08    0.2719E+00     129.0    361.3
2014  5 26   146   18 55  0     32.24    0.2704E+00     129.0    361.2
2014  5 26   146   18 56  0     32.41    0.2681E+00     128.6    361.2
2014  5 26   146   18 57  0     32.58    0.2645E+00     127.7    361.1
2014  5 26   146   18 58  0     32.75    0.2603E+00     126.7    361.5
2014  5 26   146   18 59  0     32.91    0.2583E+00     126.4    361.3
2014  5 26   146   19  0  0     33.08    0.2538E+00     124.9    361.2
2014  5 26   146   19  1  0     33.25    0.2497E+00     123.3    361.0
2014  5 26   146   19  2  0     33.42    0.2508E+00     124.6    361.0
2014  5 26   146   19  3  0     33.59    0.2464E+00     123.0    360.4
2014  5 26   146   19  4  0     33.76    0.2466E+00     124.2    361.2
2014  5 26   146   19  5  0     33.94    0.2456E+00     124.3    360.6
2014  5 26   146   19  6  0     34.11    0.2461E+00     125.5    360.7
2014  5 26   146   19  7  0     34.28    0.2440E+00     125.0    360.0
2014  5 26   146   19  8  0     34.45    0.2373E+00     122.0    359.9
2014  5 26   146   19  9  0     34.62    0.2377E+00     123.1    360.1
2014  5 26   146   19 10  0     34.80    0.2372E+00     123.7    359.9
2014  5 26   146   19 11  0     34.97    0.2366E+00     124.2    359.8
2014  5 26   146   19 12  0     35.14    0.2371E+00     125.5    359.8
2014  5 26   146   19 13  0     35.32    0.2366E+00     126.0    359.7
2014  5 26   146   19 14  0     35.49    0.2353E+00     126.1    359.5
2014  5 26   146   19 15  0     35.67    0.2344E+00     126.3    359.2
2014  5 26   146   19 16  0     35.84    0.2322E+00     126.0    359.0
2014  5 26   146   19 17  0     36.02    0.2296E+00     125.6    359.3
2014  5 26   146   19 18  0     36.19    0.2284E+00     125.8    359.2
2014  5 26   146   19 19  0     36.37    0.2263E+00     125.7    359.3
2014  5 26   146   19 20  0     36.55    0.2250E+00     125.8    359.2
2014  5 26   146   19 21  0     36.72    0.2247E+00     126.5    359.0
2014  5 26   146   19 22  0     36.90    0.2237E+00     127.0    358.8
2014  5 26   146   19 23  0     37.08    0.2196E+00     125.6    358.7
2014  5 26   146   19 24  0     37.26    0.2170E+00     125.3    359.4
2014  5 26   146   19 25  0     37.43    0.2168E+00     126.1    359.3
2014  5 26   146   19 26  0     37.61    0.2160E+00     126.6    359.0
2014  5 26   146   19 27  0     37.79    0.2158E+00     127.4    358.9
2014  5 26   146   19 28  0     37.97    0.2135E+00     127.0    358.7
2014  5 26   146   19 29  0     38.15    0.2099E+00     126.0    358.7
2014  5 26   146   19 30  0     38.33    0.2004E+00     120.1    355.4
2014  5 26   146   19 31  0     38.51    0.1896E+00     114.5    360.0
2014  5 26   146   19 32  0     38.69    0.2005E+00     123.5    359.0
2014  5 26   146   19 33  0     38.87    0.2007E+00     124.8    359.2
2014  5 26   146   19 34  0     39.05    0.1997E+00     125.2    359.0
2014  5 26   146   19 35  0     39.23    0.1905E+00     118.9    356.3
2014  5 26   146   19 36  0     39.41    0.1953E+00     124.4    360.1
2014  5 26   146   19 37  0     39.59    0.1963E+00     125.5    356.8
2014  5 26   146   19 38  0     39.77    0.1891E+00     122.3    359.4
2014  5 26   146   19 39  0     39.95    0.1924E+00     126.1    359.0
2014  5 26   146   19 40  0     40.13    0.1891E+00     125.0    358.9
2014  5 26   146   19 41  0     40.32    0.1870E+00     124.3    358.0
2014  5 26   146   19 42  0     40.50    0.1810E+00     120.7    357.4
2014  5 26   146   19 43  0     40.68    0.1755E+00     117.7    357.5
2014  5 26   146   19 44  0     40.86    0.1719E+00     116.0    356.8
2014  5 26   146   19 45  0     41.04    0.1766E+00     121.7    359.0
2014  5 26   146   19 46  0     41.23    0.1749E+00     121.7    358.2
2014  5 26   146   19 47  0     41.41    0.1732E+00     122.1    359.3
2014  5 26   146   19 48  0     41.59    0.1746E+00     124.8    359.6
2014  5 26   146   19 49  0     41.78    0.1728E+00     124.8    359.3
2014  5 26   146   19 50  0     41.96    0.1678E+00     121.8    358.9
2014  5 26   146   19 51  0     42.14    0.1630E+00     119.1    358.5
2014  5 26   146   19 52  0     42.33    0.1514E+00     110.4    356.4
2014  5 26   146   19 53  0     42.51    0.1388E+00     101.0    355.6
2014  5 26   146   19 54  0     42.70    0.1407E+00     105.4    359.7
2014  5 26   146   19 55  0     42.88    0.1434E+00     109.2    359.9
2014  5 26   146   19 56  0     43.07    0.1432E+00     109.9    358.8
2014  5 26   146   19 57  0     43.25    0.1420E+00     110.3    360.1
2014  5 26   146   19 58  0     43.43    0.1466E+00     115.8    360.0
2014  5 26   146   19 59  0     43.62    0.1441E+00     114.5    359.5
2014  5 26   146   20  0  0     43.81    0.1457E+00     117.8    360.8
2014  5 26   146   20  1  0     43.99    0.1443E+00     117.6    359.6
2014  5 26   146   20  2  0     44.18    0.1410E+00     115.5    358.7
2014  5 26   146   20  3  0     44.36    0.1364E+00     112.4    359.2
2014  5 26   146   20  4  0     44.55    0.1408E+00     118.3    359.9
2014  5 26   146   20  5  0     44.73    0.1409E+00     119.5    359.7
2014  5 26   146   20  6  0     44.92    0.1387E+00     118.8    359.1
2014  5 26   146   20  7  0     45.11    0.1356E+00     117.2    358.4
2014  5 26   146   20  8  0     45.29    0.1253E+00     108.3    356.9
2014  5 26   146   20  9  0     45.48    0.1167E+00     101.4    357.8
2014  5 26   146   20 10  0     45.66    0.1129E+00      98.8    356.3
2014  5 26   146   20 11  0     45.85    0.1127E+00     100.5    359.3
2014  5 26   146   20 12  0     46.04    0.1158E+00     104.9    357.9
2014  5 26   146   20 13  0     46.22    0.1099E+00      99.4    356.1
2014  5 26   146   20 14  0     46.41    0.1129E+00     104.8    359.6
2014  5 26   146   20 15  0     46.60    0.1126E+00     105.4    357.4
2014  5 26   146   20 16  0     46.78    0.1051E+00      98.0    355.2
2014  5 26   146   20 17  0     46.97    0.1017E+00      96.0    357.4
2014  5 26   146   20 18  0     47.16    0.1058E+00     102.5    358.1
2014  5 26   146   20 19  0     47.35    0.1014E+00      98.3    355.9
2014  5 26   146   20 20  0     47.53    0.9715E-01      94.5    356.2
2014  5 26   146   20 21  0     47.72    0.1034E+00     103.9    358.9
2014  5 26   146   20 22  0     47.91    0.1103E+00     113.5    359.6
2014  5 26   146   20 23  0     48.10    0.1120E+00     116.3    358.0
2014  5 26   146   20 24  0     48.28    0.1129E+00     118.9    357.9
2014  5 26   146   20 25  0     48.47    0.1076E+00     112.5    354.9
2014  5 26   146   20 26  0     48.66    0.1067E+00     113.5    357.1
2014  5 26   146   20 27  0     48.85    0.1106E+00     120.6    357.0
2014  5 26   146   20 28  0     49.04    0.1068E+00     117.4    355.9
2014  5 26   146   20 29  0     49.22    0.1024E+00     113.7    356.4
2014  5 26   146   20 30  0     49.41    0.9946E-01     111.6    355.5
2014  5 26   146   20 31  0     49.60    0.9251E-01     103.6    354.2
2014  5 26   146   20 32  0     49.79    0.9272E-01     106.3    355.8
2014  5 26   146   20 33  0     49.98    0.9466E-01     111.4    357.8
2014  5 26   146   20 34  0     50.17    0.9669E-01     115.8    357.2
2014  5 26   146   20 35  0     50.35    0.9389E-01     113.2    356.2
2014  5 26   146   20 36  0     50.54    0.8990E-01     108.4    354.5
2014  5 26   146   20 37  0     50.73    0.8632E-01     104.7    354.2
2014  5 26   146   20 38  0     50.92    0.8402E-01     102.6    352.9
2014  5 26   146   20 39  0     51.11    0.8117E-01      99.8    352.3
2014  5 26   146   20 40  0     51.30    0.8107E-01     102.0    354.0
2014  5 26   146   20 41  0     51.49    0.7888E-01      99.9    352.4
2014  5 26   146   20 42  0     51.67    0.7648E-01      97.9    352.3
2014  5 26   146   20 43  0     51.86    0.7484E-01      97.0    351.9
2014  5 26   146   20 44  0     52.05    0.7651E-01     102.3    354.6
2014  5 26   146   20 45  0     52.24    0.7708E-01     104.7    353.2
2014  5 26   146   20 46  0     52.43    0.7200E-01      97.3    351.3
2014  5 26   146   20 47  0     52.62    0.7058E-01      97.4    352.5
2014  5 26   146   20 48  0     52.81    0.6818E-01      94.9    351.5
2014  5 26   146   20 49  0     53.00    0.6519E-01      91.3    350.5
2014  5 26   146   20 50  0     53.19    0.6169E-01      86.9    349.7
2014  5 26   146   20 51  0     53.38    0.5841E-01      82.9    349.8
2014  5 26   146   20 52  0     53.57    0.5710E-01      82.4    349.9
2014  5 26   146   20 53  0     53.75    0.5552E-01      81.1    349.6
2014  5 26   146   20 54  0     53.94    0.5500E-01      82.0    350.3
2014  5 26   146   20 55  0     54.13    0.5444E-01      82.5    350.5
2014  5 26   146   20 56  0     54.32    0.5406E-01      83.3    350.3
2014  5 26   146   20 57  0     54.51    0.5378E-01      84.1    350.2
2014  5 26   146   20 58  0     54.70    0.5384E-01      85.6    350.1
2014  5 26   146   20 59  0     54.89    0.5411E-01      87.6    350.3
2014  5 26   146   21  0  0     55.08    0.5511E-01      91.4    351.1
2014  5 26   146   21  1  0     55.27    0.5655E-01      96.4    351.8
2014  5 26   146   21  2  0     55.46    0.5803E-01     101.6    353.0
2014  5 26   146   21  3  0     55.65    0.6171E-01     112.5    355.2
2014  5 26   146   21  4  0     55.84    0.6407E-01     119.9    355.9
2014  5 26   146   21  5  0     56.03    0.6432E-01     121.6    354.1
2014  5 26   146   21  6  0     56.21    0.6035E-01     112.4    350.5
2014  5 26   146   21  7  0     56.40    0.5904E-01     111.7    352.0
2014  5 26   146   21  8  0     56.59    0.6520E-01     131.7    356.3
2014  5 26   146   21  9  0     56.78    0.6569E-01     135.3    355.9
2014  5 26   146   21 10  0     56.97    0.6562E-01     137.6    355.8
2014  5 26   146   21 11  0     57.16    0.6462E-01     137.5    355.2
2014  5 26   146   21 12  0     57.35    0.6326E-01     136.2    354.4
2014  5 26   146   21 13  0     57.54    0.6217E-01     136.3    354.8
2014  5 26   146   21 14  0     57.73    0.6130E-01     136.6    354.4
2014  5 26   146   21 15  0     57.92    0.6007E-01     135.9    354.0
2014  5 26   146   21 16  0     58.11    0.5876E-01     134.9    353.2
2014  5 26   146   21 17  0     58.30    0.5671E-01     131.2    352.2
2014  5 26   146   21 18  0     58.49    0.5415E-01     125.9    350.9
2014  5 26   146   21 19  0     58.68    0.5295E-01     125.5    350.9
2014  5 26   146   21 20  0     58.87    0.5145E-01     123.6    350.2
2014  5 26   146   21 21  0     59.05    0.5016E-01     122.5    350.2
2014  5 26   146   21 22  0     59.24    0.4909E-01     122.3    350.3
2014  5 26   146   21 23  0     59.43    0.4833E-01     122.9    350.3
2014  5 26   146   21 24  0     59.62    0.4735E-01     122.8    350.4
2014  5 26   146   21 25  0     59.81    0.4604E-01     121.1    349.8
2014  5 26   146   21 26  0     60.00    0.4507E-01     120.8    349.8
2014  5 26   146   21 27  0     60.19    0.4467E-01     122.8    350.3
2014  5 26   146   21 28  0     60.38    0.4383E-01     122.7    350.0
2014  5 26   146   21 29  0     60.57    0.4276E-01     121.5    349.4
2014  5 26   146   21 30  0     60.76    0.4175E-01     120.8    349.3
2014  5 26   146   21 31  0     60.95    0.4109E-01     121.6    349.4
2014  5 26   146   21 32  0     61.13    0.4036E-01     121.9    349.3
2014  5 26   146   21 33  0     61.32    0.3965E-01     122.3    349.5
2014  5 26   146   21 34  0     61.51    0.3893E-01     122.5    349.3
2014  5 26   146   21 35  0     61.70    0.3794E-01     121.1    348.4
2014  5 26   146   21 36  0     61.89    0.3682E-01     119.5    348.2
2014  5 26   146   21 37  0     62.08    0.3611E-01     119.7    347.8
2014  5 26   146   21 38  0     62.27    0.3511E-01     118.5    347.6
2014  5 26   146   21 39  0     62.46    0.3360E-01     114.0    345.8
2014  5 26   146   21 40  0     62.64    0.3273E-01     113.7    346.7
2014  5 26   146   21 41  0     62.83    0.3196E-01     113.3    346.3
2014  5 26   146   21 42  0     63.02    0.3154E-01     115.0    346.8
2014  5 26   146   21 43  0     63.21    0.3099E-01     115.8    347.3
2014  5 26   146   21 44  0     63.40    0.3050E-01     116.9    347.4
2014  5 26   146   21 45  0     63.59    0.3004E-01     118.0    347.5
2014  5 26   146   21 46  0     63.77    0.2912E-01     115.6    346.0
2014  5 26   146   21 47  0     63.96    0.2763E-01     110.1    345.0
2014  5 26   146   21 48  0     64.15    0.2704E-01     110.2    343.9
2014  5 26   146   21 49  0     64.34    0.2522E-01     100.7    340.6
2014  5 26   146   21 50  0     64.53    0.2379E-01      94.8    339.0
2014  5 26   146   21 51  0     64.71    0.2277E-01      90.9    336.6
2014  5 26   146   21 52  0     64.90    0.2190E-01      88.9    336.4
2014  5 26   146   21 53  0     65.09    0.2131E-01      89.5    337.9
2014  5 26   146   21 54  0     65.28    0.2170E-01      98.4    342.7
2014  5 26   146   21 55  0     65.46    0.2151E-01     100.7    342.9
2014  5 26   146   21 56  0     65.65    0.2155E-01     105.3    344.3
2014  5 26   146   21 57  0     65.84    0.2092E-01     103.0    342.8
2014  5 26   146   21 58  0     66.03    0.2010E-01      99.8    342.3
2014  5 26   146   21 59  0     66.22    0.2043E-01     108.6    345.5
2014  5 26   146   22  0  0     66.40    0.2033E-01     111.9    346.4
2014  5 26   146   22  1  0     66.59    0.1999E-01     112.7    346.1
2014  5 26   146   22  2  0     66.78    0.1975E-01     114.6    346.1
2014  5 26   146   22  3  0     66.96    0.1961E-01     117.3    346.8
2014  5 26   146   22  4  0     67.15    0.1912E-01     115.2    344.8
2014  5 26   146   22  5  0     67.34    0.1864E-01     114.1    344.0
2014  5 26   146   22  6  0     67.52    0.1813E-01     112.4    342.9
2014  5 26   146   22  7  0     67.71    0.1797E-01     116.2    344.3
2014  5 26   146   22  8  0     67.90    0.1760E-01     116.3    343.7
2014  5 26   146   22  9  0     68.09    0.1739E-01     119.2    344.5
2014  5 26   146   22 10  0     68.27    0.1681E-01     116.7    343.1
2014  5 26   146   22 11  0     68.46    0.1647E-01     118.5    344.2
2014  5 26   146   22 12  0     68.64    0.1603E-01     118.3    344.1
2014  5 26   146   22 13  0     68.83    0.1568E-01     118.8    344.2
2014  5 26   146   22 14  0     69.02    0.1532E-01     119.4    343.9
2014  5 26   146   22 15  0     69.20    0.1488E-01     117.9    343.3
2014  5 26   146   22 16  0     69.39    0.1439E-01     115.7    342.5
2014  5 26   146   22 17  0     69.58    0.1406E-01     116.5    342.3
2014  5 26   146   22 18  0     69.76    0.1373E-01     117.1    342.2
2014  5 26   146   22 19  0     69.95    0.1323E-01     114.8    341.4
2014  5 26   146   22 20  0     70.13    0.1283E-01     114.5    341.5
2014  5 26   146   22 21  0     70.32    0.1243E-01     114.2    341.3
2014  5 26   146   22 22  0     70.50    0.1194E-01     110.1    339.5
2014  5 26   146   22 23  0     70.69    0.1134E-01     104.5    337.4
2014  5 26   146   22 24  0     70.87    0.1101E-01     104.8    337.6
2014  5 26   146   22 25  0     71.06    0.1061E-01     102.4    336.5
2014  5 26   146   22 26  0     71.25    0.1030E-01     102.8    337.0
2014  5 26   146   22 27  0     71.43    0.1014E-01     107.2    338.9
2014  5 26   146   22 28  0     71.61    0.9937E-02     109.4    339.7
2014  5 26   146   22 29  0     71.80    0.9673E-02     109.6    339.5
2014  5 26   146   22 30  0     71.98    0.9364E-02     107.7    338.4
2014  5 26   146   22 31  0     72.17    0.9014E-02     104.9    337.0
2014  5 26   146   22 32  0     72.35    0.8705E-02     102.6    335.2
2014  5 26   146   22 33  0     72.54    0.8390E-02      99.3    333.6
2014  5 26   146   22 34  0     72.72    0.8063E-02      97.1    332.7
2014  5 26   146   22 35  0     72.91    0.7811E-02      96.7    332.4
2014  5 26   146   22 36  0     73.09    0.7503E-02      94.5    331.0
2014  5 26   146   22 37  0     73.27    0.7251E-02      93.7    330.7
2014  5 26   146   22 38  0     73.46    0.6994E-02      92.7    330.4
2014  5 26   146   22 39  0     73.64    0.6769E-02      91.8    330.0
2014  5 26   146   22 40  0     73.82    0.6554E-02      91.3    329.9
2014  5 26   146   22 41  0     74.01    0.6306E-02      90.5    329.5
2014  5 26   146   22 42  0     74.19    0.6113E-02      91.8    330.4
2014  5 26   146   22 43  0     74.37    0.5910E-02      91.2    330.7
2014  5 26   146   22 44  0     74.56    0.5726E-02      91.8    331.2
2014  5 26   146   22 45  0     74.74    0.5562E-02      92.6    331.8
2014  5 26   146   22 46  0     74.92    0.5448E-02      96.5    333.8
2014  5 26   146   22 47  0     75.11    0.5317E-02      97.6    334.2
2014  5 26   146   22 48  0     75.29    0.5172E-02      97.2    334.1
2014  5 26   146   22 49  0     75.47    0.5048E-02     100.0    335.4
2014  5 26   146   22 50  0     75.65    0.4922E-02     101.7    335.9
2014  5 26   146   22 51  0     75.83    0.4797E-02     102.5    336.1
2014  5 26   146   22 52  0     76.02    0.4691E-02     103.6    336.5
2014  5 26   146   22 53  0     76.20    0.4548E-02     104.3    336.7
2014  5 26   146   22 54  0     76.38    0.4427E-02     105.7    337.3
2014  5 26   146   22 55  0     76.56    0.4339E-02     107.8    338.3
2014  5 26   146   22 56  0     76.74    0.4243E-02     110.3    339.2
2014  5 26   146   22 57  0     76.92    0.4129E-02     113.0    340.2
2014  5 26   146   22 58  0     77.10    0.4059E-02     115.7    341.1
2014  5 26   146   22 59  0     77.29    0.3957E-02     117.8    341.5
2014  5 26   146   23  0  0     77.47    0.3860E-02     119.5    342.0
2014  5 26   146   23  1  0     77.65    0.3789E-02     120.8    342.1
2014  5 26   146   23  2  0     77.83    0.3701E-02     121.6    342.3
2014  5 26   146   23  3  0     78.01    0.3576E-02     121.9    342.1
2014  5 26   146   23  4  0     78.19    0.3483E-02     121.1    341.5
2014  5 26   146   23  5  0     78.37    0.3375E-02     120.0    341.0
2014  5 26   146   23  6  0     78.55    0.3255E-02     118.8    340.2
2014  5 26   146   23  7  0     78.73    0.3133E-02     117.8    339.5
2014  5 26   146   23  8  0     78.91    0.3028E-02     117.3    339.0
2014  5 26   146   23  9  0     79.09    0.2941E-02     116.6    338.4
2014  5 26   146   23 10  0     79.27    0.2845E-02     115.8    337.9
2014  5 26   146   23 11  0     79.44    0.2778E-02     115.3    337.1
2014  5 26   146   23 12  0     79.62    0.2683E-02     115.1    336.8
2014  5 26   146   23 13  0     79.80    0.2604E-02     114.8    336.7
2014  5 26   146   23 14  0     79.98    0.2528E-02     114.6    336.0
2014  5 26   146   23 15  0     80.16    0.2447E-02     114.3    335.8
2014  5 26   146   23 16  0     80.34    0.2384E-02     113.5    335.0
2014  5 26   146   23 17  0     80.52    0.2300E-02     112.8    334.4
2014  5 26   146   23 18  0     80.69    0.2223E-02     112.3    333.7
2014  5 26   146   23 19  0     80.87    0.2163E-02     111.9    333.2
2014  5 26   146   23 20  0     81.05    0.2099E-02     111.4    332.4
2014  5 26   146   23 21  0     81.23    0.2033E-02     110.8    331.7
2014  5 26   146   23 22  0     81.40    0.1960E-02     110.5    331.0
2014  5 26   146   23 23  0     81.58    0.1907E-02     110.2    330.0
2014  5 26   146   23 24  0     81.76    0.1871E-02     109.8    328.6
2014  5 26   146   23 25  0     81.93    0.1824E-02     109.8    327.8
2014  5 26   146   23 26  0     82.11    0.1749E-02     110.0    327.2
2014  5 26   146   23 27  0     82.29    0.1718E-02     110.3    326.2
2014  5 26   146   23 28  0     82.46    0.1676E-02     110.5    325.4
2014  5 26   146   23 29  0     82.64    0.1635E-02     110.8    324.5
2014  5 26   146   23 30  0     82.81    0.1603E-02     111.0    323.7
2014  5 26   146   23 31  0     82.99    0.1553E-02     111.5    322.1
2014  5 26   146   23 32  0     83.17    0.1507E-02     111.9    321.8
2014  5 26   146   23 33  0     83.34    0.1485E-02     112.0    320.4
2014  5 26   146   23 34  0     83.52    0.1466E-02     112.1    319.3
2014  5 26   146   23 35  0     83.69    0.1417E-02     112.3    318.1
2014  5 26   146   23 36  0     83.87    0.1394E-02     112.5    316.0
2014  5 26   146   23 37  0     84.04    0.1369E-02     112.6    314.8
2014  5 26   146   23 38  0     84.21    0.1359E-02     112.8    313.4
2014  5 26   146   23 39  0     84.39    0.1314E-02     113.1    311.4
2014  5 26   146   23 40  0     84.56    0.1295E-02     113.4    309.7
2014  5 26   146   23 41  0     84.73    0.1284E-02     113.8    307.3
2014  5 26   146   23 42  0     84.91    0.1271E-02     114.5    304.7
2014  5 26   146   23 43  0     85.08    0.1220E-02     115.0    302.0
2014  5 26   146   23 44  0     85.25    0.1217E-02     115.2    298.9
2014  5 26   146   23 45  0     85.43    0.1189E-02     115.4    296.4
2014  5 26   146   23 46  0     85.60    0.1165E-02     115.7    292.2
2014  5 26   146   23 47  0     85.77    0.1157E-02     115.9    287.9
2014  5 26   146   23 48  0     85.94    0.1135E-02     116.4    282.9
2014  5 26   146   23 49  0     86.12    0.1136E-02     116.6    277.9
2014  5 26   146   23 50  0     86.29    0.1119E-02     116.7    274.3
2014  5 26   146   23 51  0     86.46    0.1108E-02     116.7    268.8
2014  5 26   146   23 52  0     86.63    0.1101E-02     116.7    261.6
2014  5 26   146   23 53  0     86.80    0.1070E-02     116.6    253.5
2014  5 26   146   23 54  0     86.97    0.1068E-02     116.8    244.0
2014  5 26   146   23 55  0     87.14    0.1053E-02     116.5    238.2
2014  5 26   146   23 56  0     87.31    0.1030E-02     116.1    230.4
2014  5 26   146   23 57  0     87.48    0.1024E-02     115.8    220.7
2014  5 26   146   23 58  0     87.65    0.9837E-03     115.5    211.2
2014  5 26   146   23 59  0     87.82    0.9927E-03     115.3    200.6
