                            NILUUV 115

Uvpro Version 2.0
Latitude :   40.74 (North)
Longitude:  -74.03  (West)
Calibration file: cf100603a.115
Height above sea level:    40.0  m
CLT derived from channel 4
CLT scale factor used:   1.0
Ozone derived from channel pair ch3/ch1
Ozone scale factor used:   1.0
Drift factors ch1-ch6:   3.000154.000  1.000  1.000  1.000  1.000
Ozone profile climatology: Mid  Latitude
Dose type:    CLW    Caldwell Plant 1971           

yyyy mm dd   jul   hh mm ss      SZA     dose rate       clt     Ozone
                              [degrees]   [W/m^2]        [%]     [DU]
2014  3 28    87   10 52  0     89.85    0.3812E-04      46.2    201.0
2014  3 28    87   10 53  0     89.66    0.3764E-04      46.3    203.1
2014  3 28    87   10 54  0     89.47    0.3744E-04      45.6    202.7
2014  3 28    87   10 55  0     89.28    0.3256E-04      43.8    215.1
2014  3 28    87   10 56  0     89.09    0.2956E-04      41.5    218.5
2014  3 28    87   10 57  0     88.90    0.2877E-04      40.3    223.4
2014  3 28    87   10 58  0     88.71    0.2909E-04      41.3    222.8
2014  3 28    87   10 59  0     88.52    0.2324E-04      43.5    246.9
2014  3 28    87   11  0  0     88.33    0.1989E-04      45.0    259.1
2014  3 28    87   11  1  0     88.15    0.1552E-04      45.7    273.1
2014  3 28    87   11  2  0     87.95    0.1458E-04      46.2    278.1
2014  3 28    87   11  3  0     87.77    0.7314E-05      46.8    299.7
2014  3 28    87   11  4  0     87.58    0.7436E-05      47.5    292.7
2014  3 28    87   11  5  0     87.39   -0.2900E-06      48.4    315.3
2014  3 28    87   11  6  0     87.20   -0.4827E-05      49.4    324.5
2014  3 28    87   11  7  0     87.01   -0.1026E-04      50.4    334.9
2014  3 28    87   11  8  0     86.82   -0.1897E-04      50.6    362.8
2014  3 28    87   11  9  0     86.63   -0.2411E-04      50.5    371.2
2014  3 28    87   11 10  0     86.44   -0.2818E-04      50.7    372.4
2014  3 28    87   11 11  0     86.25   -0.3555E-04      51.2    385.9
2014  3 28    87   11 12  0     86.06   -0.4184E-04      51.8    393.3
2014  3 28    87   11 13  0     85.87   -0.5341E-04      52.3    427.9
2014  3 28    87   11 14  0     85.68   -0.5823E-04      53.0    421.5
2014  3 28    87   11 15  0     85.49   -0.6991E-04      54.2    445.7
2014  3 28    87   11 16  0     85.30   -0.8298E-04      55.8    470.2
2014  3 28    87   11 17  0     85.11   -0.9210E-04      57.9    467.4
2014  3 28    87   11 18  0     84.92   -0.1109E-03      59.4    515.8
2014  3 28    87   11 19  0     84.73   -0.1250E-03      60.2    538.4
2014  3 28    87   11 20  0     84.54   -0.1353E-03      60.5    543.2
2014  3 28    87   11 21  0     84.35   -0.1367E-03      59.8    513.1
2014  3 28    87   11 22  0     84.16   -0.1444E-03      57.4    548.3
2014  3 28    87   11 23  0     83.97   -0.1398E-03      53.4    536.8
2014  3 28    87   11 24  0     83.78   -0.1330E-03      48.9    516.0
2014  3 28    87   11 25  0     83.59   -0.1253E-03      44.6    491.0
2014  3 28    87   11 26  0     83.40   -0.1217E-03      41.4    475.9
2014  3 28    87   11 27  0     83.21   -0.1294E-03      40.6    487.5
2014  3 28    87   11 28  0     83.02   -0.1418E-03      41.4    496.7
2014  3 28    87   11 29  0     82.84   -0.1590E-03      42.5    521.6
2014  3 28    87   11 30  0     82.65   -0.1772E-03      43.2    556.3
2014  3 28    87   11 31  0     82.46   -0.1872E-03      43.3    551.3
2014  3 28    87   11 32  0     82.27   -0.1954E-03      42.6    550.0
2014  3 28    87   11 33  0     82.08   -0.2060E-03      41.7    565.8
2014  3 28    87   11 34  0     81.89   -0.2078E-03      40.6    539.0
2014  3 28    87   11 35  0     81.70   -0.2071E-03      38.6    532.9
2014  3 28    87   11 36  0     81.51   -0.2033E-03      36.4    518.0
2014  3 28    87   11 37  0     81.32   -0.2061E-03      35.3    510.7
2014  3 28    87   11 38  0     81.13   -0.2159E-03      34.9    525.6
2014  3 28    87   11 39  0     80.94   -0.2255E-03      34.3    542.7
2014  3 28    87   11 40  0     80.75   -0.2358E-03      34.3    540.9
2014  3 28    87   11 41  0     80.56   -0.2553E-03      35.1    555.6
2014  3 28    87   11 42  0     80.37   -0.2791E-03      36.5    563.2
2014  3 28    87   11 43  0     80.18   -0.2993E-03      37.5    561.5
2014  3 28    87   11 44  0     80.00   -0.3125E-03      37.3    571.5
2014  3 28    87   11 45  0     79.81   -0.3252E-03      36.7    592.5
2014  3 28    87   11 46  0     79.62   -0.3270E-03      36.1    569.3
2014  3 28    87   11 47  0     79.43   -0.3316E-03      35.2    573.7
2014  3 28    87   11 48  0     79.24   -0.3394E-03      34.6    582.7
2014  3 28    87   11 49  0     79.05   -0.3445E-03      34.1    576.8
2014  3 28    87   11 50  0     78.86   -0.3461E-03      33.2    572.6
2014  3 28    87   11 51  0     78.67   -0.3529E-03      32.7    571.9
2014  3 28    87   11 52  0     78.49   -0.3777E-03      33.7    576.5
2014  3 28    87   11 53  0     78.30   -0.4173E-03      35.5    600.5
2014  3 28    87   11 54  0     78.11   -0.4453E-03      36.6    601.9
2014  3 28    87   11 55  0     77.92   -0.4616E-03      36.7    606.5
2014  3 28    87   11 56  0     77.73   -0.4905E-03      37.5    614.0
2014  3 28    87   11 57  0     77.54   -0.5330E-03      39.5    608.8
2014  3 28    87   11 58  0     77.35   -0.5761E-03      41.3    620.7
2014  3 28    87   11 59  0     77.17   -0.6104E-03      42.4    622.4
2014  3 28    87   12  0  0     76.98   -0.6565E-03      44.1    629.9
2014  3 28    87   12  1  0     76.79   -0.7075E-03      46.1    637.4
2014  3 28    87   12  2  0     76.60   -0.7455E-03      47.4    643.2
2014  3 28    87   12  3  0     76.42   -0.7557E-03      47.2    643.8
2014  3 28    87   12  4  0     76.23   -0.7366E-03      45.1    647.8
2014  3 28    87   12  5  0     76.04   -0.7024E-03      42.5    626.8
2014  3 28    87   12  6  0     75.85   -0.7076E-03      41.5    629.0
2014  3 28    87   12  7  0     75.66   -0.7518E-03      43.0    624.6
2014  3 28    87   12  8  0     75.48   -0.8232E-03      45.6    637.2
2014  3 28    87   12  9  0     75.29   -0.8817E-03      47.5    631.3
2014  3 28    87   12 10  0     75.10   -0.9245E-03      48.2    632.8
2014  3 28    87   12 11  0     74.91   -0.9554E-03      48.4    619.1
2014  3 28    87   12 12  0     74.73   -0.9952E-03      48.9    608.2
2014  3 28    87   12 13  0     74.54   -0.1042E-02      50.2    596.4
2014  3 28    87   12 14  0     74.35   -0.1107E-02      52.1    598.2
2014  3 28    87   12 15  0     74.16   -0.1181E-02      54.1    599.9
2014  3 28    87   12 16  0     73.98   -0.1253E-02      56.4    589.3
2014  3 28    87   12 17  0     73.79   -0.1332E-02      59.3    592.7
2014  3 28    87   12 18  0     73.61   -0.1384E-02      61.4    605.9
2014  3 28    87   12 19  0     73.42   -0.1380E-02      61.1    614.8
2014  3 28    87   12 20  0     73.23   -0.1389E-02      61.1    622.2
2014  3 28    87   12 21  0     73.05   -0.1420E-02      60.8    614.6
2014  3 28    87   12 22  0     72.86   -0.1490E-02      62.4    598.6
2014  3 28    87   12 23  0     72.67   -0.1565E-02      63.6    583.4
2014  3 28    87   12 24  0     72.49   -0.1664E-02      66.4    575.6
2014  3 28    87   12 25  0     72.30   -0.1762E-02      69.0    572.3
2014  3 28    87   12 26  0     72.12   -0.1849E-02      71.5    571.1
2014  3 28    87   12 27  0     71.93   -0.1895E-02      72.3    566.3
2014  3 28    87   12 28  0     71.74   -0.1927E-02      72.5    563.1
2014  3 28    87   12 29  0     71.56   -0.1930E-02      71.4    557.5
2014  3 28    87   12 30  0     71.37   -0.1918E-02      70.0    547.9
2014  3 28    87   12 31  0     71.19   -0.1913E-02      68.8    539.8
2014  3 28    87   12 32  0     71.00   -0.1853E-02      64.6    527.0
2014  3 28    87   12 33  0     70.82   -0.1857E-02      63.9    522.0
2014  3 28    87   12 34  0     70.63   -0.1903E-02      65.2    522.6
2014  3 28    87   12 35  0     70.45   -0.1911E-02      64.7    520.1
2014  3 28    87   12 36  0     70.27   -0.1886E-02      62.5    515.1
2014  3 28    87   12 37  0     70.08   -0.1853E-02      60.4    508.5
2014  3 28    87   12 38  0     69.90   -0.1823E-02      58.3    504.6
2014  3 28    87   12 39  0     69.71   -0.1816E-02      57.3    502.9
2014  3 28    87   12 40  0     69.53   -0.1806E-02      56.3    501.4
2014  3 28    87   12 41  0     69.35   -0.1800E-02      55.7    500.9
2014  3 28    87   12 42  0     69.16   -0.1780E-02      54.6    502.5
2014  3 28    87   12 43  0     68.98   -0.1763E-02      53.5    505.2
2014  3 28    87   12 44  0     68.79   -0.1733E-02      52.2    505.7
2014  3 28    87   12 45  0     68.61   -0.1709E-02      51.2    505.5
2014  3 28    87   12 46  0     68.43   -0.1709E-02      50.9    506.0
2014  3 28    87   12 47  0     68.25   -0.1755E-02      51.9    506.3
2014  3 28    87   12 48  0     68.06   -0.1857E-02      54.7    504.4
2014  3 28    87   12 49  0     67.88   -0.1981E-02      58.2    501.4
2014  3 28    87   12 50  0     67.70   -0.2068E-02      60.0    499.1
2014  3 28    87   12 51  0     67.52   -0.2151E-02      62.0    498.8
2014  3 28    87   12 52  0     67.34   -0.2203E-02      63.1    498.9
2014  3 28    87   12 53  0     67.15   -0.2194E-02      62.4    496.4
2014  3 28    87   12 54  0     66.97   -0.2166E-02      60.9    494.3
2014  3 28    87   12 55  0     66.79   -0.2161E-02      60.1    493.5
2014  3 28    87   12 56  0     66.61   -0.2185E-02      60.6    493.3
2014  3 28    87   12 57  0     66.43   -0.2189E-02      60.6    491.8
2014  3 28    87   12 58  0     66.25   -0.2170E-02      59.7    491.0
2014  3 28    87   12 59  0     66.07   -0.2148E-02      58.6    490.1
2014  3 28    87   13  0  0     65.89   -0.2118E-02      57.4    490.1
2014  3 28    87   13  1  0     65.71   -0.2116E-02      57.1    489.9
2014  3 28    87   13  2  0     65.53   -0.2081E-02      56.1    489.8
2014  3 28    87   13  3  0     65.35   -0.2034E-02      54.4    490.2
2014  3 28    87   13  4  0     65.17   -0.2016E-02      53.8    490.9
2014  3 28    87   13  5  0     64.99   -0.2020E-02      54.0    492.4
2014  3 28    87   13  6  0     64.81   -0.2002E-02      53.3    492.9
2014  3 28    87   13  7  0     64.63   -0.2011E-02      53.5    493.9
2014  3 28    87   13  8  0     64.45   -0.1997E-02      53.1    493.0
2014  3 28    87   13  9  0     64.27   -0.1949E-02      51.7    491.7
2014  3 28    87   13 10  0     64.09   -0.1932E-02      51.2    491.5
2014  3 28    87   13 11  0     63.91   -0.1946E-02      51.5    493.4
2014  3 28    87   13 12  0     63.73   -0.1898E-02      50.2    493.2
2014  3 28    87   13 13  0     63.56   -0.1827E-02      48.0    493.2
2014  3 28    87   13 14  0     63.38   -0.1783E-02      46.7    493.4
2014  3 28    87   13 15  0     63.20   -0.1739E-02      45.3    493.5
2014  3 28    87   13 16  0     63.02   -0.1736E-02      45.3    493.1
2014  3 28    87   13 17  0     62.85   -0.1770E-02      46.3    493.3
2014  3 28    87   13 18  0     62.67   -0.1805E-02      47.5    492.8
2014  3 28    87   13 19  0     62.49   -0.1817E-02      47.9    492.3
2014  3 28    87   13 20  0     62.32   -0.1767E-02      46.7    491.7
2014  3 28    87   13 21  0     62.14   -0.1710E-02      45.2    492.3
2014  3 28    87   13 22  0     61.97   -0.1636E-02      43.3    494.0
2014  3 28    87   13 23  0     61.79   -0.1561E-02      41.0    495.6
2014  3 28    87   13 24  0     61.61   -0.1493E-02      39.3    496.2
2014  3 28    87   13 25  0     61.44   -0.1443E-02      38.0    496.8
2014  3 28    87   13 26  0     61.27   -0.1407E-02      37.1    497.4
2014  3 28    87   13 27  0     61.09   -0.1397E-02      36.9    497.2
2014  3 28    87   13 28  0     60.92   -0.1411E-02      37.5    497.8
2014  3 28    87   13 29  0     60.74   -0.1426E-02      38.0    498.4
2014  3 28    87   13 30  0     60.57   -0.1425E-02      38.2    498.6
2014  3 28    87   13 31  0     60.40   -0.1448E-02      39.1    498.5
2014  3 28    87   13 32  0     60.22   -0.1489E-02      40.7    498.3
2014  3 28    87   13 33  0     60.05   -0.1526E-02      41.9    498.7
2014  3 28    87   13 34  0     59.88   -0.1558E-02      43.0    499.3
2014  3 28    87   13 35  0     59.71   -0.1574E-02      44.0    499.1
2014  3 28    87   13 36  0     59.53   -0.1592E-02      45.2    498.4
2014  3 28    87   13 37  0     59.36   -0.1685E-02      48.9    498.3
2014  3 28    87   13 38  0     59.19   -0.1725E-02      51.0    496.8
2014  3 28    87   13 39  0     59.02   -0.1810E-02      54.6    496.6
2014  3 28    87   13 40  0     58.85   -0.1822E-02      55.8    497.0
2014  3 28    87   13 41  0     58.68   -0.1822E-02      56.1    497.8
2014  3 28    87   13 42  0     58.51   -0.1830E-02      56.7    498.6
2014  3 28    87   13 43  0     58.34   -0.1811E-02      57.0    498.1
2014  3 28    87   13 44  0     58.17   -0.1820E-02      58.8    496.8
2014  3 28    87   13 45  0     58.00   -0.1955E-02      64.4    497.9
2014  3 28    87   13 46  0     57.83   -0.2093E-02      69.9    499.7
2014  3 28    87   13 47  0     57.66   -0.2092E-02      70.8    500.3
2014  3 28    87   13 48  0     57.50   -0.2060E-02      70.7    500.6
2014  3 28    87   13 49  0     57.33   -0.2042E-02      70.9    501.6
2014  3 28    87   13 50  0     57.16   -0.1904E-02      67.1    501.4
2014  3 28    87   13 51  0     56.99   -0.1970E-02      69.9    503.1
2014  3 28    87   13 52  0     56.83   -0.1916E-02      69.7    503.1
2014  3 28    87   13 53  0     56.66   -0.1721E-02      64.3    501.8
2014  3 28    87   13 54  0     56.49   -0.1738E-02      66.3    502.5
2014  3 28    87   13 55  0     56.33   -0.1856E-02      71.4    504.6
2014  3 28    87   13 56  0     56.16   -0.1874E-02      74.2    505.1
2014  3 28    87   13 57  0     56.00   -0.1815E-02      74.0    504.9
2014  3 28    87   13 58  0     55.83   -0.1769E-02      73.4    505.8
2014  3 28    87   13 59  0     55.67   -0.1587E-02      67.0    505.9
2014  3 28    87   14  0  0     55.51   -0.1530E-02      64.6    507.6
2014  3 28    87   14  1  0     55.34   -0.1406E-02      60.3    508.2
2014  3 28    87   14  2  0     55.18   -0.1285E-02      55.8    508.8
2014  3 28    87   14  3  0     55.02   -0.1207E-02      53.2    509.6
2014  3 28    87   14  4  0     54.85   -0.1141E-02      51.5    511.2
2014  3 28    87   14  5  0     54.69   -0.1055E-02      49.7    509.9
2014  3 28    87   14  6  0     54.53   -0.1018E-02      49.5    510.3
2014  3 28    87   14  7  0     54.37   -0.9983E-03      49.8    511.1
2014  3 28    87   14  8  0     54.21   -0.1010E-02      51.6    512.1
2014  3 28    87   14  9  0     54.05   -0.9961E-03      52.8    512.4
2014  3 28    87   14 10  0     53.89   -0.1043E-02      57.7    513.6
2014  3 28    87   14 11  0     53.73   -0.1005E-02      60.3    513.0
2014  3 28    87   14 12  0     53.57   -0.8994E-03      57.8    511.6
2014  3 28    87   14 13  0     53.41   -0.8621E-03      57.8    512.3
2014  3 28    87   14 14  0     53.25   -0.7937E-03      56.2    512.6
2014  3 28    87   14 15  0     53.09   -0.7895E-03      56.2    514.3
2014  3 28    87   14 16  0     52.94   -0.7241E-03      54.7    515.2
2014  3 28    87   14 17  0     52.78   -0.6672E-03      53.2    515.6
2014  3 28    87   14 18  0     52.62   -0.6362E-03      52.3    516.7
2014  3 28    87   14 19  0     52.47   -0.6151E-03      51.3    518.2
2014  3 28    87   14 20  0     52.31   -0.5717E-03      47.6    519.8
2014  3 28    87   14 21  0     52.16   -0.5194E-03      42.5    521.6
2014  3 28    87   14 22  0     52.00   -0.4838E-03      39.7    523.0
2014  3 28    87   14 23  0     51.85   -0.4522E-03      38.3    523.9
2014  3 28    87   14 24  0     51.69   -0.4240E-03      39.3    523.9
2014  3 28    87   14 25  0     51.54   -0.3566E-03      36.0    524.0
2014  3 28    87   14 26  0     51.39   -0.3080E-03      32.1    525.0
2014  3 28    87   14 27  0     51.24   -0.2664E-03      30.0    525.4
2014  3 28    87   14 28  0     51.09   -0.2250E-03      29.1    525.4
2014  3 28    87   14 29  0     50.94   -0.1976E-03      28.1    526.0
2014  3 28    87   14 30  0     50.78   -0.1764E-03      27.7    526.7
2014  3 28    87   14 31  0     50.63   -0.1580E-03      27.2    527.5
2014  3 28    87   14 32  0     50.48   -0.1395E-03      24.8    528.8
2014  3 28    87   14 33  0     50.34   -0.1298E-03      22.7    530.5
2014  3 28    87   14 34  0     50.19   -0.1184E-03      21.4    531.8
2014  3 28    87   14 35  0     50.04   -0.1177E-03      19.0    534.2
2014  3 28    87   14 36  0     49.89   -0.1203E-03      17.0    537.3
2014  3 28    87   14 37  0     49.75   -0.1223E-03      15.6    539.6
2014  3 28    87   14 38  0     49.60   -0.1206E-03      14.7    541.6
2014  3 28    87   14 39  0     49.46   -0.1101E-03      13.8    542.7
2014  3 28    87   14 40  0     49.31   -0.1085E-03      13.0    544.7
2014  3 28    87   14 41  0     49.16   -0.1135E-03      12.5    547.1
2014  3 28    87   14 42  0     49.02   -0.1125E-03      12.3    548.7
2014  3 28    87   14 43  0     48.88   -0.1050E-03      12.5    549.1
2014  3 28    87   14 44  0     48.74   -0.9223E-04      13.5    548.6
2014  3 28    87   14 45  0     48.59   -0.6607E-04      14.4    547.2
2014  3 28    87   14 46  0     48.45   -0.4470E-04      14.9    546.6
2014  3 28    87   14 47  0     48.31   -0.3149E-04      15.3    546.9
2014  3 28    87   14 48  0     48.17   -0.2004E-04      15.8    547.3
2014  3 28    87   14 49  0     48.03    0.7871E-05      16.9    546.6
2014  3 28    87   14 50  0     47.89    0.4426E-04      17.7    545.6
2014  3 28    87   14 51  0     47.75    0.7103E-04      18.4    545.5
2014  3 28    87   14 52  0     47.62    0.1122E-03      20.0    544.9
2014  3 28    87   14 53  0     47.48    0.1657E-03      21.5    543.9
2014  3 28    87   14 54  0     47.34    0.2161E-03      22.3    543.2
2014  3 28    87   14 55  0     47.21    0.2686E-03      23.3    542.6
2014  3 28    87   14 56  0     47.07    0.3472E-03      25.0    541.4
2014  3 28    87   14 57  0     46.94    0.4376E-03      26.6    540.2
2014  3 28    87   14 58  0     46.80    0.5195E-03      27.8    539.3
2014  3 28    87   14 59  0     46.67    0.5779E-03      28.6    539.1
2014  3 28    87   15  0  0     46.54    0.6167E-03      28.8    539.3
2014  3 28    87   15  1  0     46.40    0.6223E-03      28.5    540.2
2014  3 28    87   15  2  0     46.27    0.6158E-03      27.9    541.3
2014  3 28    87   15  3  0     46.14    0.5706E-03      26.1    542.8
2014  3 28    87   15  4  0     46.01    0.4734E-03      22.9    545.3
2014  3 28    87   15  5  0     45.88    0.3610E-03      19.7    549.0
2014  3 28    87   15  6  0     45.76    0.3136E-03      18.5    551.7
2014  3 28    87   15  7  0     45.63    0.3283E-03      19.0    552.6
2014  3 28    87   15  8  0     45.50    0.3103E-03      18.8    554.7
2014  3 28    87   15  9  0     45.37    0.2511E-03      17.8    558.8
2014  3 28    87   15 10  0     45.25    0.1981E-03      16.6    562.1
2014  3 28    87   15 11  0     45.13    0.1790E-03      15.8    564.0
2014  3 28    87   15 12  0     45.00    0.1713E-03      15.4    565.4
2014  3 28    87   15 13  0     44.88    0.1617E-03      15.3    567.2
2014  3 28    87   15 14  0     44.76    0.1628E-03      15.0    568.1
2014  3 28    87   15 15  0     44.63    0.1747E-03      14.8    568.3
2014  3 28    87   15 16  0     44.51    0.2089E-03      15.1    567.4
2014  3 28    87   15 17  0     44.39    0.2606E-03      15.8    565.9
2014  3 28    87   15 18  0     44.27    0.3115E-03      16.5    564.6
2014  3 28    87   15 19  0     44.16    0.3206E-03      17.0    565.7
2014  3 28    87   15 20  0     44.04    0.3053E-03      16.9    567.7
2014  3 28    87   15 21  0     43.92    0.2848E-03      16.4    569.6
2014  3 28    87   15 22  0     43.81    0.2804E-03      16.4    570.9
2014  3 28    87   15 23  0     43.69    0.3085E-03      16.6    570.5
2014  3 28    87   15 24  0     43.58    0.4347E-03      17.6    565.8
2014  3 28    87   15 25  0     43.46    0.6505E-03      19.3    558.8
2014  3 28    87   15 26  0     43.35    0.7815E-03      20.1    555.3
2014  3 28    87   15 27  0     43.24    0.8414E-03      20.6    554.6
2014  3 28    87   15 28  0     43.13    0.8355E-03      20.8    556.4
2014  3 28    87   15 29  0     43.02    0.7932E-03      20.8    559.3
2014  3 28    87   15 30  0     42.91    0.7155E-03      20.5    562.9
2014  3 28    87   15 31  0     42.80    0.6145E-03      19.5    566.9
2014  3 28    87   15 32  0     42.70    0.5794E-03      19.0    568.9
2014  3 28    87   15 33  0     42.59    0.5741E-03      18.7    569.8
2014  3 28    87   15 34  0     42.49    0.5072E-03      17.7    572.7
2014  3 28    87   15 35  0     42.38    0.4265E-03      16.5    576.4
2014  3 28    87   15 36  0     42.28    0.3654E-03      15.3    579.4
2014  3 28    87   15 37  0     42.18    0.2867E-03      13.7    583.1
2014  3 28    87   15 38  0     42.07    0.1945E-03      12.4    589.2
2014  3 28    87   15 39  0     41.97    0.1188E-03      11.6    596.1
2014  3 28    87   15 40  0     41.87    0.7372E-04      10.9    600.6
2014  3 28    87   15 41  0     41.78    0.5342E-04      10.8    603.4
2014  3 28    87   15 42  0     41.68    0.5379E-04      10.8    604.3
2014  3 28    87   15 43  0     41.58    0.5962E-04      11.0    604.6
2014  3 28    87   15 44  0     41.48    0.4098E-04      11.0    607.4
2014  3 28    87   15 45  0     41.39    0.4456E-04      10.0    607.5
2014  3 28    87   15 46  0     41.30    0.4977E-04      10.0    607.7
2014  3 28    87   15 47  0     41.20    0.5544E-04      10.2    608.1
2014  3 28    87   15 48  0     41.11    0.5641E-04       9.8    608.6
2014  3 28    87   15 49  0     41.02    0.6110E-04       9.6    608.8
2014  3 28    87   15 50  0     40.93    0.3753E-04       9.3    612.8
2014  3 28    87   15 51  0     40.84    0.2294E-04       8.8    615.1
2014  3 28    87   15 52  0     40.76    0.2737E-04       8.4    615.2
2014  3 28    87   15 53  0     40.67    0.3434E-04       8.4    615.0
2014  3 28    87   15 54  0     40.58    0.4158E-04       8.2    614.3
2014  3 28    87   15 55  0     40.50    0.4691E-04       8.0    614.2
2014  3 28    87   15 56  0     40.42    0.4292E-04       7.9    615.5
2014  3 28    87   15 57  0     40.34    0.5053E-04       8.0    615.2
2014  3 28    87   15 58  0     40.25    0.7674E-04       8.5    613.0
2014  3 28    87   15 59  0     40.17    0.1359E-03       9.5    608.2
2014  3 28    87   16  0  0     40.09    0.1937E-03      10.3    604.5
2014  3 28    87   16  1  0     40.02    0.2406E-03      10.8    601.9
2014  3 28    87   16  2  0     39.94    0.2757E-03      11.0    600.2
2014  3 28    87   16  3  0     39.87    0.3226E-03      11.5    598.2
2014  3 28    87   16  4  0     39.79    0.4167E-03      12.6    594.6
2014  3 28    87   16  5  0     39.72    0.5022E-03      13.1    590.3
2014  3 28    87   16  6  0     39.64    0.5601E-03      13.6    588.5
2014  3 28    87   16  7  0     39.57    0.5888E-03      13.6    587.5
2014  3 28    87   16  8  0     39.50    0.5565E-03      13.1    588.8
2014  3 28    87   16  9  0     39.44    0.5553E-03      13.3    589.9
2014  3 28    87   16 10  0     39.37    0.5754E-03      13.6    590.1
2014  3 28    87   16 11  0     39.30    0.6220E-03      14.2    589.3
2014  3 28    87   16 12  0     39.24    0.6925E-03      14.8    587.4
2014  3 28    87   16 13  0     39.17    0.7448E-03      15.0    585.8
2014  3 28    87   16 14  0     39.11    0.7559E-03      15.1    585.9
2014  3 28    87   16 15  0     39.05    0.7168E-03      14.8    587.8
2014  3 28    87   16 16  0     38.99    0.6711E-03      14.3    589.7
2014  3 28    87   16 17  0     38.93    0.6217E-03      13.3    590.5
2014  3 28    87   16 18  0     38.87    0.6099E-03      13.0    590.7
2014  3 28    87   16 19  0     38.81    0.6502E-03      13.5    590.3
2014  3 28    87   16 20  0     38.76    0.6172E-03      13.1    591.5
2014  3 28    87   16 21  0     38.71    0.5727E-03      12.6    593.5
2014  3 28    87   16 22  0     38.65    0.5864E-03      13.0    594.1
2014  3 28    87   16 23  0     38.60    0.6741E-03      13.7    591.3
2014  3 28    87   16 24  0     38.55    0.8221E-03      14.8    586.9
2014  3 28    87   16 25  0     38.50    0.9880E-03      16.1    583.0
2014  3 28    87   16 26  0     38.45    0.1079E-02      16.6    580.8
2014  3 28    87   16 27  0     38.41    0.1093E-02      16.5    580.6
2014  3 28    87   16 28  0     38.36    0.1083E-02      16.4    580.9
2014  3 28    87   16 29  0     38.32    0.1021E-02      15.7    582.0
2014  3 28    87   16 30  0     38.27    0.9897E-03      15.3    582.7
2014  3 28    87   16 31  0     38.23    0.1019E-02      15.6    582.5
2014  3 28    87   16 32  0     38.19    0.1132E-02      16.5    580.6
2014  3 28    87   16 33  0     38.15    0.1233E-02      17.1    578.5
2014  3 28    87   16 34  0     38.11    0.1220E-02      16.9    578.7
2014  3 28    87   16 35  0     38.08    0.1146E-02      16.4    580.8
2014  3 28    87   16 36  0     38.04    0.1062E-02      15.9    583.2
2014  3 28    87   16 37  0     38.01    0.1014E-02      15.7    585.0
2014  3 28    87   16 38  0     37.98    0.9715E-03      15.1    585.5
2014  3 28    87   16 39  0     37.94    0.9763E-03      15.1    585.6
2014  3 28    87   16 40  0     37.91    0.9776E-03      15.1    585.5
2014  3 28    87   16 41  0     37.89    0.9598E-03      14.7    585.4
2014  3 28    87   16 42  0     37.86    0.9682E-03      14.6    585.0
2014  3 28    87   16 43  0     37.83    0.9898E-03      14.8    584.8
2014  3 28    87   16 44  0     37.81    0.9976E-03      14.9    584.9
2014  3 28    87   16 45  0     37.78    0.1096E-02      15.8    583.3
2014  3 28    87   16 46  0     37.76    0.1297E-02      17.3    579.9
2014  3 28    87   16 47  0     37.74    0.1553E-02      19.4    576.5
2014  3 28    87   16 48  0     37.72    0.1686E-02      20.4    575.2
2014  3 28    87   16 49  0     37.71    0.1678E-02      20.3    575.4
2014  3 28    87   16 50  0     37.69    0.1632E-02      20.1    576.3
2014  3 28    87   16 51  0     37.67    0.1628E-02      20.1    576.6
2014  3 28    87   16 52  0     37.66    0.1629E-02      20.1    576.6
2014  3 28    87   16 53  0     37.65    0.1654E-02      20.5    577.0
2014  3 28    87   16 54  0     37.64    0.1757E-02      21.5    576.5
2014  3 28    87   16 55  0     37.63    0.1768E-02      21.7    576.6
2014  3 28    87   16 56  0     37.62    0.1763E-02      21.5    576.2
2014  3 28    87   16 57  0     37.61    0.1736E-02      21.0    575.9
2014  3 28    87   16 58  0     37.60    0.1859E-02      22.0    574.3
2014  3 28    87   16 59  0     37.60    0.2117E-02      23.7    571.1
2014  3 28    87   17  0  0     37.60    0.2352E-02      25.1    568.3
2014  3 28    87   17  1  0     37.60    0.2584E-02      26.8    566.6
2014  3 28    87   17  2  0     37.59    0.2851E-02      29.2    565.7
2014  3 28    87   17  3  0     37.60    0.3107E-02      31.3    564.7
2014  3 28    87   17  4  0     37.60    0.3380E-02      34.0    564.5
2014  3 28    87   17  5  0     37.60    0.3672E-02      36.6    563.7
2014  3 28    87   17  6  0     37.61    0.3739E-02      37.3    563.7
2014  3 28    87   17  7  0     37.61    0.3707E-02      37.3    564.1
2014  3 28    87   17  8  0     37.62    0.3643E-02      36.6    564.0
2014  3 28    87   17  9  0     37.63    0.3361E-02      34.3    564.9
2014  3 28    87   17 10  0     37.64    0.3200E-02      32.8    565.1
2014  3 28    87   17 11  0     37.65    0.2812E-02      29.8    567.2
2014  3 28    87   17 12  0     37.67    0.2593E-02      28.4    569.1
2014  3 28    87   17 13  0     37.68    0.2505E-02      28.0    570.3
2014  3 28    87   17 14  0     37.69    0.2332E-02      26.5    571.2
2014  3 28    87   17 15  0     37.71    0.2163E-02      25.1    572.1
2014  3 28    87   17 16  0     37.73    0.2437E-02      27.8    571.0
2014  3 28    87   17 17  0     37.75    0.2487E-02      28.3    570.5
2014  3 28    87   17 18  0     37.77    0.2069E-02      24.8    573.4
2014  3 28    87   17 19  0     37.79    0.1893E-02      23.7    576.1
2014  3 28    87   17 20  0     37.82    0.1794E-02      23.2    577.4
2014  3 28    87   17 21  0     37.84    0.1514E-02      20.2    579.0
2014  3 28    87   17 22  0     37.87    0.1326E-02      18.6    581.2
2014  3 28    87   17 23  0     37.90    0.1230E-02      17.7    582.3
2014  3 28    87   17 24  0     37.93    0.9911E-03      15.1    585.0
2014  3 28    87   17 25  0     37.96    0.8211E-03      13.8    589.3
2014  3 28    87   17 26  0     37.99    0.7881E-03      14.1    591.8
2014  3 28    87   17 27  0     38.02    0.8399E-03      15.0    591.3
2014  3 28    87   17 28  0     38.06    0.8435E-03      14.9    590.3
2014  3 28    87   17 29  0     38.09    0.9103E-03      15.9    589.6
2014  3 28    87   17 30  0     38.13    0.8458E-03      15.4    591.0
2014  3 28    87   17 31  0     38.17    0.7027E-03      14.1    594.8
2014  3 28    87   17 32  0     38.21    0.6083E-03      13.0    596.9
2014  3 28    87   17 33  0     38.25    0.5491E-03      12.4    598.6
2014  3 28    87   17 34  0     38.29    0.5361E-03      12.1    598.3
2014  3 28    87   17 35  0     38.33    0.5540E-03      11.9    595.9
2014  3 28    87   17 36  0     38.38    0.5843E-03      12.1    593.9
2014  3 28    87   17 37  0     38.42    0.5164E-03      11.1    595.2
2014  3 28    87   17 38  0     38.47    0.5220E-03      11.4    595.4
2014  3 28    87   17 39  0     38.52    0.5914E-03      12.3    593.0
2014  3 28    87   17 40  0     38.57    0.6510E-03      13.4    592.2
2014  3 28    87   17 41  0     38.62    0.5817E-03      12.7    594.2
2014  3 28    87   17 42  0     38.67    0.4594E-03      11.2    598.2
2014  3 28    87   17 43  0     38.72    0.5170E-03      12.5    597.1
2014  3 28    87   17 44  0     38.78    0.5741E-03      13.1    594.7
2014  3 28    87   17 45  0     38.84    0.5118E-03      12.2    595.5
2014  3 28    87   17 46  0     38.89    0.4381E-03      11.5    598.3
2014  3 28    87   17 47  0     38.95    0.3586E-03      10.5    600.9
2014  3 28    87   17 48  0     39.01    0.3225E-03      10.2    602.6
2014  3 28    87   17 49  0     39.07    0.3828E-03      11.2    600.0
2014  3 28    87   17 50  0     39.13    0.3623E-03      10.7    599.7
2014  3 28    87   17 51  0     39.20    0.3301E-03      10.6    601.5
2014  3 28    87   17 52  0     39.26    0.2826E-03      10.5    604.5
2014  3 28    87   17 53  0     39.33    0.2496E-03       9.7    605.2
2014  3 28    87   17 54  0     39.39    0.2164E-03       9.2    606.5
2014  3 28    87   17 55  0     39.46    0.2153E-03       9.9    607.6
2014  3 28    87   17 56  0     39.53    0.1774E-03       9.8    610.4
2014  3 28    87   17 57  0     39.60    0.1280E-03       8.6    613.1
2014  3 28    87   17 58  0     39.67    0.1073E-03       8.2    614.6
2014  3 28    87   17 59  0     39.74    0.1056E-03       8.2    614.3
2014  3 28    87   18  0  0     39.82    0.8482E-04       8.8    616.7
2014  3 28    87   18  1  0     39.89    0.6293E-04       8.5    618.4
2014  3 28    87   18  2  0     39.97    0.4185E-04       7.6    619.6
2014  3 28    87   18  3  0     40.05    0.3736E-04       8.2    620.0
2014  3 28    87   18  4  0     40.12    0.1160E-04       8.2    622.6
2014  3 28    87   18  5  0     40.20   -0.3293E-05       7.7    623.9
2014  3 28    87   18  6  0     40.28   -0.2759E-05       7.0    623.2
2014  3 28    87   18  7  0     40.36    0.2352E-04       7.3    618.6
2014  3 28    87   18  8  0     40.45    0.9138E-04       8.4    609.3
2014  3 28    87   18  9  0     40.53    0.1706E-03       9.7    601.8
2014  3 28    87   18 10  0     40.61    0.2445E-03      11.3    597.3
2014  3 28    87   18 11  0     40.70    0.2213E-03      10.5    597.2
2014  3 28    87   18 12  0     40.79    0.2376E-03      11.2    596.2
2014  3 28    87   18 13  0     40.88    0.2553E-03      11.2    594.0
2014  3 28    87   18 14  0     40.96    0.2226E-03      10.2    594.1
2014  3 28    87   18 15  0     41.05    0.2607E-03      10.9    590.7
2014  3 28    87   18 16  0     41.15    0.2796E-03      11.2    588.8
2014  3 28    87   18 17  0     41.24    0.2960E-03      11.4    587.1
2014  3 28    87   18 18  0     41.33    0.3553E-03      12.8    584.5
2014  3 28    87   18 19  0     41.43    0.3755E-03      12.9    582.5
2014  3 28    87   18 20  0     41.52    0.3668E-03      12.7    581.9
2014  3 28    87   18 21  0     41.62    0.3349E-03      12.7    583.2
2014  3 28    87   18 22  0     41.71    0.2861E-03      12.2    585.0
2014  3 28    87   18 23  0     41.81    0.2305E-03      11.5    587.4
2014  3 28    87   18 24  0     41.91    0.2220E-03      12.1    588.0
2014  3 28    87   18 25  0     42.01    0.1820E-03      10.9    588.7
2014  3 28    87   18 26  0     42.11    0.1884E-03      11.1    587.6
2014  3 28    87   18 27  0     42.21    0.2414E-03      12.2    583.9
2014  3 28    87   18 28  0     42.32    0.2537E-03      12.6    582.6
2014  3 28    87   18 29  0     42.42    0.2090E-03      11.7    583.9
2014  3 28    87   18 30  0     42.52    0.1442E-03      10.5    586.9
2014  3 28    87   18 31  0     42.63    0.1234E-03      10.2    587.6
2014  3 28    87   18 32  0     42.73    0.1186E-03      10.5    587.4
2014  3 28    87   18 33  0     42.84    0.1290E-03      11.5    586.4
2014  3 28    87   18 34  0     42.95    0.1216E-03      11.8    586.3
2014  3 28    87   18 35  0     43.06    0.1028E-03      11.7    586.9
2014  3 28    87   18 36  0     43.17    0.1172E-03      13.4    585.8
2014  3 28    87   18 37  0     43.28    0.1076E-03      13.6    585.6
2014  3 28    87   18 38  0     43.39    0.8700E-04      13.6    586.2
2014  3 28    87   18 39  0     43.50    0.1204E-03      15.1    583.5
2014  3 28    87   18 40  0     43.62    0.2168E-03      17.9    578.2
2014  3 28    87   18 41  0     43.73    0.2782E-03      17.6    573.6
2014  3 28    87   18 42  0     43.85    0.2496E-03      15.2    571.3
2014  3 28    87   18 43  0     43.96    0.2250E-03      14.1    570.6
2014  3 28    87   18 44  0     44.08    0.1915E-03      13.3    571.0
2014  3 28    87   18 45  0     44.20    0.1743E-03      13.8    571.7
2014  3 28    87   18 46  0     44.32    0.1510E-03      13.9    572.4
2014  3 28    87   18 47  0     44.44    0.9163E-04      12.1    574.8
2014  3 28    87   18 48  0     44.56    0.5986E-04      12.1    576.9
2014  3 28    87   18 49  0     44.68    0.7893E-04      14.1    575.1
2014  3 28    87   18 50  0     44.80    0.1452E-03      17.2    570.2
2014  3 28    87   18 51  0     44.92    0.1911E-03      18.6    567.0
2014  3 28    87   18 52  0     45.04    0.1853E-03      18.9    566.2
2014  3 28    87   18 53  0     45.17    0.1932E-03      19.8    565.0
2014  3 28    87   18 54  0     45.29    0.1601E-03      19.4    565.5
2014  3 28    87   18 55  0     45.42    0.1577E-03      19.5    564.4
2014  3 28    87   18 56  0     45.54    0.1896E-03      21.1    562.3
2014  3 28    87   18 57  0     45.67    0.2283E-03      23.1    560.1
2014  3 28    87   18 58  0     45.80    0.1983E-03      21.3    559.5
2014  3 28    87   18 59  0     45.93    0.1650E-03      18.8    558.9
2014  3 28    87   19  0  0     46.06    0.1560E-03      17.0    557.0
2014  3 28    87   19  1  0     46.19    0.1227E-03      15.3    556.9
2014  3 28    87   19  2  0     46.32    0.1812E-03      16.9    552.5
2014  3 28    87   19  3  0     46.45    0.3023E-03      21.2    547.3
2014  3 28    87   19  4  0     46.58    0.3649E-03      25.2    545.7
2014  3 28    87   19  5  0     46.71    0.4074E-03      26.6    543.5
2014  3 28    87   19  6  0     46.85    0.3711E-03      25.4    542.9
2014  3 28    87   19  7  0     46.98    0.3463E-03      25.4    542.5
2014  3 28    87   19  8  0     47.12    0.3204E-03      24.7    541.9
2014  3 28    87   19  9  0     47.25    0.3410E-03      26.6    540.7
2014  3 28    87   19 10  0     47.39    0.3580E-03      26.7    538.8
2014  3 28    87   19 11  0     47.52    0.2228E-03      21.7    540.8
2014  3 28    87   19 12  0     47.66    0.1742E-03      21.6    541.7
2014  3 28    87   19 13  0     47.80    0.1766E-03      22.0    540.4
2014  3 28    87   19 14  0     47.94    0.1441E-03      20.9    540.2
2014  3 28    87   19 15  0     48.08    0.1119E-03      21.0    540.5
2014  3 28    87   19 16  0     48.22    0.9374E-04      22.4    540.3
2014  3 28    87   19 17  0     48.36    0.6577E-04      24.8    540.7
2014  3 28    87   19 18  0     48.50    0.8641E-04      28.2    538.8
2014  3 28    87   19 19  0     48.64    0.4672E-04      24.1    538.7
2014  3 28    87   19 20  0     48.78   -0.7741E-05      22.4    539.9
2014  3 28    87   19 21  0     48.93   -0.3565E-04      20.2    540.3
2014  3 28    87   19 22  0     49.07   -0.6830E-04      19.0    541.2
2014  3 28    87   19 23  0     49.21   -0.6877E-04      17.5    540.1
2014  3 28    87   19 24  0     49.36   -0.8831E-04      15.2    541.0
2014  3 28    87   19 25  0     49.50   -0.1148E-03      15.7    541.5
2014  3 28    87   19 26  0     49.65   -0.1267E-03      15.4    541.4
2014  3 28    87   19 27  0     49.80   -0.1539E-03      16.0    541.7
2014  3 28    87   19 28  0     49.94   -0.1414E-03      14.0    541.0
2014  3 28    87   19 29  0     50.09   -0.1517E-03      13.0    541.6
2014  3 28    87   19 30  0     50.24   -0.1457E-03      12.4    540.2
2014  3 28    87   19 31  0     50.39   -0.1530E-03      10.7    542.3
2014  3 28    87   19 32  0     50.54   -0.1657E-03      10.0    544.3
2014  3 28    87   19 33  0     50.69   -0.1839E-03      10.0    545.5
2014  3 28    87   19 34  0     50.83   -0.1799E-03       9.4    544.7
2014  3 28    87   19 35  0     50.99   -0.1946E-03       8.7    548.3
2014  3 28    87   19 36  0     51.14   -0.2281E-03       9.2    551.3
2014  3 28    87   19 37  0     51.29   -0.2433E-03       9.7    550.9
2014  3 28    87   19 38  0     51.44   -0.2527E-03      10.2    548.9
2014  3 28    87   19 39  0     51.59   -0.2429E-03      10.1    546.2
2014  3 28    87   19 40  0     51.75   -0.2354E-03       9.7    544.9
2014  3 28    87   19 41  0     51.90   -0.2097E-03       8.7    542.7
2014  3 28    87   19 42  0     52.05   -0.2171E-03       8.4    543.7
2014  3 28    87   19 43  0     52.21   -0.2066E-03       7.4    545.9
2014  3 28    87   19 44  0     52.36   -0.2128E-03       6.9    550.7
2014  3 28    87   19 45  0     52.52   -0.2335E-03       7.2    552.4
2014  3 28    87   19 46  0     52.67   -0.2727E-03       8.3    553.1
2014  3 28    87   19 47  0     52.83   -0.2891E-03       8.8    551.7
2014  3 28    87   19 48  0     52.99   -0.2927E-03       9.1    549.5
2014  3 28    87   19 49  0     53.15   -0.3009E-03       9.3    546.8
2014  3 28    87   19 50  0     53.30   -0.2820E-03       8.4    547.6
2014  3 28    87   19 51  0     53.46   -0.2648E-03       7.6    550.0
2014  3 28    87   19 52  0     53.62   -0.2408E-03       6.6    553.5
2014  3 28    87   19 53  0     53.78   -0.2382E-03       6.3    556.6
2014  3 28    87   19 54  0     53.94   -0.2536E-03       6.4    559.1
2014  3 28    87   19 55  0     54.10   -0.2900E-03       7.3    558.2
2014  3 28    87   19 56  0     54.26   -0.3239E-03       8.3    555.7
2014  3 28    87   19 57  0     54.42   -0.3392E-03       9.0    550.5
2014  3 28    87   19 58  0     54.58   -0.3123E-03       8.4    546.4
2014  3 28    87   19 59  0     54.74   -0.2915E-03       7.9    543.6
2014  3 28    87   20  0  0     54.90   -0.2849E-03       7.9    540.4
2014  3 28    87   20  1  0     55.07   -0.2947E-03       8.0    539.8
2014  3 28    87   20  2  0     55.23   -0.3089E-03       8.4    539.1
2014  3 28    87   20  3  0     55.39   -0.3093E-03       8.3    538.2
2014  3 28    87   20  4  0     55.56   -0.3033E-03       8.2    537.0
2014  3 28    87   20  5  0     55.72   -0.3418E-03       9.1    536.9
2014  3 28    87   20  6  0     55.88   -0.3884E-03      10.4    533.8
2014  3 28    87   20  7  0     56.05   -0.3602E-03       9.9    529.9
2014  3 28    87   20  8  0     56.21   -0.3205E-03       8.8    528.8
2014  3 28    87   20  9  0     56.38   -0.2933E-03       7.9    529.5
2014  3 28    87   20 10  0     56.55   -0.2780E-03       7.3    530.9
2014  3 28    87   20 11  0     56.71   -0.2562E-03       6.7    532.7
2014  3 28    87   20 12  0     56.88   -0.2592E-03       6.6    534.2
2014  3 28    87   20 13  0     57.04   -0.2643E-03       6.7    533.9
2014  3 28    87   20 14  0     57.21   -0.2559E-03       6.5    531.8
2014  3 28    87   20 15  0     57.38   -0.2562E-03       6.5    530.8
2014  3 28    87   20 16  0     57.55   -0.2412E-03       6.3    526.5
2014  3 28    87   20 17  0     57.72   -0.2496E-03       6.4    527.2
2014  3 28    87   20 18  0     57.88   -0.2703E-03       6.8    527.2
2014  3 28    87   20 19  0     58.05   -0.2580E-03       6.6    524.6
2014  3 28    87   20 20  0     58.22   -0.2920E-03       7.2    528.7
2014  3 28    87   20 21  0     58.39   -0.3182E-03       7.8    528.3
2014  3 28    87   20 22  0     58.56   -0.3029E-03       7.5    525.1
2014  3 28    87   20 23  0     58.73   -0.3160E-03       7.9    523.4
2014  3 28    87   20 24  0     58.90   -0.3289E-03       8.3    520.9
2014  3 28    87   20 25  0     59.07   -0.3233E-03       8.1    519.4
2014  3 28    87   20 26  0     59.24   -0.3292E-03       8.2    519.1
2014  3 28    87   20 27  0     59.41   -0.3267E-03       8.3    516.4
2014  3 28    87   20 28  0     59.59   -0.3073E-03       7.9    513.1
2014  3 28    87   20 29  0     59.76   -0.3390E-03       8.6    514.2
2014  3 28    87   20 30  0     59.93   -0.3654E-03       9.2    514.5
2014  3 28    87   20 31  0     60.10   -0.4312E-03      10.6    517.1
2014  3 28    87   20 32  0     60.28   -0.3872E-03       9.7    513.2
2014  3 28    87   20 33  0     60.45   -0.3657E-03       9.3    509.9
2014  3 28    87   20 34  0     60.62   -0.3582E-03       9.1    508.0
2014  3 28    87   20 35  0     60.80   -0.3794E-03       9.6    508.4
2014  3 28    87   20 36  0     60.97   -0.3820E-03       9.7    508.5
2014  3 28    87   20 37  0     61.14   -0.3662E-03       9.3    507.2
2014  3 28    87   20 38  0     61.32   -0.3520E-03       9.0    506.9
2014  3 28    87   20 39  0     61.49   -0.2968E-03       7.8    502.9
2014  3 28    87   20 40  0     61.67   -0.2916E-03       7.6    502.0
2014  3 28    87   20 41  0     61.84   -0.3247E-03       8.4    502.0
2014  3 28    87   20 42  0     62.02   -0.3326E-03       8.6    499.8
2014  3 28    87   20 43  0     62.19   -0.3870E-03       9.8    502.3
2014  3 28    87   20 44  0     62.37   -0.4215E-03      10.6    502.8
2014  3 28    87   20 45  0     62.54   -0.3986E-03      10.2    501.3
2014  3 28    87   20 46  0     62.72   -0.3829E-03       9.9    500.2
2014  3 28    87   20 47  0     62.90   -0.4535E-03      11.6    503.1
2014  3 28    87   20 48  0     63.07   -0.4900E-03      12.4    504.5
2014  3 28    87   20 49  0     63.25   -0.4821E-03      12.4    501.5
2014  3 28    87   20 50  0     63.43   -0.4643E-03      12.1    500.2
2014  3 28    87   20 51  0     63.61   -0.4999E-03      13.0    500.6
2014  3 28    87   20 52  0     63.78   -0.5239E-03      13.8    497.9
2014  3 28    87   20 53  0     63.96   -0.6155E-03      16.0    499.2
2014  3 28    87   20 54  0     64.14   -0.6539E-03      17.1    496.5
2014  3 28    87   20 55  0     64.32   -0.6080E-03      16.0    494.9
2014  3 28    87   20 56  0     64.50   -0.5974E-03      15.8    493.6
2014  3 28    87   20 57  0     64.68   -0.5327E-03      14.2    491.3
2014  3 28    87   20 58  0     64.86   -0.5005E-03      13.6    487.0
2014  3 28    87   20 59  0     65.03   -0.5882E-03      15.8    490.3
2014  3 28    87   21  0  0     65.21   -0.7766E-03      20.5    496.2
2014  3 28    87   21  1  0     65.39   -0.7549E-03      20.1    496.8
2014  3 28    87   21  2  0     65.57   -0.7189E-03      19.5    497.4
2014  3 28    87   21  3  0     65.75   -0.9224E-03      25.3    502.0
2014  3 28    87   21  4  0     65.93   -0.1104E-02      30.3    501.1
2014  3 28    87   21  5  0     66.11   -0.1125E-02      30.7    497.7
2014  3 28    87   21  6  0     66.29   -0.9615E-03      26.4    490.9
2014  3 28    87   21  7  0     66.48   -0.9078E-03      25.1    488.9
2014  3 28    87   21  8  0     66.66   -0.1038E-02      28.7    493.9
2014  3 28    87   21  9  0     66.84   -0.1201E-02      33.3    497.2
2014  3 28    87   21 10  0     67.02   -0.1331E-02      36.9    498.8
2014  3 28    87   21 11  0     67.20   -0.1270E-02      35.7    498.7
2014  3 28    87   21 12  0     67.38   -0.1356E-02      38.1    501.8
2014  3 28    87   21 13  0     67.56   -0.1340E-02      38.1    502.1
2014  3 28    87   21 14  0     67.75   -0.1176E-02      33.9    500.3
2014  3 28    87   21 15  0     67.93   -0.1116E-02      32.5    500.8
2014  3 28    87   21 16  0     68.11   -0.1158E-02      33.9    502.4
2014  3 28    87   21 17  0     68.29   -0.1006E-02      29.9    497.4
2014  3 28    87   21 18  0     68.48   -0.8784E-03      26.5    491.7
2014  3 28    87   21 19  0     68.66   -0.8622E-03      26.2    489.8
2014  3 28    87   21 20  0     68.84   -0.7746E-03      23.9    484.4
2014  3 28    87   21 21  0     69.02   -0.8442E-03      26.0    485.6
2014  3 28    87   21 22  0     69.21   -0.6997E-03      22.0    479.4
2014  3 28    87   21 23  0     69.39   -0.6397E-03      20.6    475.3
2014  3 28    87   21 24  0     69.58   -0.4656E-03      15.7    461.9
2014  3 28    87   21 25  0     69.76   -0.4257E-03      14.8    460.4
2014  3 28    87   21 26  0     69.94   -0.4436E-03      15.6    463.9
2014  3 28    87   21 27  0     70.13   -0.4321E-03      15.4    464.0
2014  3 28    87   21 28  0     70.31   -0.4327E-03      15.7    461.8
2014  3 28    87   21 29  0     70.50   -0.4511E-03      16.4    464.6
2014  3 28    87   21 30  0     70.68   -0.4530E-03      16.7    465.1
2014  3 28    87   21 31  0     70.86   -0.5591E-03      20.4    480.4
2014  3 28    87   21 32  0     71.05   -0.6040E-03      22.2    482.9
2014  3 28    87   21 33  0     71.23   -0.5338E-03      20.2    475.6
2014  3 28    87   21 34  0     71.42   -0.5665E-03      21.5    481.7
2014  3 28    87   21 35  0     71.60   -0.5591E-03      21.5    481.0
2014  3 28    87   21 36  0     71.79   -0.5049E-03      20.1    472.4
2014  3 28    87   21 37  0     71.97   -0.6126E-03      24.1    490.5
2014  3 28    87   21 38  0     72.16   -0.6559E-03      26.1    496.7
2014  3 28    87   21 39  0     72.34   -0.6461E-03      26.1    498.6
2014  3 28    87   21 40  0     72.53   -0.6507E-03      26.7    502.1
2014  3 28    87   21 41  0     72.72   -0.6352E-03      26.5    503.8
2014  3 28    87   21 42  0     72.90   -0.6548E-03      27.7    504.4
2014  3 28    87   21 43  0     73.09   -0.6443E-03      27.8    502.7
2014  3 28    87   21 44  0     73.27   -0.6012E-03      26.5    499.5
2014  3 28    87   21 45  0     73.46   -0.5446E-03      24.8    488.5
2014  3 28    87   21 46  0     73.65   -0.4891E-03      23.1    476.9
2014  3 28    87   21 47  0     73.83   -0.4892E-03      23.6    476.9
2014  3 28    87   21 48  0     74.02   -0.4877E-03      23.9    479.2
2014  3 28    87   21 49  0     74.21   -0.4849E-03      24.2    481.8
2014  3 28    87   21 50  0     74.39   -0.5002E-03      25.5    483.8
2014  3 28    87   21 51  0     74.58   -0.5305E-03      27.3    499.5
2014  3 28    87   21 52  0     74.77   -0.5391E-03      28.5    498.5
2014  3 28    87   21 53  0     74.95   -0.5329E-03      28.8    501.5
2014  3 28    87   21 54  0     75.14   -0.4970E-03      27.8    497.8
2014  3 28    87   21 55  0     75.33   -0.4722E-03      27.3    493.3
2014  3 28    87   21 56  0     75.51   -0.4701E-03      27.9    497.7
2014  3 28    87   21 57  0     75.70   -0.4999E-03      30.0    510.5
2014  3 28    87   21 58  0     75.89   -0.4916E-03      30.4    507.0
2014  3 28    87   21 59  0     76.08   -0.4432E-03      28.4    490.5
2014  3 28    87   22  0  0     76.26   -0.4534E-03      29.6    493.0
2014  3 28    87   22  1  0     76.45   -0.4817E-03      31.7    512.2
2014  3 28    87   22  2  0     76.64   -0.4616E-03      31.5    499.0
2014  3 28    87   22  3  0     76.83   -0.4617E-03      32.3    503.8
2014  3 28    87   22  4  0     77.02   -0.4484E-03      32.6    499.8
2014  3 28    87   22  5  0     77.20   -0.4433E-03      32.9    507.9
2014  3 28    87   22  6  0     77.39   -0.4401E-03      33.5    511.4
2014  3 28    87   22  7  0     77.58   -0.4259E-03      33.8    502.9
2014  3 28    87   22  8  0     77.77   -0.3878E-03      32.4    487.2
2014  3 28    87   22  9  0     77.96   -0.3467E-03      30.5    472.3
2014  3 28    87   22 10  0     78.14   -0.3160E-03      29.1    460.2
2014  3 28    87   22 11  0     78.33   -0.2914E-03      28.2    440.6
2014  3 28    87   22 12  0     78.52   -0.2680E-03      27.0    436.4
2014  3 28    87   22 13  0     78.71   -0.2510E-03      26.4    432.5
2014  3 28    87   22 14  0     78.90   -0.2478E-03      27.2    428.5
2014  3 28    87   22 15  0     79.09   -0.2541E-03      28.5    438.3
2014  3 28    87   22 16  0     79.27   -0.2514E-03      29.4    433.1
2014  3 28    87   22 17  0     79.46   -0.2436E-03      29.9    425.9
2014  3 28    87   22 18  0     79.65   -0.2315E-03      29.9    418.0
2014  3 28    87   22 19  0     79.84   -0.2267E-03      30.3    423.1
2014  3 28    87   22 20  0     80.03   -0.2279E-03      31.8    427.0
2014  3 28    87   22 21  0     80.22   -0.2376E-03      34.1    439.3
2014  3 28    87   22 22  0     80.41   -0.2579E-03      37.4    469.9
2014  3 28    87   22 23  0     80.60   -0.2701E-03      40.8    474.7
2014  3 28    87   22 24  0     80.78   -0.2832E-03      44.0    494.8
2014  3 28    87   22 25  0     80.97   -0.2946E-03      47.2    510.8
2014  3 28    87   22 26  0     81.16   -0.3069E-03      50.6    526.8
2014  3 28    87   22 27  0     81.35   -0.3147E-03      53.7    535.4
2014  3 28    87   22 28  0     81.54   -0.3121E-03      55.6    532.5
2014  3 28    87   22 29  0     81.73   -0.3051E-03      56.7    537.8
2014  3 28    87   22 30  0     81.92   -0.2923E-03      57.5    530.5
2014  3 28    87   22 31  0     82.11   -0.2778E-03      58.1    518.5
2014  3 28    87   22 32  0     82.30   -0.2705E-03      59.2    524.9
2014  3 28    87   22 33  0     82.49   -0.2573E-03      60.2    504.2
2014  3 28    87   22 34  0     82.67   -0.2372E-03      58.7    495.8
2014  3 28    87   22 35  0     82.86   -0.2171E-03      57.5    478.5
2014  3 28    87   22 36  0     83.05   -0.2024E-03      57.4    464.3
2014  3 28    87   22 37  0     83.24   -0.1906E-03      57.6    455.0
2014  3 28    87   22 38  0     83.43   -0.1754E-03      57.2    442.0
2014  3 28    87   22 39  0     83.62   -0.1541E-03      54.5    434.3
2014  3 28    87   22 40  0     83.81   -0.1284E-03      51.6    404.2
2014  3 28    87   22 41  0     84.00   -0.1156E-03      50.5    393.8
2014  3 28    87   22 42  0     84.19   -0.1000E-03      49.1    377.1
2014  3 28    87   22 43  0     84.38   -0.8375E-04      47.9    355.5
2014  3 28    87   22 44  0     84.57   -0.6886E-04      46.1    339.4
2014  3 28    87   22 45  0     84.76   -0.5382E-04      44.4    320.2
2014  3 28    87   22 46  0     84.94   -0.4604E-04      44.8    310.4
2014  3 28    87   22 47  0     85.13   -0.4156E-04      45.2    311.0
2014  3 28    87   22 48  0     85.32   -0.3620E-04      45.9    310.0
2014  3 28    87   22 49  0     85.51   -0.2568E-04      47.0    291.0
2014  3 28    87   22 50  0     85.70   -0.2141E-04      46.7    290.6
2014  3 28    87   22 51  0     85.89   -0.8703E-05      43.4    268.1
2014  3 28    87   22 52  0     86.08    0.4085E-05      40.3    242.0
2014  3 28    87   22 53  0     86.27    0.8822E-05      40.9    236.7
2014  3 28    87   22 54  0     86.46    0.1306E-04      41.7    234.2
2014  3 28    87   22 55  0     86.65    0.1385E-04      42.5    238.6
2014  3 28    87   22 56  0     86.84    0.1872E-04      42.1    229.4
2014  3 28    87   22 57  0     87.03    0.2427E-04      39.6    211.1
2014  3 28    87   22 58  0     87.22    0.2852E-04      39.9    204.6
2014  3 28    87   22 59  0     87.41    0.3148E-04      42.3    204.8
2014  3 28    87   23  0  0     87.59    0.3395E-04      42.6    202.1
2014  3 28    87   23  1  0     87.78    0.4586E-04      40.8    161.6
2014  3 28    87   23  2  0     87.97    0.4776E-04      38.1    148.3
2014  3 28    87   23  3  0     88.16    0.5179E-04      36.2    135.6
2014  3 28    87   23  4  0     88.35    0.5341E-04      36.3    128.9
2014  3 28    87   23  5  0     88.54    0.5358E-04      38.9    133.4
2014  3 28    87   23  6  0     88.73    0.5630E-04      41.0    131.9
2014  3 28    87   23  7  0     88.92    0.6055E-04      41.4    123.4
2014  3 28    87   23  8  0     89.11    0.6309E-04      41.6    119.2
2014  3 28    87   23  9  0     89.30    0.6220E-04      42.1    122.2
2014  3 28    87   23 10  0     89.48    0.6555E-04      43.1    118.3
2014  3 28    87   23 11  0     89.67    0.6726E-04      44.3    115.4
2014  3 28    87   23 12  0     89.86    0.6935E-04      45.2    110.3
