                            NILUUV 115

Uvpro Version 2.0
Latitude :   40.74 (North)
Longitude:  -74.03  (West)
Calibration file: cf100603a.115
Height above sea level:    40.0  m
CLT derived from channel 4
CLT scale factor used:   1.0
Ozone derived from channel pair ch3/ch1
Ozone scale factor used:   1.0
Drift factors ch1-ch6:   3.000154.000  1.000  1.000  1.000  1.000
Ozone profile climatology: Mid  Latitude
Dose type:    CLW    Caldwell Plant 1971           

yyyy mm dd   jul   hh mm ss      SZA     dose rate       clt     Ozone
                              [degrees]   [W/m^2]        [%]     [DU]
2014 12 22   356   12 23  0     89.98    0.5779E-04      16.1     55.8
2014 12 22   356   12 24  0     89.82    0.5872E-04      16.3     58.9
2014 12 22   356   12 25  0     89.66    0.5775E-04      16.2     62.3
2014 12 22   356   12 26  0     89.50    0.5289E-04      17.1     74.3
2014 12 22   356   12 27  0     89.34    0.5093E-04      18.3     83.3
2014 12 22   356   12 28  0     89.18    0.4850E-04      18.7     90.1
2014 12 22   356   12 29  0     89.02    0.4945E-04      18.7     89.4
2014 12 22   356   12 30  0     88.86    0.5167E-04      19.1     90.3
2014 12 22   356   12 31  0     88.70    0.4869E-04      19.6     98.9
2014 12 22   356   12 32  0     88.55    0.4813E-04      19.9    102.7
2014 12 22   356   12 33  0     88.39    0.4547E-04      20.3    109.7
2014 12 22   356   12 34  0     88.23    0.4398E-04      21.0    115.0
2014 12 22   356   12 35  0     88.07    0.4408E-04      21.5    116.2
2014 12 22   356   12 36  0     87.91    0.3920E-04      21.9    125.9
2014 12 22   356   12 37  0     87.76    0.3355E-04      22.5    148.0
2014 12 22   356   12 38  0     87.60    0.3263E-04      23.0    153.3
2014 12 22   356   12 39  0     87.44    0.3243E-04      23.1    156.2
2014 12 22   356   12 40  0     87.29    0.2831E-04      22.8    167.0
2014 12 22   356   12 41  0     87.13    0.2783E-04      22.4    165.1
2014 12 22   356   12 42  0     86.98    0.2400E-04      22.3    174.6
2014 12 22   356   12 43  0     86.82    0.2064E-04      22.3    185.9
2014 12 22   356   12 44  0     86.67    0.2386E-04      22.1    174.3
2014 12 22   356   12 45  0     86.51    0.2158E-04      22.1    180.1
2014 12 22   356   12 46  0     86.36    0.1775E-04      22.3    190.4
2014 12 22   356   12 47  0     86.20    0.1353E-04      23.2    201.7
2014 12 22   356   12 48  0     86.05    0.9393E-05      24.4    211.6
2014 12 22   356   12 49  0     85.90    0.3720E-05      25.0    226.5
2014 12 22   356   12 50  0     85.74   -0.2802E-05      26.1    242.2
2014 12 22   356   12 51  0     85.59   -0.6699E-05      26.4    249.0
2014 12 22   356   12 52  0     85.44   -0.1021E-04      25.7    254.3
2014 12 22   356   12 53  0     85.29   -0.1480E-04      25.8    262.3
2014 12 22   356   12 54  0     85.13   -0.1550E-04      26.0    256.5
2014 12 22   356   12 55  0     84.98   -0.1743E-04      25.5    256.9
2014 12 22   356   12 56  0     84.83   -0.2234E-04      25.3    265.5
2014 12 22   356   12 57  0     84.68   -0.2311E-04      24.8    262.3
2014 12 22   356   12 58  0     84.53   -0.2868E-04      24.6    272.8
2014 12 22   356   12 59  0     84.38   -0.2634E-04      23.3    262.7
2014 12 22   356   13  0  0     84.23   -0.2886E-04      22.9    264.7
2014 12 22   356   13  1  0     84.08   -0.3778E-04      23.7    279.8
2014 12 22   356   13  2  0     83.93   -0.4131E-04      23.0    285.0
2014 12 22   356   13  3  0     83.79   -0.4037E-04      22.0    279.0
2014 12 22   356   13  4  0     83.64   -0.3764E-04      20.8    270.3
2014 12 22   356   13  5  0     83.49   -0.3844E-04      20.6    267.7
2014 12 22   356   13  6  0     83.34   -0.4793E-04      21.8    280.3
2014 12 22   356   13  7  0     83.20   -0.5944E-04      22.9    296.6
2014 12 22   356   13  8  0     83.05   -0.6127E-04      22.8    292.7
2014 12 22   356   13  9  0     82.90   -0.6182E-04      21.4    297.6
2014 12 22   356   13 10  0     82.76   -0.6387E-04      21.1    298.5
2014 12 22   356   13 11  0     82.61   -0.6902E-04      21.4    303.9
2014 12 22   356   13 12  0     82.47   -0.7275E-04      21.1    307.9
2014 12 22   356   13 13  0     82.32   -0.7246E-04      20.4    304.5
2014 12 22   356   13 14  0     82.18   -0.6267E-04      18.2    288.4
2014 12 22   356   13 15  0     82.03   -0.6103E-04      17.4    284.5
2014 12 22   356   13 16  0     81.89   -0.7111E-04      17.8    301.4
2014 12 22   356   13 17  0     81.75   -0.8759E-04      19.3    324.2
2014 12 22   356   13 18  0     81.60   -0.9684E-04      20.9    318.9
2014 12 22   356   13 19  0     81.46   -0.1030E-03      20.7    327.4
2014 12 22   356   13 20  0     81.32   -0.1033E-03      19.9    329.9
2014 12 22   356   13 21  0     81.18   -0.1049E-03      19.6    329.6
2014 12 22   356   13 22  0     81.04   -0.1133E-03      19.9    338.6
2014 12 22   356   13 23  0     80.89   -0.1318E-03      21.3    356.7
2014 12 22   356   13 24  0     80.75   -0.1296E-03      20.8    346.1
2014 12 22   356   13 25  0     80.61   -0.1361E-03      20.5    358.0
2014 12 22   356   13 26  0     80.47   -0.1453E-03      20.9    363.8
2014 12 22   356   13 27  0     80.34   -0.1432E-03      20.3    355.6
2014 12 22   356   13 28  0     80.20   -0.1525E-03      20.5    366.7
2014 12 22   356   13 29  0     80.06   -0.1624E-03      21.0    371.5
2014 12 22   356   13 30  0     79.92   -0.1724E-03      21.4    377.1
2014 12 22   356   13 31  0     79.78   -0.1846E-03      21.9    389.8
2014 12 22   356   13 32  0     79.65   -0.1739E-03      20.4    382.5
2014 12 22   356   13 33  0     79.51   -0.1576E-03      18.8    362.6
2014 12 22   356   13 34  0     79.37   -0.1535E-03      18.1    357.0
2014 12 22   356   13 35  0     79.24   -0.1616E-03      18.2    365.8
2014 12 22   356   13 36  0     79.10   -0.1822E-03      19.5    374.8
2014 12 22   356   13 37  0     78.97   -0.2072E-03      20.8    392.0
2014 12 22   356   13 38  0     78.83   -0.2133E-03      21.1    388.7
2014 12 22   356   13 39  0     78.70   -0.2081E-03      20.2    391.5
2014 12 22   356   13 40  0     78.56   -0.2047E-03      19.5    390.8
2014 12 22   356   13 41  0     78.43   -0.2074E-03      19.3    393.6
2014 12 22   356   13 42  0     78.30   -0.2314E-03      20.5    410.6
2014 12 22   356   13 43  0     78.17   -0.2781E-03      23.4    425.3
2014 12 22   356   13 44  0     78.03   -0.3013E-03      24.3    435.9
2014 12 22   356   13 45  0     77.90   -0.2943E-03      23.3    432.7
2014 12 22   356   13 46  0     77.77   -0.2911E-03      22.9    422.2
2014 12 22   356   13 47  0     77.64   -0.3326E-03      25.0    443.2
2014 12 22   356   13 48  0     77.51   -0.3720E-03      27.0    455.5
2014 12 22   356   13 49  0     77.38   -0.3701E-03      26.4    451.7
2014 12 22   356   13 50  0     77.25   -0.3722E-03      25.9    449.9
2014 12 22   356   13 51  0     77.12   -0.3725E-03      25.4    445.7
2014 12 22   356   13 52  0     77.00   -0.3520E-03      23.7    435.4
2014 12 22   356   13 53  0     76.87   -0.3333E-03      22.1    423.6
2014 12 22   356   13 54  0     76.74   -0.3571E-03      22.9    438.0
2014 12 22   356   13 55  0     76.62   -0.4052E-03      25.3    455.7
2014 12 22   356   13 56  0     76.49   -0.4250E-03      26.1    461.3
2014 12 22   356   13 57  0     76.36   -0.4358E-03      26.2    463.3
2014 12 22   356   13 58  0     76.24   -0.4376E-03      26.1    458.5
2014 12 22   356   13 59  0     76.11   -0.4497E-03      26.3    465.0
2014 12 22   356   14  0  0     75.99   -0.4270E-03      24.7    451.8
2014 12 22   356   14  1  0     75.87   -0.3901E-03      22.4    441.8
2014 12 22   356   14  2  0     75.74   -0.3929E-03      22.1    441.7
2014 12 22   356   14  3  0     75.62   -0.4029E-03      22.2    442.2
2014 12 22   356   14  4  0     75.50   -0.3990E-03      21.7    439.1
2014 12 22   356   14  5  0     75.38   -0.3867E-03      20.8    438.4
2014 12 22   356   14  6  0     75.25   -0.3780E-03      20.2    437.5
2014 12 22   356   14  7  0     75.13   -0.4061E-03      21.2    440.1
2014 12 22   356   14  8  0     75.01   -0.4225E-03      21.6    440.5
2014 12 22   356   14  9  0     74.89   -0.4270E-03      21.6    437.9
2014 12 22   356   14 10  0     74.78   -0.4250E-03      21.2    442.1
2014 12 22   356   14 11  0     74.66   -0.4373E-03      21.5    451.6
2014 12 22   356   14 12  0     74.54   -0.4596E-03      22.3    453.7
2014 12 22   356   14 13  0     74.42   -0.4733E-03      22.7    448.6
2014 12 22   356   14 14  0     74.30   -0.4648E-03      22.0    442.4
2014 12 22   356   14 15  0     74.19   -0.5090E-03      23.6    455.4
2014 12 22   356   14 16  0     74.07   -0.5071E-03      23.4    454.5
2014 12 22   356   14 17  0     73.96   -0.4886E-03      22.5    446.1
2014 12 22   356   14 18  0     73.84   -0.5070E-03      22.6    452.7
2014 12 22   356   14 19  0     73.73   -0.5089E-03      22.6    447.1
2014 12 22   356   14 20  0     73.61   -0.5241E-03      22.9    448.6
2014 12 22   356   14 21  0     73.50   -0.5322E-03      22.9    450.2
2014 12 22   356   14 22  0     73.39   -0.5376E-03      22.8    454.2
2014 12 22   356   14 23  0     73.28   -0.5191E-03      22.2    450.5
2014 12 22   356   14 24  0     73.16   -0.5376E-03      22.9    456.6
2014 12 22   356   14 25  0     73.05   -0.5421E-03      22.7    453.9
2014 12 22   356   14 26  0     72.94   -0.5283E-03      21.7    446.4
2014 12 22   356   14 27  0     72.83   -0.5365E-03      21.8    443.2
2014 12 22   356   14 28  0     72.72   -0.5884E-03      23.8    450.5
2014 12 22   356   14 29  0     72.61   -0.6603E-03      26.4    462.0
2014 12 22   356   14 30  0     72.51   -0.6978E-03      27.3    462.4
2014 12 22   356   14 31  0     72.40   -0.6527E-03      25.2    453.9
2014 12 22   356   14 32  0     72.29   -0.6456E-03      25.0    458.7
2014 12 22   356   14 33  0     72.19   -0.7313E-03      28.3    471.0
2014 12 22   356   14 34  0     72.08   -0.7825E-03      29.9    473.7
2014 12 22   356   14 35  0     71.97   -0.8282E-03      30.6    469.2
2014 12 22   356   14 36  0     71.87   -0.8359E-03      30.2    462.1
2014 12 22   356   14 37  0     71.77   -0.7574E-03      27.4    456.7
2014 12 22   356   14 38  0     71.66   -0.7164E-03      25.9    454.7
2014 12 22   356   14 39  0     71.56   -0.7516E-03      26.7    458.4
2014 12 22   356   14 40  0     71.46   -0.8331E-03      29.2    462.1
2014 12 22   356   14 41  0     71.36   -0.7927E-03      27.7    458.7
2014 12 22   356   14 42  0     71.25   -0.7955E-03      27.6    462.8
2014 12 22   356   14 43  0     71.15   -0.7897E-03      27.5    464.4
2014 12 22   356   14 44  0     71.05   -0.7036E-03      24.6    461.0
2014 12 22   356   14 45  0     70.95   -0.5850E-03      20.6    452.0
2014 12 22   356   14 46  0     70.86   -0.5792E-03      20.3    449.5
2014 12 22   356   14 47  0     70.76   -0.6288E-03      21.7    450.9
2014 12 22   356   14 48  0     70.66   -0.6579E-03      22.3    452.5
2014 12 22   356   14 49  0     70.56   -0.6314E-03      21.4    449.4
2014 12 22   356   14 50  0     70.47   -0.6318E-03      21.5    452.8
2014 12 22   356   14 51  0     70.37   -0.6453E-03      22.0    454.3
2014 12 22   356   14 52  0     70.28   -0.6536E-03      22.1    453.0
2014 12 22   356   14 53  0     70.18   -0.7612E-03      25.2    456.9
2014 12 22   356   14 54  0     70.09   -0.8421E-03      27.3    458.5
2014 12 22   356   14 55  0     70.00   -0.8432E-03      27.0    458.3
2014 12 22   356   14 56  0     69.90   -0.8464E-03      27.0    458.7
2014 12 22   356   14 57  0     69.81   -0.7724E-03      24.8    455.9
2014 12 22   356   14 58  0     69.72   -0.7071E-03      22.8    455.8
2014 12 22   356   14 59  0     69.63   -0.7975E-03      25.3    457.9
2014 12 22   356   15  0  0     69.54   -0.7249E-03      22.9    452.1
2014 12 22   356   15  1  0     69.45   -0.6800E-03      21.6    451.2
2014 12 22   356   15  2  0     69.36   -0.6869E-03      21.9    455.8
2014 12 22   356   15  3  0     69.28   -0.6705E-03      21.4    455.2
2014 12 22   356   15  4  0     69.19   -0.6774E-03      21.5    455.0
2014 12 22   356   15  5  0     69.10   -0.6598E-03      20.7    452.2
2014 12 22   356   15  6  0     69.02   -0.6075E-03      19.0    447.3
2014 12 22   356   15  7  0     68.93   -0.6064E-03      18.9    450.9
2014 12 22   356   15  8  0     68.85   -0.6277E-03      19.7    453.5
2014 12 22   356   15  9  0     68.76   -0.6669E-03      20.8    453.7
2014 12 22   356   15 10  0     68.68   -0.6956E-03      21.3    453.9
2014 12 22   356   15 11  0     68.60   -0.7146E-03      21.7    453.9
2014 12 22   356   15 12  0     68.52   -0.7249E-03      22.0    452.4
2014 12 22   356   15 13  0     68.44   -0.6479E-03      19.8    451.3
2014 12 22   356   15 14  0     68.36   -0.5648E-03      17.4    452.2
2014 12 22   356   15 15  0     68.28   -0.5578E-03      17.3    449.6
2014 12 22   356   15 16  0     68.20   -0.6037E-03      18.3    451.3
2014 12 22   356   15 17  0     68.12   -0.6222E-03      18.8    451.5
2014 12 22   356   15 18  0     68.04   -0.5969E-03      18.1    449.9
2014 12 22   356   15 19  0     67.96   -0.5896E-03      17.9    450.2
2014 12 22   356   15 20  0     67.89   -0.6120E-03      18.5    451.1
2014 12 22   356   15 21  0     67.81   -0.5933E-03      17.8    451.5
2014 12 22   356   15 22  0     67.74   -0.5300E-03      16.1    448.0
2014 12 22   356   15 23  0     67.67   -0.5193E-03      15.8    449.3
2014 12 22   356   15 24  0     67.59   -0.5865E-03      17.6    452.8
2014 12 22   356   15 25  0     67.52   -0.6791E-03      20.1    455.6
2014 12 22   356   15 26  0     67.45   -0.6879E-03      20.2    456.9
2014 12 22   356   15 27  0     67.38   -0.6592E-03      19.4    456.6
2014 12 22   356   15 28  0     67.31   -0.6555E-03      19.4    455.7
2014 12 22   356   15 29  0     67.24   -0.5839E-03      17.5    452.1
2014 12 22   356   15 30  0     67.17   -0.5414E-03      16.2    451.6
2014 12 22   356   15 31  0     67.10   -0.5969E-03      17.6    453.9
2014 12 22   356   15 32  0     67.03   -0.6656E-03      19.5    455.1
2014 12 22   356   15 33  0     66.97   -0.6857E-03      20.0    455.1
2014 12 22   356   15 34  0     66.90   -0.6961E-03      20.2    455.7
2014 12 22   356   15 35  0     66.83   -0.6709E-03      19.6    455.6
2014 12 22   356   15 36  0     66.77   -0.6196E-03      18.1    455.5
2014 12 22   356   15 37  0     66.71   -0.6452E-03      18.8    456.1
2014 12 22   356   15 38  0     66.64   -0.7058E-03      20.4    457.0
2014 12 22   356   15 39  0     66.58   -0.7324E-03      21.1    456.6
2014 12 22   356   15 40  0     66.52   -0.6291E-03      18.2    452.7
2014 12 22   356   15 41  0     66.46   -0.5331E-03      15.7    449.5
2014 12 22   356   15 42  0     66.40   -0.5346E-03      15.8    451.0
2014 12 22   356   15 43  0     66.34   -0.5711E-03      16.6    453.1
2014 12 22   356   15 44  0     66.28   -0.5480E-03      16.1    451.1
2014 12 22   356   15 45  0     66.22   -0.4974E-03      14.7    450.2
2014 12 22   356   15 46  0     66.17   -0.5027E-03      14.8    451.7
2014 12 22   356   15 47  0     66.11   -0.5285E-03      15.4    453.4
2014 12 22   356   15 48  0     66.05   -0.5473E-03      15.9    453.9
2014 12 22   356   15 49  0     66.00   -0.5552E-03      16.2    453.3
2014 12 22   356   15 50  0     65.95   -0.5512E-03      16.1    453.5
2014 12 22   356   15 51  0     65.89   -0.5640E-03      16.4    452.5
2014 12 22   356   15 52  0     65.84   -0.6000E-03      17.3    453.5
2014 12 22   356   15 53  0     65.79   -0.6184E-03      17.9    453.6
2014 12 22   356   15 54  0     65.74   -0.6230E-03      17.9    453.8
2014 12 22   356   15 55  0     65.69   -0.5959E-03      17.3    453.6
2014 12 22   356   15 56  0     65.64   -0.5269E-03      15.5    452.2
2014 12 22   356   15 57  0     65.59   -0.5033E-03      14.9    451.2
2014 12 22   356   15 58  0     65.54   -0.5381E-03      15.7    453.6
2014 12 22   356   15 59  0     65.50   -0.5896E-03      17.1    455.1
2014 12 22   356   16  0  0     65.45   -0.6021E-03      17.5    455.0
2014 12 22   356   16  1  0     65.41   -0.5821E-03      16.9    454.1
2014 12 22   356   16  2  0     65.36   -0.6178E-03      17.8    456.1
2014 12 22   356   16  3  0     65.32   -0.6750E-03      19.4    455.3
2014 12 22   356   16  4  0     65.27   -0.7048E-03      20.1    455.3
2014 12 22   356   16  5  0     65.23   -0.6973E-03      19.9    456.3
2014 12 22   356   16  6  0     65.19   -0.6541E-03      18.9    456.2
2014 12 22   356   16  7  0     65.15   -0.6087E-03      17.8    454.2
2014 12 22   356   16  8  0     65.11   -0.5704E-03      16.8    451.2
2014 12 22   356   16  9  0     65.07   -0.5676E-03      16.7    451.6
2014 12 22   356   16 10  0     65.03   -0.5440E-03      16.0    451.5
2014 12 22   356   16 11  0     65.00   -0.5186E-03      15.3    453.0
2014 12 22   356   16 12  0     64.96   -0.5295E-03      15.6    454.3
2014 12 22   356   16 13  0     64.93   -0.5528E-03      16.3    454.5
2014 12 22   356   16 14  0     64.89   -0.5480E-03      16.3    452.5
2014 12 22   356   16 15  0     64.86   -0.5230E-03      15.5    452.4
2014 12 22   356   16 16  0     64.82   -0.5218E-03      15.4    452.7
2014 12 22   356   16 17  0     64.79   -0.5499E-03      16.1    454.8
2014 12 22   356   16 18  0     64.76   -0.5992E-03      17.5    457.1
2014 12 22   356   16 19  0     64.73   -0.6804E-03      20.0    458.6
2014 12 22   356   16 20  0     64.70   -0.7682E-03      22.5    459.3
2014 12 22   356   16 21  0     64.67   -0.8085E-03      23.7    456.3
2014 12 22   356   16 22  0     64.64   -0.7396E-03      21.7    453.8
2014 12 22   356   16 23  0     64.61   -0.8070E-03      23.6    459.4
2014 12 22   356   16 24  0     64.59   -0.9294E-03      27.2    462.2
2014 12 22   356   16 25  0     64.56   -0.8413E-03      24.7    457.7
2014 12 22   356   16 26  0     64.54   -0.8136E-03      23.8    454.7
2014 12 22   356   16 27  0     64.51   -0.8195E-03      23.7    452.0
2014 12 22   356   16 28  0     64.49   -0.7944E-03      22.8    451.7
2014 12 22   356   16 29  0     64.47   -0.7761E-03      22.2    456.5
2014 12 22   356   16 30  0     64.45   -0.7858E-03      22.7    457.7
2014 12 22   356   16 31  0     64.43   -0.8085E-03      23.5    457.4
2014 12 22   356   16 32  0     64.41   -0.8123E-03      23.7    457.7
2014 12 22   356   16 33  0     64.39   -0.8445E-03      24.6    459.7
2014 12 22   356   16 34  0     64.37   -0.8502E-03      25.1    458.6
2014 12 22   356   16 35  0     64.35   -0.7486E-03      22.3    453.7
2014 12 22   356   16 36  0     64.33   -0.7658E-03      22.5    454.0
2014 12 22   356   16 37  0     64.32   -0.7618E-03      22.3    453.3
2014 12 22   356   16 38  0     64.30   -0.7777E-03      22.7    453.2
2014 12 22   356   16 39  0     64.29   -0.7607E-03      22.3    453.7
2014 12 22   356   16 40  0     64.28   -0.7840E-03      23.0    458.7
2014 12 22   356   16 41  0     64.26   -0.8324E-03      24.4    459.2
2014 12 22   356   16 42  0     64.25   -0.8495E-03      24.9    456.3
2014 12 22   356   16 43  0     64.24   -0.8203E-03      24.0    456.5
2014 12 22   356   16 44  0     64.23   -0.8363E-03      24.5    458.2
2014 12 22   356   16 45  0     64.22   -0.8525E-03      25.1    458.1
2014 12 22   356   16 46  0     64.21   -0.8857E-03      26.0    458.9
2014 12 22   356   16 47  0     64.21   -0.8666E-03      25.5    457.9
2014 12 22   356   16 48  0     64.20   -0.7825E-03      23.3    453.6
2014 12 22   356   16 49  0     64.19   -0.6837E-03      20.1    451.2
2014 12 22   356   16 50  0     64.19   -0.6579E-03      19.3    450.7
2014 12 22   356   16 51  0     64.18   -0.6711E-03      19.7    451.6
2014 12 22   356   16 52  0     64.18   -0.7108E-03      20.7    455.7
2014 12 22   356   16 53  0     64.18   -0.8003E-03      23.4    458.7
2014 12 22   356   16 54  0     64.18   -0.7936E-03      23.3    455.8
2014 12 22   356   16 55  0     64.18   -0.8214E-03      24.0    454.6
2014 12 22   356   16 56  0     64.18   -0.7520E-03      22.3    453.5
2014 12 22   356   16 57  0     64.18   -0.6777E-03      20.1    454.1
2014 12 22   356   16 58  0     64.18   -0.7520E-03      22.1    457.0
2014 12 22   356   16 59  0     64.18   -0.8648E-03      25.5    458.7
2014 12 22   356   17  0  0     64.19   -0.8542E-03      25.4    457.8
2014 12 22   356   17  1  0     64.19   -0.7545E-03      22.5    455.2
2014 12 22   356   17  2  0     64.20   -0.7421E-03      22.1    454.5
2014 12 22   356   17  3  0     64.20   -0.7357E-03      21.7    454.4
2014 12 22   356   17  4  0     64.21   -0.7018E-03      20.7    453.5
2014 12 22   356   17  5  0     64.22   -0.7481E-03      22.1    454.2
2014 12 22   356   17  6  0     64.23   -0.8487E-03      24.9    456.8
2014 12 22   356   17  7  0     64.23   -0.8866E-03      26.1    457.9
2014 12 22   356   17  8  0     64.25   -0.8658E-03      25.6    457.1
2014 12 22   356   17  9  0     64.26   -0.7571E-03      22.4    455.2
2014 12 22   356   17 10  0     64.27   -0.6744E-03      20.0    454.4
2014 12 22   356   17 11  0     64.28   -0.6491E-03      19.1    455.4
2014 12 22   356   17 12  0     64.29   -0.6944E-03      20.4    456.6
2014 12 22   356   17 13  0     64.31   -0.6888E-03      20.4    454.7
2014 12 22   356   17 14  0     64.32   -0.6341E-03      19.0    452.0
2014 12 22   356   17 15  0     64.34   -0.6049E-03      18.0    452.3
2014 12 22   356   17 16  0     64.36   -0.6337E-03      18.8    453.1
2014 12 22   356   17 17  0     64.38   -0.6539E-03      19.4    453.2
2014 12 22   356   17 18  0     64.39   -0.6673E-03      19.7    453.9
2014 12 22   356   17 19  0     64.41   -0.7350E-03      21.7    455.8
2014 12 22   356   17 20  0     64.43   -0.8221E-03      24.2    456.2
2014 12 22   356   17 21  0     64.45   -0.8944E-03      26.2    455.8
2014 12 22   356   17 22  0     64.48   -0.8089E-03      23.8    454.6
2014 12 22   356   17 23  0     64.50   -0.7671E-03      22.7    454.2
2014 12 22   356   17 24  0     64.52   -0.7543E-03      22.3    452.8
2014 12 22   356   17 25  0     64.55   -0.7491E-03      22.1    452.3
2014 12 22   356   17 26  0     64.57   -0.6756E-03      20.0    450.3
2014 12 22   356   17 27  0     64.60   -0.5700E-03      17.0    449.0
2014 12 22   356   17 28  0     64.63   -0.5625E-03      16.8    449.1
2014 12 22   356   17 29  0     64.65   -0.6004E-03      17.7    450.7
2014 12 22   356   17 30  0     64.68   -0.6268E-03      18.4    452.3
2014 12 22   356   17 31  0     64.71   -0.5646E-03      16.8    450.1
2014 12 22   356   17 32  0     64.74   -0.5339E-03      16.0    449.4
2014 12 22   356   17 33  0     64.77   -0.5604E-03      16.7    450.9
2014 12 22   356   17 34  0     64.80   -0.6000E-03      17.8    452.0
2014 12 22   356   17 35  0     64.84   -0.6418E-03      18.9    452.5
2014 12 22   356   17 36  0     64.87   -0.6426E-03      18.9    452.4
2014 12 22   356   17 37  0     64.91   -0.6043E-03      17.9    451.3
2014 12 22   356   17 38  0     64.94   -0.6131E-03      18.2    451.3
2014 12 22   356   17 39  0     64.98   -0.6213E-03      18.4    451.4
2014 12 22   356   17 40  0     65.01   -0.5868E-03      17.5    448.9
2014 12 22   356   17 41  0     65.05   -0.6213E-03      18.4    449.9
2014 12 22   356   17 42  0     65.09   -0.6777E-03      19.9    451.2
2014 12 22   356   17 43  0     65.13   -0.6578E-03      19.4    450.6
2014 12 22   356   17 44  0     65.17   -0.6531E-03      19.4    449.6
2014 12 22   356   17 45  0     65.21   -0.7095E-03      21.0    449.9
2014 12 22   356   17 46  0     65.25   -0.7058E-03      21.0    449.4
2014 12 22   356   17 47  0     65.29   -0.8401E-03      24.6    452.6
2014 12 22   356   17 48  0     65.34   -0.1047E-02      30.5    453.2
2014 12 22   356   17 49  0     65.38   -0.1072E-02      31.3    452.4
2014 12 22   356   17 50  0     65.42   -0.9762E-03      28.7    451.5
2014 12 22   356   17 51  0     65.47   -0.9736E-03      28.7    452.4
2014 12 22   356   17 52  0     65.52   -0.1088E-02      31.9    454.4
2014 12 22   356   17 53  0     65.56   -0.1133E-02      33.4    451.5
2014 12 22   356   17 54  0     65.61   -0.9787E-03      29.2    449.1
2014 12 22   356   17 55  0     65.66   -0.8390E-03      25.1    449.2
2014 12 22   356   17 56  0     65.71   -0.8807E-03      26.2    451.5
2014 12 22   356   17 57  0     65.76   -0.9436E-03      27.8    450.8
2014 12 22   356   17 58  0     65.81   -0.1031E-02      30.1    448.3
2014 12 22   356   17 59  0     65.86   -0.1138E-02      33.1    446.1
2014 12 22   356   18  0  0     65.92   -0.1083E-02      31.6    444.8
2014 12 22   356   18  1  0     65.97   -0.9947E-03      29.2    445.0
2014 12 22   356   18  2  0     66.02   -0.9682E-03      28.6    446.9
2014 12 22   356   18  3  0     66.08   -0.1008E-02      29.8    448.5
2014 12 22   356   18  4  0     66.13   -0.1012E-02      30.0    447.8
2014 12 22   356   18  5  0     66.19   -0.1072E-02      31.6    446.9
2014 12 22   356   18  6  0     66.25   -0.9995E-03      29.4    445.2
2014 12 22   356   18  7  0     66.31   -0.8656E-03      25.8    443.7
2014 12 22   356   18  8  0     66.36   -0.8313E-03      24.8    443.7
2014 12 22   356   18  9  0     66.42   -0.8253E-03      24.5    442.9
2014 12 22   356   18 10  0     66.48   -0.7027E-03      21.1    438.6
2014 12 22   356   18 11  0     66.55   -0.6055E-03      18.3    435.3
2014 12 22   356   18 12  0     66.61   -0.7071E-03      20.8    436.9
2014 12 22   356   18 13  0     66.67   -0.8120E-03      23.9    437.3
2014 12 22   356   18 14  0     66.73   -0.7670E-03      22.6    436.5
2014 12 22   356   18 15  0     66.80   -0.8788E-03      25.9    437.2
2014 12 22   356   18 16  0     66.86   -0.1029E-02      30.3    437.9
2014 12 22   356   18 17  0     66.93   -0.1007E-02      29.8    438.4
2014 12 22   356   18 18  0     66.99   -0.1023E-02      30.4    441.4
2014 12 22   356   18 19  0     67.06   -0.1213E-02      36.4    445.4
2014 12 22   356   18 20  0     67.13   -0.1318E-02      39.4    444.5
2014 12 22   356   18 21  0     67.20   -0.1245E-02      37.5    444.9
2014 12 22   356   18 22  0     67.27   -0.1066E-02      32.4    443.4
2014 12 22   356   18 23  0     67.34   -0.9163E-03      27.9    441.8
2014 12 22   356   18 24  0     67.41   -0.8643E-03      26.3    440.0
2014 12 22   356   18 25  0     67.48   -0.8353E-03      25.3    440.9
2014 12 22   356   18 26  0     67.55   -0.8440E-03      25.6    442.7
2014 12 22   356   18 27  0     67.62   -0.9383E-03      28.3    445.4
2014 12 22   356   18 28  0     67.70   -0.1130E-02      33.8    446.1
2014 12 22   356   18 29  0     67.77   -0.1234E-02      36.9    445.6
2014 12 22   356   18 30  0     67.85   -0.1202E-02      36.4    450.5
2014 12 22   356   18 31  0     67.92   -0.1193E-02      36.9    452.8
2014 12 22   356   18 32  0     68.00   -0.1097E-02      33.7    449.4
2014 12 22   356   18 33  0     68.07   -0.1000E-02      30.6    442.2
2014 12 22   356   18 34  0     68.15   -0.8936E-03      27.1    439.0
2014 12 22   356   18 35  0     68.23   -0.8024E-03      24.5    438.2
2014 12 22   356   18 36  0     68.31   -0.7632E-03      23.4    440.1
2014 12 22   356   18 37  0     68.39   -0.7472E-03      23.2    440.3
2014 12 22   356   18 38  0     68.47   -0.7319E-03      22.8    440.1
2014 12 22   356   18 39  0     68.55   -0.6689E-03      21.1    438.3
2014 12 22   356   18 40  0     68.63   -0.6287E-03      20.0    437.5
2014 12 22   356   18 41  0     68.72   -0.6824E-03      21.5    439.4
2014 12 22   356   18 42  0     68.80   -0.7156E-03      22.5    438.9
2014 12 22   356   18 43  0     68.88   -0.7175E-03      22.6    436.7
2014 12 22   356   18 44  0     68.97   -0.7455E-03      23.2    437.5
2014 12 22   356   18 45  0     69.05   -0.6802E-03      21.3    434.5
2014 12 22   356   18 46  0     69.14   -0.5386E-03      17.3    428.5
2014 12 22   356   18 47  0     69.23   -0.4329E-03      14.3    423.3
2014 12 22   356   18 48  0     69.31   -0.4601E-03      15.2    425.0
2014 12 22   356   18 49  0     69.40   -0.5690E-03      18.3    431.7
2014 12 22   356   18 50  0     69.49   -0.6412E-03      20.6    434.5
2014 12 22   356   18 51  0     69.58   -0.6166E-03      20.0    434.2
2014 12 22   356   18 52  0     69.67   -0.5742E-03      18.9    432.5
2014 12 22   356   18 53  0     69.76   -0.6243E-03      20.3    436.8
2014 12 22   356   18 54  0     69.85   -0.6110E-03      20.0    435.1
2014 12 22   356   18 55  0     69.94   -0.5886E-03      19.5    433.2
2014 12 22   356   18 56  0     70.04   -0.6174E-03      20.5    433.8
2014 12 22   356   18 57  0     70.13   -0.5869E-03      19.7    433.8
2014 12 22   356   18 58  0     70.22   -0.5478E-03      18.7    434.3
2014 12 22   356   18 59  0     70.32   -0.5945E-03      20.4    439.3
2014 12 22   356   19  0  0     70.41   -0.6633E-03      22.8    443.7
2014 12 22   356   19  1  0     70.51   -0.7066E-03      24.4    446.8
2014 12 22   356   19  2  0     70.60   -0.6736E-03      23.7    445.0
2014 12 22   356   19  3  0     70.70   -0.6159E-03      21.9    441.8
2014 12 22   356   19  4  0     70.80   -0.5705E-03      20.3    438.3
2014 12 22   356   19  5  0     70.90   -0.4757E-03      17.3    429.9
2014 12 22   356   19  6  0     71.00   -0.4289E-03      15.8    426.6
2014 12 22   356   19  7  0     71.10   -0.4025E-03      15.0    425.0
2014 12 22   356   19  8  0     71.20   -0.3669E-03      13.9    420.8
2014 12 22   356   19  9  0     71.30   -0.3765E-03      14.3    421.0
2014 12 22   356   19 10  0     71.40   -0.4093E-03      15.6    423.7
2014 12 22   356   19 11  0     71.50   -0.4649E-03      17.5    430.6
2014 12 22   356   19 12  0     71.60   -0.4935E-03      18.7    430.9
2014 12 22   356   19 13  0     71.71   -0.4586E-03      17.6    428.6
2014 12 22   356   19 14  0     71.81   -0.4070E-03      15.8    424.4
2014 12 22   356   19 15  0     71.91   -0.3685E-03      14.6    417.5
2014 12 22   356   19 16  0     72.02   -0.3487E-03      14.0    414.1
2014 12 22   356   19 17  0     72.12   -0.3293E-03      13.4    411.4
2014 12 22   356   19 18  0     72.23   -0.3184E-03      13.3    408.5
2014 12 22   356   19 19  0     72.34   -0.2999E-03      12.8    402.9
2014 12 22   356   19 20  0     72.44   -0.2779E-03      12.0    401.4
2014 12 22   356   19 21  0     72.55   -0.2690E-03      11.8    400.3
2014 12 22   356   19 22  0     72.66   -0.2805E-03      12.3    402.2
2014 12 22   356   19 23  0     72.77   -0.2935E-03      12.8    403.7
2014 12 22   356   19 24  0     72.88   -0.3038E-03      13.1    404.9
2014 12 22   356   19 25  0     72.99   -0.3309E-03      14.2    406.6
2014 12 22   356   19 26  0     73.10   -0.3354E-03      14.4    405.9
2014 12 22   356   19 27  0     73.21   -0.3293E-03      14.1    406.9
2014 12 22   356   19 28  0     73.32   -0.3231E-03      14.2    403.3
2014 12 22   356   19 29  0     73.43   -0.3038E-03      13.7    402.7
2014 12 22   356   19 30  0     73.55   -0.3043E-03      14.0    403.8
2014 12 22   356   19 31  0     73.66   -0.3695E-03      16.6    418.8
2014 12 22   356   19 32  0     73.78   -0.4327E-03      19.3    429.1
2014 12 22   356   19 33  0     73.89   -0.4044E-03      18.5    423.1
2014 12 22   356   19 34  0     74.00   -0.3586E-03      16.9    419.0
2014 12 22   356   19 35  0     74.12   -0.3097E-03      15.0    414.4
2014 12 22   356   19 36  0     74.24   -0.2857E-03      14.3    407.3
2014 12 22   356   19 37  0     74.35   -0.3085E-03      15.4    414.0
2014 12 22   356   19 38  0     74.47   -0.2963E-03      15.1    411.2
2014 12 22   356   19 39  0     74.59   -0.2680E-03      14.3    400.2
2014 12 22   356   19 40  0     74.71   -0.2643E-03      14.1    404.0
2014 12 22   356   19 41  0     74.83   -0.2680E-03      14.5    404.2
2014 12 22   356   19 42  0     74.94   -0.2599E-03      14.4    400.6
2014 12 22   356   19 43  0     75.06   -0.2385E-03      13.6    393.4
2014 12 22   356   19 44  0     75.18   -0.2144E-03      12.7    385.8
2014 12 22   356   19 45  0     75.31   -0.1979E-03      12.1    377.9
2014 12 22   356   19 46  0     75.43   -0.2013E-03      12.4    379.4
2014 12 22   356   19 47  0     75.55   -0.2156E-03      13.1    387.3
2014 12 22   356   19 48  0     75.67   -0.2269E-03      13.9    388.6
2014 12 22   356   19 49  0     75.79   -0.2226E-03      13.8    388.3
2014 12 22   356   19 50  0     75.92   -0.2062E-03      13.3    380.1
2014 12 22   356   19 51  0     76.04   -0.1947E-03      13.0    373.7
2014 12 22   356   19 52  0     76.17   -0.1765E-03      12.4    362.1
2014 12 22   356   19 53  0     76.29   -0.1475E-03      11.1    348.2
2014 12 22   356   19 54  0     76.42   -0.1175E-03       9.6    333.8
2014 12 22   356   19 55  0     76.54   -0.1109E-03       9.4    328.2
2014 12 22   356   19 56  0     76.67   -0.1243E-03      10.3    335.5
2014 12 22   356   19 57  0     76.80   -0.1457E-03      11.6    347.4
2014 12 22   356   19 58  0     76.92   -0.1581E-03      12.5    354.0
2014 12 22   356   19 59  0     77.05   -0.1637E-03      13.0    356.7
2014 12 22   356   20  0  0     77.18   -0.1615E-03      12.9    357.8
2014 12 22   356   20  1  0     77.31   -0.1548E-03      12.8    352.4
2014 12 22   356   20  2  0     77.44   -0.1460E-03      12.6    345.1
2014 12 22   356   20  3  0     77.57   -0.1285E-03      11.7    335.5
2014 12 22   356   20  4  0     77.70   -0.1050E-03      10.5    319.7
2014 12 22   356   20  5  0     77.83   -0.9280E-04      10.1    308.7
2014 12 22   356   20  6  0     77.96   -0.9350E-04      10.2    310.0
2014 12 22   356   20  7  0     78.09   -0.9179E-04      10.6    304.5
2014 12 22   356   20  8  0     78.22   -0.9290E-04      11.0    303.4
2014 12 22   356   20  9  0     78.35   -0.9749E-04      11.3    308.8
2014 12 22   356   20 10  0     78.49   -0.9337E-04      11.2    306.2
2014 12 22   356   20 11  0     78.62   -0.8491E-04      10.8    300.1
2014 12 22   356   20 12  0     78.75   -0.7954E-04      10.9    293.0
2014 12 22   356   20 13  0     78.89   -0.8172E-04      11.2    295.9
2014 12 22   356   20 14  0     79.02   -0.9251E-04      12.3    305.2
2014 12 22   356   20 15  0     79.16   -0.1120E-03      14.0    321.6
2014 12 22   356   20 16  0     79.29   -0.1242E-03      15.4    329.3
2014 12 22   356   20 17  0     79.43   -0.1340E-03      16.5    338.0
2014 12 22   356   20 18  0     79.57   -0.1342E-03      17.1    336.4
2014 12 22   356   20 19  0     79.70   -0.1319E-03      17.0    338.2
2014 12 22   356   20 20  0     79.84   -0.1238E-03      16.7    328.6
2014 12 22   356   20 21  0     79.98   -0.1145E-03      16.3    321.1
2014 12 22   356   20 22  0     80.12   -0.1003E-03      15.5    309.1
2014 12 22   356   20 23  0     80.26   -0.8330E-04      14.3    292.7
2014 12 22   356   20 24  0     80.39   -0.8280E-04      14.3    297.7
2014 12 22   356   20 25  0     80.53   -0.8693E-04      15.0    304.1
2014 12 22   356   20 26  0     80.67   -0.8498E-04      15.2    302.0
2014 12 22   356   20 27  0     80.81   -0.7730E-04      14.6    297.0
2014 12 22   356   20 28  0     80.95   -0.6832E-04      14.5    281.7
2014 12 22   356   20 29  0     81.10   -0.6289E-04      14.1    278.8
2014 12 22   356   20 30  0     81.24   -0.5656E-04      13.6    272.7
2014 12 22   356   20 31  0     81.38   -0.5469E-04      13.9    270.0
2014 12 22   356   20 32  0     81.52   -0.5189E-04      14.1    266.2
2014 12 22   356   20 33  0     81.66   -0.5190E-04      14.8    264.1
2014 12 22   356   20 34  0     81.81   -0.5850E-04      15.6    277.0
2014 12 22   356   20 35  0     81.95   -0.4373E-04      14.2    257.3
2014 12 22   356   20 36  0     82.09   -0.2834E-04      12.7    236.0
2014 12 22   356   20 37  0     82.24   -0.1963E-04      12.0    223.6
2014 12 22   356   20 38  0     82.38   -0.8732E-05      10.5    208.1
2014 12 22   356   20 39  0     82.53   -0.2866E-05      10.0    198.9
2014 12 22   356   20 40  0     82.67    0.5607E-05       9.5    184.7
2014 12 22   356   20 41  0     82.82    0.4924E-05       9.4    185.0
2014 12 22   356   20 42  0     82.96    0.1504E-07      10.5    193.3
2014 12 22   356   20 43  0     83.11    0.1701E-05      10.4    190.4
2014 12 22   356   20 44  0     83.26    0.8771E-05       9.9    177.6
2014 12 22   356   20 45  0     83.40    0.1151E-04      10.2    172.9
2014 12 22   356   20 46  0     83.55    0.1255E-04      10.2    170.5
2014 12 22   356   20 47  0     83.70    0.1466E-04      10.2    165.9
2014 12 22   356   20 48  0     83.85    0.1868E-04       9.7    157.2
2014 12 22   356   20 49  0     84.00    0.2346E-04       9.6    148.0
2014 12 22   356   20 50  0     84.15    0.1950E-04       9.9    153.9
2014 12 22   356   20 51  0     84.29    0.1871E-04      10.9    156.9
2014 12 22   356   20 52  0     84.44    0.2121E-04      11.3    152.8
2014 12 22   356   20 53  0     84.59    0.2018E-04      11.8    154.9
2014 12 22   356   20 54  0     84.74    0.1629E-04      13.0    164.2
2014 12 22   356   20 55  0     84.90    0.1571E-04      13.7    166.3
2014 12 22   356   20 56  0     85.05    0.2052E-04      13.4    155.1
2014 12 22   356   20 57  0     85.20    0.2646E-04      12.5    140.9
2014 12 22   356   20 58  0     85.35    0.3021E-04      11.7    131.5
2014 12 22   356   20 59  0     85.50    0.3081E-04      11.6    128.6
2014 12 22   356   21  0  0     85.65    0.3225E-04      11.9    125.8
2014 12 22   356   21  1  0     85.81    0.3782E-04      12.0    117.0
2014 12 22   356   21  2  0     85.96    0.3653E-04      12.3    117.2
2014 12 22   356   21  3  0     86.11    0.3331E-04      12.9    122.1
2014 12 22   356   21  4  0     86.27    0.3643E-04      13.4    118.4
2014 12 22   356   21  5  0     86.42    0.3740E-04      13.8    117.3
2014 12 22   356   21  6  0     86.58    0.3791E-04      14.0    115.9
2014 12 22   356   21  7  0     86.73    0.3746E-04      14.2    115.4
2014 12 22   356   21  8  0     86.89    0.4113E-04      14.4    110.2
2014 12 22   356   21  9  0     87.04    0.3998E-04      14.7    110.7
2014 12 22   356   21 10  0     87.20    0.4271E-04      14.8    107.1
2014 12 22   356   21 11  0     87.35    0.4240E-04      14.9    106.6
2014 12 22   356   21 12  0     87.51    0.4426E-04      15.1    103.4
2014 12 22   356   21 13  0     87.67    0.4780E-04      14.6     95.6
2014 12 22   356   21 14  0     87.82    0.4817E-04      13.8     89.8
2014 12 22   356   21 15  0     87.98    0.5061E-04      13.6     83.9
2014 12 22   356   21 16  0     88.14    0.5035E-04      14.8     87.2
2014 12 22   356   21 17  0     88.30    0.5106E-04      15.5     87.6
2014 12 22   356   21 18  0     88.45    0.5089E-04      15.4     85.4
2014 12 22   356   21 19  0     88.61    0.5115E-04      15.7     83.8
2014 12 22   356   21 20  0     88.77    0.5538E-04      14.7     73.3
2014 12 22   356   21 21  0     88.93    0.5813E-04      13.5     63.4
2014 12 22   356   21 22  0     89.09    0.5763E-04      13.4     61.3
2014 12 22   356   21 23  0     89.25    0.5650E-04      13.8     62.0
2014 12 22   356   21 24  0     89.41    0.5938E-04      13.9     58.0
2014 12 22   356   21 25  0     89.57    0.5754E-04      13.6     56.4
2014 12 22   356   21 26  0     89.73    0.5998E-04      14.0     52.8
2014 12 22   356   21 27  0     89.89    0.6124E-04      14.7     51.1
