                            NILUUV 115

Uvpro Version 2.0
Latitude :   40.74 (North)
Longitude:  -74.03  (West)
Calibration file: cf100603a.115
Height above sea level:    40.0  m
CLT derived from channel 4
CLT scale factor used:   1.0
Ozone derived from channel pair ch3/ch1
Ozone scale factor used:   1.0
Drift factors ch1-ch6:   3.000154.000  1.000  1.000  1.000  1.000
Ozone profile climatology: Mid  Latitude
Dose type:    CLW    Caldwell Plant 1971           

yyyy mm dd   jul   hh mm ss      SZA     dose rate       clt     Ozone
                              [degrees]   [W/m^2]        [%]     [DU]
2014  7  8   189    0  0  0     85.79   -0.2200E-04      76.0    273.0
2014  7  8   189    0  1  0     85.96   -0.1217E-04      76.1    266.1
2014  7  8   189    0  2  0     86.13   -0.3321E-05      76.1    258.2
2014  7  8   189    0  3  0     86.30    0.7000E-05      76.1    250.4
2014  7  8   189    0  4  0     86.47    0.1666E-04      76.1    241.4
2014  7  8   189    0  5  0     86.64    0.2181E-04      76.1    241.4
2014  7  8   189    0  6  0     86.81    0.3007E-04      76.1    231.5
2014  7  8   189    0  7  0     86.98    0.3805E-04      76.3    222.2
2014  7  8   189    0  8  0     87.14    0.4298E-04      76.1    217.8
2014  7  8   189    0  9  0     87.31    0.4954E-04      76.0    211.8
2014  7  8   189    0 10  0     87.48    0.5461E-04      75.9    206.2
2014  7  8   189    0 11  0     87.65    0.6176E-04      76.0    197.2
2014  7  8   189    0 12  0     87.81    0.6841E-04      76.2    187.6
2014  7  8   189    0 13  0     87.98    0.6955E-04      76.5    185.0
2014  7  8   189    0 14  0     88.15    0.7212E-04      76.3    181.5
2014  7  8   189    0 15  0     88.31    0.8257E-04      76.1    166.2
2014  7  8   189    0 16  0     88.48    0.8876E-04      76.0    155.2
2014  7  8   189    0 17  0     88.64    0.9265E-04      76.0    148.8
2014  7  8   189    0 18  0     88.81    0.9399E-04      76.2    138.0
2014  7  8   189    0 19  0     88.98    0.9760E-04      76.7    132.4
2014  7  8   189    0 20  0     89.14    0.9945E-04      76.4    134.6
2014  7  8   189    0 21  0     89.31    0.1031E-03      76.1    128.1
2014  7  8   189    0 22  0     89.47    0.1056E-03      76.0    124.9
2014  7  8   189    0 23  0     89.63    0.1062E-03      76.0    122.6
2014  7  8   189    0 24  0     89.80    0.1082E-03      76.3    117.5
2014  7  8   189    0 25  0     89.96    0.1104E-03      76.8    112.2
2014  7  8   189    9 39  0     89.88    0.9014E-04      68.3    124.8
2014  7  8   189    9 40  0     89.72    0.8762E-04      68.2    131.7
2014  7  8   189    9 41  0     89.55    0.8451E-04      68.4    137.8
2014  7  8   189    9 42  0     89.39    0.8568E-04      68.7    137.3
2014  7  8   189    9 43  0     89.22    0.8106E-04      69.2    150.1
2014  7  8   189    9 44  0     89.06    0.7897E-04      69.8    154.2
2014  7  8   189    9 45  0     88.89    0.7914E-04      70.0    145.0
2014  7  8   189    9 46  0     88.73    0.7124E-04      70.0    171.2
2014  7  8   189    9 47  0     88.56    0.6796E-04      70.2    182.0
2014  7  8   189    9 48  0     88.40    0.6197E-04      70.4    192.8
2014  7  8   189    9 49  0     88.23    0.5999E-04      70.8    194.8
2014  7  8   189    9 50  0     88.06    0.5611E-04      71.2    200.6
2014  7  8   189    9 51  0     87.90    0.5067E-04      71.4    213.0
2014  7  8   189    9 52  0     87.73    0.4473E-04      71.5    222.9
2014  7  8   189    9 53  0     87.56    0.3935E-04      71.7    230.6
2014  7  8   189    9 54  0     87.40    0.3277E-04      71.9    237.4
2014  7  8   189    9 55  0     87.23    0.2998E-04      72.2    238.4
2014  7  8   189    9 56  0     87.06    0.2135E-04      72.5    248.9
2014  7  8   189    9 57  0     86.89    0.1798E-04      72.7    251.3
2014  7  8   189    9 58  0     86.72    0.7022E-05      72.7    266.0
2014  7  8   189    9 59  0     86.56   -0.2094E-05      72.8    277.7
2014  7  8   189   10  0  0     86.39   -0.8443E-05      72.8    281.0
2014  7  8   189   10  1  0     86.22   -0.1778E-04      73.0    290.2
2014  7  8   189   10  2  0     86.05   -0.2504E-04      73.2    294.5
2014  7  8   189   10  3  0     85.88   -0.3367E-04      73.2    303.0
2014  7  8   189   10  4  0     85.71   -0.4295E-04      73.2    310.1
2014  7  8   189   10  5  0     85.54   -0.5340E-04      73.3    318.7
2014  7  8   189   10  6  0     85.37   -0.6294E-04      73.4    325.0
2014  7  8   189   10  7  0     85.20   -0.7570E-04      73.6    336.1
2014  7  8   189   10  8  0     85.03   -0.8647E-04      73.8    342.4
2014  7  8   189   10  9  0     84.86   -0.9669E-04      73.7    347.7
2014  7  8   189   10 10  0     84.68   -0.1094E-03      73.8    357.7
2014  7  8   189   10 11  0     84.51   -0.1229E-03      73.7    366.7
2014  7  8   189   10 12  0     84.34   -0.1333E-03      73.8    368.3
2014  7  8   189   10 13  0     84.17   -0.1463E-03      73.9    374.0
2014  7  8   189   10 14  0     84.00   -0.1586E-03      74.1    378.4
2014  7  8   189   10 15  0     83.83   -0.1778E-03      74.3    396.3
2014  7  8   189   10 16  0     83.65   -0.1937E-03      74.6    405.2
2014  7  8   189   10 17  0     83.48   -0.2064E-03      74.9    406.2
2014  7  8   189   10 18  0     83.31   -0.2237E-03      75.2    416.0
2014  7  8   189   10 19  0     83.13   -0.2419E-03      75.5    426.0
2014  7  8   189   10 20  0     82.96   -0.2614E-03      75.8    438.5
2014  7  8   189   10 21  0     82.79   -0.2788E-03      75.9    446.1
2014  7  8   189   10 22  0     82.61   -0.2950E-03      76.0    448.6
2014  7  8   189   10 23  0     82.44   -0.3175E-03      76.0    464.6
2014  7  8   189   10 24  0     82.27   -0.3359E-03      76.1    470.7
2014  7  8   189   10 25  0     82.09   -0.3542E-03      76.1    475.6
2014  7  8   189   10 26  0     81.92   -0.3749E-03      76.1    485.8
2014  7  8   189   10 27  0     81.74   -0.3946E-03      76.1    492.5
2014  7  8   189   10 28  0     81.57   -0.4140E-03      76.1    496.5
2014  7  8   189   10 29  0     81.39   -0.4333E-03      76.1    498.6
2014  7  8   189   10 30  0     81.22   -0.4538E-03      76.2    502.0
2014  7  8   189   10 31  0     81.04   -0.4792E-03      76.4    515.3
2014  7  8   189   10 32  0     80.87   -0.5015E-03      76.4    520.7
2014  7  8   189   10 33  0     80.69   -0.5212E-03      76.5    518.8
2014  7  8   189   10 34  0     80.51   -0.5478E-03      76.5    532.8
2014  7  8   189   10 35  0     80.34   -0.5667E-03      76.5    527.3
2014  7  8   189   10 36  0     80.16   -0.5914E-03      76.7    533.0
2014  7  8   189   10 37  0     79.98   -0.6158E-03      76.8    535.8
2014  7  8   189   10 38  0     79.81   -0.6439E-03      76.9    549.1
2014  7  8   189   10 39  0     79.63   -0.6685E-03      76.9    551.3
2014  7  8   189   10 40  0     79.45   -0.6938E-03      76.9    554.0
2014  7  8   189   10 41  0     79.28   -0.7149E-03      77.0    546.4
2014  7  8   189   10 42  0     79.10   -0.7416E-03      77.0    549.8
2014  7  8   189   10 43  0     78.92   -0.7691E-03      77.0    554.5
2014  7  8   189   10 44  0     78.74   -0.7964E-03      76.9    558.1
2014  7  8   189   10 45  0     78.57   -0.8225E-03      77.0    557.5
2014  7  8   189   10 46  0     78.39   -0.8514E-03      77.1    560.4
2014  7  8   189   10 47  0     78.21   -0.8795E-03      77.0    563.4
2014  7  8   189   10 48  0     78.03   -0.9073E-03      76.9    565.7
2014  7  8   189   10 49  0     77.85   -0.9309E-03      76.6    562.7
2014  7  8   189   10 50  0     77.67   -0.9510E-03      76.4    554.2
2014  7  8   189   10 51  0     77.49   -0.9773E-03      75.9    558.8
2014  7  8   189   10 52  0     77.32   -0.9982E-03      75.4    554.9
2014  7  8   189   10 53  0     77.14   -0.1019E-02      74.8    553.5
2014  7  8   189   10 54  0     76.96   -0.1039E-02      74.2    549.6
2014  7  8   189   10 55  0     76.78   -0.1053E-02      73.5    538.8
2014  7  8   189   10 56  0     76.60   -0.1078E-02      72.9    542.6
2014  7  8   189   10 57  0     76.42   -0.1098E-02      72.3    537.9
2014  7  8   189   10 58  0     76.24   -0.1117E-02      71.8    531.1
2014  7  8   189   10 59  0     76.06   -0.1140E-02      71.4    528.5
2014  7  8   189   11  0  0     75.88   -0.1161E-02      70.9    523.6
2014  7  8   189   11  1  0     75.70   -0.1185E-02      70.5    521.6
2014  7  8   189   11  2  0     75.52   -0.1211E-02      70.4    519.6
2014  7  8   189   11  3  0     75.33   -0.1238E-02      70.4    515.8
2014  7  8   189   11  4  0     75.15   -0.1268E-02      70.5    514.0
2014  7  8   189   11  5  0     74.97   -0.1299E-02      70.6    511.8
2014  7  8   189   11  6  0     74.79   -0.1333E-02      70.8    511.2
2014  7  8   189   11  7  0     74.61   -0.1362E-02      71.0    506.9
2014  7  8   189   11  8  0     74.43   -0.1402E-02      71.5    509.9
2014  7  8   189   11  9  0     74.25   -0.1436E-02      71.9    507.3
2014  7  8   189   11 10  0     74.06   -0.1470E-02      72.1    507.7
2014  7  8   189   11 11  0     73.88   -0.1502E-02      72.4    505.1
2014  7  8   189   11 12  0     73.70   -0.1532E-02      72.4    503.8
2014  7  8   189   11 13  0     73.52   -0.1554E-02      72.2    499.9
2014  7  8   189   11 14  0     73.34   -0.1578E-02      72.0    497.9
2014  7  8   189   11 15  0     73.15   -0.1599E-02      71.9    494.1
2014  7  8   189   11 16  0     72.97   -0.1625E-02      71.6    494.3
2014  7  8   189   11 17  0     72.79   -0.1647E-02      71.4    492.4
2014  7  8   189   11 18  0     72.61   -0.1671E-02      71.3    490.6
2014  7  8   189   11 19  0     72.42   -0.1690E-02      71.0    487.8
2014  7  8   189   11 20  0     72.24   -0.1715E-02      71.0    485.9
2014  7  8   189   11 21  0     72.06   -0.1743E-02      71.3    484.7
2014  7  8   189   11 22  0     71.87   -0.1771E-02      71.5    483.9
2014  7  8   189   11 23  0     71.69   -0.1806E-02      72.0    484.8
2014  7  8   189   11 24  0     71.51   -0.1829E-02      72.1    483.7
2014  7  8   189   11 25  0     71.32   -0.1852E-02      72.2    483.2
2014  7  8   189   11 26  0     71.14   -0.1890E-02      73.0    484.8
2014  7  8   189   11 27  0     70.95   -0.1928E-02      73.8    485.7
2014  7  8   189   11 28  0     70.77   -0.1953E-02      74.1    486.1
2014  7  8   189   11 29  0     70.59   -0.1907E-02      71.0    481.9
2014  7  8   189   11 30  0     70.40   -0.1825E-02      66.4    475.3
2014  7  8   189   11 31  0     70.22   -0.1815E-02      65.5    473.2
2014  7  8   189   11 32  0     70.03   -0.1856E-02      66.8    474.8
2014  7  8   189   11 33  0     69.85   -0.1971E-02      71.3    481.7
2014  7  8   189   11 34  0     69.66   -0.2045E-02      73.9    485.7
2014  7  8   189   11 35  0     69.48   -0.2052E-02      73.5    487.4
2014  7  8   189   11 36  0     69.29   -0.1956E-02      69.0    483.7
2014  7  8   189   11 37  0     69.11   -0.1855E-02      64.4    478.5
2014  7  8   189   11 38  0     68.92   -0.1793E-02      61.3    475.4
2014  7  8   189   11 39  0     68.74   -0.1790E-02      60.5    474.1
2014  7  8   189   11 40  0     68.55   -0.1846E-02      62.3    475.0
2014  7  8   189   11 41  0     68.37   -0.1905E-02      64.3    476.0
2014  7  8   189   11 42  0     68.18   -0.1763E-02      57.9    467.4
2014  7  8   189   11 43  0     68.00   -0.1737E-02      56.4    465.2
2014  7  8   189   11 44  0     67.81   -0.1734E-02      55.6    464.4
2014  7  8   189   11 45  0     67.62   -0.1740E-02      55.5    463.4
2014  7  8   189   11 46  0     67.44   -0.1761E-02      55.6    464.3
2014  7  8   189   11 47  0     67.25   -0.1771E-02      55.7    463.9
2014  7  8   189   11 48  0     67.07   -0.1770E-02      55.4    463.6
2014  7  8   189   11 49  0     66.88   -0.1764E-02      55.0    463.4
2014  7  8   189   11 50  0     66.69   -0.1762E-02      54.8    463.1
2014  7  8   189   11 51  0     66.51   -0.1755E-02      54.5    463.5
2014  7  8   189   11 52  0     66.32   -0.1731E-02      53.8    464.1
2014  7  8   189   11 53  0     66.13   -0.1687E-02      52.4    464.2
2014  7  8   189   11 54  0     65.95   -0.1575E-02      48.7    462.0
2014  7  8   189   11 55  0     65.76   -0.1504E-02      46.6    461.2
2014  7  8   189   11 56  0     65.57   -0.1464E-02      45.3    461.6
2014  7  8   189   11 57  0     65.39   -0.1421E-02      44.0    462.2
2014  7  8   189   11 58  0     65.20   -0.1365E-02      42.2    462.0
2014  7  8   189   11 59  0     65.01   -0.1322E-02      40.8    461.7
2014  7  8   189   12  0  0     64.83   -0.1308E-02      40.3    461.3
2014  7  8   189   12  1  0     64.64   -0.1312E-02      40.4    460.5
2014  7  8   189   12  2  0     64.45   -0.1320E-02      40.9    459.3
2014  7  8   189   12  3  0     64.26   -0.1324E-02      41.3    458.1
2014  7  8   189   12  4  0     64.08   -0.1324E-02      41.5    457.1
2014  7  8   189   12  5  0     63.89   -0.1327E-02      41.9    457.3
2014  7  8   189   12  6  0     63.70   -0.1329E-02      42.0    457.7
2014  7  8   189   12  7  0     63.51   -0.1319E-02      42.0    458.0
2014  7  8   189   12  8  0     63.33   -0.1311E-02      42.0    458.7
2014  7  8   189   12  9  0     63.14   -0.1294E-02      41.6    459.3
2014  7  8   189   12 10  0     62.95   -0.1273E-02      41.2    460.0
2014  7  8   189   12 11  0     62.76   -0.1257E-02      40.8    461.0
2014  7  8   189   12 12  0     62.58   -0.1242E-02      40.5    461.8
2014  7  8   189   12 13  0     62.39   -0.1230E-02      40.5    462.4
2014  7  8   189   12 14  0     62.20   -0.1183E-02      39.3    461.9
2014  7  8   189   12 15  0     62.01   -0.1173E-02      39.3    462.3
2014  7  8   189   12 16  0     61.82   -0.1182E-02      39.9    463.2
2014  7  8   189   12 17  0     61.63   -0.1226E-02      41.6    465.1
2014  7  8   189   12 18  0     61.45   -0.1208E-02      41.4    465.0
2014  7  8   189   12 19  0     61.26   -0.1203E-02      41.9    464.8
2014  7  8   189   12 20  0     61.07   -0.1240E-02      43.7    465.5
2014  7  8   189   12 21  0     60.88   -0.1252E-02      44.9    465.6
2014  7  8   189   12 22  0     60.69   -0.1240E-02      45.2    465.5
2014  7  8   189   12 23  0     60.50   -0.1246E-02      46.2    465.9
2014  7  8   189   12 24  0     60.32   -0.1228E-02      46.8    465.6
2014  7  8   189   12 25  0     60.13   -0.1254E-02      48.7    466.2
2014  7  8   189   12 26  0     59.94   -0.1212E-02      48.4    465.5
2014  7  8   189   12 27  0     59.75   -0.1228E-02      50.1    465.9
2014  7  8   189   12 28  0     59.56   -0.1267E-02      52.5    467.0
2014  7  8   189   12 29  0     59.37   -0.1263E-02      53.9    467.1
2014  7  8   189   12 30  0     59.18   -0.1292E-02      56.5    468.0
2014  7  8   189   12 31  0     58.99   -0.1261E-02      56.8    469.4
2014  7  8   189   12 32  0     58.81   -0.1321E-02      60.7    470.0
2014  7  8   189   12 33  0     58.62   -0.1293E-02      61.1    470.7
2014  7  8   189   12 34  0     58.43   -0.1274E-02      61.7    471.6
2014  7  8   189   12 35  0     58.24   -0.1195E-02      60.1    471.6
2014  7  8   189   12 36  0     58.05   -0.1085E-02      57.1    471.0
2014  7  8   189   12 37  0     57.86   -0.1015E-02      56.1    471.9
2014  7  8   189   12 38  0     57.67   -0.1007E-02      57.3    472.9
2014  7  8   189   12 39  0     57.48   -0.1025E-02      60.0    473.6
2014  7  8   189   12 40  0     57.29   -0.1065E-02      63.6    475.5
2014  7  8   189   12 41  0     57.10   -0.1041E-02      65.2    476.3
2014  7  8   189   12 42  0     56.91   -0.9164E-03      61.7    476.1
2014  7  8   189   12 43  0     56.73   -0.8706E-03      61.6    476.8
2014  7  8   189   12 44  0     56.54   -0.8528E-03      63.2    477.8
2014  7  8   189   12 45  0     56.35   -0.7941E-03      63.2    478.1
2014  7  8   189   12 46  0     56.16   -0.7337E-03      63.0    478.4
2014  7  8   189   12 47  0     55.97   -0.7063E-03      64.6    479.3
2014  7  8   189   12 48  0     55.78   -0.6536E-03      65.4    479.8
2014  7  8   189   12 49  0     55.59   -0.5615E-03      63.8    479.8
2014  7  8   189   12 50  0     55.40   -0.5054E-03      64.2    480.3
2014  7  8   189   12 51  0     55.21   -0.4318E-03      63.7    480.6
2014  7  8   189   12 52  0     55.02   -0.3595E-03      63.3    480.8
2014  7  8   189   12 53  0     54.83   -0.2950E-03      63.6    481.3
2014  7  8   189   12 54  0     54.64   -0.2189E-03      63.5    481.6
2014  7  8   189   12 55  0     54.45   -0.1357E-03      62.4    481.8
2014  7  8   189   12 56  0     54.26   -0.6431E-04      62.6    482.2
2014  7  8   189   12 57  0     54.07    0.1936E-04      61.5    482.4
2014  7  8   189   12 58  0     53.89    0.9645E-04      61.3    482.7
2014  7  8   189   12 59  0     53.70    0.1563E-03      62.3    483.5
2014  7  8   189   13  0  0     53.51    0.2271E-03      63.5    484.2
2014  7  8   189   13  1  0     53.32    0.2979E-03      65.0    484.9
2014  7  8   189   13  2  0     53.13    0.4328E-03      59.3    483.6
2014  7  8   189   13  3  0     52.94    0.5289E-03      56.8    483.2
2014  7  8   189   13  4  0     52.75    0.5982E-03      57.5    484.0
2014  7  8   189   13  5  0     52.56    0.6991E-03      58.1    484.2
2014  7  8   189   13  6  0     52.37    0.8006E-03      54.7    483.4
2014  7  8   189   13  7  0     52.18    0.8745E-03      61.2    485.6
2014  7  8   189   13  8  0     51.99    0.9888E-03      67.0    486.9
2014  7  8   189   13  9  0     51.80    0.1110E-02      74.2    488.5
2014  7  8   189   13 10  0     51.61    0.1225E-02      77.2    489.4
2014  7  8   189   13 11  0     51.43    0.1346E-02      78.5    490.0
2014  7  8   189   13 12  0     51.24    0.1462E-02      78.5    490.4
2014  7  8   189   13 13  0     51.05    0.1557E-02      77.2    490.8
2014  7  8   189   13 14  0     50.86    0.1691E-02      80.0    492.5
2014  7  8   189   13 15  0     50.67    0.1781E-02      76.0    491.4
2014  7  8   189   13 16  0     50.48    0.1877E-02      72.9    491.3
2014  7  8   189   13 17  0     50.29    0.1998E-02      76.0    492.6
2014  7  8   189   13 18  0     50.10    0.2120E-02      76.6    493.1
2014  7  8   189   13 19  0     49.91    0.2216E-02      75.5    494.2
2014  7  8   189   13 20  0     49.72    0.2300E-02      74.5    494.7
2014  7  8   189   13 21  0     49.53    0.2390E-02      73.6    495.2
2014  7  8   189   13 22  0     49.35    0.2500E-02      72.8    494.9
2014  7  8   189   13 23  0     49.16    0.2576E-02      70.1    494.9
2014  7  8   189   13 24  0     48.97    0.2691E-02      70.5    496.0
2014  7  8   189   13 25  0     48.78    0.2877E-02      72.4    496.4
2014  7  8   189   13 26  0     48.59    0.2981E-02      70.8    496.5
2014  7  8   189   13 27  0     48.40    0.3157E-02      72.8    497.1
2014  7  8   189   13 28  0     48.21    0.3321E-02      73.0    496.9
2014  7  8   189   13 29  0     48.03    0.3444E-02      72.5    497.2
2014  7  8   189   13 30  0     47.84    0.3617E-02      73.8    498.1
2014  7  8   189   13 31  0     47.65    0.3788E-02      74.7    498.5
2014  7  8   189   13 32  0     47.46    0.3939E-02      75.6    499.2
2014  7  8   189   13 33  0     47.27    0.4079E-02      76.3    500.0
2014  7  8   189   13 34  0     47.08    0.4180E-02      76.1    500.6
2014  7  8   189   13 35  0     46.90    0.4294E-02      76.0    501.3
2014  7  8   189   13 36  0     46.71    0.4412E-02      76.0    501.9
2014  7  8   189   13 37  0     46.52    0.4520E-02      75.6    502.5
2014  7  8   189   13 38  0     46.33    0.4568E-02      74.9    503.4
2014  7  8   189   13 39  0     46.14    0.4635E-02      73.5    503.8
2014  7  8   189   13 40  0     45.96    0.4633E-02      70.6    504.0
2014  7  8   189   13 41  0     45.77    0.4903E-02      73.3    504.7
2014  7  8   189   13 42  0     45.58    0.5080E-02      73.7    505.1
2014  7  8   189   13 43  0     45.39    0.5195E-02      72.7    505.2
2014  7  8   189   13 44  0     45.21    0.5354E-02      72.3    505.2
2014  7  8   189   13 45  0     45.02    0.5114E-02      64.4    504.4
2014  7  8   189   13 46  0     44.83    0.5671E-02      72.2    505.8
2014  7  8   189   13 47  0     44.64    0.5703E-02      70.0    506.0
2014  7  8   189   13 48  0     44.46    0.6051E-02      73.6    506.8
2014  7  8   189   13 49  0     44.27    0.5917E-02      68.8    506.8
2014  7  8   189   13 50  0     44.08    0.6280E-02      74.0    508.7
2014  7  8   189   13 51  0     43.90    0.6516E-02      75.3    509.2
2014  7  8   189   13 52  0     43.71    0.6562E-02      74.3    509.9
2014  7  8   189   13 53  0     43.52    0.5939E-02      61.6    508.2
2014  7  8   189   13 54  0     43.34    0.5291E-02      50.9    507.4
2014  7  8   189   13 55  0     43.15    0.5811E-02      55.3    507.8
2014  7  8   189   13 56  0     42.96    0.6770E-02      66.7    509.8
2014  7  8   189   13 57  0     42.78    0.7243E-02      69.8    509.8
2014  7  8   189   13 58  0     42.59    0.7550E-02      72.0    510.5
2014  7  8   189   13 59  0     42.41    0.7640E-02      70.4    510.4
2014  7  8   189   14  0  0     42.22    0.7408E-02      66.1    510.8
2014  7  8   189   14  1  0     42.04    0.8041E-02      71.8    511.6
2014  7  8   189   14  2  0     41.85    0.8256E-02      72.4    512.2
2014  7  8   189   14  3  0     41.67    0.8425E-02      72.2    512.4
2014  7  8   189   14  4  0     41.48    0.8615E-02      72.4    512.8
2014  7  8   189   14  5  0     41.30    0.8681E-02      71.2    513.0
2014  7  8   189   14  6  0     41.11    0.8833E-02      70.9    513.3
2014  7  8   189   14  7  0     40.93    0.9197E-02      72.8    514.3
2014  7  8   189   14  8  0     40.74    0.9217E-02      70.7    513.6
2014  7  8   189   14  9  0     40.56    0.9458E-02      71.4    514.0
2014  7  8   189   14 10  0     40.37    0.9853E-02      73.3    514.4
2014  7  8   189   14 11  0     40.19    0.1001E-01      73.1    514.8
2014  7  8   189   14 12  0     40.01    0.1005E-01      71.9    515.1
2014  7  8   189   14 13  0     39.82    0.1030E-01      72.6    516.0
2014  7  8   189   14 14  0     39.64    0.1038E-01      71.8    516.3
2014  7  8   189   14 15  0     39.46    0.1044E-01      70.9    516.3
2014  7  8   189   14 16  0     39.27    0.1044E-01      69.8    516.9
2014  7  8   189   14 17  0     39.09    0.1075E-01      71.1    517.4
2014  7  8   189   14 18  0     38.91    0.1084E-01      70.2    517.8
2014  7  8   189   14 19  0     38.72    0.1108E-01      71.2    518.5
2014  7  8   189   14 20  0     38.54    0.1138E-01      72.2    519.0
2014  7  8   189   14 21  0     38.36    0.1162E-01      72.5    519.2
2014  7  8   189   14 22  0     38.18    0.1182E-01      72.4    519.4
2014  7  8   189   14 23  0     38.00    0.1209E-01      73.2    519.8
2014  7  8   189   14 24  0     37.82    0.1238E-01      74.3    520.6
2014  7  8   189   14 25  0     37.63    0.1245E-01      73.6    521.0
2014  7  8   189   14 26  0     37.45    0.1267E-01      74.2    521.6
2014  7  8   189   14 27  0     37.27    0.1297E-01      75.1    522.0
2014  7  8   189   14 28  0     37.09    0.1330E-01      75.9    522.2
2014  7  8   189   14 29  0     36.91    0.1330E-01      74.6    522.5
2014  7  8   189   14 30  0     36.73    0.1336E-01      74.1    523.1
2014  7  8   189   14 31  0     36.55    0.1345E-01      73.8    523.7
2014  7  8   189   14 32  0     36.37    0.1362E-01      73.9    524.3
2014  7  8   189   14 33  0     36.19    0.1400E-01      75.2    524.7
2014  7  8   189   14 34  0     36.01    0.1441E-01      76.6    525.1
2014  7  8   189   14 35  0     35.84    0.1478E-01      77.6    525.3
2014  7  8   189   14 36  0     35.66    0.1491E-01      77.2    525.6
2014  7  8   189   14 37  0     35.48    0.1509E-01      77.2    526.0
2014  7  8   189   14 38  0     35.30    0.1528E-01      77.3    526.5
2014  7  8   189   14 39  0     35.12    0.1534E-01      76.6    526.7
2014  7  8   189   14 40  0     34.95    0.1484E-01      72.6    527.0
2014  7  8   189   14 41  0     34.77    0.1554E-01      75.6    527.4
2014  7  8   189   14 42  0     34.59    0.1555E-01      74.8    527.9
2014  7  8   189   14 43  0     34.42    0.1565E-01      74.2    528.0
2014  7  8   189   14 44  0     34.24    0.1548E-01      72.1    528.2
2014  7  8   189   14 45  0     34.06    0.1612E-01      74.9    528.9
2014  7  8   189   14 46  0     33.89    0.1636E-01      75.0    529.0
2014  7  8   189   14 47  0     33.71    0.1670E-01      75.6    529.2
2014  7  8   189   14 48  0     33.54    0.1693E-01      75.2    528.9
2014  7  8   189   14 49  0     33.36    0.1720E-01      75.4    529.0
2014  7  8   189   14 50  0     33.19    0.1752E-01      76.2    529.5
2014  7  8   189   14 51  0     33.02    0.1776E-01      76.8    530.1
2014  7  8   189   14 52  0     32.84    0.1782E-01      76.2    530.4
2014  7  8   189   14 53  0     32.67    0.1799E-01      75.7    530.3
2014  7  8   189   14 54  0     32.50    0.1800E-01      74.6    530.4
2014  7  8   189   14 55  0     32.33    0.1829E-01      75.2    530.7
2014  7  8   189   14 56  0     32.15    0.1837E-01      75.0    531.3
2014  7  8   189   14 57  0     31.98    0.1830E-01      74.0    531.8
2014  7  8   189   14 58  0     31.81    0.1836E-01      73.3    532.0
2014  7  8   189   14 59  0     31.64    0.1835E-01      72.0    531.8
2014  7  8   189   15  0  0     31.47    0.1884E-01      73.8    532.5
2014  7  8   189   15  1  0     31.30    0.1895E-01      74.0    533.3
2014  7  8   189   15  2  0     31.13    0.1888E-01      73.0    533.7
2014  7  8   189   15  3  0     30.96    0.1920E-01      73.6    534.1
2014  7  8   189   15  4  0     30.80    0.1976E-01      75.3    534.4
2014  7  8   189   15  5  0     30.63    0.2017E-01      76.2    534.6
2014  7  8   189   15  6  0     30.46    0.2042E-01      76.8    535.3
2014  7  8   189   15  7  0     30.29    0.2049E-01      76.5    535.8
2014  7  8   189   15  8  0     30.13    0.2064E-01      76.2    535.9
2014  7  8   189   15  9  0     29.96    0.2107E-01      76.8    536.0
2014  7  8   189   15 10  0     29.80    0.2139E-01      77.2    536.2
2014  7  8   189   15 11  0     29.63    0.2159E-01      77.8    536.9
2014  7  8   189   15 12  0     29.47    0.2173E-01      77.8    537.1
2014  7  8   189   15 13  0     29.31    0.2211E-01      78.5    537.3
2014  7  8   189   15 14  0     29.14    0.2245E-01      79.0    537.4
2014  7  8   189   15 15  0     28.98    0.2256E-01      78.8    537.9
2014  7  8   189   15 16  0     28.82    0.2275E-01      78.8    538.2
2014  7  8   189   15 17  0     28.66    0.2313E-01      79.5    538.3
2014  7  8   189   15 18  0     28.50    0.2312E-01      78.8    538.6
2014  7  8   189   15 19  0     28.34    0.2290E-01      77.5    539.0
2014  7  8   189   15 20  0     28.18    0.2288E-01      76.9    539.4
2014  7  8   189   15 21  0     28.02    0.2300E-01      76.7    539.6
2014  7  8   189   15 22  0     27.86    0.2345E-01      77.8    539.9
2014  7  8   189   15 23  0     27.70    0.2360E-01      77.6    540.0
2014  7  8   189   15 24  0     27.54    0.2374E-01      77.5    540.3
2014  7  8   189   15 25  0     27.39    0.2414E-01      78.3    540.4
2014  7  8   189   15 26  0     27.23    0.2444E-01      78.7    540.5
2014  7  8   189   15 27  0     27.08    0.2459E-01      78.6    540.7
2014  7  8   189   15 28  0     26.92    0.2432E-01      77.0    541.0
2014  7  8   189   15 29  0     26.77    0.2453E-01      77.4    541.4
2014  7  8   189   15 30  0     26.62    0.2510E-01      78.7    541.4
2014  7  8   189   15 31  0     26.47    0.2516E-01      78.3    541.6
2014  7  8   189   15 32  0     26.32    0.2522E-01      78.2    542.1
2014  7  8   189   15 33  0     26.17    0.2566E-01      79.1    542.3
2014  7  8   189   15 34  0     26.02    0.2591E-01      79.5    542.6
2014  7  8   189   15 35  0     25.87    0.2575E-01      78.6    543.0
2014  7  8   189   15 36  0     25.72    0.2564E-01      77.6    543.1
2014  7  8   189   15 37  0     25.57    0.2562E-01      77.2    543.5
2014  7  8   189   15 38  0     25.43    0.2600E-01      78.0    543.7
2014  7  8   189   15 39  0     25.28    0.2639E-01      78.7    543.7
2014  7  8   189   15 40  0     25.14    0.2416E-01      70.6    544.1
2014  7  8   189   15 41  0     24.99    0.2704E-01      79.8    544.0
2014  7  8   189   15 42  0     24.85    0.2692E-01      78.7    544.1
2014  7  8   189   15 43  0     24.71    0.2726E-01      79.4    544.3
2014  7  8   189   15 44  0     24.57    0.2771E-01      80.2    544.4
2014  7  8   189   15 45  0     24.43    0.2780E-01      80.0    544.5
2014  7  8   189   15 46  0     24.29    0.2737E-01      78.1    544.7
2014  7  8   189   15 47  0     24.15    0.2725E-01      77.5    545.1
2014  7  8   189   15 48  0     24.02    0.2718E-01      76.9    545.4
2014  7  8   189   15 49  0     23.88    0.2691E-01      76.0    546.1
2014  7  8   189   15 50  0     23.75    0.2717E-01      76.5    546.4
2014  7  8   189   15 51  0     23.61    0.2814E-01      78.9    546.3
2014  7  8   189   15 52  0     23.48    0.2832E-01      79.2    546.6
2014  7  8   189   15 53  0     23.35    0.2872E-01      80.0    546.8
2014  7  8   189   15 54  0     23.22    0.2930E-01      81.1    546.6
2014  7  8   189   15 55  0     23.09    0.2926E-01      80.9    547.1
2014  7  8   189   15 56  0     22.96    0.2897E-01      79.9    547.7
2014  7  8   189   15 57  0     22.84    0.2932E-01      80.9    548.1
2014  7  8   189   15 58  0     22.71    0.2933E-01      80.8    548.5
2014  7  8   189   15 59  0     22.59    0.2907E-01      79.7    548.7
2014  7  8   189   16  0  0     22.47    0.2787E-01      75.9    549.3
2014  7  8   189   16  1  0     22.35    0.2803E-01      76.2    549.6
2014  7  8   189   16  2  0     22.23    0.2879E-01      78.0    549.6
2014  7  8   189   16  3  0     22.11    0.2926E-01      78.9    549.5
2014  7  8   189   16  4  0     21.99    0.2873E-01      77.2    549.9
2014  7  8   189   16  5  0     21.87    0.2766E-01      74.2    550.8
2014  7  8   189   16  6  0     21.76    0.2752E-01      73.9    551.6
2014  7  8   189   16  7  0     21.65    0.2755E-01      73.6    551.5
2014  7  8   189   16  8  0     21.54    0.2692E-01      71.6    552.0
2014  7  8   189   16  9  0     21.43    0.2695E-01      71.5    552.2
2014  7  8   189   16 10  0     21.32    0.2760E-01      72.9    551.9
2014  7  8   189   16 11  0     21.21    0.2784E-01      73.2    552.0
2014  7  8   189   16 12  0     21.11    0.2663E-01      69.3    552.1
2014  7  8   189   16 13  0     21.00    0.2646E-01      68.9    552.8
2014  7  8   189   16 14  0     20.90    0.2846E-01      74.6    552.8
2014  7  8   189   16 15  0     20.80    0.2836E-01      73.9    552.8
2014  7  8   189   16 16  0     20.70    0.2913E-01      76.4    553.4
2014  7  8   189   16 17  0     20.60    0.2666E-01      68.4    553.2
2014  7  8   189   16 18  0     20.51    0.2809E-01      74.1    555.5
2014  7  8   189   16 19  0     20.41    0.2980E-01      77.5    553.7
2014  7  8   189   16 20  0     20.32    0.3100E-01      80.3    553.1
2014  7  8   189   16 21  0     20.23    0.3105E-01      80.3    553.2
2014  7  8   189   16 22  0     20.14    0.2263E-01      55.8    554.2
2014  7  8   189   16 23  0     20.06    0.2466E-01      62.6    556.3
2014  7  8   189   16 24  0     19.97    0.2899E-01      74.2    554.7
2014  7  8   189   16 25  0     19.89    0.3018E-01      77.8    555.1
2014  7  8   189   16 26  0     19.81    0.3003E-01      76.9    554.8
2014  7  8   189   16 27  0     19.73    0.2942E-01      75.5    555.6
2014  7  8   189   16 28  0     19.65    0.2989E-01      76.7    555.7
2014  7  8   189   16 29  0     19.57    0.3009E-01      76.8    555.6
2014  7  8   189   16 30  0     19.50    0.2909E-01      73.5    555.4
2014  7  8   189   16 31  0     19.43    0.2945E-01      74.2    555.3
2014  7  8   189   16 32  0     19.36    0.2988E-01      75.4    555.7
2014  7  8   189   16 33  0     19.29    0.3039E-01      76.7    555.8
2014  7  8   189   16 34  0     19.23    0.3174E-01      80.3    555.7
2014  7  8   189   16 35  0     19.16    0.3226E-01      81.4    555.6
2014  7  8   189   16 36  0     19.10    0.3285E-01      82.6    555.3
2014  7  8   189   16 37  0     19.04    0.3272E-01      82.0    555.3
2014  7  8   189   16 38  0     18.99    0.3239E-01      81.3    555.7
2014  7  8   189   16 39  0     18.93    0.3183E-01      79.6    555.9
2014  7  8   189   16 40  0     18.88    0.3181E-01      79.6    556.2
2014  7  8   189   16 41  0     18.83    0.3185E-01      79.6    556.3
2014  7  8   189   16 42  0     18.78    0.3252E-01      81.5    556.3
2014  7  8   189   16 43  0     18.74    0.3197E-01      79.9    556.5
2014  7  8   189   16 44  0     18.69    0.3185E-01      79.8    556.9
2014  7  8   189   16 45  0     18.65    0.3175E-01      79.3    556.9
2014  7  8   189   16 46  0     18.62    0.3113E-01      77.5    557.0
2014  7  8   189   16 47  0     18.58    0.3163E-01      78.8    557.0
2014  7  8   189   16 48  0     18.54    0.3131E-01      78.0    557.1
2014  7  8   189   16 49  0     18.51    0.3200E-01      80.0    557.3
2014  7  8   189   16 50  0     18.48    0.3200E-01      80.1    557.5
2014  7  8   189   16 51  0     18.46    0.3178E-01      79.2    557.4
2014  7  8   189   16 52  0     18.43    0.3109E-01      77.3    557.5
2014  7  8   189   16 53  0     18.41    0.3055E-01      76.0    557.9
2014  7  8   189   16 54  0     18.39    0.3086E-01      76.6    557.7
2014  7  8   189   16 55  0     18.37    0.3130E-01      77.6    557.3
2014  7  8   189   16 56  0     18.36    0.3096E-01      76.5    557.3
2014  7  8   189   16 57  0     18.34    0.3132E-01      77.3    557.0
2014  7  8   189   16 58  0     18.33    0.3029E-01      74.5    557.2
2014  7  8   189   16 59  0     18.33    0.3040E-01      74.6    556.9
2014  7  8   189   17  0  0     18.32    0.2976E-01      72.8    556.8
2014  7  8   189   17  1  0     18.32    0.3020E-01      74.0    556.9
2014  7  8   189   17  2  0     18.32    0.3075E-01      75.4    556.6
2014  7  8   189   17  3  0     18.32    0.3081E-01      75.8    556.9
2014  7  8   189   17  4  0     18.32    0.3189E-01      78.7    556.7
2014  7  8   189   17  5  0     18.33    0.3231E-01      79.7    556.5
2014  7  8   189   17  6  0     18.34    0.3315E-01      81.9    556.2
2014  7  8   189   17  7  0     18.35    0.3356E-01      83.0    556.2
2014  7  8   189   17  8  0     18.37    0.3329E-01      82.5    556.4
2014  7  8   189   17  9  0     18.38    0.3304E-01      82.3    557.0
2014  7  8   189   17 10  0     18.40    0.3298E-01      82.0    556.8
2014  7  8   189   17 11  0     18.42    0.3058E-01      74.6    556.0
2014  7  8   189   17 12  0     18.45    0.3199E-01      80.1    557.8
2014  7  8   189   17 13  0     18.47    0.3305E-01      82.4    556.7
2014  7  8   189   17 14  0     18.50    0.3275E-01      81.5    556.6
2014  7  8   189   17 15  0     18.53    0.3290E-01      82.3    557.0
2014  7  8   189   17 16  0     18.56    0.3267E-01      81.8    557.0
2014  7  8   189   17 17  0     18.60    0.3287E-01      82.4    556.9
2014  7  8   189   17 18  0     18.64    0.3206E-01      80.1    556.8
2014  7  8   189   17 19  0     18.68    0.3284E-01      82.8    557.0
2014  7  8   189   17 20  0     18.72    0.3112E-01      78.1    557.0
2014  7  8   189   17 21  0     18.77    0.3140E-01      79.7    558.0
2014  7  8   189   17 22  0     18.81    0.3193E-01      80.8    557.1
2014  7  8   189   17 23  0     18.86    0.3199E-01      81.1    557.3
2014  7  8   189   17 24  0     18.91    0.3193E-01      81.6    557.8
2014  7  8   189   17 25  0     18.97    0.3228E-01      83.0    557.8
2014  7  8   189   17 26  0     19.02    0.3196E-01      82.4    557.7
2014  7  8   189   17 27  0     19.08    0.2994E-01      76.8    557.8
2014  7  8   189   17 28  0     19.14    0.3036E-01      79.5    559.4
2014  7  8   189   17 29  0     19.20    0.3100E-01      80.6    558.3
2014  7  8   189   17 30  0     19.27    0.3071E-01      80.4    558.7
2014  7  8   189   17 31  0     19.33    0.2720E-01      69.5    557.9
2014  7  8   189   17 32  0     19.40    0.2914E-01      77.1    560.0
2014  7  8   189   17 33  0     19.47    0.2991E-01      78.5    558.4
2014  7  8   189   17 34  0     19.54    0.2520E-01      64.4    557.7
2014  7  8   189   17 35  0     19.62    0.1866E-01      48.0    562.9
2014  7  8   189   17 36  0     19.70    0.2064E-01      53.2    560.8
2014  7  8   189   17 37  0     19.77    0.2601E-01      71.4    562.5
2014  7  8   189   17 38  0     19.85    0.2192E-01      56.7    559.1
2014  7  8   189   17 39  0     19.94    0.1655E-01      42.3    562.4
2014  7  8   189   17 40  0     20.02    0.1618E-01      42.0    563.5
2014  7  8   189   17 41  0     20.11    0.2073E-01      57.3    564.7
2014  7  8   189   17 42  0     20.19    0.2859E-01      79.1    560.1
2014  7  8   189   17 43  0     20.28    0.2808E-01      75.8    557.8
2014  7  8   189   17 44  0     20.37    0.2158E-01      55.7    557.8
2014  7  8   189   17 45  0     20.47    0.1971E-01      51.2    559.6
2014  7  8   189   17 46  0     20.56    0.2113E-01      56.9    561.4
2014  7  8   189   17 47  0     20.66    0.2648E-01      73.4    559.8
2014  7  8   189   17 48  0     20.76    0.2121E-01      57.2    560.3
2014  7  8   189   17 49  0     20.86    0.2471E-01      69.2    560.8
2014  7  8   189   17 50  0     20.96    0.2801E-01      79.6    559.8
2014  7  8   189   17 51  0     21.06    0.2317E-01      64.7    560.7
2014  7  8   189   17 52  0     21.17    0.2425E-01      67.9    559.5
2014  7  8   189   17 53  0     21.27    0.2710E-01      78.9    560.9
2014  7  8   189   17 54  0     21.38    0.2625E-01      74.8    558.9
2014  7  8   189   17 55  0     21.49    0.2467E-01      71.2    560.6
2014  7  8   189   17 56  0     21.60    0.2819E-01      82.3    559.4
2014  7  8   189   17 57  0     21.71    0.2744E-01      80.0    559.1
2014  7  8   189   17 58  0     21.83    0.2549E-01      72.9    558.0
2014  7  8   189   17 59  0     21.94    0.2242E-01      64.1    559.2
2014  7  8   189   18  0  0     22.06    0.2142E-01      63.6    562.3
2014  7  8   189   18  1  0     22.18    0.2635E-01      79.5    560.3
2014  7  8   189   18  2  0     22.30    0.2741E-01      82.1    558.8
2014  7  8   189   18  3  0     22.42    0.2713E-01      81.2    558.4
2014  7  8   189   18  4  0     22.54    0.2679E-01      80.6    558.5
2014  7  8   189   18  5  0     22.66    0.2727E-01      82.3    558.1
2014  7  8   189   18  6  0     22.79    0.2648E-01      79.7    557.7
2014  7  8   189   18  7  0     22.91    0.2693E-01      81.9    557.7
2014  7  8   189   18  8  0     23.04    0.2548E-01      77.4    557.6
2014  7  8   189   18  9  0     23.17    0.2544E-01      78.0    557.8
2014  7  8   189   18 10  0     23.30    0.2430E-01      74.2    557.4
2014  7  8   189   18 11  0     23.43    0.2507E-01      77.7    557.4
2014  7  8   189   18 12  0     23.56    0.1932E-01      58.0    557.4
2014  7  8   189   18 13  0     23.69    0.1581E-01      48.9    562.5
2014  7  8   189   18 14  0     23.83    0.2290E-01      75.8    561.8
2014  7  8   189   18 15  0     23.96    0.1926E-01      60.2    559.0
2014  7  8   189   18 16  0     24.10    0.2368E-01      78.3    560.1
2014  7  8   189   18 17  0     24.24    0.2472E-01      80.7    557.5
2014  7  8   189   18 18  0     24.37    0.1859E-01      59.3    559.1
2014  7  8   189   18 19  0     24.51    0.2128E-01      69.9    558.4
2014  7  8   189   18 20  0     24.65    0.1584E-01      50.3    559.5
2014  7  8   189   18 21  0     24.79    0.1990E-01      67.0    560.3
2014  7  8   189   18 22  0     24.94    0.2322E-01      78.4    557.7
2014  7  8   189   18 23  0     25.08    0.2156E-01      72.1    556.8
2014  7  8   189   18 24  0     25.22    0.2134E-01      72.5    557.6
2014  7  8   189   18 25  0     25.37    0.2242E-01      76.8    557.1
2014  7  8   189   18 26  0     25.51    0.2267E-01      77.3    555.8
2014  7  8   189   18 27  0     25.66    0.2244E-01      76.5    555.1
2014  7  8   189   18 28  0     25.81    0.2204E-01      75.7    555.2
2014  7  8   189   18 29  0     25.96    0.1840E-01      62.0    555.8
2014  7  8   189   18 30  0     26.10    0.1913E-01      66.5    556.6
2014  7  8   189   18 31  0     26.25    0.2115E-01      74.8    555.7
2014  7  8   189   18 32  0     26.41    0.2170E-01      77.3    555.0
2014  7  8   189   18 33  0     26.56    0.2159E-01      76.6    553.8
2014  7  8   189   18 34  0     26.71    0.2064E-01      74.4    555.1
2014  7  8   189   18 35  0     26.86    0.2213E-01      80.3    553.8
2014  7  8   189   18 36  0     27.02    0.2164E-01      78.6    553.3
2014  7  8   189   18 37  0     27.17    0.2036E-01      73.0    552.0
2014  7  8   189   18 38  0     27.33    0.1879E-01      67.6    552.6
2014  7  8   189   18 39  0     27.48    0.1895E-01      70.1    553.9
2014  7  8   189   18 40  0     27.64    0.2084E-01      77.8    552.3
2014  7  8   189   18 41  0     27.80    0.2077E-01      77.6    551.5
2014  7  8   189   18 42  0     27.95    0.2034E-01      76.1    551.0
2014  7  8   189   18 43  0     28.11    0.2052E-01      77.2    550.3
2014  7  8   189   18 44  0     28.27    0.1992E-01      75.4    550.2
2014  7  8   189   18 45  0     28.43    0.2012E-01      77.4    550.4
2014  7  8   189   18 46  0     28.59    0.2068E-01      80.4    550.0
2014  7  8   189   18 47  0     28.75    0.2063E-01      80.5    549.3
2014  7  8   189   18 48  0     28.91    0.2048E-01      80.3    548.8
2014  7  8   189   18 49  0     29.08    0.2041E-01      80.5    548.3
2014  7  8   189   18 50  0     29.24    0.2037E-01      81.1    547.9
2014  7  8   189   18 51  0     29.40    0.1993E-01      80.1    548.0
2014  7  8   189   18 52  0     29.57    0.1965E-01      79.6    547.7
2014  7  8   189   18 53  0     29.73    0.1944E-01      79.3    547.3
2014  7  8   189   18 54  0     29.90    0.1939E-01      79.5    546.6
2014  7  8   189   18 55  0     30.06    0.1947E-01      80.4    546.1
2014  7  8   189   18 56  0     30.23    0.1940E-01      80.6    545.6
2014  7  8   189   18 57  0     30.40    0.1974E-01      82.7    544.9
2014  7  8   189   18 58  0     30.56    0.1951E-01      82.1    544.3
2014  7  8   189   18 59  0     30.73    0.1942E-01      82.3    543.7
2014  7  8   189   19  0  0     30.90    0.1910E-01      81.5    543.3
2014  7  8   189   19  1  0     31.07    0.1868E-01      80.4    543.2
2014  7  8   189   19  2  0     31.24    0.1844E-01      80.3    543.1
2014  7  8   189   19  3  0     31.41    0.1834E-01      80.7    542.7
2014  7  8   189   19  4  0     31.57    0.1786E-01      79.0    542.2
2014  7  8   189   19  5  0     31.75    0.1724E-01      76.5    541.7
2014  7  8   189   19  6  0     31.92    0.1757E-01      79.2    541.5
2014  7  8   189   19  7  0     32.09    0.1739E-01      79.6    541.6
2014  7  8   189   19  8  0     32.26    0.1691E-01      78.3    541.5
2014  7  8   189   19  9  0     32.43    0.1373E-01      60.2    539.3
2014  7  8   189   19 10  0     32.60    0.1400E-01      65.2    542.0
2014  7  8   189   19 11  0     32.78    0.1657E-01      80.0    541.1
2014  7  8   189   19 12  0     32.95    0.1649E-01      80.4    540.7
2014  7  8   189   19 13  0     33.12    0.1636E-01      80.9    540.6
2014  7  8   189   19 14  0     33.30    0.1608E-01      80.4    540.3
2014  7  8   189   19 15  0     33.47    0.1600E-01      81.3    540.1
2014  7  8   189   19 16  0     33.65    0.1501E-01      76.7    539.9
2014  7  8   189   19 17  0     33.82    0.1233E-01      61.2    539.0
2014  7  8   189   19 18  0     34.00    0.1110E-01      57.2    541.1
2014  7  8   189   19 19  0     34.17    0.1052E-01      55.6    542.1
2014  7  8   189   19 20  0     34.35    0.1087E-01      59.1    542.2
2014  7  8   189   19 21  0     34.52    0.1054E-01      57.3    541.5
2014  7  8   189   19 22  0     34.70    0.1064E-01      58.2    540.6
2014  7  8   189   19 23  0     34.88    0.1226E-01      70.3    540.8
2014  7  8   189   19 24  0     35.05    0.1283E-01      72.9    538.4
2014  7  8   189   19 25  0     35.23    0.1265E-01      72.9    538.1
2014  7  8   189   19 26  0     35.41    0.1298E-01      75.8    537.6
2014  7  8   189   19 27  0     35.59    0.1226E-01      71.1    536.4
2014  7  8   189   19 28  0     35.77    0.1155E-01      67.7    536.4
2014  7  8   189   19 29  0     35.94    0.1046E-01      61.0    535.8
2014  7  8   189   19 30  0     36.12    0.9902E-02      58.7    535.6
2014  7  8   189   19 31  0     36.30    0.9004E-02      53.7    535.6
2014  7  8   189   19 32  0     36.48    0.8685E-02      52.9    535.8
2014  7  8   189   19 33  0     36.66    0.7831E-02      48.1    536.4
2014  7  8   189   19 34  0     36.84    0.7744E-02      50.0    538.0
2014  7  8   189   19 35  0     37.02    0.9469E-02      65.0    537.7
2014  7  8   189   19 36  0     37.20    0.9754E-02      66.6    535.9
2014  7  8   189   19 37  0     37.38    0.1115E-01      77.8    534.4
2014  7  8   189   19 38  0     37.56    0.1076E-01      75.2    533.6
2014  7  8   189   19 39  0     37.75    0.1216E-01      88.1    532.9
2014  7  8   189   19 40  0     37.93    0.1168E-01      83.6    531.1
2014  7  8   189   19 41  0     38.11    0.9623E-02      67.2    530.2
2014  7  8   189   19 42  0     38.29    0.9414E-02      67.6    530.5
2014  7  8   189   19 43  0     38.47    0.9956E-02      73.7    530.1
2014  7  8   189   19 44  0     38.65    0.9785E-02      73.6    529.8
2014  7  8   189   19 45  0     38.84    0.9815E-02      74.3    528.5
2014  7  8   189   19 46  0     39.02    0.8144E-02      59.3    526.8
2014  7  8   189   19 47  0     39.20    0.8131E-02      63.8    529.3
2014  7  8   189   19 48  0     39.39    0.8041E-02      63.1    527.8
2014  7  8   189   19 49  0     39.57    0.8223E-02      70.0    530.5
2014  7  8   189   19 50  0     39.75    0.9040E-02      78.7    529.2
2014  7  8   189   19 51  0     39.94    0.9258E-02      81.0    527.8
2014  7  8   189   19 52  0     40.12    0.9449E-02      83.3    526.6
2014  7  8   189   19 53  0     40.30    0.9430E-02      83.8    525.5
2014  7  8   189   19 54  0     40.49    0.9237E-02      82.8    524.6
2014  7  8   189   19 55  0     40.67    0.8789E-02      78.7    523.4
2014  7  8   189   19 56  0     40.86    0.6985E-02      58.2    520.3
2014  7  8   189   19 57  0     41.04    0.5951E-02      50.2    520.8
2014  7  8   189   19 58  0     41.23    0.6160E-02      57.0    523.2
2014  7  8   189   19 59  0     41.41    0.5539E-02      52.2    523.5
2014  7  8   189   20  0  0     41.60    0.6087E-02      61.5    524.3
2014  7  8   189   20  1  0     41.78    0.6938E-02      73.4    523.8
2014  7  8   189   20  2  0     41.97    0.7238E-02      77.4    522.4
2014  7  8   189   20  3  0     42.15    0.7124E-02      76.6    521.2
2014  7  8   189   20  4  0     42.34    0.6477E-02      69.2    520.1
2014  7  8   189   20  5  0     42.52    0.6435E-02      74.4    522.0
2014  7  8   189   20  6  0     42.71    0.6048E-02      69.6    520.7
2014  7  8   189   20  7  0     42.89    0.6236E-02      75.9    521.4
2014  7  8   189   20  8  0     43.08    0.6196E-02      73.4    518.4
2014  7  8   189   20  9  0     43.27    0.5129E-02      57.4    515.8
2014  7  8   189   20 10  0     43.45    0.4586E-02      51.4    515.0
2014  7  8   189   20 11  0     43.64    0.4492E-02      51.9    515.4
2014  7  8   189   20 12  0     43.83    0.4515E-02      53.7    514.9
2014  7  8   189   20 13  0     44.01    0.5106E-02      68.7    516.8
2014  7  8   189   20 14  0     44.20    0.5104E-02      68.7    515.0
2014  7  8   189   20 15  0     44.39    0.5143E-02      73.2    515.6
2014  7  8   189   20 16  0     44.57    0.5421E-02      79.2    514.6
2014  7  8   189   20 17  0     44.76    0.5413E-02      80.1    514.0
2014  7  8   189   20 18  0     44.95    0.5324E-02      80.4    513.2
2014  7  8   189   20 19  0     45.14    0.5190E-02      80.2    511.8
2014  7  8   189   20 20  0     45.32    0.5048E-02      79.8    511.2
2014  7  8   189   20 21  0     45.51    0.4721E-02      75.2    510.1
2014  7  8   189   20 22  0     45.70    0.4401E-02      71.8    509.7
2014  7  8   189   20 23  0     45.89    0.4199E-02      70.3    509.1
2014  7  8   189   20 24  0     46.07    0.4049E-02      70.4    508.9
2014  7  8   189   20 25  0     46.26    0.3979E-02      71.8    508.6
2014  7  8   189   20 26  0     46.45    0.3799E-02      70.0    507.8
2014  7  8   189   20 27  0     46.64    0.3422E-02      60.0    504.9
2014  7  8   189   20 28  0     46.83    0.2998E-02      54.3    505.0
2014  7  8   189   20 29  0     47.01    0.3167E-02      69.1    508.8
2014  7  8   189   20 30  0     47.20    0.3244E-02      74.3    508.3
2014  7  8   189   20 31  0     47.39    0.3219E-02      75.7    507.3
2014  7  8   189   20 32  0     47.58    0.2996E-02      68.9    505.2
2014  7  8   189   20 33  0     47.77    0.2784E-02      62.8    503.2
2014  7  8   189   20 34  0     47.96    0.2394E-02      53.4    501.9
2014  7  8   189   20 35  0     48.14    0.2223E-02      52.0    501.8
2014  7  8   189   20 36  0     48.33    0.2095E-02      52.6    502.2
2014  7  8   189   20 37  0     48.52    0.2067E-02      56.5    502.7
2014  7  8   189   20 38  0     48.71    0.2234E-02      67.6    503.0
2014  7  8   189   20 39  0     48.90    0.2118E-02      61.6    500.3
2014  7  8   189   20 40  0     49.09    0.1933E-02      59.9    500.4
2014  7  8   189   20 41  0     49.28    0.1944E-02      69.0    501.6
2014  7  8   189   20 42  0     49.47    0.1875E-02      69.5    500.9
2014  7  8   189   20 43  0     49.65    0.1759E-02      68.7    500.3
2014  7  8   189   20 44  0     49.84    0.1654E-02      69.3    500.0
2014  7  8   189   20 45  0     50.03    0.1547E-02      70.4    499.9
2014  7  8   189   20 46  0     50.22    0.1506E-02      74.7    499.7
2014  7  8   189   20 47  0     50.41    0.1449E-02      76.5    499.1
2014  7  8   189   20 48  0     50.60    0.1363E-02      77.8    498.6
2014  7  8   189   20 49  0     50.79    0.1221E-02      69.4    497.0
2014  7  8   189   20 50  0     50.98    0.1105E-02      76.0    498.1
2014  7  8   189   20 51  0     51.17    0.1030E-02      76.8    497.1
2014  7  8   189   20 52  0     51.36    0.9685E-03      73.7    495.5
2014  7  8   189   20 53  0     51.55    0.9358E-03      59.1    490.8
2014  7  8   189   20 54  0     51.74    0.7857E-03      58.0    491.3
2014  7  8   189   20 55  0     51.92    0.6522E-03      51.5    491.3
2014  7  8   189   20 56  0     52.11    0.5115E-03      53.0    491.7
2014  7  8   189   20 57  0     52.30    0.3624E-03      51.0    492.8
2014  7  8   189   20 58  0     52.49    0.2667E-03      50.6    493.0
2014  7  8   189   20 59  0     52.68    0.1100E-03      54.3    495.7
2014  7  8   189   21  0  0     52.87   -0.4921E-04      70.2    497.6
2014  7  8   189   21  1  0     53.06   -0.1159E-03      77.0    496.4
2014  7  8   189   21  2  0     53.25   -0.1201E-03      78.1    494.3
2014  7  8   189   21  3  0     53.44   -0.1263E-03      74.4    492.4
2014  7  8   189   21  4  0     53.63   -0.1768E-03      73.2    491.4
2014  7  8   189   21  5  0     53.82   -0.1420E-03      61.1    488.7
2014  7  8   189   21  6  0     54.01   -0.3584E-03      72.3    490.9
2014  7  8   189   21  7  0     54.20   -0.4433E-03      77.1    490.3
2014  7  8   189   21  8  0     54.39   -0.3838E-03      72.0    487.3
2014  7  8   189   21  9  0     54.58   -0.4221E-03      70.9    486.2
2014  7  8   189   21 10  0     54.77   -0.5504E-03      75.2    486.5
2014  7  8   189   21 11  0     54.96   -0.5436E-03      71.6    484.7
2014  7  8   189   21 12  0     55.14   -0.5912E-03      68.8    484.2
2014  7  8   189   21 13  0     55.33   -0.6880E-03      70.3    484.3
2014  7  8   189   21 14  0     55.52   -0.7650E-03      70.5    484.2
2014  7  8   189   21 15  0     55.71   -0.8203E-03      70.5    483.6
2014  7  8   189   21 16  0     55.90   -0.8980E-03      71.1    483.3
2014  7  8   189   21 17  0     56.09   -0.9969E-03      73.3    483.4
2014  7  8   189   21 18  0     56.28   -0.1100E-02      74.5    483.8
2014  7  8   189   21 19  0     56.47   -0.1208E-02      76.6    484.0
2014  7  8   189   21 20  0     56.66   -0.1252E-02      76.7    483.1
2014  7  8   189   21 21  0     56.85   -0.1250E-02      75.2    481.6
2014  7  8   189   21 22  0     57.04   -0.1257E-02      73.1    480.5
2014  7  8   189   21 23  0     57.23   -0.1224E-02      70.1    478.9
2014  7  8   189   21 24  0     57.42   -0.1216E-02      67.7    477.7
2014  7  8   189   21 25  0     57.61   -0.1147E-02      62.8    475.9
2014  7  8   189   21 26  0     57.80   -0.1136E-02      60.4    474.9
2014  7  8   189   21 27  0     57.98   -0.1005E-02      53.5    471.9
2014  7  8   189   21 28  0     58.17   -0.8887E-03      47.3    467.8
2014  7  8   189   21 29  0     58.36   -0.8131E-03      42.8    465.5
2014  7  8   189   21 30  0     58.55   -0.7698E-03      39.5    464.2
2014  7  8   189   21 31  0     58.74   -0.7636E-03      36.8    464.6
2014  7  8   189   21 32  0     58.93   -0.7662E-03      34.6    465.6
2014  7  8   189   21 33  0     59.12   -0.7706E-03      32.9    466.7
2014  7  8   189   21 34  0     59.31   -0.7711E-03      31.8    467.0
2014  7  8   189   21 35  0     59.50   -0.7872E-03      31.8    466.6
2014  7  8   189   21 36  0     59.69   -0.8100E-03      32.4    465.4
2014  7  8   189   21 37  0     59.87   -0.8407E-03      33.3    464.4
2014  7  8   189   21 38  0     60.06   -0.8663E-03      34.1    463.0
2014  7  8   189   21 39  0     60.25   -0.8937E-03      34.9    461.9
2014  7  8   189   21 40  0     60.44   -0.9250E-03      35.7    461.1
2014  7  8   189   21 41  0     60.63   -0.9492E-03      35.8    460.7
2014  7  8   189   21 42  0     60.82   -0.9444E-03      35.0    459.9
2014  7  8   189   21 43  0     61.01   -0.9468E-03      34.2    460.2
2014  7  8   189   21 44  0     61.20   -0.9567E-03      33.8    461.1
2014  7  8   189   21 45  0     61.38   -0.9967E-03      34.6    462.0
2014  7  8   189   21 46  0     61.57   -0.1070E-02      36.6    462.8
2014  7  8   189   21 47  0     61.76   -0.1156E-02      39.3    462.3
2014  7  8   189   21 48  0     61.95   -0.1247E-02      42.2    461.6
2014  7  8   189   21 49  0     62.14   -0.1313E-02      44.3    460.5
2014  7  8   189   21 50  0     62.33   -0.1364E-02      45.7    459.8
2014  7  8   189   21 51  0     62.51   -0.1399E-02      46.3    459.2
2014  7  8   189   21 52  0     62.70   -0.1426E-02      46.7    459.0
2014  7  8   189   21 53  0     62.89   -0.1452E-02      47.2    458.7
2014  7  8   189   21 54  0     63.08   -0.1479E-02      47.7    458.5
2014  7  8   189   21 55  0     63.27   -0.1500E-02      48.1    458.5
2014  7  8   189   21 56  0     63.45   -0.1527E-02      48.8    458.4
2014  7  8   189   21 57  0     63.64   -0.1565E-02      49.8    458.5
2014  7  8   189   21 58  0     63.83   -0.1613E-02      51.0    459.0
2014  7  8   189   21 59  0     64.02   -0.1666E-02      52.6    459.3
2014  7  8   189   22  0  0     64.20   -0.1749E-02      55.1    460.6
2014  7  8   189   22  1  0     64.39   -0.1843E-02      58.1    461.9
2014  7  8   189   22  2  0     64.58   -0.1913E-02      60.3    462.4
2014  7  8   189   22  3  0     64.77   -0.1966E-02      61.8    462.6
2014  7  8   189   22  4  0     64.95   -0.2006E-02      62.9    462.3
2014  7  8   189   22  5  0     65.14   -0.2064E-02      64.7    462.8
2014  7  8   189   22  6  0     65.33   -0.2161E-02      68.0    464.1
2014  7  8   189   22  7  0     65.51   -0.2213E-02      69.6    464.3
2014  7  8   189   22  8  0     65.70   -0.2262E-02      71.4    464.5
2014  7  8   189   22  9  0     65.89   -0.2270E-02      71.5    463.9
2014  7  8   189   22 10  0     66.08   -0.2270E-02      71.4    463.3
2014  7  8   189   22 11  0     66.26   -0.2272E-02      71.4    463.1
2014  7  8   189   22 12  0     66.45   -0.2332E-02      73.8    464.4
2014  7  8   189   22 13  0     66.64   -0.2393E-02      76.4    465.7
2014  7  8   189   22 14  0     66.82   -0.2450E-02      78.8    466.9
2014  7  8   189   22 15  0     67.01   -0.2443E-02      78.9    466.5
2014  7  8   189   22 16  0     67.19   -0.2449E-02      79.4    467.0
2014  7  8   189   22 17  0     67.38   -0.2446E-02      79.8    467.0
2014  7  8   189   22 18  0     67.57   -0.2428E-02      79.5    466.8
2014  7  8   189   22 19  0     67.75   -0.2405E-02      79.3    466.2
2014  7  8   189   22 20  0     67.94   -0.2380E-02      78.7    466.3
2014  7  8   189   22 21  0     68.12   -0.2386E-02      79.5    467.4
2014  7  8   189   22 22  0     68.31   -0.2374E-02      80.0    467.4
2014  7  8   189   22 23  0     68.50   -0.2368E-02      80.4    467.7
2014  7  8   189   22 24  0     68.68   -0.2333E-02      79.5    467.7
2014  7  8   189   22 25  0     68.87   -0.2309E-02      79.5    467.5
2014  7  8   189   22 26  0     69.05   -0.2303E-02      80.0    468.3
2014  7  8   189   22 27  0     69.24   -0.2281E-02      80.0    468.5
2014  7  8   189   22 28  0     69.42   -0.2255E-02      79.8    468.4
2014  7  8   189   22 29  0     69.61   -0.2230E-02      79.6    468.3
2014  7  8   189   22 30  0     69.79   -0.2193E-02      78.8    468.4
2014  7  8   189   22 31  0     69.98   -0.2153E-02      78.0    468.5
2014  7  8   189   22 32  0     70.16   -0.2093E-02      76.3    466.1
2014  7  8   189   22 33  0     70.35   -0.2002E-02      73.0    463.4
2014  7  8   189   22 34  0     70.53   -0.1912E-02      69.8    460.0
2014  7  8   189   22 35  0     70.72   -0.1830E-02      66.9    457.9
2014  7  8   189   22 36  0     70.90   -0.1749E-02      64.4    454.7
2014  7  8   189   22 37  0     71.08   -0.1678E-02      62.3    452.5
2014  7  8   189   22 38  0     71.27   -0.1629E-02      61.5    451.7
2014  7  8   189   22 39  0     71.45   -0.1594E-02      61.2    452.0
2014  7  8   189   22 40  0     71.64   -0.1553E-02      60.8    451.5
2014  7  8   189   22 41  0     71.82   -0.1554E-02      62.3    456.4
2014  7  8   189   22 42  0     72.00   -0.1492E-02      60.3    453.1
2014  7  8   189   22 43  0     72.19   -0.1427E-02      58.2    450.0
2014  7  8   189   22 44  0     72.37   -0.1378E-02      57.0    448.4
2014  7  8   189   22 45  0     72.55   -0.1362E-02      57.8    450.8
2014  7  8   189   22 46  0     72.74   -0.1333E-02      57.4    452.0
2014  7  8   189   22 47  0     72.92   -0.1316E-02      58.1    452.8
2014  7  8   189   22 48  0     73.10   -0.1276E-02      56.8    450.7
2014  7  8   189   22 49  0     73.28   -0.1242E-02      56.1    449.8
2014  7  8   189   22 50  0     73.47   -0.1212E-02      55.7    448.5
2014  7  8   189   22 51  0     73.65   -0.1204E-02      56.7    450.1
2014  7  8   189   22 52  0     73.83   -0.1198E-02      57.4    453.8
2014  7  8   189   22 53  0     74.01   -0.1189E-02      58.3    453.7
2014  7  8   189   22 54  0     74.20   -0.1181E-02      58.7    457.6
2014  7  8   189   22 55  0     74.38   -0.1172E-02      59.3    460.0
2014  7  8   189   22 56  0     74.56   -0.1170E-02      60.7    463.0
2014  7  8   189   22 57  0     74.74   -0.1165E-02      61.8    464.2
2014  7  8   189   22 58  0     74.92   -0.1174E-02      63.5    472.2
2014  7  8   189   22 59  0     75.10   -0.1175E-02      64.8    477.4
2014  7  8   189   23  0  0     75.28   -0.1167E-02      65.5    479.4
2014  7  8   189   23  1  0     75.47   -0.1157E-02      65.7    483.2
2014  7  8   189   23  2  0     75.65   -0.1134E-02      65.6    482.0
2014  7  8   189   23  3  0     75.83   -0.1115E-02      65.6    484.1
2014  7  8   189   23  4  0     76.01   -0.1092E-02      65.7    483.3
2014  7  8   189   23  5  0     76.19   -0.1071E-02      65.7    487.2
2014  7  8   189   23  6  0     76.37   -0.1048E-02      65.9    489.3
2014  7  8   189   23  7  0     76.55   -0.1024E-02      66.3    489.4
2014  7  8   189   23  8  0     76.73   -0.9905E-03      66.4    481.3
2014  7  8   189   23  9  0     76.91   -0.9706E-03      66.3    488.7
2014  7  8   189   23 10  0     77.09   -0.9404E-03      66.2    486.3
2014  7  8   189   23 11  0     77.27   -0.9114E-03      65.7    487.3
2014  7  8   189   23 12  0     77.45   -0.8804E-03      65.1    486.7
2014  7  8   189   23 13  0     77.63   -0.8463E-03      64.6    480.9
2014  7  8   189   23 14  0     77.81   -0.8132E-03      64.1    475.2
2014  7  8   189   23 15  0     77.98   -0.7852E-03      63.6    475.6
2014  7  8   189   23 16  0     78.16   -0.7544E-03      63.2    471.2
2014  7  8   189   23 17  0     78.34   -0.7237E-03      62.9    464.6
2014  7  8   189   23 18  0     78.52   -0.7007E-03      62.6    466.7
2014  7  8   189   23 19  0     78.70   -0.6745E-03      62.4    463.4
2014  7  8   189   23 20  0     78.88   -0.6501E-03      62.3    460.9
2014  7  8   189   23 21  0     79.05   -0.6261E-03      62.2    457.1
2014  7  8   189   23 22  0     79.23   -0.6080E-03      62.3    460.0
2014  7  8   189   23 23  0     79.41   -0.5859E-03      62.5    456.0
2014  7  8   189   23 24  0     79.59   -0.5655E-03      62.6    455.1
2014  7  8   189   23 25  0     79.76   -0.5436E-03      62.6    450.9
2014  7  8   189   23 26  0     79.94   -0.5209E-03      62.8    444.7
2014  7  8   189   23 27  0     80.12   -0.4995E-03      63.0    439.5
2014  7  8   189   23 28  0     80.29   -0.4787E-03      63.1    435.4
2014  7  8   189   23 29  0     80.47   -0.4596E-03      63.3    433.3
2014  7  8   189   23 30  0     80.65   -0.4410E-03      63.5    430.8
2014  7  8   189   23 31  0     80.82   -0.4254E-03      64.2    431.1
2014  7  8   189   23 32  0     81.00   -0.4100E-03      65.1    430.7
2014  7  8   189   23 33  0     81.17   -0.3959E-03      65.8    431.1
2014  7  8   189   23 34  0     81.35   -0.3789E-03      66.4    426.5
2014  7  8   189   23 35  0     81.53   -0.3622E-03      66.9    422.4
2014  7  8   189   23 36  0     81.70   -0.3455E-03      67.2    419.1
2014  7  8   189   23 37  0     81.88   -0.3269E-03      67.6    412.1
2014  7  8   189   23 38  0     82.05   -0.3108E-03      68.0    408.1
2014  7  8   189   23 39  0     82.23   -0.2943E-03      68.2    404.8
2014  7  8   189   23 40  0     82.40   -0.2783E-03      68.5    401.5
2014  7  8   189   23 41  0     82.57   -0.2577E-03      68.8    388.6
2014  7  8   189   23 42  0     82.75   -0.2439E-03      69.2    387.1
2014  7  8   189   23 43  0     82.92   -0.2281E-03      69.6    380.0
2014  7  8   189   23 44  0     83.10   -0.2137E-03      70.0    375.6
2014  7  8   189   23 45  0     83.27   -0.2007E-03      70.3    372.6
2014  7  8   189   23 46  0     83.44   -0.1826E-03      70.8    359.9
2014  7  8   189   23 47  0     83.61   -0.1745E-03      71.3    364.1
2014  7  8   189   23 48  0     83.79   -0.1608E-03      71.8    357.0
2014  7  8   189   23 49  0     83.96   -0.1491E-03      72.3    353.3
2014  7  8   189   23 50  0     84.13   -0.1341E-03      72.8    342.6
2014  7  8   189   23 51  0     84.30   -0.1231E-03      73.2    339.7
2014  7  8   189   23 52  0     84.48   -0.1101E-03      73.5    333.1
2014  7  8   189   23 53  0     84.65   -0.9834E-04      73.7    326.9
2014  7  8   189   23 54  0     84.82   -0.8563E-04      74.0    319.2
2014  7  8   189   23 55  0     84.99   -0.7865E-04      74.3    320.1
2014  7  8   189   23 56  0     85.16   -0.6545E-04      74.3    308.6
2014  7  8   189   23 57  0     85.33   -0.5223E-04      74.4    297.7
2014  7  8   189   23 58  0     85.50   -0.4433E-04      74.6    295.8
2014  7  8   189   23 59  0     85.67   -0.3437E-04      74.8    288.4
