                            NILUUV 115

Uvpro Version 2.0
Latitude :   40.74 (North)
Longitude:  -74.03  (West)
Calibration file: cf100603a.115
Height above sea level:    40.0  m
CLT derived from channel 4
CLT scale factor used:   1.0
Ozone derived from channel pair ch3/ch1
Ozone scale factor used:   1.0
Drift factors ch1-ch6:   3.000154.000  1.000  1.000  1.000  1.000
Ozone profile climatology: Mid  Latitude
Dose type:    CLW    Caldwell Plant 1971           

yyyy mm dd   jul   hh mm ss      SZA     dose rate       clt     Ozone
                              [degrees]   [W/m^2]        [%]     [DU]
2014 12  6   340   12 12  0     89.89    0.6606E-04      15.3     47.4
2014 12  6   340   12 13  0     89.73    0.6355E-04      15.0     51.3
2014 12  6   340   12 14  0     89.56    0.6223E-04      16.6     59.9
2014 12  6   340   12 15  0     89.40    0.6167E-04      17.6     66.2
2014 12  6   340   12 16  0     89.24    0.5896E-04      17.8     71.5
2014 12  6   340   12 17  0     89.08    0.5857E-04      18.0     73.8
2014 12  6   340   12 18  0     88.92    0.5606E-04      18.1     78.7
2014 12  6   340   12 19  0     88.76    0.5697E-04      17.5     79.0
2014 12  6   340   12 20  0     88.59    0.5500E-04      17.2     82.6
2014 12  6   340   12 21  0     88.43    0.5532E-04      17.1     84.4
2014 12  6   340   12 22  0     88.27    0.5323E-04      17.1     88.1
2014 12  6   340   12 23  0     88.11    0.5307E-04      17.1     89.6
2014 12  6   340   12 24  0     87.95    0.4948E-04      17.0     94.8
2014 12  6   340   12 25  0     87.79    0.5065E-04      17.6     98.1
2014 12  6   340   12 26  0     87.63    0.4804E-04      19.7    109.4
2014 12  6   340   12 27  0     87.48    0.4259E-04      20.9    121.1
2014 12  6   340   12 28  0     87.32    0.3896E-04      22.1    134.6
2014 12  6   340   12 29  0     87.16    0.3734E-04      22.7    139.7
2014 12  6   340   12 30  0     87.00    0.3647E-04      21.8    137.7
2014 12  6   340   12 31  0     86.84    0.3554E-04      21.0    139.2
2014 12  6   340   12 32  0     86.69    0.2959E-04      21.7    157.2
2014 12  6   340   12 33  0     86.53    0.2812E-04      22.8    164.5
2014 12  6   340   12 34  0     86.37    0.2327E-04      23.1    176.7
2014 12  6   340   12 35  0     86.21    0.2189E-04      23.2    178.7
2014 12  6   340   12 36  0     86.06    0.1671E-04      22.8    188.3
2014 12  6   340   12 37  0     85.90    0.1516E-04      22.7    190.4
2014 12  6   340   12 38  0     85.75    0.9473E-05      24.3    205.8
2014 12  6   340   12 39  0     85.59   -0.2849E-05      26.8    236.2
2014 12  6   340   12 40  0     85.44   -0.7304E-05      27.3    243.1
2014 12  6   340   12 41  0     85.28   -0.1515E-04      28.3    257.4
2014 12  6   340   12 42  0     85.13   -0.2299E-04      29.6    269.5
2014 12  6   340   12 43  0     84.97   -0.2847E-04      31.1    273.3
2014 12  6   340   12 44  0     84.82   -0.4210E-04      32.2    300.3
2014 12  6   340   12 45  0     84.67   -0.4032E-04      29.9    293.6
2014 12  6   340   12 46  0     84.51   -0.4121E-04      29.1    289.2
2014 12  6   340   12 47  0     84.36   -0.4241E-04      28.3    285.5
2014 12  6   340   12 48  0     84.21   -0.5279E-04      29.0    302.8
2014 12  6   340   12 49  0     84.06   -0.5581E-04      28.9    300.0
2014 12  6   340   12 50  0     83.91   -0.5959E-04      28.5    302.2
2014 12  6   340   12 51  0     83.75   -0.6823E-04      29.1    313.5
2014 12  6   340   12 52  0     83.60   -0.8061E-04      29.5    335.7
2014 12  6   340   12 53  0     83.45   -0.7592E-04      28.5    316.4
2014 12  6   340   12 54  0     83.30   -0.9580E-04      29.7    354.6
2014 12  6   340   12 55  0     83.15   -0.1004E-03      30.2    347.6
2014 12  6   340   12 56  0     83.00   -0.9889E-04      28.8    341.8
2014 12  6   340   12 57  0     82.85   -0.9074E-04      26.2    330.3
2014 12  6   340   12 58  0     82.71   -0.8378E-04      24.0    319.4
2014 12  6   340   12 59  0     82.56   -0.8358E-04      23.1    316.0
2014 12  6   340   13  0  0     82.41   -0.8739E-04      23.1    316.6
2014 12  6   340   13  1  0     82.26   -0.8936E-04      22.8    313.8
2014 12  6   340   13  2  0     82.11   -0.9479E-04      22.3    322.2
2014 12  6   340   13  3  0     81.97   -0.9978E-04      22.6    321.3
2014 12  6   340   13  4  0     81.82   -0.1106E-03      23.2    330.8
2014 12  6   340   13  5  0     81.67   -0.1076E-03      21.8    329.2
2014 12  6   340   13  6  0     81.53   -0.1095E-03      21.2    331.2
2014 12  6   340   13  7  0     81.38   -0.1153E-03      21.3    334.7
2014 12  6   340   13  8  0     81.24   -0.1276E-03      22.0    347.7
2014 12  6   340   13  9  0     81.09   -0.1460E-03      23.4    361.9
2014 12  6   340   13 10  0     80.95   -0.1508E-03      23.4    362.1
2014 12  6   340   13 11  0     80.81   -0.1498E-03      22.7    359.5
2014 12  6   340   13 12  0     80.66   -0.1567E-03      22.7    364.3
2014 12  6   340   13 13  0     80.52   -0.1668E-03      23.1    371.8
2014 12  6   340   13 14  0     80.38   -0.1949E-03      25.0    393.8
2014 12  6   340   13 15  0     80.24   -0.2176E-03      26.4    408.4
2014 12  6   340   13 16  0     80.09   -0.2160E-03      25.6    404.4
2014 12  6   340   13 17  0     79.95   -0.2222E-03      25.5    407.2
2014 12  6   340   13 18  0     79.81   -0.2395E-03      26.3    417.8
2014 12  6   340   13 19  0     79.67   -0.2651E-03      27.8    431.5
2014 12  6   340   13 20  0     79.53   -0.2916E-03      29.2    446.4
2014 12  6   340   13 21  0     79.39   -0.3080E-03      29.9    448.6
2014 12  6   340   13 22  0     79.25   -0.3011E-03      28.6    444.2
2014 12  6   340   13 23  0     79.11   -0.2967E-03      27.9    432.7
2014 12  6   340   13 24  0     78.97   -0.3193E-03      28.9    440.7
2014 12  6   340   13 25  0     78.84   -0.3380E-03      29.5    450.4
2014 12  6   340   13 26  0     78.70   -0.3348E-03      28.6    445.6
2014 12  6   340   13 27  0     78.56   -0.3169E-03      26.8    432.6
2014 12  6   340   13 28  0     78.42   -0.3098E-03      25.7    428.9
2014 12  6   340   13 29  0     78.29   -0.3021E-03      25.0    412.9
2014 12  6   340   13 30  0     78.15   -0.3056E-03      24.5    416.9
2014 12  6   340   13 31  0     78.02   -0.3039E-03      23.8    417.2
2014 12  6   340   13 32  0     77.88   -0.3095E-03      23.8    416.7
2014 12  6   340   13 33  0     77.75   -0.3278E-03      24.4    424.5
2014 12  6   340   13 34  0     77.61   -0.3233E-03      23.6    422.7
2014 12  6   340   13 35  0     77.48   -0.3252E-03      23.4    422.2
2014 12  6   340   13 36  0     77.35   -0.3530E-03      24.5    432.5
2014 12  6   340   13 37  0     77.21   -0.3865E-03      26.2    437.1
2014 12  6   340   13 38  0     77.08   -0.4174E-03      27.5    444.9
2014 12  6   340   13 39  0     76.95   -0.4245E-03      27.4    444.0
2014 12  6   340   13 40  0     76.82   -0.4198E-03      26.6    443.3
2014 12  6   340   13 41  0     76.69   -0.4091E-03      25.6    437.9
2014 12  6   340   13 42  0     76.56   -0.4070E-03      25.2    433.8
2014 12  6   340   13 43  0     76.43   -0.3949E-03      24.1    430.6
2014 12  6   340   13 44  0     76.30   -0.3932E-03      23.6    431.8
2014 12  6   340   13 45  0     76.17   -0.4056E-03      23.9    432.4
2014 12  6   340   13 46  0     76.04   -0.4533E-03      25.9    441.0
2014 12  6   340   13 47  0     75.91   -0.4922E-03      27.5    445.5
2014 12  6   340   13 48  0     75.78   -0.4983E-03      27.3    445.4
2014 12  6   340   13 49  0     75.66   -0.4646E-03      25.3    439.0
2014 12  6   340   13 50  0     75.53   -0.4268E-03      23.2    429.0
2014 12  6   340   13 51  0     75.40   -0.3907E-03      21.2    420.9
2014 12  6   340   13 52  0     75.28   -0.3486E-03      19.0    409.7
2014 12  6   340   13 53  0     75.15   -0.3300E-03      17.9    405.3
2014 12  6   340   13 54  0     75.03   -0.3336E-03      17.9    403.2
2014 12  6   340   13 55  0     74.90   -0.3691E-03      19.3    405.9
2014 12  6   340   13 56  0     74.78   -0.4081E-03      20.7    412.3
2014 12  6   340   13 57  0     74.66   -0.4475E-03      22.1    418.0
2014 12  6   340   13 58  0     74.53   -0.4747E-03      23.0    420.5
2014 12  6   340   13 59  0     74.41   -0.5019E-03      23.9    422.2
2014 12  6   340   14  0  0     74.29   -0.5197E-03      24.3    424.6
2014 12  6   340   14  1  0     74.17   -0.5546E-03      25.5    427.9
2014 12  6   340   14  2  0     74.05   -0.6124E-03      27.5    435.1
2014 12  6   340   14  3  0     73.93   -0.6338E-03      28.2    433.2
2014 12  6   340   14  4  0     73.81   -0.6136E-03      27.1    431.2
2014 12  6   340   14  5  0     73.69   -0.5909E-03      26.0    428.0
2014 12  6   340   14  6  0     73.57   -0.5639E-03      24.6    428.0
2014 12  6   340   14  7  0     73.45   -0.5145E-03      22.5    422.8
2014 12  6   340   14  8  0     73.34   -0.4814E-03      21.1    420.0
2014 12  6   340   14  9  0     73.22   -0.4769E-03      20.7    420.2
2014 12  6   340   14 10  0     73.10   -0.5000E-03      21.4    422.7
2014 12  6   340   14 11  0     72.99   -0.5409E-03      22.8    426.7
2014 12  6   340   14 12  0     72.87   -0.5408E-03      22.5    428.4
2014 12  6   340   14 13  0     72.76   -0.5512E-03      22.8    430.3
2014 12  6   340   14 14  0     72.64   -0.6026E-03      24.5    434.4
2014 12  6   340   14 15  0     72.53   -0.6264E-03      25.1    437.3
2014 12  6   340   14 16  0     72.42   -0.5889E-03      23.7    433.5
2014 12  6   340   14 17  0     72.31   -0.5577E-03      22.4    432.0
2014 12  6   340   14 18  0     72.19   -0.5383E-03      21.5    430.6
2014 12  6   340   14 19  0     72.08   -0.5395E-03      21.4    429.7
2014 12  6   340   14 20  0     71.97   -0.5333E-03      20.9    430.1
2014 12  6   340   14 21  0     71.86   -0.4955E-03      19.5    424.8
2014 12  6   340   14 22  0     71.75   -0.5120E-03      19.8    428.1
2014 12  6   340   14 23  0     71.64   -0.5368E-03      20.5    430.8
2014 12  6   340   14 24  0     71.53   -0.5643E-03      21.3    431.4
2014 12  6   340   14 25  0     71.43   -0.5259E-03      19.8    429.9
2014 12  6   340   14 26  0     71.32   -0.5275E-03      19.7    429.8
2014 12  6   340   14 27  0     71.21   -0.5321E-03      19.7    430.4
2014 12  6   340   14 28  0     71.11   -0.5072E-03      18.8    428.9
2014 12  6   340   14 29  0     71.00   -0.4824E-03      17.9    425.5
2014 12  6   340   14 30  0     70.90   -0.4899E-03      18.2    424.5
2014 12  6   340   14 31  0     70.79   -0.5067E-03      18.5    427.1
2014 12  6   340   14 32  0     70.69   -0.4742E-03      17.3    425.5
2014 12  6   340   14 33  0     70.58   -0.4908E-03      17.7    427.6
2014 12  6   340   14 34  0     70.48   -0.5162E-03      18.5    428.4
2014 12  6   340   14 35  0     70.38   -0.5047E-03      18.0    428.1
2014 12  6   340   14 36  0     70.28   -0.5035E-03      17.8    428.8
2014 12  6   340   14 37  0     70.18   -0.5357E-03      18.7    430.7
2014 12  6   340   14 38  0     70.08   -0.5732E-03      19.9    431.5
2014 12  6   340   14 39  0     69.98   -0.5934E-03      20.3    432.7
2014 12  6   340   14 40  0     69.88   -0.6315E-03      21.5    433.1
2014 12  6   340   14 41  0     69.78   -0.6147E-03      21.1    428.5
2014 12  6   340   14 42  0     69.69   -0.5929E-03      20.3    428.8
2014 12  6   340   14 43  0     69.59   -0.6426E-03      21.7    430.5
2014 12  6   340   14 44  0     69.49   -0.6457E-03      21.9    427.3
2014 12  6   340   14 45  0     69.40   -0.6315E-03      21.4    426.2
2014 12  6   340   14 46  0     69.30   -0.6370E-03      21.5    425.5
2014 12  6   340   14 47  0     69.21   -0.6193E-03      21.0    423.6
2014 12  6   340   14 48  0     69.11   -0.6286E-03      21.2    423.5
2014 12  6   340   14 49  0     69.02   -0.6470E-03      21.9    421.9
2014 12  6   340   14 50  0     68.93   -0.6211E-03      21.0    421.7
2014 12  6   340   14 51  0     68.84   -0.6187E-03      20.6    424.2
2014 12  6   340   14 52  0     68.75   -0.6129E-03      20.4    424.6
2014 12  6   340   14 53  0     68.66   -0.6140E-03      20.3    424.8
2014 12  6   340   14 54  0     68.57   -0.5625E-03      18.7    424.0
2014 12  6   340   14 55  0     68.48   -0.5403E-03      17.8    425.8
2014 12  6   340   14 56  0     68.39   -0.5345E-03      17.6    427.5
2014 12  6   340   14 57  0     68.30   -0.5221E-03      17.1    429.3
2014 12  6   340   14 58  0     68.21   -0.5081E-03      16.5    431.4
2014 12  6   340   14 59  0     68.13   -0.4952E-03      16.0    431.5
2014 12  6   340   15  0  0     68.04   -0.4427E-03      14.4    430.4
2014 12  6   340   15  1  0     67.96   -0.4190E-03      13.7    430.6
2014 12  6   340   15  2  0     67.87   -0.4085E-03      13.4    429.8
2014 12  6   340   15  3  0     67.79   -0.3896E-03      12.9    428.3
2014 12  6   340   15  4  0     67.71   -0.3503E-03      11.7    426.4
2014 12  6   340   15  5  0     67.62   -0.3423E-03      11.5    425.5
2014 12  6   340   15  6  0     67.54   -0.3334E-03      11.2    426.4
2014 12  6   340   15  7  0     67.46   -0.3445E-03      11.4    429.8
2014 12  6   340   15  8  0     67.38   -0.3777E-03      12.3    434.0
2014 12  6   340   15  9  0     67.30   -0.4197E-03      13.6    435.6
2014 12  6   340   15 10  0     67.22   -0.4731E-03      15.0    438.9
2014 12  6   340   15 11  0     67.15   -0.5359E-03      16.9    439.3
2014 12  6   340   15 12  0     67.07   -0.6014E-03      18.9    439.9
2014 12  6   340   15 13  0     66.99   -0.6670E-03      20.8    440.6
2014 12  6   340   15 14  0     66.92   -0.7284E-03      22.6    440.7
2014 12  6   340   15 15  0     66.84   -0.7526E-03      23.6    439.4
2014 12  6   340   15 16  0     66.77   -0.7189E-03      22.5    439.6
2014 12  6   340   15 17  0     66.69   -0.7267E-03      22.7    439.9
2014 12  6   340   15 18  0     66.62   -0.7112E-03      22.2    439.9
2014 12  6   340   15 19  0     66.55   -0.6845E-03      21.4    440.0
2014 12  6   340   15 20  0     66.48   -0.6643E-03      21.0    438.6
2014 12  6   340   15 21  0     66.40   -0.6618E-03      20.9    438.2
2014 12  6   340   15 22  0     66.33   -0.6608E-03      21.0    437.1
2014 12  6   340   15 23  0     66.27   -0.6675E-03      21.2    437.2
2014 12  6   340   15 24  0     66.20   -0.6618E-03      20.9    437.9
2014 12  6   340   15 25  0     66.13   -0.6644E-03      21.0    437.9
2014 12  6   340   15 26  0     66.06   -0.6793E-03      21.6    437.6
2014 12  6   340   15 27  0     65.99   -0.6758E-03      21.6    437.1
2014 12  6   340   15 28  0     65.93   -0.6657E-03      21.4    437.0
2014 12  6   340   15 29  0     65.86   -0.6967E-03      22.3    438.0
2014 12  6   340   15 30  0     65.80   -0.7149E-03      22.8    438.6
2014 12  6   340   15 31  0     65.74   -0.7061E-03      22.5    439.4
2014 12  6   340   15 32  0     65.67   -0.6868E-03      21.7    441.6
2014 12  6   340   15 33  0     65.61   -0.6217E-03      19.4    443.8
2014 12  6   340   15 34  0     65.55   -0.5765E-03      17.9    444.5
2014 12  6   340   15 35  0     65.49   -0.5602E-03      17.5    443.9
2014 12  6   340   15 36  0     65.43   -0.5686E-03      17.9    442.6
2014 12  6   340   15 37  0     65.37   -0.5221E-03      16.7    440.0
2014 12  6   340   15 38  0     65.32   -0.4561E-03      14.8    438.7
2014 12  6   340   15 39  0     65.26   -0.4404E-03      14.2    439.3
2014 12  6   340   15 40  0     65.20   -0.4454E-03      14.3    440.1
2014 12  6   340   15 41  0     65.15   -0.4742E-03      15.3    440.2
2014 12  6   340   15 42  0     65.09   -0.5236E-03      16.7    441.5
2014 12  6   340   15 43  0     65.04   -0.5665E-03      18.0    442.6
2014 12  6   340   15 44  0     64.98   -0.5540E-03      17.5    443.4
2014 12  6   340   15 45  0     64.93   -0.4910E-03      15.4    444.7
2014 12  6   340   15 46  0     64.88   -0.5078E-03      15.8    446.1
2014 12  6   340   15 47  0     64.83   -0.5162E-03      16.2    444.6
2014 12  6   340   15 48  0     64.78   -0.4766E-03      15.2    442.2
2014 12  6   340   15 49  0     64.73   -0.4316E-03      13.8    442.4
2014 12  6   340   15 50  0     64.68   -0.4202E-03      13.3    443.3
2014 12  6   340   15 51  0     64.63   -0.4416E-03      13.8    445.0
2014 12  6   340   15 52  0     64.59   -0.4608E-03      14.4    445.4
2014 12  6   340   15 53  0     64.54   -0.5002E-03      15.4    446.6
2014 12  6   340   15 54  0     64.50   -0.5061E-03      15.7    446.4
2014 12  6   340   15 55  0     64.45   -0.5265E-03      16.1    448.1
2014 12  6   340   15 56  0     64.41   -0.5097E-03      15.7    447.8
2014 12  6   340   15 57  0     64.36   -0.3833E-03      12.0    447.0
2014 12  6   340   15 58  0     64.32   -0.3190E-03      10.1    446.6
2014 12  6   340   15 59  0     64.28   -0.2977E-03       9.5    446.1
2014 12  6   340   16  0  0     64.24   -0.2856E-03       9.2    445.4
2014 12  6   340   16  1  0     64.20   -0.2735E-03       8.9    444.3
2014 12  6   340   16  2  0     64.16   -0.3045E-03       9.8    445.2
2014 12  6   340   16  3  0     64.12   -0.3430E-03      10.9    447.2
2014 12  6   340   16  4  0     64.09   -0.3618E-03      11.4    448.1
2014 12  6   340   16  5  0     64.05   -0.4096E-03      12.8    449.3
2014 12  6   340   16  6  0     64.01   -0.4426E-03      13.8    449.6
2014 12  6   340   16  7  0     63.98   -0.4234E-03      13.4    449.1
2014 12  6   340   16  8  0     63.95   -0.4213E-03      13.4    447.2
2014 12  6   340   16  9  0     63.91   -0.4214E-03      13.2    449.9
2014 12  6   340   16 10  0     63.88   -0.4149E-03      13.0    450.1
2014 12  6   340   16 11  0     63.85   -0.3729E-03      11.8    448.5
2014 12  6   340   16 12  0     63.82   -0.3656E-03      11.5    450.3
2014 12  6   340   16 13  0     63.79   -0.3912E-03      12.3    449.0
2014 12  6   340   16 14  0     63.76   -0.3975E-03      12.6    448.6
2014 12  6   340   16 15  0     63.73   -0.3441E-03      10.8    449.6
2014 12  6   340   16 16  0     63.70   -0.2572E-03       8.3    448.6
2014 12  6   340   16 17  0     63.68   -0.2031E-03       6.6    449.2
2014 12  6   340   16 18  0     63.65   -0.2407E-03       7.3    458.6
2014 12  6   340   16 19  0     63.63   -0.3552E-03      10.0    470.5
2014 12  6   340   16 20  0     63.60   -0.3139E-03       9.2    465.5
2014 12  6   340   16 21  0     63.58   -0.3300E-03       9.5    469.1
2014 12  6   340   16 22  0     63.56   -0.4687E-03      13.0    475.8
2014 12  6   340   16 23  0     63.54   -0.3575E-03      10.4    468.6
2014 12  6   340   16 24  0     63.52   -0.1561E-03       5.3    452.3
2014 12  6   340   16 25  0     63.50   -0.1336E-03       4.6    454.9
2014 12  6   340   16 26  0     63.48   -0.1338E-03       4.5    456.6
2014 12  6   340   16 27  0     63.46   -0.1410E-03       4.8    455.5
2014 12  6   340   16 28  0     63.44   -0.1942E-03       6.1    462.8
2014 12  6   340   16 29  0     63.43   -0.2210E-03       6.8    463.4
2014 12  6   340   16 30  0     63.41   -0.2373E-03       7.2    465.1
2014 12  6   340   16 31  0     63.40   -0.2683E-03       7.9    466.3
2014 12  6   340   16 32  0     63.38   -0.3220E-03       9.5    465.6
2014 12  6   340   16 33  0     63.37   -0.4147E-03      11.8    470.0
2014 12  6   340   16 34  0     63.36   -0.4599E-03      13.0    470.4
2014 12  6   340   16 35  0     63.35   -0.3974E-03      11.5    467.1
2014 12  6   340   16 36  0     63.34   -0.3301E-03       9.8    464.4
2014 12  6   340   16 37  0     63.33   -0.2815E-03       8.5    461.8
2014 12  6   340   16 38  0     63.32   -0.2913E-03       8.7    463.5
2014 12  6   340   16 39  0     63.31   -0.3097E-03       9.3    462.3
2014 12  6   340   16 40  0     63.30   -0.3026E-03       9.2    460.5
2014 12  6   340   16 41  0     63.30   -0.3050E-03       9.1    462.3
2014 12  6   340   16 42  0     63.29   -0.4333E-03      12.2    469.8
2014 12  6   340   16 43  0     63.29   -0.4613E-03      13.3    465.5
2014 12  6   340   16 44  0     63.28   -0.3451E-03      10.7    456.9
2014 12  6   340   16 45  0     63.28   -0.2734E-03       8.9    450.5
2014 12  6   340   16 46  0     63.28   -0.2891E-03       9.3    451.9
2014 12  6   340   16 47  0     63.28   -0.3730E-03      11.3    459.1
2014 12  6   340   16 48  0     63.28   -0.3779E-03      11.5    458.7
2014 12  6   340   16 49  0     63.28   -0.3511E-03      10.9    456.7
2014 12  6   340   16 50  0     63.28   -0.3285E-03      10.3    454.4
2014 12  6   340   16 51  0     63.28   -0.3629E-03      11.2    456.7
2014 12  6   340   16 52  0     63.29   -0.3998E-03      12.1    459.1
2014 12  6   340   16 53  0     63.29   -0.3839E-03      11.7    458.6
2014 12  6   340   16 54  0     63.30   -0.3482E-03      10.6    458.6
2014 12  6   340   16 55  0     63.30   -0.2779E-03       8.7    455.7
2014 12  6   340   16 56  0     63.31   -0.2423E-03       7.7    454.5
2014 12  6   340   16 57  0     63.32   -0.2536E-03       7.8    458.7
2014 12  6   340   16 58  0     63.32   -0.2541E-03       7.8    459.4
2014 12  6   340   16 59  0     63.33   -0.2484E-03       7.6    460.9
2014 12  6   340   17  0  0     63.34   -0.2426E-03       7.3    463.1
2014 12  6   340   17  1  0     63.35   -0.2500E-03       7.4    467.5
2014 12  6   340   17  2  0     63.37   -0.2412E-03       7.0    469.6
2014 12  6   340   17  3  0     63.38   -0.2658E-03       7.6    472.4
2014 12  6   340   17  4  0     63.39   -0.3582E-03       9.8    479.4
2014 12  6   340   17  5  0     63.41   -0.3316E-03       9.2    477.4
2014 12  6   340   17  6  0     63.42   -0.2316E-03       6.9    467.9
2014 12  6   340   17  7  0     63.44   -0.2040E-03       6.3    463.1
2014 12  6   340   17  8  0     63.46   -0.2037E-03       6.1    466.7
2014 12  6   340   17  9  0     63.47   -0.2349E-03       6.9    470.5
2014 12  6   340   17 10  0     63.49   -0.2232E-03       6.6    468.3
2014 12  6   340   17 11  0     63.51   -0.2164E-03       6.6    464.7
2014 12  6   340   17 12  0     63.53   -0.2544E-03       7.5    466.3
2014 12  6   340   17 13  0     63.55   -0.3024E-03       8.8    467.6
2014 12  6   340   17 14  0     63.57   -0.2949E-03       8.7    465.7
2014 12  6   340   17 15  0     63.60   -0.3546E-03      10.2    468.9
2014 12  6   340   17 16  0     63.62   -0.4266E-03      12.1    470.2
2014 12  6   340   17 17  0     63.65   -0.4662E-03      13.2    468.8
2014 12  6   340   17 18  0     63.67   -0.5336E-03      15.1    467.8
2014 12  6   340   17 19  0     63.70   -0.5447E-03      15.6    465.6
2014 12  6   340   17 20  0     63.72   -0.6054E-03      17.3    465.9
2014 12  6   340   17 21  0     63.75   -0.6217E-03      18.0    463.7
2014 12  6   340   17 22  0     63.78   -0.5617E-03      16.4    461.7
2014 12  6   340   17 23  0     63.81   -0.4863E-03      14.3    460.6
2014 12  6   340   17 24  0     63.84   -0.4713E-03      13.8    461.4
2014 12  6   340   17 25  0     63.87   -0.5051E-03      14.6    463.0
2014 12  6   340   17 26  0     63.90   -0.4904E-03      14.1    463.5
2014 12  6   340   17 27  0     63.94   -0.4697E-03      13.6    462.8
2014 12  6   340   17 28  0     63.97   -0.4484E-03      13.1    461.6
2014 12  6   340   17 29  0     64.00   -0.4929E-03      14.2    462.9
2014 12  6   340   17 30  0     64.04   -0.5174E-03      15.1    461.4
2014 12  6   340   17 31  0     64.08   -0.5467E-03      15.8    462.5
2014 12  6   340   17 32  0     64.11   -0.5220E-03      15.2    460.7
2014 12  6   340   17 33  0     64.15   -0.4595E-03      13.5    459.4
2014 12  6   340   17 34  0     64.19   -0.4014E-03      12.2    454.9
2014 12  6   340   17 35  0     64.23   -0.4072E-03      12.4    453.9
2014 12  6   340   17 36  0     64.27   -0.4830E-03      14.3    457.8
2014 12  6   340   17 37  0     64.31   -0.5734E-03      16.8    458.8
2014 12  6   340   17 38  0     64.35   -0.6456E-03      18.6    460.8
2014 12  6   340   17 39  0     64.39   -0.6684E-03      19.3    460.7
2014 12  6   340   17 40  0     64.44   -0.6592E-03      19.2    459.8
2014 12  6   340   17 41  0     64.48   -0.6417E-03      18.7    459.0
2014 12  6   340   17 42  0     64.53   -0.5846E-03      17.3    457.2
2014 12  6   340   17 43  0     64.57   -0.5630E-03      16.7    456.5
2014 12  6   340   17 44  0     64.62   -0.5345E-03      15.9    456.5
2014 12  6   340   17 45  0     64.67   -0.4842E-03      14.6    454.8
2014 12  6   340   17 46  0     64.72   -0.5092E-03      15.2    455.3
2014 12  6   340   17 47  0     64.77   -0.5711E-03      16.9    456.2
2014 12  6   340   17 48  0     64.82   -0.5552E-03      16.5    455.5
2014 12  6   340   17 49  0     64.87   -0.5129E-03      15.4    454.2
2014 12  6   340   17 50  0     64.92   -0.4707E-03      14.3    453.2
2014 12  6   340   17 51  0     64.97   -0.4275E-03      13.1    450.9
2014 12  6   340   17 52  0     65.02   -0.4187E-03      12.9    449.6
2014 12  6   340   17 53  0     65.08   -0.4373E-03      13.2    451.7
2014 12  6   340   17 54  0     65.13   -0.4551E-03      13.8    452.1
2014 12  6   340   17 55  0     65.19   -0.4307E-03      13.0    452.4
2014 12  6   340   17 56  0     65.24   -0.4131E-03      12.6    451.6
2014 12  6   340   17 57  0     65.30   -0.3919E-03      12.0    451.0
2014 12  6   340   17 58  0     65.36   -0.4555E-03      13.5    455.8
2014 12  6   340   17 59  0     65.42   -0.5328E-03      15.7    456.5
2014 12  6   340   18  0  0     65.48   -0.5910E-03      17.2    458.6
2014 12  6   340   18  1  0     65.54   -0.5594E-03      16.4    457.2
2014 12  6   340   18  2  0     65.60   -0.5443E-03      16.1    455.9
2014 12  6   340   18  3  0     65.66   -0.5290E-03      15.8    453.7
2014 12  6   340   18  4  0     65.72   -0.5008E-03      15.1    452.5
2014 12  6   340   18  5  0     65.78   -0.5000E-03      15.1    451.7
2014 12  6   340   18  6  0     65.85   -0.4650E-03      14.1    450.2
2014 12  6   340   18  7  0     65.91   -0.4435E-03      13.5    449.6
2014 12  6   340   18  8  0     65.98   -0.4845E-03      14.5    452.3
2014 12  6   340   18  9  0     66.04   -0.4883E-03      14.6    451.5
2014 12  6   340   18 10  0     66.11   -0.4297E-03      13.0    449.1
2014 12  6   340   18 11  0     66.18   -0.3910E-03      12.0    446.9
2014 12  6   340   18 12  0     66.25   -0.3961E-03      12.0    448.2
2014 12  6   340   18 13  0     66.32   -0.4386E-03      13.2    450.2
2014 12  6   340   18 14  0     66.39   -0.4571E-03      13.7    450.6
2014 12  6   340   18 15  0     66.46   -0.4288E-03      13.1    447.1
2014 12  6   340   18 16  0     66.53   -0.4033E-03      12.4    445.1
2014 12  6   340   18 17  0     66.60   -0.4447E-03      13.5    447.8
2014 12  6   340   18 18  0     66.67   -0.4964E-03      15.1    446.5
2014 12  6   340   18 19  0     66.75   -0.4791E-03      14.7    443.6
2014 12  6   340   18 20  0     66.82   -0.4822E-03      14.9    442.3
2014 12  6   340   18 21  0     66.90   -0.4761E-03      14.8    440.2
2014 12  6   340   18 22  0     66.97   -0.5140E-03      15.8    441.8
2014 12  6   340   18 23  0     67.05   -0.5305E-03      16.4    439.6
2014 12  6   340   18 24  0     67.12   -0.5194E-03      16.1    439.1
2014 12  6   340   18 25  0     67.20   -0.5360E-03      16.5    439.8
2014 12  6   340   18 26  0     67.28   -0.6616E-03      20.1    442.3
2014 12  6   340   18 27  0     67.36   -0.7151E-03      21.6    444.1
2014 12  6   340   18 28  0     67.44   -0.7514E-03      22.6    444.8
2014 12  6   340   18 29  0     67.52   -0.7090E-03      21.5    443.9
2014 12  6   340   18 30  0     67.60   -0.6952E-03      21.1    444.8
2014 12  6   340   18 31  0     67.68   -0.7296E-03      22.1    445.7
2014 12  6   340   18 32  0     67.77   -0.7254E-03      21.9    447.9
2014 12  6   340   18 33  0     67.85   -0.6767E-03      20.7    446.2
2014 12  6   340   18 34  0     67.93   -0.6219E-03      19.2    445.7
2014 12  6   340   18 35  0     68.02   -0.6172E-03      19.0    447.5
2014 12  6   340   18 36  0     68.10   -0.5915E-03      18.5    445.3
2014 12  6   340   18 37  0     68.19   -0.6243E-03      19.5    445.5
2014 12  6   340   18 38  0     68.28   -0.6865E-03      21.4    447.0
2014 12  6   340   18 39  0     68.36   -0.8199E-03      25.3    450.9
2014 12  6   340   18 40  0     68.45   -0.8799E-03      27.3    450.6
2014 12  6   340   18 41  0     68.54   -0.8165E-03      25.5    449.0
2014 12  6   340   18 42  0     68.63   -0.7626E-03      23.8    448.5
2014 12  6   340   18 43  0     68.72   -0.7173E-03      22.5    446.3
2014 12  6   340   18 44  0     68.81   -0.6909E-03      21.7    445.8
2014 12  6   340   18 45  0     68.90   -0.6818E-03      21.5    445.1
2014 12  6   340   18 46  0     69.00   -0.6318E-03      20.1    443.3
2014 12  6   340   18 47  0     69.09   -0.5665E-03      18.3    441.3
2014 12  6   340   18 48  0     69.18   -0.5166E-03      16.9    439.8
2014 12  6   340   18 49  0     69.28   -0.4885E-03      16.2    437.8
2014 12  6   340   18 50  0     69.37   -0.4641E-03      15.5    434.5
2014 12  6   340   18 51  0     69.47   -0.4256E-03      14.5    430.7
2014 12  6   340   18 52  0     69.56   -0.4161E-03      14.4    426.9
2014 12  6   340   18 53  0     69.66   -0.4453E-03      15.3    427.6
2014 12  6   340   18 54  0     69.76   -0.4710E-03      16.2    427.7
2014 12  6   340   18 55  0     69.85   -0.4747E-03      16.4    427.9
2014 12  6   340   18 56  0     69.95   -0.4742E-03      16.4    429.4
2014 12  6   340   18 57  0     70.05   -0.4799E-03      16.6    429.0
2014 12  6   340   18 58  0     70.15   -0.4874E-03      16.9    429.3
2014 12  6   340   18 59  0     70.25   -0.4736E-03      16.6    427.2
2014 12  6   340   19  0  0     70.35   -0.4324E-03      15.5    423.5
2014 12  6   340   19  1  0     70.46   -0.4209E-03      15.1    424.0
2014 12  6   340   19  2  0     70.56   -0.4238E-03      15.3    422.9
2014 12  6   340   19  3  0     70.66   -0.4144E-03      15.1    421.2
2014 12  6   340   19  4  0     70.76   -0.4080E-03      15.0    420.2
2014 12  6   340   19  5  0     70.87   -0.4122E-03      15.2    421.3
2014 12  6   340   19  6  0     70.97   -0.4330E-03      16.0    421.5
2014 12  6   340   19  7  0     71.08   -0.4742E-03      17.4    426.1
2014 12  6   340   19  8  0     71.18   -0.5029E-03      18.4    427.9
2014 12  6   340   19  9  0     71.29   -0.5108E-03      18.9    427.0
2014 12  6   340   19 10  0     71.40   -0.5108E-03      18.9    428.8
2014 12  6   340   19 11  0     71.51   -0.4780E-03      18.0    426.7
2014 12  6   340   19 12  0     71.61   -0.4100E-03      15.8    420.9
2014 12  6   340   19 13  0     71.72   -0.3450E-03      13.7    414.6
2014 12  6   340   19 14  0     71.83   -0.3133E-03      12.7    412.6
2014 12  6   340   19 15  0     71.94   -0.3096E-03      12.7    411.4
2014 12  6   340   19 16  0     72.05   -0.3089E-03      12.8    409.4
2014 12  6   340   19 17  0     72.16   -0.3563E-03      14.6    416.6
2014 12  6   340   19 18  0     72.28   -0.3892E-03      15.8    422.9
2014 12  6   340   19 19  0     72.39   -0.4024E-03      16.3    426.0
2014 12  6   340   19 20  0     72.50   -0.3948E-03      16.2    424.4
2014 12  6   340   19 21  0     72.61   -0.4018E-03      16.8    422.5
2014 12  6   340   19 22  0     72.73   -0.3826E-03      16.2    420.7
2014 12  6   340   19 23  0     72.84   -0.3580E-03      15.4    416.9
2014 12  6   340   19 24  0     72.96   -0.3474E-03      15.1    415.8
2014 12  6   340   19 25  0     73.07   -0.3342E-03      14.7    413.6
2014 12  6   340   19 26  0     73.19   -0.2934E-03      13.3    406.3
2014 12  6   340   19 27  0     73.31   -0.2539E-03      12.0    397.5
2014 12  6   340   19 28  0     73.42   -0.2411E-03      11.7    391.6
2014 12  6   340   19 29  0     73.54   -0.2690E-03      12.7    402.6
2014 12  6   340   19 30  0     73.66   -0.2867E-03      13.6    401.6
2014 12  6   340   19 31  0     73.78   -0.2577E-03      12.6    393.9
2014 12  6   340   19 32  0     73.90   -0.2268E-03      11.5    386.0
2014 12  6   340   19 33  0     74.02   -0.2178E-03      11.2    384.5
2014 12  6   340   19 34  0     74.14   -0.2438E-03      12.4    390.7
2014 12  6   340   19 35  0     74.26   -0.2755E-03      13.7    400.1
2014 12  6   340   19 36  0     74.38   -0.2966E-03      15.0    400.2
2014 12  6   340   19 37  0     74.50   -0.3018E-03      15.3    403.6
2014 12  6   340   19 38  0     74.62   -0.2736E-03      14.3    397.3
2014 12  6   340   19 39  0     74.75   -0.2299E-03      12.7    383.0
2014 12  6   340   19 40  0     74.87   -0.2078E-03      11.8    378.1
2014 12  6   340   19 41  0     75.00   -0.1986E-03      11.5    375.6
2014 12  6   340   19 42  0     75.12   -0.1886E-03      11.2    372.7
2014 12  6   340   19 43  0     75.24   -0.1636E-03      10.3    360.5
2014 12  6   340   19 44  0     75.37   -0.1517E-03       9.9    356.5
2014 12  6   340   19 45  0     75.50   -0.1555E-03      10.1    360.6
2014 12  6   340   19 46  0     75.62   -0.1489E-03       9.9    357.8
2014 12  6   340   19 47  0     75.75   -0.1257E-03       9.2    340.7
2014 12  6   340   19 48  0     75.88   -0.9445E-04       7.9    321.1
2014 12  6   340   19 49  0     76.00   -0.6563E-04       6.5    302.2
2014 12  6   340   19 50  0     76.13   -0.6313E-04       6.4    300.5
2014 12  6   340   19 51  0     76.26   -0.9898E-04       8.4    321.3
2014 12  6   340   19 52  0     76.39   -0.1538E-03      11.3    349.2
2014 12  6   340   19 53  0     76.52   -0.1691E-03      12.3    356.7
2014 12  6   340   19 54  0     76.65   -0.1556E-03      11.7    350.4
2014 12  6   340   19 55  0     76.78   -0.1630E-03      12.5    349.2
2014 12  6   340   19 56  0     76.91   -0.1819E-03      13.7    360.0
2014 12  6   340   19 57  0     77.05   -0.1993E-03      14.9    368.9
2014 12  6   340   19 58  0     77.18   -0.1792E-03      14.2    355.8
2014 12  6   340   19 59  0     77.31   -0.1540E-03      12.8    347.1
2014 12  6   340   20  0  0     77.44   -0.1537E-03      13.3    343.2
2014 12  6   340   20  1  0     77.58   -0.1714E-03      14.4    357.9
2014 12  6   340   20  2  0     77.71   -0.1760E-03      14.9    360.9
2014 12  6   340   20  3  0     77.85   -0.1895E-03      15.9    371.4
2014 12  6   340   20  4  0     77.98   -0.1665E-03      15.0    353.2
2014 12  6   340   20  5  0     78.12   -0.1270E-03      12.5    335.3
2014 12  6   340   20  6  0     78.25   -0.8425E-04      10.0    301.8
2014 12  6   340   20  7  0     78.39   -0.4361E-04       7.7    264.6
2014 12  6   340   20  8  0     78.52   -0.4078E-04       7.5    262.3
2014 12  6   340   20  9  0     78.66   -0.5415E-04       8.8    271.0
2014 12  6   340   20 10  0     78.80   -0.8173E-04      10.8    294.7
2014 12  6   340   20 11  0     78.94   -0.1149E-03      13.5    320.2
2014 12  6   340   20 12  0     79.08   -0.1233E-03      14.1    331.6
2014 12  6   340   20 13  0     79.21   -0.9271E-04      12.4    303.4
2014 12  6   340   20 14  0     79.35   -0.4673E-04       9.1    262.0
2014 12  6   340   20 15  0     79.49   -0.1657E-04       6.9    230.4
2014 12  6   340   20 16  0     79.63   -0.1806E-04       7.2    231.2
2014 12  6   340   20 17  0     79.77   -0.2817E-04       8.1    242.3
2014 12  6   340   20 18  0     79.91   -0.3685E-04       9.3    250.0
2014 12  6   340   20 19  0     80.06   -0.5989E-04      11.5    274.3
2014 12  6   340   20 20  0     80.20   -0.8698E-04      14.4    301.7
2014 12  6   340   20 21  0     80.34   -0.9673E-04      15.7    313.1
2014 12  6   340   20 22  0     80.48   -0.8707E-04      15.0    307.9
2014 12  6   340   20 23  0     80.62   -0.6458E-04      13.3    281.1
2014 12  6   340   20 24  0     80.77   -0.4733E-04      12.0    260.7
2014 12  6   340   20 25  0     80.91   -0.3626E-04      11.0    247.7
2014 12  6   340   20 26  0     81.06   -0.2342E-04      10.1    230.6
2014 12  6   340   20 27  0     81.20   -0.1928E-04       9.8    225.2
2014 12  6   340   20 28  0     81.35   -0.2583E-04      10.8    233.4
2014 12  6   340   20 29  0     81.49   -0.3795E-04      12.5    249.1
2014 12  6   340   20 30  0     81.64   -0.4206E-04      13.4    254.3
2014 12  6   340   20 31  0     81.78   -0.3678E-04      13.0    248.5
2014 12  6   340   20 32  0     81.93   -0.2282E-04      11.7    228.6
2014 12  6   340   20 33  0     82.08   -0.1121E-04      10.5    212.2
2014 12  6   340   20 34  0     82.22   -0.2980E-05       9.7    199.8
2014 12  6   340   20 35  0     82.37   -0.4303E-05      10.2    201.7
2014 12  6   340   20 36  0     82.52   -0.1148E-04      11.9    212.5
2014 12  6   340   20 37  0     82.67   -0.2411E-04      13.9    234.2
2014 12  6   340   20 38  0     82.81   -0.2028E-04      13.8    228.6
2014 12  6   340   20 39  0     82.96   -0.3044E-07      11.0    193.9
2014 12  6   340   20 40  0     83.11    0.1197E-04       9.7    172.8
2014 12  6   340   20 41  0     83.26    0.4506E-05      11.3    186.4
2014 12  6   340   20 42  0     83.41    0.5430E-06      12.5    194.2
2014 12  6   340   20 43  0     83.56    0.6587E-05      12.0    183.1
2014 12  6   340   20 44  0     83.71    0.5255E-05      12.3    185.5
2014 12  6   340   20 45  0     83.87    0.1411E-05      13.6    193.8
2014 12  6   340   20 46  0     84.02   -0.2258E-05      15.0    202.3
2014 12  6   340   20 47  0     84.17   -0.6737E-05      17.1    213.6
2014 12  6   340   20 48  0     84.32   -0.1368E-04      18.6    232.8
2014 12  6   340   20 49  0     84.47   -0.5730E-05      18.0    216.5
2014 12  6   340   20 50  0     84.63    0.2651E-05      16.7    198.7
2014 12  6   340   20 51  0     84.78    0.1004E-04      15.4    181.6
2014 12  6   340   20 52  0     84.93    0.1756E-04      14.7    164.5
2014 12  6   340   20 53  0     85.09    0.1769E-04      15.6    166.2
2014 12  6   340   20 54  0     85.24    0.1276E-04      17.5    181.8
2014 12  6   340   20 55  0     85.40    0.1260E-04      18.4    185.3
2014 12  6   340   20 56  0     85.55    0.2022E-04      17.2    165.5
2014 12  6   340   20 57  0     85.71    0.2862E-04      15.2    141.2
2014 12  6   340   20 58  0     85.86    0.3002E-04      14.6    135.3
2014 12  6   340   20 59  0     86.02    0.2909E-04      15.5    138.2
2014 12  6   340   21  0  0     86.17    0.3156E-04      15.6    134.0
2014 12  6   340   21  1  0     86.33    0.3120E-04      17.2    139.2
2014 12  6   340   21  2  0     86.49    0.2912E-04      20.2    154.5
2014 12  6   340   21  3  0     86.64    0.2863E-04      21.5    159.7
2014 12  6   340   21  4  0     86.80    0.3573E-04      18.9    133.0
2014 12  6   340   21  5  0     86.96    0.4298E-04      16.2    111.2
2014 12  6   340   21  6  0     87.12    0.4345E-04      16.5    110.4
2014 12  6   340   21  7  0     87.27    0.4294E-04      17.6    113.4
2014 12  6   340   21  8  0     87.43    0.4629E-04      17.5    108.0
2014 12  6   340   21  9  0     87.59    0.4974E-04      15.4     95.6
2014 12  6   340   21 10  0     87.75    0.5273E-04      15.7     91.1
2014 12  6   340   21 11  0     87.91    0.5027E-04      16.4     93.3
2014 12  6   340   21 12  0     88.07    0.5275E-04      14.9     83.4
2014 12  6   340   21 13  0     88.23    0.5822E-04      12.5     68.8
2014 12  6   340   21 14  0     88.39    0.5879E-04      10.8     60.3
2014 12  6   340   21 15  0     88.55    0.6014E-04       9.9     53.7
2014 12  6   340   21 16  0     88.71    0.5834E-04      12.0     59.9
2014 12  6   340   21 17  0     88.87    0.5807E-04      14.7     66.7
2014 12  6   340   21 18  0     89.04    0.5949E-04      15.0     63.8
2014 12  6   340   21 19  0     89.20    0.6026E-04      14.7     60.7
2014 12  6   340   21 20  0     89.36    0.5939E-04      15.2     61.2
2014 12  6   340   21 21  0     89.52    0.5674E-04      16.2     64.6
2014 12  6   340   21 22  0     89.68    0.5871E-04      15.9     59.2
2014 12  6   340   21 23  0     89.85    0.6070E-04      15.3     52.7
