                            NILUUV 115

Uvpro Version 2.0
Latitude :   40.74 (North)
Longitude:  -74.03  (West)
Calibration file: cf100603a.115
Height above sea level:    40.0  m
CLT derived from channel 4
CLT scale factor used:   1.0
Ozone derived from channel pair ch3/ch1
Ozone scale factor used:   1.0
Drift factors ch1-ch6:   3.000154.000  1.000  1.000  1.000  1.000
Ozone profile climatology: Mid  Latitude
Dose type:    CLW    Caldwell Plant 1971           

yyyy mm dd   jul   hh mm ss      SZA     dose rate       clt     Ozone
                              [degrees]   [W/m^2]        [%]     [DU]
2014 11 16   320   11 50  0     89.91    0.4206E-04      55.1    231.0
2014 11 16   320   11 51  0     89.74    0.4070E-04      54.5    232.2
2014 11 16   320   11 52  0     89.57    0.3555E-04      53.2    245.9
2014 11 16   320   11 53  0     89.40    0.3186E-04      52.1    250.0
2014 11 16   320   11 54  0     89.23    0.3162E-04      51.5    248.9
2014 11 16   320   11 55  0     89.06    0.3014E-04      50.9    249.7
2014 11 16   320   11 56  0     88.89    0.2708E-04      50.0    269.1
2014 11 16   320   11 57  0     88.72    0.2497E-04      49.0    263.0
2014 11 16   320   11 58  0     88.55    0.2237E-04      47.6    267.5
2014 11 16   320   11 59  0     88.38    0.1844E-04      45.4    270.7
2014 11 16   320   12  0  0     88.21    0.2116E-04      42.1    252.8
2014 11 16   320   12  1  0     88.04    0.1763E-04      39.0    255.4
2014 11 16   320   12  2  0     87.88    0.1655E-04      36.5    260.6
2014 11 16   320   12  3  0     87.71    0.1703E-04      34.4    249.5
2014 11 16   320   12  4  0     87.54    0.1717E-04      32.6    240.6
2014 11 16   320   12  5  0     87.37    0.1505E-04      31.9    238.5
2014 11 16   320   12  6  0     87.20    0.1131E-04      32.3    246.9
2014 11 16   320   12  7  0     87.04    0.8041E-05      33.3    251.9
2014 11 16   320   12  8  0     86.87    0.4720E-05      34.5    259.7
2014 11 16   320   12  9  0     86.70   -0.5551E-05      36.0    287.1
2014 11 16   320   12 10  0     86.54   -0.1356E-04      37.1    303.0
2014 11 16   320   12 11  0     86.37   -0.1917E-04      37.8    311.7
2014 11 16   320   12 12  0     86.21   -0.2622E-04      38.4    323.3
2014 11 16   320   12 13  0     86.04   -0.2860E-04      38.9    317.7
2014 11 16   320   12 14  0     85.87   -0.3668E-04      38.3    335.9
2014 11 16   320   12 15  0     85.71   -0.3802E-04      36.9    331.7
2014 11 16   320   12 16  0     85.55   -0.4029E-04      35.2    332.1
2014 11 16   320   12 17  0     85.38   -0.3865E-04      33.4    318.7
2014 11 16   320   12 18  0     85.22   -0.3735E-04      31.6    308.1
2014 11 16   320   12 19  0     85.05   -0.3609E-04      29.8    298.1
2014 11 16   320   12 20  0     84.89   -0.3924E-04      28.5    302.8
2014 11 16   320   12 21  0     84.73   -0.4313E-04      27.5    309.5
2014 11 16   320   12 22  0     84.56   -0.4164E-04      26.5    296.6
2014 11 16   320   12 23  0     84.40   -0.4552E-04      25.5    304.1
2014 11 16   320   12 24  0     84.24   -0.4645E-04      24.6    300.5
2014 11 16   320   12 25  0     84.07   -0.4998E-04      23.8    305.7
2014 11 16   320   12 26  0     83.91   -0.4923E-04      23.0    297.3
2014 11 16   320   12 27  0     83.75   -0.4921E-04      22.2    291.8
2014 11 16   320   12 28  0     83.59   -0.5059E-04      21.6    290.8
2014 11 16   320   12 29  0     83.43   -0.5270E-04      21.0    292.1
2014 11 16   320   12 30  0     83.27   -0.5659E-04      20.6    297.6
2014 11 16   320   12 31  0     83.11   -0.6221E-04      20.6    304.5
2014 11 16   320   12 32  0     82.95   -0.6733E-04      21.0    306.3
2014 11 16   320   12 33  0     82.79   -0.7682E-04      21.4    321.5
2014 11 16   320   12 34  0     82.63   -0.8494E-04      21.8    329.3
2014 11 16   320   12 35  0     82.47   -0.9524E-04      22.3    343.6
2014 11 16   320   12 36  0     82.31   -0.1034E-03      22.5    351.8
2014 11 16   320   12 37  0     82.15   -0.1124E-03      22.9    360.1
2014 11 16   320   12 38  0     81.99   -0.1211E-03      23.3    366.4
2014 11 16   320   12 39  0     81.84   -0.1250E-03      23.1    366.5
2014 11 16   320   12 40  0     81.68   -0.1232E-03      22.4    356.0
2014 11 16   320   12 41  0     81.52   -0.1243E-03      21.8    355.4
2014 11 16   320   12 42  0     81.36   -0.1296E-03      21.2    366.8
2014 11 16   320   12 43  0     81.21   -0.1284E-03      20.5    361.5
2014 11 16   320   12 44  0     81.05   -0.1238E-03      19.6    348.7
2014 11 16   320   12 45  0     80.90   -0.1216E-03      18.8    343.5
2014 11 16   320   12 46  0     80.74   -0.1227E-03      18.3    345.6
2014 11 16   320   12 47  0     80.59   -0.1255E-03      18.0    346.6
2014 11 16   320   12 48  0     80.43   -0.1313E-03      18.0    350.1
2014 11 16   320   12 49  0     80.28   -0.1398E-03      18.3    355.2
2014 11 16   320   12 50  0     80.12   -0.1517E-03      18.9    361.3
2014 11 16   320   12 51  0     79.97   -0.1702E-03      19.8    377.7
2014 11 16   320   12 52  0     79.82   -0.1904E-03      20.9    391.2
2014 11 16   320   12 53  0     79.66   -0.2161E-03      22.2    413.1
2014 11 16   320   12 54  0     79.51   -0.2378E-03      23.5    421.1
2014 11 16   320   12 55  0     79.36   -0.2561E-03      24.4    426.8
2014 11 16   320   12 56  0     79.21   -0.2688E-03      24.9    426.1
2014 11 16   320   12 57  0     79.05   -0.2866E-03      25.5    436.3
2014 11 16   320   12 58  0     78.90   -0.3073E-03      26.3    446.5
2014 11 16   320   12 59  0     78.75   -0.3260E-03      27.4    441.5
2014 11 16   320   13  0  0     78.60   -0.3553E-03      28.7    454.0
2014 11 16   320   13  1  0     78.45   -0.3851E-03      30.2    457.5
2014 11 16   320   13  2  0     78.30   -0.4213E-03      32.0    465.4
2014 11 16   320   13  3  0     78.15   -0.4596E-03      34.0    469.7
2014 11 16   320   13  4  0     78.00   -0.4983E-03      35.7    478.7
2014 11 16   320   13  5  0     77.85   -0.5301E-03      36.9    482.2
2014 11 16   320   13  6  0     77.71   -0.5618E-03      37.9    490.6
2014 11 16   320   13  7  0     77.56   -0.5837E-03      38.6    481.0
2014 11 16   320   13  8  0     77.41   -0.6148E-03      39.5    486.6
2014 11 16   320   13  9  0     77.26   -0.6447E-03      40.5    484.0
2014 11 16   320   13 10  0     77.12   -0.6811E-03      41.8    487.5
2014 11 16   320   13 11  0     76.97   -0.7126E-03      43.2    483.2
2014 11 16   320   13 12  0     76.83   -0.7483E-03      44.7    486.1
2014 11 16   320   13 13  0     76.68   -0.7825E-03      46.0    490.3
2014 11 16   320   13 14  0     76.53   -0.8203E-03      47.5    493.7
2014 11 16   320   13 15  0     76.39   -0.8639E-03      49.1    495.8
2014 11 16   320   13 16  0     76.25   -0.9071E-03      50.5    493.2
2014 11 16   320   13 17  0     76.10   -0.9423E-03      51.3    491.8
2014 11 16   320   13 18  0     75.96   -0.9560E-03      51.2    486.6
2014 11 16   320   13 19  0     75.81   -0.9507E-03      49.9    485.2
2014 11 16   320   13 20  0     75.67   -0.9116E-03      47.2    475.7
2014 11 16   320   13 21  0     75.53   -0.8411E-03      42.9    468.1
2014 11 16   320   13 22  0     75.39   -0.7690E-03      38.6    459.0
2014 11 16   320   13 23  0     75.25   -0.7539E-03      37.5    451.2
2014 11 16   320   13 24  0     75.11   -0.8005E-03      39.3    453.3
2014 11 16   320   13 25  0     74.97   -0.8325E-03      40.5    457.0
2014 11 16   320   13 26  0     74.83   -0.8197E-03      39.4    454.1
2014 11 16   320   13 27  0     74.69   -0.8238E-03      38.9    452.3
2014 11 16   320   13 28  0     74.55   -0.8510E-03      39.6    452.3
2014 11 16   320   13 29  0     74.41   -0.8819E-03      40.5    449.7
2014 11 16   320   13 30  0     74.27   -0.9271E-03      41.9    450.1
2014 11 16   320   13 31  0     74.13   -0.9790E-03      43.6    451.3
2014 11 16   320   13 32  0     74.00   -0.1007E-02      44.4    448.5
2014 11 16   320   13 33  0     73.86   -0.1012E-02      44.0    448.8
2014 11 16   320   13 34  0     73.72   -0.1004E-02      43.1    446.1
2014 11 16   320   13 35  0     73.59   -0.9985E-03      42.4    444.7
2014 11 16   320   13 36  0     73.45   -0.9903E-03      41.6    442.3
2014 11 16   320   13 37  0     73.32   -0.9831E-03      40.8    440.3
2014 11 16   320   13 38  0     73.18   -0.9784E-03      40.2    438.5
2014 11 16   320   13 39  0     73.05   -0.9877E-03      40.3    436.8
2014 11 16   320   13 40  0     72.91   -0.1016E-02      40.9    437.6
2014 11 16   320   13 41  0     72.78   -0.1048E-02      41.8    437.9
2014 11 16   320   13 42  0     72.65   -0.1082E-02      42.9    437.1
2014 11 16   320   13 43  0     72.52   -0.1132E-02      44.5    436.7
2014 11 16   320   13 44  0     72.38   -0.1186E-02      46.2    436.1
2014 11 16   320   13 45  0     72.25   -0.1227E-02      47.5    435.5
2014 11 16   320   13 46  0     72.12   -0.1245E-02      47.7    436.0
2014 11 16   320   13 47  0     71.99   -0.1247E-02      47.3    436.0
2014 11 16   320   13 48  0     71.86   -0.1255E-02      47.3    434.2
2014 11 16   320   13 49  0     71.73   -0.1270E-02      47.4    433.8
2014 11 16   320   13 50  0     71.61   -0.1269E-02      47.1    431.5
2014 11 16   320   13 51  0     71.48   -0.1270E-02      46.8    431.5
2014 11 16   320   13 52  0     71.35   -0.1276E-02      46.8    431.6
2014 11 16   320   13 53  0     71.22   -0.1295E-02      47.4    432.1
2014 11 16   320   13 54  0     71.10   -0.1322E-02      48.0    434.2
2014 11 16   320   13 55  0     70.97   -0.1318E-02      47.5    433.3
2014 11 16   320   13 56  0     70.85   -0.1302E-02      46.6    431.3
2014 11 16   320   13 57  0     70.72   -0.1290E-02      45.9    429.5
2014 11 16   320   13 58  0     70.60   -0.1280E-02      45.4    427.8
2014 11 16   320   13 59  0     70.47   -0.1285E-02      45.3    427.0
2014 11 16   320   14  0  0     70.35   -0.1304E-02      45.8    427.3
2014 11 16   320   14  1  0     70.23   -0.1324E-02      46.2    428.4
2014 11 16   320   14  2  0     70.10   -0.1313E-02      45.7    428.7
2014 11 16   320   14  3  0     69.98   -0.1274E-02      44.3    428.9
2014 11 16   320   14  4  0     69.86   -0.1229E-02      42.6    427.4
2014 11 16   320   14  5  0     69.74   -0.1198E-02      41.4    426.8
2014 11 16   320   14  6  0     69.62   -0.1178E-02      40.5    426.7
2014 11 16   320   14  7  0     69.50   -0.1148E-02      39.4    426.7
2014 11 16   320   14  8  0     69.38   -0.1103E-02      37.6    426.7
2014 11 16   320   14  9  0     69.26   -0.1051E-02      35.8    425.6
2014 11 16   320   14 10  0     69.15   -0.1014E-02      34.5    425.2
2014 11 16   320   14 11  0     69.03   -0.9896E-03      33.4    425.2
2014 11 16   320   14 12  0     68.91   -0.9610E-03      32.4    424.3
2014 11 16   320   14 13  0     68.80   -0.9259E-03      31.2    422.7
2014 11 16   320   14 14  0     68.68   -0.9031E-03      30.5    421.9
2014 11 16   320   14 15  0     68.56   -0.9110E-03      30.7    422.6
2014 11 16   320   14 16  0     68.45   -0.9440E-03      31.8    422.9
2014 11 16   320   14 17  0     68.34   -0.9824E-03      33.1    422.8
2014 11 16   320   14 18  0     68.22   -0.1014E-02      34.0    423.7
2014 11 16   320   14 19  0     68.11   -0.1025E-02      34.2    424.4
2014 11 16   320   14 20  0     68.00   -0.1006E-02      33.6    424.0
2014 11 16   320   14 21  0     67.89   -0.9665E-03      32.3    424.0
2014 11 16   320   14 22  0     67.78   -0.9173E-03      30.6    423.9
2014 11 16   320   14 23  0     67.67   -0.9010E-03      30.1    423.7
2014 11 16   320   14 24  0     67.56   -0.9236E-03      30.7    424.0
2014 11 16   320   14 25  0     67.45   -0.9225E-03      30.8    423.4
2014 11 16   320   14 26  0     67.34   -0.8902E-03      29.8    422.9
2014 11 16   320   14 27  0     67.23   -0.8494E-03      28.3    423.0
2014 11 16   320   14 28  0     67.12   -0.8297E-03      27.6    423.3
2014 11 16   320   14 29  0     67.02   -0.8224E-03      27.4    423.3
2014 11 16   320   14 30  0     66.91   -0.8141E-03      27.1    423.4
2014 11 16   320   14 31  0     66.81   -0.8015E-03      26.7    424.2
2014 11 16   320   14 32  0     66.70   -0.7875E-03      26.2    424.9
2014 11 16   320   14 33  0     66.60   -0.7837E-03      26.1    425.0
2014 11 16   320   14 34  0     66.49   -0.8044E-03      26.7    426.1
2014 11 16   320   14 35  0     66.39   -0.8311E-03      27.6    426.8
2014 11 16   320   14 36  0     66.29   -0.8597E-03      28.5    427.0
2014 11 16   320   14 37  0     66.19   -0.8846E-03      29.5    426.9
2014 11 16   320   14 38  0     66.09   -0.9137E-03      30.4    427.3
2014 11 16   320   14 39  0     65.99   -0.9530E-03      31.8    428.8
2014 11 16   320   14 40  0     65.89   -0.1003E-02      33.6    427.8
2014 11 16   320   14 41  0     65.79   -0.1060E-02      35.6    428.0
2014 11 16   320   14 42  0     65.69   -0.1102E-02      37.3    427.9
2014 11 16   320   14 43  0     65.59   -0.1111E-02      37.8    428.0
2014 11 16   320   14 44  0     65.50   -0.1066E-02      36.4    428.2
2014 11 16   320   14 45  0     65.40   -0.9807E-03      33.4    428.8
2014 11 16   320   14 46  0     65.31   -0.9196E-03      31.2    429.6
2014 11 16   320   14 47  0     65.21   -0.9222E-03      31.4    429.8
2014 11 16   320   14 48  0     65.12   -0.9679E-03      33.2    429.8
2014 11 16   320   14 49  0     65.02   -0.1022E-02      35.3    429.5
2014 11 16   320   14 50  0     64.93   -0.1061E-02      37.1    430.2
2014 11 16   320   14 51  0     64.84   -0.1085E-02      38.2    430.3
2014 11 16   320   14 52  0     64.75   -0.1115E-02      39.6    429.0
2014 11 16   320   14 53  0     64.66   -0.1153E-02      41.2    429.0
2014 11 16   320   14 54  0     64.57   -0.1182E-02      42.6    428.9
2014 11 16   320   14 55  0     64.48   -0.1203E-02      43.7    428.8
2014 11 16   320   14 56  0     64.39   -0.1221E-02      44.6    429.2
2014 11 16   320   14 57  0     64.30   -0.1221E-02      44.8    429.5
2014 11 16   320   14 58  0     64.22   -0.1210E-02      44.7    429.9
2014 11 16   320   14 59  0     64.13   -0.1183E-02      43.8    430.3
2014 11 16   320   15  0  0     64.04   -0.1102E-02      41.1    429.7
2014 11 16   320   15  1  0     63.96   -0.9740E-03      36.9    429.4
2014 11 16   320   15  2  0     63.88   -0.8600E-03      33.2    426.3
2014 11 16   320   15  3  0     63.79   -0.7896E-03      31.1    425.7
2014 11 16   320   15  4  0     63.71   -0.7496E-03      29.7    426.4
2014 11 16   320   15  5  0     63.63   -0.7365E-03      29.1    428.0
2014 11 16   320   15  6  0     63.55   -0.7457E-03      29.4    429.5
2014 11 16   320   15  7  0     63.47   -0.7780E-03      30.6    430.9
2014 11 16   320   15  8  0     63.39   -0.8222E-03      32.3    432.3
2014 11 16   320   15  9  0     63.31   -0.8665E-03      33.8    433.6
2014 11 16   320   15 10  0     63.23   -0.8887E-03      34.9    433.7
2014 11 16   320   15 11  0     63.15   -0.8951E-03      35.2    433.5
2014 11 16   320   15 12  0     63.07   -0.8747E-03      35.0    432.5
2014 11 16   320   15 13  0     63.00   -0.8599E-03      34.8    432.8
2014 11 16   320   15 14  0     62.92   -0.8659E-03      35.2    433.0
2014 11 16   320   15 15  0     62.85   -0.8569E-03      34.9    433.6
2014 11 16   320   15 16  0     62.78   -0.8335E-03      34.0    433.9
2014 11 16   320   15 17  0     62.70   -0.8124E-03      33.6    433.7
2014 11 16   320   15 18  0     62.63   -0.8035E-03      33.5    433.9
2014 11 16   320   15 19  0     62.56   -0.7920E-03      33.3    434.3
2014 11 16   320   15 20  0     62.49   -0.7753E-03      32.9    434.6
2014 11 16   320   15 21  0     62.42   -0.7555E-03      32.2    434.7
2014 11 16   320   15 22  0     62.35   -0.7354E-03      31.5    435.1
2014 11 16   320   15 23  0     62.28   -0.7170E-03      31.4    434.6
2014 11 16   320   15 24  0     62.21   -0.7188E-03      31.8    434.7
2014 11 16   320   15 25  0     62.15   -0.7218E-03      32.1    435.0
2014 11 16   320   15 26  0     62.08   -0.7145E-03      32.1    435.1
2014 11 16   320   15 27  0     62.02   -0.7125E-03      32.1    435.5
2014 11 16   320   15 28  0     61.95   -0.7056E-03      32.1    436.0
2014 11 16   320   15 29  0     61.89   -0.7021E-03      32.3    436.1
2014 11 16   320   15 30  0     61.83   -0.6916E-03      32.2    436.1
2014 11 16   320   15 31  0     61.77   -0.6695E-03      31.7    435.9
2014 11 16   320   15 32  0     61.71   -0.6479E-03      31.1    435.6
2014 11 16   320   15 33  0     61.64   -0.6269E-03      30.4    435.7
2014 11 16   320   15 34  0     61.59   -0.6102E-03      29.8    435.9
2014 11 16   320   15 35  0     61.53   -0.6038E-03      29.7    436.2
2014 11 16   320   15 36  0     61.47   -0.6078E-03      30.2    436.4
2014 11 16   320   15 37  0     61.41   -0.6204E-03      31.4    436.3
2014 11 16   320   15 38  0     61.36   -0.6275E-03      32.7    435.2
2014 11 16   320   15 39  0     61.30   -0.6273E-03      33.5    434.8
2014 11 16   320   15 40  0     61.25   -0.6350E-03      34.3    434.9
2014 11 16   320   15 41  0     61.19   -0.6530E-03      36.2    434.6
2014 11 16   320   15 42  0     61.14   -0.6706E-03      38.4    434.0
2014 11 16   320   15 43  0     61.09   -0.6678E-03      39.6    433.3
2014 11 16   320   15 44  0     61.04   -0.6508E-03      39.1    433.4
2014 11 16   320   15 45  0     60.99   -0.6304E-03      37.7    434.6
2014 11 16   320   15 46  0     60.94   -0.6229E-03      37.6    434.8
2014 11 16   320   15 47  0     60.89   -0.6281E-03      39.2    434.3
2014 11 16   320   15 48  0     60.84   -0.6259E-03      40.8    433.7
2014 11 16   320   15 49  0     60.80   -0.6007E-03      40.4    433.3
2014 11 16   320   15 50  0     60.75   -0.5613E-03      38.0    433.4
2014 11 16   320   15 51  0     60.70   -0.5185E-03      35.1    433.7
2014 11 16   320   15 52  0     60.66   -0.4813E-03      32.3    434.3
2014 11 16   320   15 53  0     60.62   -0.4636E-03      30.3    435.4
2014 11 16   320   15 54  0     60.57   -0.4619E-03      29.7    436.2
2014 11 16   320   15 55  0     60.53   -0.4686E-03      31.1    435.7
2014 11 16   320   15 56  0     60.49   -0.4573E-03      32.9    433.4
2014 11 16   320   15 57  0     60.45   -0.4371E-03      33.3    432.5
2014 11 16   320   15 58  0     60.41   -0.4320E-03      32.5    433.3
2014 11 16   320   15 59  0     60.37   -0.4173E-03      31.1    434.0
2014 11 16   320   16  0  0     60.34   -0.4020E-03      29.3    435.0
2014 11 16   320   16  1  0     60.30   -0.3871E-03      27.4    436.1
2014 11 16   320   16  2  0     60.26   -0.3656E-03      25.4    437.4
2014 11 16   320   16  3  0     60.23   -0.3499E-03      23.9    438.1
2014 11 16   320   16  4  0     60.20   -0.3437E-03      23.3    438.7
2014 11 16   320   16  5  0     60.16   -0.3382E-03      22.7    439.2
2014 11 16   320   16  6  0     60.13   -0.3352E-03      22.0    440.0
2014 11 16   320   16  7  0     60.10   -0.3394E-03      21.6    441.3
2014 11 16   320   16  8  0     60.07   -0.3382E-03      21.4    441.8
2014 11 16   320   16  9  0     60.04   -0.3371E-03      21.2    442.2
2014 11 16   320   16 10  0     60.01   -0.3370E-03      20.9    442.9
2014 11 16   320   16 11  0     59.98   -0.3314E-03      20.6    443.1
2014 11 16   320   16 12  0     59.96   -0.3271E-03      20.7    442.8
2014 11 16   320   16 13  0     59.93   -0.3200E-03      21.1    441.9
2014 11 16   320   16 14  0     59.91   -0.3222E-03      21.9    441.4
2014 11 16   320   16 15  0     59.88   -0.3285E-03      23.0    440.9
2014 11 16   320   16 16  0     59.86   -0.3391E-03      24.4    440.6
2014 11 16   320   16 17  0     59.84   -0.3453E-03      25.6    440.1
2014 11 16   320   16 18  0     59.82   -0.3453E-03      26.4    439.7
2014 11 16   320   16 19  0     59.80   -0.3438E-03      27.1    439.3
2014 11 16   320   16 20  0     59.78   -0.3402E-03      27.6    438.9
2014 11 16   320   16 21  0     59.76   -0.3341E-03      27.6    438.7
2014 11 16   320   16 22  0     59.74   -0.3225E-03      27.1    438.5
2014 11 16   320   16 23  0     59.72   -0.3159E-03      26.3    438.7
2014 11 16   320   16 24  0     59.71   -0.3122E-03      25.4    439.3
2014 11 16   320   16 25  0     59.69   -0.3077E-03      24.6    439.8
2014 11 16   320   16 26  0     59.68   -0.3106E-03      24.2    440.5
2014 11 16   320   16 27  0     59.66   -0.3076E-03      24.0    440.6
2014 11 16   320   16 28  0     59.65   -0.3119E-03      24.4    440.7
2014 11 16   320   16 29  0     59.64   -0.3205E-03      25.3    440.7
2014 11 16   320   16 30  0     59.63   -0.3263E-03      26.7    440.2
2014 11 16   320   16 31  0     59.62   -0.3180E-03      27.6    439.2
2014 11 16   320   16 32  0     59.61   -0.3140E-03      27.5    439.1
2014 11 16   320   16 33  0     59.60   -0.3159E-03      27.4    439.4
2014 11 16   320   16 34  0     59.60   -0.3218E-03      28.0    439.5
2014 11 16   320   16 35  0     59.59   -0.3231E-03      28.4    439.4
2014 11 16   320   16 36  0     59.58   -0.3250E-03      28.5    439.5
2014 11 16   320   16 37  0     59.58   -0.3320E-03      29.0    439.6
2014 11 16   320   16 38  0     59.58   -0.3380E-03      29.9    439.4
2014 11 16   320   16 39  0     59.57   -0.3365E-03      30.5    439.0
2014 11 16   320   16 40  0     59.57   -0.3329E-03      30.6    438.8
2014 11 16   320   16 41  0     59.57   -0.3247E-03      30.1    438.7
2014 11 16   320   16 42  0     59.57   -0.3188E-03      29.3    438.7
2014 11 16   320   16 43  0     59.57   -0.3043E-03      28.7    438.3
2014 11 16   320   16 44  0     59.58   -0.2929E-03      28.3    437.9
2014 11 16   320   16 45  0     59.58   -0.2799E-03      27.9    437.3
2014 11 16   320   16 46  0     59.58   -0.2705E-03      27.2    437.1
2014 11 16   320   16 47  0     59.59   -0.2669E-03      26.6    437.2
2014 11 16   320   16 48  0     59.59   -0.2651E-03      26.2    437.3
2014 11 16   320   16 49  0     59.60   -0.2578E-03      25.3    437.3
2014 11 16   320   16 50  0     59.61   -0.2580E-03      24.4    437.8
2014 11 16   320   16 51  0     59.62   -0.2570E-03      24.0    437.9
2014 11 16   320   16 52  0     59.63   -0.2607E-03      23.7    438.2
2014 11 16   320   16 53  0     59.64   -0.2584E-03      23.9    437.9
2014 11 16   320   16 54  0     59.65   -0.2565E-03      23.3    438.0
2014 11 16   320   16 55  0     59.66   -0.2551E-03      22.4    438.5
2014 11 16   320   16 56  0     59.67   -0.2533E-03      21.7    438.8
2014 11 16   320   16 57  0     59.68   -0.2564E-03      21.4    439.2
2014 11 16   320   16 58  0     59.70   -0.2662E-03      21.6    439.6
2014 11 16   320   16 59  0     59.71   -0.2760E-03      22.2    439.6
2014 11 16   320   17  0  0     59.73   -0.2921E-03      23.5    439.5
2014 11 16   320   17  1  0     59.75   -0.2885E-03      24.5    438.3
2014 11 16   320   17  2  0     59.77   -0.2773E-03      24.1    437.7
2014 11 16   320   17  3  0     59.79   -0.2708E-03      22.9    438.0
2014 11 16   320   17  4  0     59.81   -0.2701E-03      21.7    438.7
2014 11 16   320   17  5  0     59.83   -0.2615E-03      20.3    439.2
2014 11 16   320   17  6  0     59.85   -0.2608E-03      19.4    439.8
2014 11 16   320   17  7  0     59.87   -0.2702E-03      19.9    439.7
2014 11 16   320   17  8  0     59.90   -0.2826E-03      21.6    438.8
2014 11 16   320   17  9  0     59.92   -0.2946E-03      23.3    437.9
2014 11 16   320   17 10  0     59.95   -0.2971E-03      24.0    437.2
2014 11 16   320   17 11  0     59.97   -0.2933E-03      23.5    437.2
2014 11 16   320   17 12  0     60.00   -0.2933E-03      22.9    437.1
2014 11 16   320   17 13  0     60.03   -0.2832E-03      22.2    436.6
2014 11 16   320   17 14  0     60.06   -0.2674E-03      21.5    435.7
2014 11 16   320   17 15  0     60.09   -0.2538E-03      20.5    435.2
2014 11 16   320   17 16  0     60.12   -0.2450E-03      19.3    435.3
2014 11 16   320   17 17  0     60.15   -0.2414E-03      18.7    435.4
2014 11 16   320   17 18  0     60.18   -0.2381E-03      17.9    435.7
2014 11 16   320   17 19  0     60.22   -0.2435E-03      17.4    436.6
2014 11 16   320   17 20  0     60.25   -0.2472E-03      17.4    436.8
2014 11 16   320   17 21  0     60.29   -0.2458E-03      17.3    436.3
2014 11 16   320   17 22  0     60.32   -0.2487E-03      17.3    436.6
2014 11 16   320   17 23  0     60.36   -0.2478E-03      17.2    436.2
2014 11 16   320   17 24  0     60.40   -0.2437E-03      17.0    435.2
2014 11 16   320   17 25  0     60.44   -0.2497E-03      17.0    435.9
2014 11 16   320   17 26  0     60.48   -0.2572E-03      17.3    435.9
2014 11 16   320   17 27  0     60.52   -0.2656E-03      17.8    435.6
2014 11 16   320   17 28  0     60.56   -0.2794E-03      18.6    435.4
2014 11 16   320   17 29  0     60.60   -0.2944E-03      19.6    435.0
2014 11 16   320   17 30  0     60.64   -0.3104E-03      20.5    434.7
2014 11 16   320   17 31  0     60.69   -0.3159E-03      21.1    434.0
2014 11 16   320   17 32  0     60.73   -0.3216E-03      21.4    433.7
2014 11 16   320   17 33  0     60.78   -0.3273E-03      21.1    434.1
2014 11 16   320   17 34  0     60.82   -0.3230E-03      19.8    435.1
2014 11 16   320   17 35  0     60.87   -0.3188E-03      18.5    436.3
2014 11 16   320   17 36  0     60.92   -0.3151E-03      18.1    436.2
2014 11 16   320   17 37  0     60.97   -0.3166E-03      18.2    435.7
2014 11 16   320   17 38  0     61.02   -0.3213E-03      18.4    434.8
2014 11 16   320   17 39  0     61.07   -0.3240E-03      18.7    434.0
2014 11 16   320   17 40  0     61.12   -0.3243E-03      18.9    433.0
2014 11 16   320   17 41  0     61.17   -0.3287E-03      19.0    432.7
2014 11 16   320   17 42  0     61.23   -0.3281E-03      19.0    432.0
2014 11 16   320   17 43  0     61.28   -0.3343E-03      19.1    431.8
2014 11 16   320   17 44  0     61.33   -0.3453E-03      19.6    431.5
2014 11 16   320   17 45  0     61.39   -0.3536E-03      20.1    430.9
2014 11 16   320   17 46  0     61.45   -0.3575E-03      20.2    430.6
2014 11 16   320   17 47  0     61.50   -0.3523E-03      19.9    430.1
2014 11 16   320   17 48  0     61.56   -0.3440E-03      18.9    430.4
2014 11 16   320   17 49  0     61.62   -0.3326E-03      18.0    430.4
2014 11 16   320   17 50  0     61.68   -0.3306E-03      17.7    430.3
2014 11 16   320   17 51  0     61.74   -0.3380E-03      17.9    430.1
2014 11 16   320   17 52  0     61.80   -0.3460E-03      18.2    429.7
2014 11 16   320   17 53  0     61.86   -0.3566E-03      18.4    431.1
2014 11 16   320   17 54  0     61.93   -0.3688E-03      18.7    431.3
2014 11 16   320   17 55  0     61.99   -0.3890E-03      19.5    431.2
2014 11 16   320   17 56  0     62.06   -0.4250E-03      21.1    430.0
2014 11 16   320   17 57  0     62.12   -0.4540E-03      22.6    429.2
2014 11 16   320   17 58  0     62.19   -0.4793E-03      24.0    428.4
2014 11 16   320   17 59  0     62.25   -0.5057E-03      25.5    427.5
2014 11 16   320   18  0  0     62.32   -0.5469E-03      27.3    427.3
2014 11 16   320   18  1  0     62.39   -0.5912E-03      29.8    426.3
2014 11 16   320   18  2  0     62.46   -0.6440E-03      32.7    425.4
2014 11 16   320   18  3  0     62.53   -0.6996E-03      35.5    424.8
2014 11 16   320   18  4  0     62.60   -0.7440E-03      37.7    424.1
2014 11 16   320   18  5  0     62.67   -0.7412E-03      37.7    423.2
2014 11 16   320   18  6  0     62.75   -0.6914E-03      35.1    422.6
2014 11 16   320   18  7  0     62.82   -0.6221E-03      31.1    422.4
2014 11 16   320   18  8  0     62.89   -0.5669E-03      28.1    422.2
2014 11 16   320   18  9  0     62.97   -0.5497E-03      26.5    422.6
2014 11 16   320   18 10  0     63.04   -0.5615E-03      26.7    422.6
2014 11 16   320   18 11  0     63.12   -0.5917E-03      27.9    422.3
2014 11 16   320   18 12  0     63.20   -0.6258E-03      29.2    422.2
2014 11 16   320   18 13  0     63.28   -0.6780E-03      31.3    422.0
2014 11 16   320   18 14  0     63.35   -0.7568E-03      34.8    421.9
2014 11 16   320   18 15  0     63.43   -0.8262E-03      37.9    421.3
2014 11 16   320   18 16  0     63.51   -0.8669E-03      39.4    421.2
2014 11 16   320   18 17  0     63.59   -0.8697E-03      39.1    421.1
2014 11 16   320   18 18  0     63.68   -0.8498E-03      37.7    421.0
2014 11 16   320   18 19  0     63.76   -0.8109E-03      35.6    420.7
2014 11 16   320   18 20  0     63.84   -0.7642E-03      32.9    421.1
2014 11 16   320   18 21  0     63.93   -0.6973E-03      29.6    421.0
2014 11 16   320   18 22  0     64.01   -0.6469E-03      26.9    421.5
2014 11 16   320   18 23  0     64.10   -0.6104E-03      25.1    421.7
2014 11 16   320   18 24  0     64.18   -0.6056E-03      24.4    422.3
2014 11 16   320   18 25  0     64.27   -0.6196E-03      24.9    421.8
2014 11 16   320   18 26  0     64.36   -0.6416E-03      25.5    421.8
2014 11 16   320   18 27  0     64.44   -0.6553E-03      26.0    421.2
2014 11 16   320   18 28  0     64.53   -0.6584E-03      26.0    421.0
2014 11 16   320   18 29  0     64.62   -0.6604E-03      25.9    420.7
2014 11 16   320   18 30  0     64.71   -0.6435E-03      25.2    420.0
2014 11 16   320   18 31  0     64.80   -0.6108E-03      23.7    419.5
2014 11 16   320   18 32  0     64.90   -0.5818E-03      22.5    419.0
2014 11 16   320   18 33  0     64.99   -0.5601E-03      21.6    418.4
2014 11 16   320   18 34  0     65.08   -0.5569E-03      21.2    418.7
2014 11 16   320   18 35  0     65.17   -0.5649E-03      21.5    418.3
2014 11 16   320   18 36  0     65.27   -0.5951E-03      22.6    418.3
2014 11 16   320   18 37  0     65.36   -0.6187E-03      23.3    418.0
2014 11 16   320   18 38  0     65.46   -0.6478E-03      24.3    417.9
2014 11 16   320   18 39  0     65.56   -0.6820E-03      25.4    417.7
2014 11 16   320   18 40  0     65.65   -0.6877E-03      25.4    417.7
2014 11 16   320   18 41  0     65.75   -0.6501E-03      23.9    417.6
2014 11 16   320   18 42  0     65.85   -0.6341E-03      23.2    417.2
2014 11 16   320   18 43  0     65.95   -0.6504E-03      23.8    416.5
2014 11 16   320   18 44  0     66.05   -0.6786E-03      24.9    415.0
2014 11 16   320   18 45  0     66.15   -0.6995E-03      25.5    414.9
2014 11 16   320   18 46  0     66.25   -0.7065E-03      25.6    415.1
2014 11 16   320   18 47  0     66.35   -0.6966E-03      25.1    415.0
2014 11 16   320   18 48  0     66.45   -0.6716E-03      24.3    414.8
2014 11 16   320   18 49  0     66.56   -0.6557E-03      23.6    414.6
2014 11 16   320   18 50  0     66.66   -0.6499E-03      23.4    413.9
2014 11 16   320   18 51  0     66.76   -0.6757E-03      24.2    414.0
2014 11 16   320   18 52  0     66.87   -0.6986E-03      25.3    412.5
2014 11 16   320   18 53  0     66.97   -0.6970E-03      25.2    412.1
2014 11 16   320   18 54  0     67.08   -0.6868E-03      24.8    411.0
2014 11 16   320   18 55  0     67.19   -0.6947E-03      25.1    410.6
2014 11 16   320   18 56  0     67.30   -0.6865E-03      25.0    408.6
2014 11 16   320   18 57  0     67.40   -0.6630E-03      24.2    406.9
2014 11 16   320   18 58  0     67.51   -0.6601E-03      24.0    406.6
2014 11 16   320   18 59  0     67.62   -0.6668E-03      24.0    406.9
2014 11 16   320   19  0  0     67.73   -0.6643E-03      23.9    407.3
2014 11 16   320   19  1  0     67.84   -0.6712E-03      24.1    407.2
2014 11 16   320   19  2  0     67.95   -0.6837E-03      24.6    406.7
2014 11 16   320   19  3  0     68.07   -0.7014E-03      25.1    407.0
2014 11 16   320   19  4  0     68.18   -0.7131E-03      25.6    406.8
2014 11 16   320   19  5  0     68.29   -0.6986E-03      25.1    406.8
2014 11 16   320   19  6  0     68.40   -0.6671E-03      24.1    405.7
2014 11 16   320   19  7  0     68.52   -0.6535E-03      23.5    405.9
2014 11 16   320   19  8  0     68.63   -0.6411E-03      23.0    406.1
2014 11 16   320   19  9  0     68.75   -0.6246E-03      22.4    405.5
2014 11 16   320   19 10  0     68.86   -0.5948E-03      21.4    404.9
2014 11 16   320   19 11  0     68.98   -0.5736E-03      20.6    405.3
2014 11 16   320   19 12  0     69.10   -0.5642E-03      20.3    405.6
2014 11 16   320   19 13  0     69.22   -0.5585E-03      20.1    406.5
2014 11 16   320   19 14  0     69.33   -0.5479E-03      19.8    406.4
2014 11 16   320   19 15  0     69.45   -0.5378E-03      19.5    405.9
2014 11 16   320   19 16  0     69.57   -0.5299E-03      19.2    406.5
2014 11 16   320   19 17  0     69.69   -0.5222E-03      19.0    406.2
2014 11 16   320   19 18  0     69.81   -0.5338E-03      19.5    405.6
2014 11 16   320   19 19  0     69.93   -0.5596E-03      20.4    406.0
2014 11 16   320   19 20  0     70.06   -0.5768E-03      21.1    405.5
2014 11 16   320   19 21  0     70.18   -0.5996E-03      21.9    406.2
2014 11 16   320   19 22  0     70.30   -0.6063E-03      22.4    404.9
2014 11 16   320   19 23  0     70.42   -0.5976E-03      22.2    403.8
2014 11 16   320   19 24  0     70.55   -0.5811E-03      21.6    403.4
2014 11 16   320   19 25  0     70.67   -0.5624E-03      21.1    402.7
2014 11 16   320   19 26  0     70.80   -0.5355E-03      20.2    402.7
2014 11 16   320   19 27  0     70.92   -0.5070E-03      19.2    402.5
2014 11 16   320   19 28  0     71.05   -0.5110E-03      19.5    402.8
2014 11 16   320   19 29  0     71.17   -0.5620E-03      21.2    405.5
2014 11 16   320   19 30  0     71.30   -0.6101E-03      23.1    405.3
2014 11 16   320   19 31  0     71.43   -0.6366E-03      24.2    406.5
2014 11 16   320   19 32  0     71.56   -0.6579E-03      25.2    407.5
2014 11 16   320   19 33  0     71.68   -0.6735E-03      25.8    408.9
2014 11 16   320   19 34  0     71.81   -0.6642E-03      25.7    407.8
2014 11 16   320   19 35  0     71.94   -0.6397E-03      25.0    407.7
2014 11 16   320   19 36  0     72.07   -0.6123E-03      24.1    409.0
2014 11 16   320   19 37  0     72.20   -0.6173E-03      24.5    410.4
2014 11 16   320   19 38  0     72.33   -0.6500E-03      25.9    411.5
2014 11 16   320   19 39  0     72.46   -0.6534E-03      26.4    409.8
2014 11 16   320   19 40  0     72.60   -0.6601E-03      26.8    409.9
2014 11 16   320   19 41  0     72.73   -0.6874E-03      28.0    412.1
2014 11 16   320   19 42  0     72.86   -0.6876E-03      28.3    412.6
2014 11 16   320   19 43  0     72.99   -0.6636E-03      27.6    412.5
2014 11 16   320   19 44  0     73.13   -0.6666E-03      27.9    413.3
2014 11 16   320   19 45  0     73.26   -0.6717E-03      28.4    413.0
2014 11 16   320   19 46  0     73.40   -0.6567E-03      28.2    412.1
2014 11 16   320   19 47  0     73.53   -0.6741E-03      29.1    414.8
2014 11 16   320   19 48  0     73.67   -0.7041E-03      30.5    417.5
2014 11 16   320   19 49  0     73.80   -0.6904E-03      30.4    415.8
2014 11 16   320   19 50  0     73.94   -0.6837E-03      30.4    416.2
2014 11 16   320   19 51  0     74.08   -0.7037E-03      31.6    416.9
2014 11 16   320   19 52  0     74.22   -0.7389E-03      33.4    419.4
2014 11 16   320   19 53  0     74.35   -0.7881E-03      36.1    420.1
2014 11 16   320   19 54  0     74.49   -0.8421E-03      38.7    425.4
2014 11 16   320   19 55  0     74.63   -0.8839E-03      41.0    427.3
2014 11 16   320   19 56  0     74.77   -0.9050E-03      42.5    429.6
2014 11 16   320   19 57  0     74.91   -0.9026E-03      42.9    431.5
2014 11 16   320   19 58  0     75.05   -0.8992E-03      43.4    434.2
2014 11 16   320   19 59  0     75.19   -0.9201E-03      44.9    438.6
2014 11 16   320   20  0  0     75.33   -0.9376E-03      46.4    440.7
2014 11 16   320   20  1  0     75.47   -0.9483E-03      47.6    442.9
2014 11 16   320   20  2  0     75.62   -0.9562E-03      48.6    445.8
2014 11 16   320   20  3  0     75.76   -0.9488E-03      49.1    445.9
2014 11 16   320   20  4  0     75.90   -0.9093E-03      47.8    445.1
2014 11 16   320   20  5  0     76.04   -0.8707E-03      46.4    448.8
2014 11 16   320   20  6  0     76.19   -0.8415E-03      45.7    448.8
2014 11 16   320   20  7  0     76.33   -0.8113E-03      44.8    450.6
2014 11 16   320   20  8  0     76.48   -0.7747E-03      43.5    452.1
2014 11 16   320   20  9  0     76.62   -0.7142E-03      40.8    451.9
2014 11 16   320   20 10  0     76.77   -0.6337E-03      37.3    448.1
2014 11 16   320   20 11  0     76.91   -0.5663E-03      34.4    443.2
2014 11 16   320   20 12  0     77.06   -0.5206E-03      32.4    438.0
2014 11 16   320   20 13  0     77.21   -0.4760E-03      30.5    431.5
2014 11 16   320   20 14  0     77.35   -0.4325E-03      28.6    424.3
2014 11 16   320   20 15  0     77.50   -0.4009E-03      27.4    416.9
2014 11 16   320   20 16  0     77.65   -0.3879E-03      27.2    414.3
2014 11 16   320   20 17  0     77.80   -0.4000E-03      28.3    422.5
2014 11 16   320   20 18  0     77.94   -0.4085E-03      29.5    421.8
2014 11 16   320   20 19  0     78.09   -0.4059E-03      29.7    426.3
2014 11 16   320   20 20  0     78.24   -0.3999E-03      29.8    426.8
2014 11 16   320   20 21  0     78.39   -0.3966E-03      30.2    427.4
2014 11 16   320   20 22  0     78.54   -0.3906E-03      30.4    426.3
2014 11 16   320   20 23  0     78.69   -0.3921E-03      31.4    426.9
2014 11 16   320   20 24  0     78.84   -0.4015E-03      32.8    432.0
2014 11 16   320   20 25  0     78.99   -0.3939E-03      32.8    437.3
2014 11 16   320   20 26  0     79.15   -0.3721E-03      31.9    437.4
2014 11 16   320   20 27  0     79.30   -0.3376E-03      30.2    425.2
2014 11 16   320   20 28  0     79.45   -0.2996E-03      28.0    415.4
2014 11 16   320   20 29  0     79.60   -0.2846E-03      27.6    412.9
2014 11 16   320   20 30  0     79.76   -0.2928E-03      29.1    419.6
2014 11 16   320   20 31  0     79.91   -0.3151E-03      31.7    436.0
2014 11 16   320   20 32  0     80.06   -0.3316E-03      34.5    438.3
2014 11 16   320   20 33  0     80.22   -0.3448E-03      36.6    453.3
2014 11 16   320   20 34  0     80.37   -0.3563E-03      38.7    464.3
2014 11 16   320   20 35  0     80.53   -0.3669E-03      41.1    465.6
2014 11 16   320   20 36  0     80.68   -0.3711E-03      42.3    478.3
2014 11 16   320   20 37  0     80.84   -0.3452E-03      41.2    465.6
2014 11 16   320   20 38  0     80.99   -0.3196E-03      39.6    463.5
2014 11 16   320   20 39  0     81.15   -0.3022E-03      39.1    453.5
2014 11 16   320   20 40  0     81.30   -0.3028E-03      40.5    455.8
2014 11 16   320   20 41  0     81.46   -0.3084E-03      42.4    460.8
2014 11 16   320   20 42  0     81.62   -0.3033E-03      43.8    449.6
2014 11 16   320   20 43  0     81.77   -0.2999E-03      44.6    458.7
2014 11 16   320   20 44  0     81.93   -0.2924E-03      45.1    460.0
2014 11 16   320   20 45  0     82.09   -0.2798E-03      45.3    455.5
2014 11 16   320   20 46  0     82.25   -0.2605E-03      44.4    448.0
2014 11 16   320   20 47  0     82.41   -0.2291E-03      41.7    431.1
2014 11 16   320   20 48  0     82.57   -0.1968E-03      38.4    413.8
2014 11 16   320   20 49  0     82.73   -0.1760E-03      36.5    404.4
2014 11 16   320   20 50  0     82.89   -0.1643E-03      36.1    396.8
2014 11 16   320   20 51  0     83.05   -0.1523E-03      35.5    390.1
2014 11 16   320   20 52  0     83.21   -0.1374E-03      34.7    377.4
2014 11 16   320   20 53  0     83.37   -0.1343E-03      35.2    385.0
2014 11 16   320   20 54  0     83.53   -0.1316E-03      36.5    383.3
2014 11 16   320   20 55  0     83.69   -0.1262E-03      37.2    380.5
2014 11 16   320   20 56  0     83.85   -0.1175E-03      37.3    373.7
2014 11 16   320   20 57  0     84.01   -0.1117E-03      37.4    372.8
2014 11 16   320   20 58  0     84.17   -0.9925E-04      37.0    356.8
2014 11 16   320   20 59  0     84.34   -0.8389E-04      35.4    340.9
2014 11 16   320   21  0  0     84.50   -0.6827E-04      33.2    324.9
2014 11 16   320   21  1  0     84.66   -0.5230E-04      30.7    304.0
2014 11 16   320   21  2  0     84.82   -0.4369E-04      29.2    297.2
2014 11 16   320   21  3  0     84.99   -0.3108E-04      28.7    272.3
2014 11 16   320   21  4  0     85.15   -0.2919E-04      29.0    275.8
2014 11 16   320   21  5  0     85.32   -0.2936E-04      29.4    285.5
2014 11 16   320   21  6  0     85.48   -0.2225E-04      29.8    273.6
2014 11 16   320   21  7  0     85.65   -0.1959E-04      29.9    274.7
2014 11 16   320   21  8  0     85.81   -0.1352E-04      30.0    264.2
2014 11 16   320   21  9  0     85.98   -0.9879E-05      30.3    261.9
2014 11 16   320   21 10  0     86.14   -0.4090E-05      29.9    251.7
2014 11 16   320   21 11  0     86.31    0.1447E-05      29.2    243.4
2014 11 16   320   21 12  0     86.47    0.4126E-05      29.3    241.8
2014 11 16   320   21 13  0     86.64    0.1097E-04      29.1    228.2
2014 11 16   320   21 14  0     86.81    0.1440E-04      28.2    221.1
2014 11 16   320   21 15  0     86.97    0.1956E-04      27.1    205.5
2014 11 16   320   21 16  0     87.14    0.2377E-04      26.3    193.5
2014 11 16   320   21 17  0     87.31    0.2862E-04      25.2    178.6
2014 11 16   320   21 18  0     87.48    0.3272E-04      24.1    164.4
2014 11 16   320   21 19  0     87.64    0.3494E-04      24.8    157.7
2014 11 16   320   21 20  0     87.81    0.3441E-04      26.0    162.8
2014 11 16   320   21 21  0     87.98    0.3759E-04      25.9    152.4
2014 11 16   320   21 22  0     88.15    0.4288E-04      26.0    141.0
2014 11 16   320   21 23  0     88.32    0.4365E-04      26.8    142.8
2014 11 16   320   21 24  0     88.49    0.4686E-04      26.2    128.6
2014 11 16   320   21 25  0     88.66    0.5021E-04      24.1    115.3
2014 11 16   320   21 26  0     88.83    0.5184E-04      22.4    104.1
2014 11 16   320   21 27  0     89.00    0.5594E-04      21.8     93.0
2014 11 16   320   21 28  0     89.17    0.5538E-04      22.0     93.9
2014 11 16   320   21 29  0     89.34    0.5590E-04      23.1     95.6
2014 11 16   320   21 30  0     89.51    0.5786E-04      24.5     95.1
2014 11 16   320   21 31  0     89.68    0.5825E-04      25.4     93.6
2014 11 16   320   21 32  0     89.85    0.5737E-04      26.2     93.5
