                            NILUUV 115

Uvpro Version 2.0
Latitude :   40.74 (North)
Longitude:  -74.03  (West)
Calibration file: cf100603a.115
Height above sea level:    40.0  m
CLT derived from channel 4
CLT scale factor used:   1.0
Ozone derived from channel pair ch3/ch1
Ozone scale factor used:   1.0
Drift factors ch1-ch6:   3.000154.000  1.000  1.000  1.000  1.000
Ozone profile climatology: Mid  Latitude
Dose type:    CLW    Caldwell Plant 1971           

yyyy mm dd   jul   hh mm ss      SZA     dose rate       clt     Ozone
                              [degrees]   [W/m^2]        [%]     [DU]
2014 10 17   290   11 15  0     89.90    0.6578E-04      74.9    208.9
2014 10 17   290   11 16  0     89.72    0.6191E-04      74.7    217.5
2014 10 17   290   11 17  0     89.53    0.6056E-04      74.9    219.7
2014 10 17   290   11 18  0     89.35    0.5331E-04      75.3    236.1
2014 10 17   290   11 19  0     89.16    0.4853E-04      75.9    242.4
2014 10 17   290   11 20  0     88.98    0.4593E-04      76.6    254.4
2014 10 17   290   11 21  0     88.79    0.3933E-04      76.4    261.0
2014 10 17   290   11 22  0     88.61    0.3412E-04      76.3    267.2
2014 10 17   290   11 23  0     88.43    0.2744E-04      76.6    278.8
2014 10 17   290   11 24  0     88.24    0.2366E-04      76.9    280.6
2014 10 17   290   11 25  0     88.06    0.1623E-04      77.2    290.0
2014 10 17   290   11 26  0     87.87    0.1102E-04      77.3    296.6
2014 10 17   290   11 27  0     87.69    0.1876E-05      77.3    310.6
2014 10 17   290   11 28  0     87.51   -0.5347E-05      77.3    315.2
2014 10 17   290   11 29  0     87.32   -0.1567E-04      77.4    327.2
2014 10 17   290   11 30  0     87.14   -0.2541E-04      77.7    336.6
2014 10 17   290   11 31  0     86.96   -0.3140E-04      78.0    338.7
2014 10 17   290   11 32  0     86.78   -0.4158E-04      77.9    349.3
2014 10 17   290   11 33  0     86.59   -0.5829E-04      78.0    369.5
2014 10 17   290   11 34  0     86.41   -0.6415E-04      78.1    365.5
2014 10 17   290   11 35  0     86.23   -0.7715E-04      78.2    376.5
2014 10 17   290   11 36  0     86.05   -0.8546E-04      78.4    375.3
2014 10 17   290   11 37  0     85.86   -0.1005E-03      78.4    389.7
2014 10 17   290   11 38  0     85.68   -0.1145E-03      78.3    401.0
2014 10 17   290   11 39  0     85.50   -0.1305E-03      78.4    413.4
2014 10 17   290   11 40  0     85.32   -0.1423E-03      78.5    414.0
2014 10 17   290   11 41  0     85.14   -0.1563E-03      78.7    419.3
2014 10 17   290   11 42  0     84.96   -0.1688E-03      78.7    421.4
2014 10 17   290   11 43  0     84.78   -0.1870E-03      78.5    434.3
2014 10 17   290   11 44  0     84.60   -0.2028E-03      78.4    438.6
2014 10 17   290   11 45  0     84.41   -0.2176E-03      78.3    440.4
2014 10 17   290   11 46  0     84.23   -0.2365E-03      78.3    450.7
2014 10 17   290   11 47  0     84.05   -0.2524E-03      78.3    452.1
2014 10 17   290   11 48  0     83.87   -0.2712E-03      78.2    460.8
2014 10 17   290   11 49  0     83.69   -0.2883E-03      78.2    463.1
2014 10 17   290   11 50  0     83.51   -0.3081E-03      78.3    469.7
2014 10 17   290   11 51  0     83.33   -0.3303E-03      78.4    480.7
2014 10 17   290   11 52  0     83.15   -0.3493E-03      78.6    482.2
2014 10 17   290   11 53  0     82.98   -0.3690E-03      78.6    483.7
2014 10 17   290   11 54  0     82.80   -0.3915E-03      78.6    491.4
2014 10 17   290   11 55  0     82.62   -0.4110E-03      78.5    491.5
2014 10 17   290   11 56  0     82.44   -0.4328E-03      78.5    495.5
2014 10 17   290   11 57  0     82.26   -0.4530E-03      78.4    495.4
2014 10 17   290   11 58  0     82.08   -0.4769E-03      78.4    501.5
2014 10 17   290   11 59  0     81.90   -0.5000E-03      78.5    503.1
2014 10 17   290   12  0  0     81.73   -0.5229E-03      78.4    504.6
2014 10 17   290   12  1  0     81.55   -0.5466E-03      78.3    507.5
2014 10 17   290   12  2  0     81.37   -0.5692E-03      78.2    507.2
2014 10 17   290   12  3  0     81.19   -0.5942E-03      78.2    510.3
2014 10 17   290   12  4  0     81.02   -0.6179E-03      78.1    511.0
2014 10 17   290   12  5  0     80.84   -0.6407E-03      78.1    508.0
2014 10 17   290   12  6  0     80.66   -0.6691E-03      78.1    512.9
2014 10 17   290   12  7  0     80.49   -0.6980E-03      78.1    516.8
2014 10 17   290   12  8  0     80.31   -0.7226E-03      78.1    514.7
2014 10 17   290   12  9  0     80.13   -0.7455E-03      77.9    511.3
2014 10 17   290   12 10  0     79.96   -0.7688E-03      77.9    506.2
2014 10 17   290   12 11  0     79.78   -0.7961E-03      77.8    507.3
2014 10 17   290   12 12  0     79.61   -0.8209E-03      77.8    502.2
2014 10 17   290   12 13  0     79.43   -0.8527E-03      77.8    506.5
2014 10 17   290   12 14  0     79.25   -0.8793E-03      77.9    503.1
2014 10 17   290   12 15  0     79.08   -0.9042E-03      78.0    497.6
2014 10 17   290   12 16  0     78.91   -0.9308E-03      78.0    494.8
2014 10 17   290   12 17  0     78.73   -0.9571E-03      77.9    492.1
2014 10 17   290   12 18  0     78.56   -0.9841E-03      77.8    489.7
2014 10 17   290   12 19  0     78.38   -0.1010E-02      77.8    485.9
2014 10 17   290   12 20  0     78.21   -0.1039E-02      77.6    485.1
2014 10 17   290   12 21  0     78.04   -0.1065E-02      77.7    482.6
2014 10 17   290   12 22  0     77.86   -0.1089E-02      77.5    477.7
2014 10 17   290   12 23  0     77.69   -0.1115E-02      77.4    475.6
2014 10 17   290   12 24  0     77.52   -0.1143E-02      77.4    471.4
2014 10 17   290   12 25  0     77.34   -0.1170E-02      77.4    468.7
2014 10 17   290   12 26  0     77.17   -0.1194E-02      77.3    464.0
2014 10 17   290   12 27  0     77.00   -0.1221E-02      77.4    460.6
2014 10 17   290   12 28  0     76.83   -0.1245E-02      77.2    457.1
2014 10 17   290   12 29  0     76.66   -0.1272E-02      77.1    456.6
2014 10 17   290   12 30  0     76.48   -0.1296E-02      77.1    452.6
2014 10 17   290   12 31  0     76.31   -0.1323E-02      77.0    451.3
2014 10 17   290   12 32  0     76.14   -0.1344E-02      76.8    446.4
2014 10 17   290   12 33  0     75.97   -0.1368E-02      76.9    442.7
2014 10 17   290   12 34  0     75.80   -0.1397E-02      76.9    442.3
2014 10 17   290   12 35  0     75.63   -0.1419E-02      76.9    438.6
2014 10 17   290   12 36  0     75.46   -0.1444E-02      77.0    436.2
2014 10 17   290   12 37  0     75.29   -0.1465E-02      76.9    433.2
2014 10 17   290   12 38  0     75.13   -0.1492E-02      76.9    432.4
2014 10 17   290   12 39  0     74.96   -0.1515E-02      76.9    430.2
2014 10 17   290   12 40  0     74.79   -0.1535E-02      76.7    428.1
2014 10 17   290   12 41  0     74.62   -0.1558E-02      76.6    427.0
2014 10 17   290   12 42  0     74.45   -0.1578E-02      76.6    424.7
2014 10 17   290   12 43  0     74.28   -0.1602E-02      76.4    423.8
2014 10 17   290   12 44  0     74.12   -0.1622E-02      76.5    421.6
2014 10 17   290   12 45  0     73.95   -0.1635E-02      76.5    419.2
2014 10 17   290   12 46  0     73.78   -0.1653E-02      76.4    418.2
2014 10 17   290   12 47  0     73.62   -0.1672E-02      76.1    417.1
2014 10 17   290   12 48  0     73.45   -0.1690E-02      76.1    415.7
2014 10 17   290   12 49  0     73.28   -0.1704E-02      75.9    413.7
2014 10 17   290   12 50  0     73.12   -0.1728E-02      76.2    413.2
2014 10 17   290   12 51  0     72.95   -0.1744E-02      76.0    412.7
2014 10 17   290   12 52  0     72.79   -0.1761E-02      76.1    411.9
2014 10 17   290   12 53  0     72.62   -0.1784E-02      76.4    411.3
2014 10 17   290   12 54  0     72.46   -0.1795E-02      76.3    410.4
2014 10 17   290   12 55  0     72.30   -0.1804E-02      76.1    409.1
2014 10 17   290   12 56  0     72.13   -0.1815E-02      75.9    408.3
2014 10 17   290   12 57  0     71.97   -0.1830E-02      76.1    408.4
2014 10 17   290   12 58  0     71.80   -0.1828E-02      75.4    406.7
2014 10 17   290   12 59  0     71.64   -0.1846E-02      75.6    406.6
2014 10 17   290   13  0  0     71.48   -0.1861E-02      75.8    406.5
2014 10 17   290   13  1  0     71.32   -0.1867E-02      75.5    405.5
2014 10 17   290   13  2  0     71.16   -0.1883E-02      75.9    405.3
2014 10 17   290   13  3  0     70.99   -0.1892E-02      75.7    405.4
2014 10 17   290   13  4  0     70.83   -0.1899E-02      75.5    405.1
2014 10 17   290   13  5  0     70.67   -0.1905E-02      75.6    404.6
2014 10 17   290   13  6  0     70.51   -0.1919E-02      75.6    404.9
2014 10 17   290   13  7  0     70.35   -0.1913E-02      75.2    404.3
2014 10 17   290   13  8  0     70.19   -0.1931E-02      75.7    404.7
2014 10 17   290   13  9  0     70.03   -0.1930E-02      75.6    404.2
2014 10 17   290   13 10  0     69.87   -0.1926E-02      75.1    404.0
2014 10 17   290   13 11  0     69.72   -0.1932E-02      75.3    403.9
2014 10 17   290   13 12  0     69.56   -0.1944E-02      75.6    404.2
2014 10 17   290   13 13  0     69.40   -0.1952E-02      75.9    404.1
2014 10 17   290   13 14  0     69.24   -0.1955E-02      75.8    404.1
2014 10 17   290   13 15  0     69.08   -0.1966E-02      76.2    404.3
2014 10 17   290   13 16  0     68.93   -0.1973E-02      76.5    404.4
2014 10 17   290   13 17  0     68.77   -0.1981E-02      76.8    404.7
2014 10 17   290   13 18  0     68.61   -0.1982E-02      76.9    405.0
2014 10 17   290   13 19  0     68.46   -0.1963E-02      76.5    404.5
2014 10 17   290   13 20  0     68.30   -0.1964E-02      76.5    404.9
2014 10 17   290   13 21  0     68.15   -0.1949E-02      76.3    404.6
2014 10 17   290   13 22  0     67.99   -0.1943E-02      76.3    404.7
2014 10 17   290   13 23  0     67.84   -0.1913E-02      75.4    404.4
2014 10 17   290   13 24  0     67.69   -0.1912E-02      75.6    404.7
2014 10 17   290   13 25  0     67.53   -0.1904E-02      75.7    404.8
2014 10 17   290   13 26  0     67.38   -0.1894E-02      75.7    404.9
2014 10 17   290   13 27  0     67.23   -0.1884E-02      75.7    404.9
2014 10 17   290   13 28  0     67.08   -0.1883E-02      76.1    405.2
2014 10 17   290   13 29  0     66.93   -0.1871E-02      76.2    405.3
2014 10 17   290   13 30  0     66.77   -0.1877E-02      76.9    405.8
2014 10 17   290   13 31  0     66.62   -0.1866E-02      77.0    406.1
2014 10 17   290   13 32  0     66.47   -0.1861E-02      77.3    406.5
2014 10 17   290   13 33  0     66.32   -0.1831E-02      76.7    406.5
2014 10 17   290   13 34  0     66.17   -0.1810E-02      76.4    406.6
2014 10 17   290   13 35  0     66.02   -0.1796E-02      76.6    406.8
2014 10 17   290   13 36  0     65.88   -0.1780E-02      76.8    407.1
2014 10 17   290   13 37  0     65.73   -0.1768E-02      77.2    407.5
2014 10 17   290   13 38  0     65.58   -0.1735E-02      76.7    407.4
2014 10 17   290   13 39  0     65.43   -0.1717E-02      77.2    407.6
2014 10 17   290   13 40  0     65.29   -0.1698E-02      77.4    407.9
2014 10 17   290   13 41  0     65.14   -0.1669E-02      77.4    407.9
2014 10 17   290   13 42  0     64.99   -0.1638E-02      77.4    409.2
2014 10 17   290   13 43  0     64.85   -0.1617E-02      77.6    408.2
2014 10 17   290   13 44  0     64.70   -0.1586E-02      77.5    408.4
2014 10 17   290   13 45  0     64.56   -0.1545E-02      77.2    408.3
2014 10 17   290   13 46  0     64.42   -0.1512E-02      77.3    408.4
2014 10 17   290   13 47  0     64.27   -0.1488E-02      77.5    408.8
2014 10 17   290   13 48  0     64.13   -0.1442E-02      76.9    408.8
2014 10 17   290   13 49  0     63.99   -0.1420E-02      77.1    410.4
2014 10 17   290   13 50  0     63.84   -0.1380E-02      77.0    409.4
2014 10 17   290   13 51  0     63.70   -0.1363E-02      77.2    410.2
2014 10 17   290   13 52  0     63.56   -0.1350E-02      77.9    411.0
2014 10 17   290   13 53  0     63.42   -0.1306E-02      77.6    411.1
2014 10 17   290   13 54  0     63.28   -0.1258E-02      77.1    411.3
2014 10 17   290   13 55  0     63.14   -0.1229E-02      77.4    411.7
2014 10 17   290   13 56  0     63.00   -0.1214E-02      78.3    412.3
2014 10 17   290   13 57  0     62.87   -0.1158E-02      77.7    413.1
2014 10 17   290   13 58  0     62.73   -0.1144E-02      78.8    413.8
2014 10 17   290   13 59  0     62.59   -0.1094E-02      78.7    413.9
2014 10 17   290   14  0  0     62.45   -0.1068E-02      79.1    413.8
2014 10 17   290   14  1  0     62.32   -0.1017E-02      78.6    414.0
2014 10 17   290   14  2  0     62.18   -0.9888E-03      79.0    414.6
2014 10 17   290   14  3  0     62.05   -0.9395E-03      78.8    414.8
2014 10 17   290   14  4  0     61.91   -0.8906E-03      78.3    415.7
2014 10 17   290   14  5  0     61.78   -0.8533E-03      78.7    416.2
2014 10 17   290   14  6  0     61.64   -0.8060E-03      78.6    416.5
2014 10 17   290   14  7  0     61.51   -0.7684E-03      79.0    416.9
2014 10 17   290   14  8  0     61.38   -0.7284E-03      79.4    417.4
2014 10 17   290   14  9  0     61.24   -0.6621E-03      78.6    417.0
2014 10 17   290   14 10  0     61.11   -0.6031E-03      78.2    417.2
2014 10 17   290   14 11  0     60.98   -0.5678E-03      78.8    418.0
2014 10 17   290   14 12  0     60.85   -0.5062E-03      78.4    418.2
2014 10 17   290   14 13  0     60.72   -0.4518E-03      78.4    418.4
2014 10 17   290   14 14  0     60.59   -0.4028E-03      78.8    418.8
2014 10 17   290   14 15  0     60.46   -0.3566E-03      79.3    419.2
2014 10 17   290   14 16  0     60.33   -0.2977E-03      79.1    419.5
2014 10 17   290   14 17  0     60.21   -0.2453E-03      79.0    419.8
2014 10 17   290   14 18  0     60.08   -0.1995E-03      79.6    420.2
2014 10 17   290   14 19  0     59.95   -0.1380E-03      79.3    420.4
2014 10 17   290   14 20  0     59.83   -0.8458E-04      79.4    420.8
2014 10 17   290   14 21  0     59.70   -0.2504E-04      79.6    421.2
2014 10 17   290   14 22  0     59.58    0.2888E-04      79.5    421.5
2014 10 17   290   14 23  0     59.46    0.9286E-04      79.3    421.8
2014 10 17   290   14 24  0     59.33    0.1502E-03      79.3    422.1
2014 10 17   290   14 25  0     59.21    0.2213E-03      78.9    422.2
2014 10 17   290   14 26  0     59.09    0.2794E-03      79.4    422.5
2014 10 17   290   14 27  0     58.97    0.3384E-03      79.7    422.9
2014 10 17   290   14 28  0     58.85    0.4046E-03      79.5    423.1
2014 10 17   290   14 29  0     58.73    0.4523E-03      80.2    423.7
2014 10 17   290   14 30  0     58.61    0.5146E-03      80.3    424.1
2014 10 17   290   14 31  0     58.49    0.5771E-03      80.1    424.4
2014 10 17   290   14 32  0     58.37    0.6349E-03      80.3    424.8
2014 10 17   290   14 33  0     58.25    0.7014E-03      80.5    425.1
2014 10 17   290   14 34  0     58.14    0.7624E-03      80.6    425.4
2014 10 17   290   14 35  0     58.02    0.8291E-03      80.4    425.7
2014 10 17   290   14 36  0     57.91    0.8879E-03      80.4    426.1
2014 10 17   290   14 37  0     57.79    0.9635E-03      80.3    426.3
2014 10 17   290   14 38  0     57.68    0.1036E-02      80.2    426.5
2014 10 17   290   14 39  0     57.56    0.1109E-02      79.9    426.7
2014 10 17   290   14 40  0     57.45    0.1179E-02      79.7    426.9
2014 10 17   290   14 41  0     57.34    0.1245E-02      79.6    427.2
2014 10 17   290   14 42  0     57.23    0.1309E-02      79.7    427.5
2014 10 17   290   14 43  0     57.12    0.1378E-02      79.7    427.8
2014 10 17   290   14 44  0     57.01    0.1450E-02      79.5    427.9
2014 10 17   290   14 45  0     56.90    0.1514E-02      79.3    428.3
2014 10 17   290   14 46  0     56.79    0.1586E-02      79.5    428.6
2014 10 17   290   14 47  0     56.68    0.1655E-02      79.7    428.9
2014 10 17   290   14 48  0     56.58    0.1725E-02      79.5    429.2
2014 10 17   290   14 49  0     56.47    0.1788E-02      79.7    429.6
2014 10 17   290   14 50  0     56.36    0.1847E-02      80.3    430.2
2014 10 17   290   14 51  0     56.26    0.1914E-02      80.2    430.5
2014 10 17   290   14 52  0     56.15    0.1982E-02      79.7    430.7
2014 10 17   290   14 53  0     56.05    0.2051E-02      79.5    430.9
2014 10 17   290   14 54  0     55.95    0.2118E-02      79.3    432.1
2014 10 17   290   14 55  0     55.85    0.2187E-02      79.1    432.4
2014 10 17   290   14 56  0     55.75    0.2265E-02      79.4    431.7
2014 10 17   290   14 57  0     55.65    0.2332E-02      79.5    432.1
2014 10 17   290   14 58  0     55.55    0.2404E-02      79.8    432.4
2014 10 17   290   14 59  0     55.45    0.2472E-02      79.7    432.6
2014 10 17   290   15  0  0     55.35    0.2546E-02      79.5    432.8
2014 10 17   290   15  1  0     55.25    0.2615E-02      79.4    433.0
2014 10 17   290   15  2  0     55.16    0.2691E-02      79.2    433.2
2014 10 17   290   15  3  0     55.06    0.2773E-02      79.6    433.5
2014 10 17   290   15  4  0     54.97    0.2859E-02      79.5    434.2
2014 10 17   290   15  5  0     54.87    0.2934E-02      79.8    434.6
2014 10 17   290   15  6  0     54.78    0.2999E-02      79.8    434.8
2014 10 17   290   15  7  0     54.69    0.3072E-02      80.3    435.2
2014 10 17   290   15  8  0     54.59    0.3156E-02      80.5    435.4
2014 10 17   290   15  9  0     54.50    0.3233E-02      80.9    435.7
2014 10 17   290   15 10  0     54.41    0.3298E-02      80.6    435.4
2014 10 17   290   15 11  0     54.32    0.3362E-02      80.5    435.6
2014 10 17   290   15 12  0     54.24    0.3441E-02      80.7    435.8
2014 10 17   290   15 13  0     54.15    0.3497E-02      80.3    436.1
2014 10 17   290   15 14  0     54.06    0.3576E-02      80.3    436.2
2014 10 17   290   15 15  0     53.98    0.3646E-02      80.6    436.9
2014 10 17   290   15 16  0     53.89    0.3721E-02      80.5    437.0
2014 10 17   290   15 17  0     53.81    0.3792E-02      80.6    437.3
2014 10 17   290   15 18  0     53.72    0.3858E-02      80.7    437.6
2014 10 17   290   15 19  0     53.64    0.3933E-02      81.0    437.9
2014 10 17   290   15 20  0     53.56    0.4002E-02      81.0    438.1
2014 10 17   290   15 21  0     53.48    0.4079E-02      81.4    438.4
2014 10 17   290   15 22  0     53.40    0.4142E-02      81.5    438.6
2014 10 17   290   15 23  0     53.32    0.4206E-02      80.7    438.5
2014 10 17   290   15 24  0     53.24    0.4278E-02      81.2    438.9
2014 10 17   290   15 25  0     53.17    0.4357E-02      81.2    439.0
2014 10 17   290   15 26  0     53.09    0.4416E-02      80.9    439.0
2014 10 17   290   15 27  0     53.01    0.4461E-02      80.6    439.2
2014 10 17   290   15 28  0     52.94    0.4532E-02      81.1    439.7
2014 10 17   290   15 29  0     52.87    0.4587E-02      80.6    439.7
2014 10 17   290   15 30  0     52.79    0.4635E-02      80.6    440.1
2014 10 17   290   15 31  0     52.72    0.4717E-02      80.7    440.2
2014 10 17   290   15 32  0     52.65    0.4788E-02      80.8    440.3
2014 10 17   290   15 33  0     52.58    0.4854E-02      80.5    440.4
2014 10 17   290   15 34  0     52.51    0.4932E-02      80.9    440.5
2014 10 17   290   15 35  0     52.44    0.4972E-02      80.5    440.7
2014 10 17   290   15 36  0     52.38    0.5028E-02      80.9    441.1
2014 10 17   290   15 37  0     52.31    0.5075E-02      80.5    441.2
2014 10 17   290   15 38  0     52.25    0.5152E-02      80.8    441.4
2014 10 17   290   15 39  0     52.18    0.5205E-02      81.0    441.7
2014 10 17   290   15 40  0     52.12    0.5262E-02      81.3    442.0
2014 10 17   290   15 41  0     52.05    0.5324E-02      81.2    442.1
2014 10 17   290   15 42  0     51.99    0.5372E-02      80.9    442.1
2014 10 17   290   15 43  0     51.93    0.5438E-02      81.5    442.5
2014 10 17   290   15 44  0     51.87    0.5481E-02      81.2    442.6
2014 10 17   290   15 45  0     51.82    0.5539E-02      81.4    442.8
2014 10 17   290   15 46  0     51.76    0.5587E-02      81.4    443.0
2014 10 17   290   15 47  0     51.70    0.5604E-02      80.3    443.0
2014 10 17   290   15 48  0     51.64    0.5654E-02      80.8    443.4
2014 10 17   290   15 49  0     51.59    0.5717E-02      81.1    443.6
2014 10 17   290   15 50  0     51.54    0.5779E-02      81.5    443.8
2014 10 17   290   15 51  0     51.48    0.5823E-02      81.4    444.0
2014 10 17   290   15 52  0     51.43    0.5843E-02      81.0    444.2
2014 10 17   290   15 53  0     51.38    0.5877E-02      80.6    444.2
2014 10 17   290   15 54  0     51.33    0.5929E-02      81.2    444.6
2014 10 17   290   15 55  0     51.28    0.5965E-02      80.8    444.6
2014 10 17   290   15 56  0     51.23    0.5997E-02      80.6    444.7
2014 10 17   290   15 57  0     51.19    0.6011E-02      80.3    445.0
2014 10 17   290   15 58  0     51.14    0.6004E-02      79.3    445.0
2014 10 17   290   15 59  0     51.10    0.6111E-02      81.4    445.7
2014 10 17   290   16  0  0     51.05    0.6163E-02      81.7    445.9
2014 10 17   290   16  1  0     51.01    0.6200E-02      81.6    446.0
2014 10 17   290   16  2  0     50.97    0.6234E-02      81.8    446.2
2014 10 17   290   16  3  0     50.92    0.6298E-02      82.1    446.3
2014 10 17   290   16  4  0     50.88    0.6323E-02      81.7    446.3
2014 10 17   290   16  5  0     50.85    0.6322E-02      81.1    446.4
2014 10 17   290   16  6  0     50.81    0.6331E-02      80.9    446.6
2014 10 17   290   16  7  0     50.77    0.6378E-02      81.9    447.1
2014 10 17   290   16  8  0     50.74    0.6409E-02      82.0    447.3
2014 10 17   290   16  9  0     50.70    0.6425E-02      81.9    447.5
2014 10 17   290   16 10  0     50.67    0.6444E-02      81.6    447.5
2014 10 17   290   16 11  0     50.63    0.6525E-02      82.6    447.8
2014 10 17   290   16 12  0     50.60    0.6587E-02      83.4    448.0
2014 10 17   290   16 13  0     50.57    0.6619E-02      82.9    447.8
2014 10 17   290   16 14  0     50.54    0.6632E-02      82.1    447.7
2014 10 17   290   16 15  0     50.51    0.6627E-02      81.3    447.6
2014 10 17   290   16 16  0     50.48    0.6652E-02      81.5    447.7
2014 10 17   290   16 17  0     50.46    0.6663E-02      81.3    447.8
2014 10 17   290   16 18  0     50.43    0.6722E-02      82.2    448.1
2014 10 17   290   16 19  0     50.41    0.6769E-02      82.6    448.1
2014 10 17   290   16 20  0     50.39    0.6627E-02      76.3    446.1
2014 10 17   290   16 21  0     50.36    0.6231E-02      72.5    447.3
2014 10 17   290   16 22  0     50.34    0.6471E-02      73.8    446.3
2014 10 17   290   16 23  0     50.32    0.6370E-02      74.4    447.7
2014 10 17   290   16 24  0     50.30    0.6633E-02      80.5    449.1
2014 10 17   290   16 25  0     50.28    0.6433E-02      75.2    447.9
2014 10 17   290   16 26  0     50.27    0.6790E-02      79.9    448.0
2014 10 17   290   16 27  0     50.25    0.6614E-02      77.7    448.3
2014 10 17   290   16 28  0     50.24    0.6987E-02      83.4    448.7
2014 10 17   290   16 29  0     50.22    0.6972E-02      82.9    448.8
2014 10 17   290   16 30  0     50.21    0.6956E-02      82.8    449.0
2014 10 17   290   16 31  0     50.20    0.6992E-02      83.2    449.1
2014 10 17   290   16 32  0     50.19    0.6979E-02      82.6    448.9
2014 10 17   290   16 33  0     50.18    0.6904E-02      81.0    448.7
2014 10 17   290   16 34  0     50.17    0.6967E-02      82.7    449.2
2014 10 17   290   16 35  0     50.16    0.7006E-02      83.6    449.5
2014 10 17   290   16 36  0     50.15    0.6956E-02      82.4    449.3
2014 10 17   290   16 37  0     50.15    0.7009E-02      83.0    449.3
2014 10 17   290   16 38  0     50.14    0.7038E-02      82.9    449.1
2014 10 17   290   16 39  0     50.14    0.6982E-02      81.6    448.9
2014 10 17   290   16 40  0     50.14    0.7000E-02      82.3    449.1
2014 10 17   290   16 41  0     50.14    0.7033E-02      82.5    449.0
2014 10 17   290   16 42  0     50.14    0.7035E-02      82.4    449.0
2014 10 17   290   16 43  0     50.14    0.7064E-02      82.8    449.0
2014 10 17   290   16 44  0     50.14    0.7036E-02      82.3    448.9
2014 10 17   290   16 45  0     50.14    0.7052E-02      82.7    449.0
2014 10 17   290   16 46  0     50.15    0.7058E-02      82.9    449.0
2014 10 17   290   16 47  0     50.15    0.7037E-02      82.6    449.0
2014 10 17   290   16 48  0     50.16    0.7026E-02      82.6    449.0
2014 10 17   290   16 49  0     50.17    0.6997E-02      82.3    449.0
2014 10 17   290   16 50  0     50.17    0.7008E-02      82.6    448.9
2014 10 17   290   16 51  0     50.18    0.7013E-02      83.1    449.0
2014 10 17   290   16 52  0     50.19    0.7025E-02      83.7    449.2
2014 10 17   290   16 53  0     50.21    0.7009E-02      83.7    449.2
2014 10 17   290   16 54  0     50.22    0.6977E-02      83.4    449.1
2014 10 17   290   16 55  0     50.23    0.6942E-02      82.9    449.0
2014 10 17   290   16 56  0     50.25    0.6915E-02      82.3    448.7
2014 10 17   290   16 57  0     50.26    0.6911E-02      82.4    448.7
2014 10 17   290   16 58  0     50.28    0.6899E-02      82.0    448.4
2014 10 17   290   16 59  0     50.30    0.6905E-02      82.4    448.3
2014 10 17   290   17  0  0     50.31    0.6876E-02      82.3    448.4
2014 10 17   290   17  1  0     50.33    0.6829E-02      81.7    448.2
2014 10 17   290   17  2  0     50.36    0.6850E-02      82.5    448.2
2014 10 17   290   17  3  0     50.38    0.6847E-02      82.6    448.0
2014 10 17   290   17  4  0     50.40    0.6850E-02      82.6    447.8
2014 10 17   290   17  5  0     50.42    0.6812E-02      82.5    447.8
2014 10 17   290   17  6  0     50.45    0.6760E-02      82.2    447.7
2014 10 17   290   17  7  0     50.47    0.6699E-02      81.2    447.4
2014 10 17   290   17  8  0     50.50    0.6623E-02      80.2    447.2
2014 10 17   290   17  9  0     50.53    0.6723E-02      83.1    447.6
2014 10 17   290   17 10  0     50.56    0.6701E-02      82.9    447.4
2014 10 17   290   17 11  0     50.59    0.6684E-02      83.3    447.4
2014 10 17   290   17 12  0     50.62    0.6616E-02      82.6    447.2
2014 10 17   290   17 13  0     50.66    0.6597E-02      82.4    446.9
2014 10 17   290   17 14  0     50.69    0.6563E-02      82.5    446.9
2014 10 17   290   17 15  0     50.72    0.6540E-02      82.8    446.9
2014 10 17   290   17 16  0     50.76    0.6508E-02      83.0    446.9
2014 10 17   290   17 17  0     50.79    0.6450E-02      82.7    446.8
2014 10 17   290   17 18  0     50.83    0.6419E-02      82.8    446.7
2014 10 17   290   17 19  0     50.87    0.6397E-02      83.1    446.6
2014 10 17   290   17 20  0     50.91    0.6358E-02      82.8    446.3
2014 10 17   290   17 21  0     50.95    0.6322E-02      82.8    446.2
2014 10 17   290   17 22  0     50.99    0.6276E-02      83.0    446.2
2014 10 17   290   17 23  0     51.03    0.6240E-02      83.0    446.1
2014 10 17   290   17 24  0     51.08    0.6190E-02      82.8    445.9
2014 10 17   290   17 25  0     51.12    0.6161E-02      82.7    445.6
2014 10 17   290   17 26  0     51.17    0.6105E-02      82.6    445.5
2014 10 17   290   17 27  0     51.22    0.6046E-02      82.5    445.5
2014 10 17   290   17 28  0     51.26    0.6011E-02      82.8    445.4
2014 10 17   290   17 29  0     51.31    0.5952E-02      83.1    445.5
2014 10 17   290   17 30  0     51.36    0.5896E-02      83.2    445.4
2014 10 17   290   17 31  0     51.41    0.5835E-02      83.3    445.5
2014 10 17   290   17 32  0     51.46    0.5769E-02      82.5    445.1
2014 10 17   290   17 33  0     51.52    0.5686E-02      82.4    445.2
2014 10 17   290   17 34  0     51.57    0.5637E-02      82.9    445.2
2014 10 17   290   17 35  0     51.62    0.5602E-02      83.2    445.1
2014 10 17   290   17 36  0     51.68    0.5543E-02      82.4    444.6
2014 10 17   290   17 37  0     51.74    0.5475E-02      81.5    444.2
2014 10 17   290   17 38  0     51.79    0.5405E-02      81.7    444.3
2014 10 17   290   17 39  0     51.85    0.5355E-02      82.0    444.2
2014 10 17   290   17 40  0     51.91    0.5287E-02      82.0    444.2
2014 10 17   290   17 41  0     51.97    0.5210E-02      81.6    444.0
2014 10 17   290   17 42  0     52.03    0.5147E-02      81.5    443.8
2014 10 17   290   17 43  0     52.09    0.5050E-02      80.5    443.6
2014 10 17   290   17 44  0     52.16    0.4987E-02      80.8    443.6
2014 10 17   290   17 45  0     52.22    0.4927E-02      80.5    443.3
2014 10 17   290   17 46  0     52.29    0.4858E-02      80.4    443.2
2014 10 17   290   17 47  0     52.35    0.4805E-02      80.7    443.1
2014 10 17   290   17 48  0     52.42    0.4749E-02      80.6    442.9
2014 10 17   290   17 49  0     52.49    0.4665E-02      80.0    442.7
2014 10 17   290   17 50  0     52.56    0.4619E-02      80.8    442.7
2014 10 17   290   17 51  0     52.63    0.4544E-02      80.8    442.7
2014 10 17   290   17 52  0     52.70    0.4489E-02      81.5    442.7
2014 10 17   290   17 53  0     52.77    0.4443E-02      81.8    442.5
2014 10 17   290   17 54  0     52.84    0.4385E-02      81.8    442.2
2014 10 17   290   17 55  0     52.91    0.4327E-02      82.0    442.1
2014 10 17   290   17 56  0     52.99    0.4252E-02      82.0    442.0
2014 10 17   290   17 57  0     53.06    0.4177E-02      82.6    442.1
2014 10 17   290   17 58  0     53.14    0.4102E-02      82.2    441.9
2014 10 17   290   17 59  0     53.22    0.4047E-02      81.5    441.3
2014 10 17   290   18  0  0     53.29    0.3989E-02      81.6    441.1
2014 10 17   290   18  1  0     53.37    0.3906E-02      81.2    440.9
2014 10 17   290   18  2  0     53.45    0.3835E-02      81.1    440.7
2014 10 17   290   18  3  0     53.53    0.3765E-02      81.6    440.7
2014 10 17   290   18  4  0     53.61    0.3707E-02      82.0    440.6
2014 10 17   290   18  5  0     53.69    0.3625E-02      81.9    440.5
2014 10 17   290   18  6  0     53.78    0.3560E-02      81.6    440.1
2014 10 17   290   18  7  0     53.86    0.3487E-02      81.9    440.0
2014 10 17   290   18  8  0     53.95    0.3412E-02      82.0    439.9
2014 10 17   290   18  9  0     54.03    0.3356E-02      82.0    439.5
2014 10 17   290   18 10  0     54.12    0.3281E-02      82.2    439.5
2014 10 17   290   18 11  0     54.20    0.3183E-02      81.0    439.2
2014 10 17   290   18 12  0     54.29    0.3115E-02      81.3    439.0
2014 10 17   290   18 13  0     54.38    0.3042E-02      81.9    439.1
2014 10 17   290   18 14  0     54.47    0.2974E-02      82.6    439.0
2014 10 17   290   18 15  0     54.56    0.2888E-02      82.5    438.9
2014 10 17   290   18 16  0     54.65    0.2820E-02      80.6    438.1
2014 10 17   290   18 17  0     54.75    0.2702E-02      80.4    438.4
2014 10 17   290   18 18  0     54.84    0.2659E-02      80.8    438.0
2014 10 17   290   18 19  0     54.93    0.2566E-02      79.9    437.7
2014 10 17   290   18 20  0     55.03    0.2502E-02      81.6    437.6
2014 10 17   290   18 21  0     55.12    0.2433E-02      82.5    437.6
2014 10 17   290   18 22  0     55.22    0.2362E-02      82.6    437.5
2014 10 17   290   18 23  0     55.31    0.2290E-02      82.2    437.5
2014 10 17   290   18 24  0     55.41    0.2219E-02      81.5    437.0
2014 10 17   290   18 25  0     55.51    0.2143E-02      81.0    436.8
2014 10 17   290   18 26  0     55.61    0.2080E-02      80.8    436.4
2014 10 17   290   18 27  0     55.71    0.2008E-02      80.5    436.1
2014 10 17   290   18 28  0     55.81    0.1948E-02      79.5    435.5
2014 10 17   290   18 29  0     55.91    0.1839E-02      77.6    435.3
2014 10 17   290   18 30  0     56.01    0.1775E-02      80.8    435.1
2014 10 17   290   18 31  0     56.12    0.1685E-02      82.3    435.5
2014 10 17   290   18 32  0     56.22    0.1671E-02      65.8    430.2
2014 10 17   290   18 33  0     56.33    0.1589E-02      63.8    429.6
2014 10 17   290   18 34  0     56.43    0.1518E-02      53.5    426.1
2014 10 17   290   18 35  0     56.54    0.1433E-02      51.9    425.6
2014 10 17   290   18 36  0     56.64    0.1267E-02      60.3    429.9
2014 10 17   290   18 37  0     56.75    0.1192E-02      64.4    431.1
2014 10 17   290   18 38  0     56.86    0.1045E-02      67.3    433.7
2014 10 17   290   18 39  0     56.97    0.9164E-03      71.9    435.3
2014 10 17   290   18 40  0     57.08    0.9715E-03      60.1    430.1
2014 10 17   290   18 41  0     57.19    0.8484E-03      60.4    431.1
2014 10 17   290   18 42  0     57.30    0.6384E-03      73.6    436.0
2014 10 17   290   18 43  0     57.41    0.5336E-03      82.0    437.8
2014 10 17   290   18 44  0     57.52    0.4715E-03      84.3    437.7
2014 10 17   290   18 45  0     57.63    0.4430E-03      85.3    437.0
2014 10 17   290   18 46  0     57.75    0.5257E-03      76.4    433.9
2014 10 17   290   18 47  0     57.86    0.6284E-03      59.5    427.5
2014 10 17   290   18 48  0     57.98    0.3849E-03      80.5    433.9
2014 10 17   290   18 49  0     58.09    0.4320E-03      76.6    430.7
2014 10 17   290   18 50  0     58.21    0.4013E-03      77.0    430.0
2014 10 17   290   18 51  0     58.33    0.4971E-03      63.7    425.6
2014 10 17   290   18 52  0     58.45    0.2369E-03      79.6    430.4
2014 10 17   290   18 53  0     58.56    0.1441E-03      80.7    430.8
2014 10 17   290   18 54  0     58.69    0.4189E-04      81.4    431.2
2014 10 17   290   18 55  0     58.80   -0.2932E-04      82.4    432.2
2014 10 17   290   18 56  0     58.92   -0.3990E-04      81.2    431.1
2014 10 17   290   18 57  0     59.05   -0.3331E-04      78.3    428.4
2014 10 17   290   18 58  0     59.17   -0.1233E-03      81.5    428.8
2014 10 17   290   18 59  0     59.29   -0.1602E-03      81.4    428.1
2014 10 17   290   19  0  0     59.41   -0.2060E-03      81.4    427.6
2014 10 17   290   19  1  0     59.54   -0.2522E-03      80.9    427.1
2014 10 17   290   19  2  0     59.66   -0.3088E-03      80.9    426.8
2014 10 17   290   19  3  0     59.79   -0.3723E-03      81.4    426.7
2014 10 17   290   19  4  0     59.91   -0.4394E-03      82.0    426.5
2014 10 17   290   19  5  0     60.04   -0.4864E-03      82.0    426.1
2014 10 17   290   19  6  0     60.16   -0.5368E-03      81.9    425.8
2014 10 17   290   19  7  0     60.29   -0.5796E-03      81.3    425.4
2014 10 17   290   19  8  0     60.42   -0.6343E-03      81.0    425.2
2014 10 17   290   19  9  0     60.55   -0.6964E-03      81.2    425.1
2014 10 17   290   19 10  0     60.68   -0.7344E-03      80.3    424.6
2014 10 17   290   19 11  0     60.81   -0.4715E-03      65.4    419.0
2014 10 17   290   19 12  0     60.94   -0.7952E-03      78.5    423.4
2014 10 17   290   19 13  0     61.07   -0.8740E-03      80.4    423.6
2014 10 17   290   19 14  0     61.20   -0.9345E-03      81.1    423.5
2014 10 17   290   19 15  0     61.33   -0.9704E-03      80.7    423.1
2014 10 17   290   19 16  0     61.46   -0.1018E-02      80.8    422.8
2014 10 17   290   19 17  0     61.60   -0.1086E-02      81.6    422.9
2014 10 17   290   19 18  0     61.73   -0.1102E-02      80.2    422.3
2014 10 17   290   19 19  0     61.86   -0.1042E-02      76.1    420.4
2014 10 17   290   19 20  0     62.00   -0.8998E-03      67.3    417.3
2014 10 17   290   19 21  0     62.13   -0.1157E-02      77.1    420.5
2014 10 17   290   19 22  0     62.27   -0.1184E-02      76.9    420.0
2014 10 17   290   19 23  0     62.40   -0.1246E-02      77.6    420.3
2014 10 17   290   19 24  0     62.54   -0.1290E-02      77.5    420.2
2014 10 17   290   19 25  0     62.68   -0.1134E-02      69.1    416.9
2014 10 17   290   19 26  0     62.82   -0.1438E-02      80.4    420.7
2014 10 17   290   19 27  0     62.95   -0.1482E-02      80.9    420.4
2014 10 17   290   19 28  0     63.09   -0.1509E-02      80.5    420.0
2014 10 17   290   19 29  0     63.23   -0.1506E-02      79.0    419.3
2014 10 17   290   19 30  0     63.37   -0.1560E-02      79.8    419.3
2014 10 17   290   19 31  0     63.51   -0.1602E-02      80.3    419.2
2014 10 17   290   19 32  0     63.65   -0.1631E-02      80.4    418.8
2014 10 17   290   19 33  0     63.80   -0.1656E-02      80.3    418.4
2014 10 17   290   19 34  0     63.94   -0.1671E-02      79.9    417.9
2014 10 17   290   19 35  0     64.08   -0.1681E-02      79.3    417.0
2014 10 17   290   19 36  0     64.22   -0.1714E-02      79.3    416.9
2014 10 17   290   19 37  0     64.37   -0.1744E-02      79.6    417.0
2014 10 17   290   19 38  0     64.51   -0.1753E-02      79.0    416.6
2014 10 17   290   19 39  0     64.65   -0.1780E-02      79.1    416.4
2014 10 17   290   19 40  0     64.80   -0.1795E-02      78.9    415.9
2014 10 17   290   19 41  0     64.94   -0.1829E-02      79.2    415.8
2014 10 17   290   19 42  0     65.09   -0.1826E-02      78.6    414.5
2014 10 17   290   19 43  0     65.23   -0.1819E-02      77.1    414.0
2014 10 17   290   19 44  0     65.38   -0.1846E-02      77.5    413.8
2014 10 17   290   19 45  0     65.53   -0.1883E-02      78.0    414.6
2014 10 17   290   19 46  0     65.68   -0.1889E-02      77.6    414.2
2014 10 17   290   19 47  0     65.82   -0.1838E-02      75.2    412.7
2014 10 17   290   19 48  0     65.97   -0.1632E-02      66.6    407.0
2014 10 17   290   19 49  0     66.12   -0.1774E-02      71.4    409.7
2014 10 17   290   19 50  0     66.27   -0.1891E-02      75.4    411.8
2014 10 17   290   19 51  0     66.42   -0.1933E-02      76.6    412.3
2014 10 17   290   19 52  0     66.57   -0.1827E-02      71.9    409.5
2014 10 17   290   19 53  0     66.72   -0.1845E-02      71.7    409.8
2014 10 17   290   19 54  0     66.87   -0.2008E-02      78.0    413.4
2014 10 17   290   19 55  0     67.02   -0.2041E-02      78.9    413.1
2014 10 17   290   19 56  0     67.18   -0.2050E-02      78.9    413.2
2014 10 17   290   19 57  0     67.33   -0.2091E-02      80.1    413.9
2014 10 17   290   19 58  0     67.48   -0.2113E-02      80.8    414.7
2014 10 17   290   19 59  0     67.64   -0.2115E-02      80.6    414.9
2014 10 17   290   20  0  0     67.79   -0.2111E-02      80.2    414.8
2014 10 17   290   20  1  0     67.94   -0.2117E-02      80.3    414.7
2014 10 17   290   20  2  0     68.10   -0.2083E-02      78.8    412.8
2014 10 17   290   20  3  0     68.25   -0.1908E-02      71.4    407.8
2014 10 17   290   20  4  0     68.41   -0.2016E-02      76.2    410.2
2014 10 17   290   20  5  0     68.56   -0.1984E-02      74.9    409.0
2014 10 17   290   20  6  0     68.72   -0.1985E-02      74.8    408.9
2014 10 17   290   20  7  0     68.87   -0.2034E-02      77.0    410.9
2014 10 17   290   20  8  0     69.03   -0.2037E-02      77.2    410.1
2014 10 17   290   20  9  0     69.19   -0.2052E-02      77.9    410.8
2014 10 17   290   20 10  0     69.35   -0.2049E-02      78.0    410.9
2014 10 17   290   20 11  0     69.50   -0.2053E-02      78.2    411.3
2014 10 17   290   20 12  0     69.66   -0.2053E-02      78.5    412.1
2014 10 17   290   20 13  0     69.82   -0.2044E-02      78.2    412.1
2014 10 17   290   20 14  0     69.98   -0.2035E-02      78.3    412.0
2014 10 17   290   20 15  0     70.14   -0.2019E-02      77.9    411.3
2014 10 17   290   20 16  0     70.30   -0.2009E-02      77.9    411.5
2014 10 17   290   20 17  0     70.46   -0.1999E-02      77.8    412.0
2014 10 17   290   20 18  0     70.62   -0.1988E-02      78.1    412.7
2014 10 17   290   20 19  0     70.78   -0.1979E-02      78.0    413.4
2014 10 17   290   20 20  0     70.94   -0.1960E-02      77.7    413.6
2014 10 17   290   20 21  0     71.10   -0.1956E-02      78.2    414.2
2014 10 17   290   20 22  0     71.26   -0.1941E-02      78.4    414.5
2014 10 17   290   20 23  0     71.43   -0.1931E-02      78.4    415.9
2014 10 17   290   20 24  0     71.59   -0.1915E-02      78.5    416.2
2014 10 17   290   20 25  0     71.75   -0.1889E-02      78.1    416.6
2014 10 17   290   20 26  0     71.91   -0.1861E-02      77.8    417.1
2014 10 17   290   20 27  0     72.08   -0.1839E-02      77.3    417.5
2014 10 17   290   20 28  0     72.24   -0.1816E-02      76.9    417.4
2014 10 17   290   20 29  0     72.41   -0.1809E-02      77.1    418.1
2014 10 17   290   20 30  0     72.57   -0.1781E-02      76.4    417.6
2014 10 17   290   20 31  0     72.74   -0.1760E-02      76.2    418.2
2014 10 17   290   20 32  0     72.90   -0.1716E-02      74.7    418.1
2014 10 17   290   20 33  0     73.06   -0.1659E-02      72.4    416.5
2014 10 17   290   20 34  0     73.23   -0.1599E-02      69.9    414.7
2014 10 17   290   20 35  0     73.40   -0.1604E-02      71.6    418.7
2014 10 17   290   20 36  0     73.56   -0.1579E-02      71.1    420.6
2014 10 17   290   20 37  0     73.73   -0.1580E-02      72.7    425.1
2014 10 17   290   20 38  0     73.89   -0.1577E-02      74.7    429.3
2014 10 17   290   20 39  0     74.06   -0.1552E-02      74.7    433.6
2014 10 17   290   20 40  0     74.23   -0.1547E-02      75.7    438.9
2014 10 17   290   20 41  0     74.40   -0.1555E-02      77.2    443.0
2014 10 17   290   20 42  0     74.57   -0.1550E-02      78.2    443.3
2014 10 17   290   20 43  0     74.73   -0.1529E-02      78.3    441.1
2014 10 17   290   20 44  0     74.90   -0.1500E-02      77.5    438.7
2014 10 17   290   20 45  0     75.07   -0.1477E-02      77.2    438.5
2014 10 17   290   20 46  0     75.24   -0.1422E-02      74.4    433.8
2014 10 17   290   20 47  0     75.41   -0.1405E-02      75.2    434.8
2014 10 17   290   20 48  0     75.58   -0.1354E-02      72.4    432.8
2014 10 17   290   20 49  0     75.75   -0.1328E-02      72.6    433.9
2014 10 17   290   20 50  0     75.92   -0.1292E-02      71.8    433.8
2014 10 17   290   20 51  0     76.09   -0.1261E-02      71.4    435.2
2014 10 17   290   20 52  0     76.26   -0.1231E-02      71.0    438.4
2014 10 17   290   20 53  0     76.43   -0.1207E-02      71.8    443.2
2014 10 17   290   20 54  0     76.60   -0.1177E-02      72.4    446.1
2014 10 17   290   20 55  0     76.77   -0.1148E-02      72.2    451.1
2014 10 17   290   20 56  0     76.95   -0.1128E-02      72.6    456.2
2014 10 17   290   20 57  0     77.12   -0.1100E-02      72.5    458.7
2014 10 17   290   20 58  0     77.29   -0.1062E-02      71.9    459.8
2014 10 17   290   20 59  0     77.46   -0.1016E-02      70.5    461.0
2014 10 17   290   21  0  0     77.64   -0.9855E-03      69.9    468.7
2014 10 17   290   21  1  0     77.81   -0.9626E-03      69.8    469.0
2014 10 17   290   21  2  0     77.98   -0.9582E-03      71.1    474.6
2014 10 17   290   21  3  0     78.15   -0.9505E-03      72.3    473.9
2014 10 17   290   21  4  0     78.33   -0.9446E-03      74.0    475.1
2014 10 17   290   21  5  0     78.50   -0.9286E-03      74.6    474.6
2014 10 17   290   21  6  0     78.68   -0.9029E-03      74.2    472.7
2014 10 17   290   21  7  0     78.85   -0.8834E-03      74.8    475.6
2014 10 17   290   21  8  0     79.03   -0.8589E-03      75.2    473.5
2014 10 17   290   21  9  0     79.20   -0.8368E-03      75.2    478.1
2014 10 17   290   21 10  0     79.38   -0.8029E-03      74.3    472.3
2014 10 17   290   21 11  0     79.55   -0.7805E-03      74.5    478.0
2014 10 17   290   21 12  0     79.73   -0.7598E-03      75.0    481.6
2014 10 17   290   21 13  0     79.90   -0.7386E-03      75.4    484.4
2014 10 17   290   21 14  0     80.08   -0.7136E-03      75.6    481.9
2014 10 17   290   21 15  0     80.26   -0.6920E-03      76.2    484.7
2014 10 17   290   21 16  0     80.43   -0.6666E-03      76.1    485.9
2014 10 17   290   21 17  0     80.61   -0.6374E-03      75.6    482.8
2014 10 17   290   21 18  0     80.79   -0.6037E-03      74.8    473.9
2014 10 17   290   21 19  0     80.96   -0.5717E-03      73.9    467.4
2014 10 17   290   21 20  0     81.14   -0.5416E-03      73.4    459.7
2014 10 17   290   21 21  0     81.32   -0.5225E-03      73.4    464.6
2014 10 17   290   21 22  0     81.50   -0.4996E-03      73.6    458.6
2014 10 17   290   21 23  0     81.67   -0.4798E-03      73.9    457.4
2014 10 17   290   21 24  0     81.85   -0.4614E-03      74.1    459.5
2014 10 17   290   21 25  0     82.03   -0.4368E-03      74.4    451.6
2014 10 17   290   21 26  0     82.21   -0.4139E-03      73.9    452.9
2014 10 17   290   21 27  0     82.39   -0.3848E-03      72.7    448.0
2014 10 17   290   21 28  0     82.56   -0.3556E-03      71.5    441.7
2014 10 17   290   21 29  0     82.74   -0.3298E-03      70.4    437.0
2014 10 17   290   21 30  0     82.92   -0.3037E-03      69.2    428.2
2014 10 17   290   21 31  0     83.10   -0.2807E-03      68.2    417.0
2014 10 17   290   21 32  0     83.28   -0.2575E-03      67.7    399.7
2014 10 17   290   21 33  0     83.46   -0.2427E-03      67.6    395.0
2014 10 17   290   21 34  0     83.64   -0.2296E-03      68.0    393.8
2014 10 17   290   21 35  0     83.82   -0.2162E-03      68.6    390.2
2014 10 17   290   21 36  0     84.00   -0.2016E-03      68.9    386.1
2014 10 17   290   21 37  0     84.18   -0.1833E-03      68.8    377.9
2014 10 17   290   21 38  0     84.36   -0.1665E-03      68.4    372.9
2014 10 17   290   21 39  0     84.54   -0.1483E-03      68.2    363.5
2014 10 17   290   21 40  0     84.72   -0.1359E-03      68.6    361.2
2014 10 17   290   21 41  0     84.91   -0.1241E-03      68.9    359.5
2014 10 17   290   21 42  0     85.09   -0.1073E-03      68.8    344.8
2014 10 17   290   21 43  0     85.27   -0.9865E-04      68.4    347.4
2014 10 17   290   21 44  0     85.45   -0.8078E-04      68.0    330.9
2014 10 17   290   21 45  0     85.63   -0.7027E-04      68.4    325.3
2014 10 17   290   21 46  0     85.81   -0.6058E-04      68.8    321.5
2014 10 17   290   21 47  0     86.00   -0.4573E-04      69.2    306.3
2014 10 17   290   21 48  0     86.18   -0.4252E-04      70.0    311.4
2014 10 17   290   21 49  0     86.36   -0.3151E-04      71.1    302.9
2014 10 17   290   21 50  0     86.54   -0.2281E-04      71.9    299.0
2014 10 17   290   21 51  0     86.73   -0.1545E-04      73.4    295.0
2014 10 17   290   21 52  0     86.91   -0.1076E-04      75.2    295.3
2014 10 17   290   21 53  0     87.09    0.8730E-07      76.3    283.7
2014 10 17   290   21 54  0     87.28    0.4761E-05      76.7    283.9
2014 10 17   290   21 55  0     87.46    0.1727E-04      76.7    269.8
2014 10 17   290   21 56  0     87.64    0.2172E-04      76.7    268.0
2014 10 17   290   21 57  0     87.82    0.2875E-04      76.7    262.7
2014 10 17   290   21 58  0     88.01    0.3656E-04      76.6    250.1
2014 10 17   290   21 59  0     88.19    0.4279E-04      76.0    244.0
2014 10 17   290   22  0  0     88.38    0.4939E-04      75.6    239.1
2014 10 17   290   22  1  0     88.56    0.5586E-04      75.2    229.8
2014 10 17   290   22  2  0     88.74    0.5952E-04      74.9    222.0
2014 10 17   290   22  3  0     88.93    0.6499E-04      75.1    212.1
2014 10 17   290   22  4  0     89.11    0.7075E-04      75.2    198.1
2014 10 17   290   22  5  0     89.30    0.7210E-04      75.0    197.1
2014 10 17   290   22  6  0     89.48    0.7548E-04      74.5    191.9
2014 10 17   290   22  7  0     89.67    0.8093E-04      73.8    177.0
2014 10 17   290   22  8  0     89.85    0.8292E-04      73.6    168.5
