                            NILUUV 115

Uvpro Version 2.0
Latitude :   40.74 (North)
Longitude:  -74.03  (West)
Calibration file: cf100603a.115
Height above sea level:    40.0  m
CLT derived from channel 4
CLT scale factor used:   1.0
Ozone derived from channel pair ch3/ch1
Ozone scale factor used:   1.0
Drift factors ch1-ch6:   3.000154.000  1.000  1.000  1.000  1.000
Ozone profile climatology: Mid  Latitude
Dose type:    CLW    Caldwell Plant 1971           

yyyy mm dd   jul   hh mm ss      SZA     dose rate       clt     Ozone
                              [degrees]   [W/m^2]        [%]     [DU]
2014  5  5   125    9 56  0     89.83    0.3934E-04      72.0    251.0
2014  5  5   125    9 57  0     89.65    0.3646E-04      72.0    251.2
2014  5  5   125    9 58  0     89.48    0.3491E-04      72.2    257.5
2014  5  5   125    9 59  0     89.30    0.3303E-04      72.6    261.1
2014  5  5   125   10  0  0     89.12    0.2891E-04      73.2    272.4
2014  5  5   125   10  1  0     88.95    0.2351E-04      73.5    291.7
2014  5  5   125   10  2  0     88.77    0.1887E-04      73.5    303.6
2014  5  5   125   10  3  0     88.59    0.1839E-04      73.4    302.1
2014  5  5   125   10  4  0     88.41    0.1457E-04      73.6    309.2
2014  5  5   125   10  5  0     88.24    0.9501E-05      73.9    320.8
2014  5  5   125   10  6  0     88.06    0.4858E-05      74.3    330.5
2014  5  5   125   10  7  0     87.88    0.1671E-05      74.4    336.5
2014  5  5   125   10  8  0     87.70   -0.2460E-05      74.4    344.3
2014  5  5   125   10  9  0     87.52   -0.1153E-04      74.5    365.9
2014  5  5   125   10 10  0     87.34   -0.1508E-04      74.7    368.3
2014  5  5   125   10 11  0     87.16   -0.1964E-04      74.9    372.4
2014  5  5   125   10 12  0     86.98   -0.2929E-04      75.2    397.1
2014  5  5   125   10 13  0     86.81   -0.3554E-04      75.2    407.8
2014  5  5   125   10 14  0     86.63   -0.4200E-04      75.2    414.4
2014  5  5   125   10 15  0     86.45   -0.4930E-04      75.3    424.6
2014  5  5   125   10 16  0     86.27   -0.5757E-04      75.5    437.0
2014  5  5   125   10 17  0     86.09   -0.6538E-04      75.6    446.4
2014  5  5   125   10 18  0     85.91   -0.7549E-04      75.7    467.1
2014  5  5   125   10 19  0     85.73   -0.8205E-04      75.7    465.9
2014  5  5   125   10 20  0     85.55   -0.9230E-04      75.7    481.9
2014  5  5   125   10 21  0     85.36   -0.1046E-03      75.8    507.4
2014  5  5   125   10 22  0     85.18   -0.1100E-03      75.9    495.4
2014  5  5   125   10 23  0     85.00   -0.1247E-03      76.0    529.1
2014  5  5   125   10 24  0     84.82   -0.1346E-03      75.9    536.9
2014  5  5   125   10 25  0     84.64   -0.1447E-03      75.8    541.3
2014  5  5   125   10 26  0     84.46   -0.1571E-03      75.8    558.1
2014  5  5   125   10 27  0     84.28   -0.1713E-03      75.7    582.3
2014  5  5   125   10 28  0     84.10   -0.1846E-03      75.7    597.0
2014  5  5   125   10 29  0     83.91   -0.1935E-03      75.8    586.1
2014  5  5   125   10 30  0     83.73   -0.2097E-03      75.9    611.0
2014  5  5   125   10 31  0     83.55   -0.2218E-03      75.9    611.8
2014  5  5   125   10 32  0     83.37   -0.2355E-03      76.1    618.1
2014  5  5   125   10 33  0     83.19   -0.2508E-03      76.2    630.3
2014  5  5   125   10 34  0     83.00   -0.2680E-03      76.3    651.4
2014  5  5   125   10 35  0     82.82   -0.2854E-03      76.2    674.8
2014  5  5   125   10 36  0     82.64   -0.2980E-03      76.0    664.4
2014  5  5   125   10 37  0     82.45   -0.3130E-03      76.0    664.4
2014  5  5   125   10 38  0     82.27   -0.3320E-03      76.0    685.6
2014  5  5   125   10 39  0     82.09   -0.3499E-03      76.1    697.9
2014  5  5   125   10 40  0     81.90   -0.3643E-03      76.1    685.8
2014  5  5   125   10 41  0     81.72   -0.3830E-03      76.1    694.8
2014  5  5   125   10 42  0     81.54   -0.4026E-03      76.1    -99.9
2014  5  5   125   10 43  0     81.35   -0.4216E-03      76.1    -99.9
2014  5  5   125   10 44  0     81.17   -0.4436E-03      76.2    -99.9
2014  5  5   125   10 45  0     80.99   -0.4656E-03      76.2    -99.9
2014  5  5   125   10 46  0     80.80   -0.4835E-03      76.2    -99.9
2014  5  5   125   10 47  0     80.62   -0.5042E-03      76.1    -99.9
2014  5  5   125   10 48  0     80.43   -0.5282E-03      76.1    -99.9
2014  5  5   125   10 49  0     80.25   -0.5469E-03      76.2    -99.9
2014  5  5   125   10 50  0     80.06   -0.5697E-03      76.2    -99.9
2014  5  5   125   10 51  0     79.88   -0.5928E-03      76.1    -99.9
2014  5  5   125   10 52  0     79.69   -0.6194E-03      76.1    -99.9
2014  5  5   125   10 53  0     79.51   -0.6388E-03      76.0    -99.9
2014  5  5   125   10 54  0     79.32   -0.6650E-03      76.0    -99.9
2014  5  5   125   10 55  0     79.14   -0.6890E-03      76.0    -99.9
2014  5  5   125   10 56  0     78.95   -0.7134E-03      76.0    -99.9
2014  5  5   125   10 57  0     78.77   -0.7392E-03      75.9    -99.9
2014  5  5   125   10 58  0     78.58   -0.7643E-03      75.9    -99.9
2014  5  5   125   10 59  0     78.40   -0.7880E-03      75.8    -99.9
2014  5  5   125   11  0  0     78.21   -0.8127E-03      75.8    -99.9
2014  5  5   125   11  1  0     78.03   -0.8434E-03      75.8    -99.9
2014  5  5   125   11  2  0     77.84   -0.8697E-03      75.8    -99.9
2014  5  5   125   11  3  0     77.65   -0.8971E-03      75.4    -99.9
2014  5  5   125   11  4  0     77.47   -0.9252E-03      75.6    -99.9
2014  5  5   125   11  5  0     77.28   -0.9496E-03      75.5    -99.9
2014  5  5   125   11  6  0     77.09   -0.9809E-03      75.6    -99.9
2014  5  5   125   11  7  0     76.91   -0.1005E-02      74.8    -99.9
2014  5  5   125   11  8  0     76.72   -0.1032E-02      74.5    -99.9
2014  5  5   125   11  9  0     76.53   -0.1064E-02      74.9    -99.9
2014  5  5   125   11 10  0     76.35   -0.1092E-02      74.8    -99.9
2014  5  5   125   11 11  0     76.16   -0.1129E-02      75.5    -99.9
2014  5  5   125   11 12  0     75.97   -0.1161E-02      75.6    -99.9
2014  5  5   125   11 13  0     75.79   -0.1191E-02      75.6    -99.9
2014  5  5   125   11 14  0     75.60   -0.1221E-02      75.7    -99.9
2014  5  5   125   11 15  0     75.41   -0.1254E-02      75.8    -99.9
2014  5  5   125   11 16  0     75.23   -0.1287E-02      75.8    -99.9
2014  5  5   125   11 17  0     75.04   -0.1312E-02      75.6    -99.9
2014  5  5   125   11 18  0     74.85   -0.1347E-02      75.7    -99.9
2014  5  5   125   11 19  0     74.66   -0.1379E-02      75.7    -99.9
2014  5  5   125   11 20  0     74.48   -0.1411E-02      75.7    -99.9
2014  5  5   125   11 21  0     74.29   -0.1444E-02      75.7    -99.9
2014  5  5   125   11 22  0     74.10   -0.1478E-02      75.7    -99.9
2014  5  5   125   11 23  0     73.91   -0.1510E-02      75.6    -99.9
2014  5  5   125   11 24  0     73.73   -0.1541E-02      75.5    -99.9
2014  5  5   125   11 25  0     73.54   -0.1573E-02      75.4    -99.9
2014  5  5   125   11 26  0     73.35   -0.1598E-02      74.8    -99.9
2014  5  5   125   11 27  0     73.16   -0.1634E-02      75.2    692.6
2014  5  5   125   11 28  0     72.97   -0.1670E-02      75.3    686.5
2014  5  5   125   11 29  0     72.79   -0.1706E-02      75.2    684.0
2014  5  5   125   11 30  0     72.60   -0.1739E-02      75.3    675.2
2014  5  5   125   11 31  0     72.41   -0.1771E-02      75.2    668.2
2014  5  5   125   11 32  0     72.22   -0.1807E-02      75.3    664.9
2014  5  5   125   11 33  0     72.03   -0.1843E-02      75.4    661.1
2014  5  5   125   11 34  0     71.84   -0.1877E-02      75.5    657.1
2014  5  5   125   11 35  0     71.66   -0.1884E-02      73.8    647.4
2014  5  5   125   11 36  0     71.47   -0.1935E-02      75.1    644.7
2014  5  5   125   11 37  0     71.28   -0.1965E-02      74.9    640.2
2014  5  5   125   11 38  0     71.09   -0.1974E-02      73.3    627.1
2014  5  5   125   11 39  0     70.90   -0.2048E-02      75.4    631.2
2014  5  5   125   11 40  0     70.71   -0.2084E-02      75.5    627.9
2014  5  5   125   11 41  0     70.52   -0.2100E-02      74.7    620.6
2014  5  5   125   11 42  0     70.33   -0.2092E-02      72.5    611.7
2014  5  5   125   11 43  0     70.15   -0.2111E-02      71.7    606.5
2014  5  5   125   11 44  0     69.96   -0.2214E-02      75.4    611.1
2014  5  5   125   11 45  0     69.77   -0.2240E-02      75.1    607.7
2014  5  5   125   11 46  0     69.58   -0.2269E-02      74.9    603.2
2014  5  5   125   11 47  0     69.39   -0.2314E-02      75.2    601.5
2014  5  5   125   11 48  0     69.20   -0.2349E-02      75.4    599.1
2014  5  5   125   11 49  0     69.01   -0.2255E-02      69.6    585.5
2014  5  5   125   11 50  0     68.82   -0.2420E-02      75.8    593.9
2014  5  5   125   11 51  0     68.63   -0.2437E-02      75.0    589.6
2014  5  5   125   11 52  0     68.44   -0.2479E-02      75.5    588.4
2014  5  5   125   11 53  0     68.25   -0.2459E-02      73.4    582.4
2014  5  5   125   11 54  0     68.07   -0.2544E-02      75.6    583.7
2014  5  5   125   11 55  0     67.88   -0.2556E-02      74.8    580.7
2014  5  5   125   11 56  0     67.69   -0.2616E-02      76.0    581.2
2014  5  5   125   11 57  0     67.50   -0.2641E-02      75.8    578.3
2014  5  5   125   11 58  0     67.31   -0.2668E-02      75.8    575.2
2014  5  5   125   11 59  0     67.12   -0.2703E-02      76.0    573.5
2014  5  5   125   12  0  0     66.93   -0.2711E-02      75.1    572.0
2014  5  5   125   12  1  0     66.74   -0.2762E-02      75.8    572.1
2014  5  5   125   12  2  0     66.55   -0.2787E-02      75.6    569.9
2014  5  5   125   12  3  0     66.36   -0.2813E-02      75.6    567.8
2014  5  5   125   12  4  0     66.17   -0.2835E-02      75.4    566.4
2014  5  5   125   12  5  0     65.98   -0.2866E-02      75.5    566.8
2014  5  5   125   12  6  0     65.79   -0.2896E-02      75.6    564.6
2014  5  5   125   12  7  0     65.60   -0.2924E-02      75.7    563.6
2014  5  5   125   12  8  0     65.41   -0.2952E-02      75.8    562.6
2014  5  5   125   12  9  0     65.22   -0.2964E-02      75.6    560.7
2014  5  5   125   12 10  0     65.03   -0.2978E-02      75.3    559.3
2014  5  5   125   12 11  0     64.84   -0.3020E-02      76.0    558.9
2014  5  5   125   12 12  0     64.65   -0.3044E-02      76.0    558.2
2014  5  5   125   12 13  0     64.47   -0.3066E-02      76.0    557.0
2014  5  5   125   12 14  0     64.28   -0.3091E-02      76.1    556.5
2014  5  5   125   12 15  0     64.09   -0.3104E-02      76.1    554.4
2014  5  5   125   12 16  0     63.90   -0.3124E-02      76.1    554.3
2014  5  5   125   12 17  0     63.71   -0.3145E-02      76.1    553.9
2014  5  5   125   12 18  0     63.52   -0.3164E-02      76.2    553.2
2014  5  5   125   12 19  0     63.33   -0.3174E-02      76.1    551.7
2014  5  5   125   12 20  0     63.14   -0.3193E-02      76.2    550.9
2014  5  5   125   12 21  0     62.95   -0.3206E-02      76.1    551.1
2014  5  5   125   12 22  0     62.76   -0.3224E-02      76.2    551.0
2014  5  5   125   12 23  0     62.57   -0.3242E-02      76.4    549.8
2014  5  5   125   12 24  0     62.38   -0.3259E-02      76.5    549.7
2014  5  5   125   12 25  0     62.19   -0.3273E-02      76.6    549.2
2014  5  5   125   12 26  0     62.00   -0.3283E-02      76.5    549.1
2014  5  5   125   12 27  0     61.81   -0.3290E-02      76.5    549.5
2014  5  5   125   12 28  0     61.62   -0.3297E-02      76.5    548.3
2014  5  5   125   12 29  0     61.43   -0.3315E-02      76.7    548.5
2014  5  5   125   12 30  0     61.24   -0.3324E-02      76.7    548.4
2014  5  5   125   12 31  0     61.06   -0.3328E-02      76.7    548.0
2014  5  5   125   12 32  0     60.87   -0.3338E-02      76.8    549.3
2014  5  5   125   12 33  0     60.68   -0.3344E-02      76.8    548.2
2014  5  5   125   12 34  0     60.49   -0.3353E-02      76.8    548.6
2014  5  5   125   12 35  0     60.30   -0.3353E-02      76.8    548.4
2014  5  5   125   12 36  0     60.11   -0.3357E-02      76.8    548.6
2014  5  5   125   12 37  0     59.92   -0.3360E-02      76.8    549.6
2014  5  5   125   12 38  0     59.73   -0.3362E-02      76.9    548.7
2014  5  5   125   12 39  0     59.54   -0.3365E-02      77.0    548.9
2014  5  5   125   12 40  0     59.35   -0.3364E-02      76.9    549.3
2014  5  5   125   12 41  0     59.16   -0.3359E-02      76.9    549.3
2014  5  5   125   12 42  0     58.98   -0.3359E-02      77.0    550.4
2014  5  5   125   12 43  0     58.79   -0.3350E-02      76.9    550.6
2014  5  5   125   12 44  0     58.60   -0.3348E-02      76.9    549.9
2014  5  5   125   12 45  0     58.41   -0.3343E-02      76.9    550.2
2014  5  5   125   12 46  0     58.22   -0.3338E-02      77.1    550.2
2014  5  5   125   12 47  0     58.03   -0.3331E-02      77.1    550.3
2014  5  5   125   12 48  0     57.84   -0.3324E-02      77.2    551.4
2014  5  5   125   12 49  0     57.65   -0.3310E-02      77.2    550.6
2014  5  5   125   12 50  0     57.47   -0.3294E-02      77.2    550.7
2014  5  5   125   12 51  0     57.28   -0.3286E-02      77.2    551.1
2014  5  5   125   12 52  0     57.09   -0.3277E-02      77.4    551.3
2014  5  5   125   12 53  0     56.90   -0.3264E-02      77.4    552.4
2014  5  5   125   12 54  0     56.71   -0.3247E-02      77.3    552.9
2014  5  5   125   12 55  0     56.52   -0.3228E-02      77.2    552.5
2014  5  5   125   12 56  0     56.34   -0.3212E-02      77.3    552.7
2014  5  5   125   12 57  0     56.15   -0.3188E-02      77.2    552.9
2014  5  5   125   12 58  0     55.96   -0.3170E-02      77.3    553.9
2014  5  5   125   12 59  0     55.77   -0.3158E-02      77.4    554.4
2014  5  5   125   13  0  0     55.59   -0.3136E-02      77.5    554.6
2014  5  5   125   13  1  0     55.40   -0.3114E-02      77.5    554.5
2014  5  5   125   13  2  0     55.21   -0.3084E-02      77.5    554.5
2014  5  5   125   13  3  0     55.02   -0.3071E-02      77.7    555.1
2014  5  5   125   13  4  0     54.84   -0.3037E-02      77.8    555.7
2014  5  5   125   13  5  0     54.65   -0.3002E-02      77.8    555.8
2014  5  5   125   13  6  0     54.46   -0.2976E-02      77.9    556.0
2014  5  5   125   13  7  0     54.27   -0.2938E-02      78.0    555.7
2014  5  5   125   13  8  0     54.09   -0.2906E-02      77.9    556.1
2014  5  5   125   13  9  0     53.90   -0.2867E-02      77.9    556.7
2014  5  5   125   13 10  0     53.71   -0.2829E-02      77.9    556.9
2014  5  5   125   13 11  0     53.53   -0.2798E-02      78.1    557.2
2014  5  5   125   13 12  0     53.34   -0.2768E-02      78.3    557.6
2014  5  5   125   13 13  0     53.15   -0.2723E-02      78.3    557.5
2014  5  5   125   13 14  0     52.97   -0.2687E-02      78.4    558.1
2014  5  5   125   13 15  0     52.78   -0.2643E-02      78.5    558.3
2014  5  5   125   13 16  0     52.60   -0.2601E-02      78.5    558.7
2014  5  5   125   13 17  0     52.41   -0.2545E-02      78.4    558.7
2014  5  5   125   13 18  0     52.22   -0.2497E-02      78.4    559.0
2014  5  5   125   13 19  0     52.04   -0.2444E-02      78.5    559.0
2014  5  5   125   13 20  0     51.85   -0.2387E-02      78.4    559.3
2014  5  5   125   13 21  0     51.67   -0.2333E-02      78.4    559.6
2014  5  5   125   13 22  0     51.48   -0.2279E-02      78.3    559.9
2014  5  5   125   13 23  0     51.30   -0.2219E-02      78.2    560.1
2014  5  5   125   13 24  0     51.11   -0.2166E-02      78.3    560.4
2014  5  5   125   13 25  0     50.93   -0.2115E-02      78.5    560.7
2014  5  5   125   13 26  0     50.74   -0.2056E-02      78.5    561.0
2014  5  5   125   13 27  0     50.56   -0.2000E-02      78.6    561.3
2014  5  5   125   13 28  0     50.37   -0.1943E-02      78.6    561.7
2014  5  5   125   13 29  0     50.19   -0.1883E-02      78.7    562.0
2014  5  5   125   13 30  0     50.00   -0.1820E-02      78.7    562.3
2014  5  5   125   13 31  0     49.82   -0.1762E-02      78.7    562.7
2014  5  5   125   13 32  0     49.64   -0.1697E-02      78.7    563.1
2014  5  5   125   13 33  0     49.45   -0.1639E-02      78.7    563.6
2014  5  5   125   13 34  0     49.27   -0.1572E-02      78.9    563.9
2014  5  5   125   13 35  0     49.08   -0.1499E-02      78.9    564.0
2014  5  5   125   13 36  0     48.90   -0.1432E-02      78.9    564.4
2014  5  5   125   13 37  0     48.72   -0.1359E-02      78.8    564.7
2014  5  5   125   13 38  0     48.54   -0.1281E-02      78.7    565.0
2014  5  5   125   13 39  0     48.35   -0.1204E-02      78.6    565.2
2014  5  5   125   13 40  0     48.17   -0.1131E-02      78.8    565.6
2014  5  5   125   13 41  0     47.99   -0.1061E-02      78.9    565.9
2014  5  5   125   13 42  0     47.81   -0.9839E-03      79.0    566.3
2014  5  5   125   13 43  0     47.62   -0.9055E-03      79.0    566.6
2014  5  5   125   13 44  0     47.44   -0.8217E-03      78.9    566.9
2014  5  5   125   13 45  0     47.26   -0.7428E-03      78.9    567.2
2014  5  5   125   13 46  0     47.08   -0.6471E-03      79.1    567.2
2014  5  5   125   13 47  0     46.90   -0.5591E-03      79.1    567.5
2014  5  5   125   13 48  0     46.72   -0.4731E-03      79.3    567.8
2014  5  5   125   13 49  0     46.54   -0.3787E-03      79.3    568.0
2014  5  5   125   13 50  0     46.36   -0.2862E-03      79.3    568.2
2014  5  5   125   13 51  0     46.18   -0.2013E-03      79.2    568.6
2014  5  5   125   13 52  0     46.00   -0.1143E-03      79.2    568.9
2014  5  5   125   13 53  0     45.82   -0.3072E-04      79.5    569.4
2014  5  5   125   13 54  0     45.64    0.5477E-04      79.5    569.8
2014  5  5   125   13 55  0     45.46    0.1498E-03      79.6    570.1
2014  5  5   125   13 56  0     45.28    0.2535E-03      79.7    570.2
2014  5  5   125   13 57  0     45.10    0.3481E-03      79.7    570.6
2014  5  5   125   13 58  0     44.92    0.4392E-03      79.7    571.8
2014  5  5   125   13 59  0     44.74    0.5446E-03      79.7    571.1
2014  5  5   125   14  0  0     44.57    0.6522E-03      79.8    571.3
2014  5  5   125   14  1  0     44.39    0.7545E-03      79.4    571.5
2014  5  5   125   14  2  0     44.21    0.8590E-03      79.6    571.8
2014  5  5   125   14  3  0     44.03    0.9689E-03      79.3    571.9
2014  5  5   125   14  4  0     43.86    0.1073E-02      79.3    572.9
2014  5  5   125   14  5  0     43.68    0.1165E-02      79.8    572.8
2014  5  5   125   14  6  0     43.50    0.1281E-02      80.0    573.0
2014  5  5   125   14  7  0     43.33    0.1403E-02      80.1    573.0
2014  5  5   125   14  8  0     43.15    0.1502E-02      80.1    573.4
2014  5  5   125   14  9  0     42.98    0.1623E-02      79.9    574.2
2014  5  5   125   14 10  0     42.80    0.1730E-02      79.9    574.5
2014  5  5   125   14 11  0     42.63    0.1835E-02      79.9    574.8
2014  5  5   125   14 12  0     42.45    0.1936E-02      79.9    574.6
2014  5  5   125   14 13  0     42.28    0.2038E-02      80.2    575.1
2014  5  5   125   14 14  0     42.10    0.2147E-02      80.3    575.5
2014  5  5   125   14 15  0     41.93    0.2259E-02      80.3    576.2
2014  5  5   125   14 16  0     41.76    0.2374E-02      80.3    576.5
2014  5  5   125   14 17  0     41.58    0.2457E-02      80.3    577.1
2014  5  5   125   14 18  0     41.41    0.2572E-02      80.4    577.3
2014  5  5   125   14 19  0     41.24    0.2673E-02      80.4    577.5
2014  5  5   125   14 20  0     41.07    0.2771E-02      80.3    578.0
2014  5  5   125   14 21  0     40.89    0.2856E-02      80.4    578.8
2014  5  5   125   14 22  0     40.72    0.2956E-02      80.6    579.3
2014  5  5   125   14 23  0     40.55    0.3063E-02      80.6    579.7
2014  5  5   125   14 24  0     40.38    0.3171E-02      80.5    580.0
2014  5  5   125   14 25  0     40.21    0.3278E-02      80.6    580.4
2014  5  5   125   14 26  0     40.04    0.3398E-02      80.6    580.6
2014  5  5   125   14 27  0     39.87    0.3502E-02      80.7    581.1
2014  5  5   125   14 28  0     39.70    0.3609E-02      80.7    581.5
2014  5  5   125   14 29  0     39.53    0.3740E-02      80.7    581.6
2014  5  5   125   14 30  0     39.37    0.3831E-02      80.7    582.2
2014  5  5   125   14 31  0     39.20    0.3956E-02      80.8    582.4
2014  5  5   125   14 32  0     39.03    0.4064E-02      80.8    582.8
2014  5  5   125   14 33  0     38.86    0.4165E-02      80.9    583.3
2014  5  5   125   14 34  0     38.70    0.4281E-02      80.8    583.6
2014  5  5   125   14 35  0     38.53    0.4378E-02      80.8    584.0
2014  5  5   125   14 36  0     38.37    0.4485E-02      80.8    584.4
2014  5  5   125   14 37  0     38.20    0.4585E-02      80.8    584.9
2014  5  5   125   14 38  0     38.04    0.4714E-02      80.8    585.1
2014  5  5   125   14 39  0     37.87    0.4845E-02      80.8    585.2
2014  5  5   125   14 40  0     37.71    0.4954E-02      80.8    585.6
2014  5  5   125   14 41  0     37.55    0.5056E-02      80.9    586.1
2014  5  5   125   14 42  0     37.38    0.5205E-02      81.0    586.2
2014  5  5   125   14 43  0     37.22    0.5334E-02      80.9    586.3
2014  5  5   125   14 44  0     37.06    0.5455E-02      80.9    586.6
2014  5  5   125   14 45  0     36.90    0.5545E-02      81.0    587.2
2014  5  5   125   14 46  0     36.74    0.5634E-02      81.0    587.8
2014  5  5   125   14 47  0     36.58    0.5749E-02      81.1    588.2
2014  5  5   125   14 48  0     36.42    0.5859E-02      81.2    588.6
2014  5  5   125   14 49  0     36.26    0.5969E-02      81.2    588.9
2014  5  5   125   14 50  0     36.10    0.6050E-02      81.2    589.5
2014  5  5   125   14 51  0     35.94    0.6147E-02      81.2    590.0
2014  5  5   125   14 52  0     35.79    0.6271E-02      81.2    590.2
2014  5  5   125   14 53  0     35.63    0.6403E-02      81.2    590.4
2014  5  5   125   14 54  0     35.47    0.6510E-02      81.2    590.8
2014  5  5   125   14 55  0     35.32    0.6622E-02      81.3    591.2
2014  5  5   125   14 56  0     35.16    0.6731E-02      81.4    591.6
2014  5  5   125   14 57  0     35.01    0.6841E-02      81.5    592.0
2014  5  5   125   14 58  0     34.85    0.6988E-02      81.7    592.1
2014  5  5   125   14 59  0     34.70    0.7125E-02      81.7    592.3
2014  5  5   125   15  0  0     34.55    0.7240E-02      81.8    592.6
2014  5  5   125   15  1  0     34.40    0.7385E-02      81.7    592.6
2014  5  5   125   15  2  0     34.24    0.7530E-02      81.7    592.6
2014  5  5   125   15  3  0     34.09    0.7666E-02      81.8    592.8
2014  5  5   125   15  4  0     33.94    0.7798E-02      81.8    592.9
2014  5  5   125   15  5  0     33.79    0.7929E-02      81.6    593.0
2014  5  5   125   15  6  0     33.65    0.8053E-02      81.6    593.2
2014  5  5   125   15  7  0     33.50    0.8203E-02      81.8    593.3
2014  5  5   125   15  8  0     33.35    0.8315E-02      81.9    593.7
2014  5  5   125   15  9  0     33.20    0.8410E-02      81.9    594.1
2014  5  5   125   15 10  0     33.06    0.8487E-02      81.8    594.6
2014  5  5   125   15 11  0     32.91    0.8614E-02      82.0    595.3
2014  5  5   125   15 12  0     32.77    0.8758E-02      82.1    595.4
2014  5  5   125   15 13  0     32.63    0.8888E-02      82.1    595.1
2014  5  5   125   15 14  0     32.48    0.9004E-02      82.1    595.3
2014  5  5   125   15 15  0     32.34    0.9106E-02      82.2    595.7
2014  5  5   125   15 16  0     32.20    0.9235E-02      82.2    595.9
2014  5  5   125   15 17  0     32.06    0.9370E-02      82.2    595.9
2014  5  5   125   15 18  0     31.92    0.9481E-02      82.2    596.5
2014  5  5   125   15 19  0     31.78    0.9593E-02      82.2    596.7
2014  5  5   125   15 20  0     31.64    0.9719E-02      82.3    596.9
2014  5  5   125   15 21  0     31.51    0.9841E-02      82.3    597.0
2014  5  5   125   15 22  0     31.37    0.9965E-02      82.3    596.9
2014  5  5   125   15 23  0     31.24    0.1009E-01      82.5    597.2
2014  5  5   125   15 24  0     31.10    0.1021E-01      82.5    597.3
2014  5  5   125   15 25  0     30.97    0.1033E-01      82.5    597.7
2014  5  5   125   15 26  0     30.83    0.1047E-01      82.7    597.8
2014  5  5   125   15 27  0     30.70    0.1062E-01      82.9    597.9
2014  5  5   125   15 28  0     30.57    0.1072E-01      82.8    598.1
2014  5  5   125   15 29  0     30.44    0.1083E-01      82.9    598.4
2014  5  5   125   15 30  0     30.31    0.1094E-01      82.9    598.5
2014  5  5   125   15 31  0     30.19    0.1109E-01      82.8    598.2
2014  5  5   125   15 32  0     30.06    0.1122E-01      82.8    598.2
2014  5  5   125   15 33  0     29.93    0.1130E-01      82.6    598.6
2014  5  5   125   15 34  0     29.81    0.1138E-01      82.7    598.9
2014  5  5   125   15 35  0     29.69    0.1148E-01      82.9    599.2
2014  5  5   125   15 36  0     29.56    0.1159E-01      83.0    599.5
2014  5  5   125   15 37  0     29.44    0.1170E-01      83.0    599.5
2014  5  5   125   15 38  0     29.32    0.1179E-01      83.0    599.8
2014  5  5   125   15 39  0     29.20    0.1186E-01      83.0    600.2
2014  5  5   125   15 40  0     29.08    0.1192E-01      83.1    600.6
2014  5  5   125   15 41  0     28.97    0.1202E-01      83.1    600.8
2014  5  5   125   15 42  0     28.85    0.1213E-01      83.1    601.0
2014  5  5   125   15 43  0     28.73    0.1222E-01      83.3    601.3
2014  5  5   125   15 44  0     28.62    0.1228E-01      83.3    601.6
2014  5  5   125   15 45  0     28.51    0.1238E-01      83.4    601.9
2014  5  5   125   15 46  0     28.40    0.1247E-01      83.4    602.1
2014  5  5   125   15 47  0     28.29    0.1256E-01      83.4    602.2
2014  5  5   125   15 48  0     28.18    0.1263E-01      83.4    602.4
2014  5  5   125   15 49  0     28.07    0.1272E-01      83.4    602.6
2014  5  5   125   15 50  0     27.96    0.1281E-01      83.5    602.8
2014  5  5   125   15 51  0     27.86    0.1290E-01      83.5    602.9
2014  5  5   125   15 52  0     27.75    0.1299E-01      83.5    603.1
2014  5  5   125   15 53  0     27.65    0.1305E-01      83.5    603.3
2014  5  5   125   15 54  0     27.55    0.1312E-01      83.5    603.6
2014  5  5   125   15 55  0     27.45    0.1318E-01      83.5    603.9
2014  5  5   125   15 56  0     27.35    0.1325E-01      83.4    603.9
2014  5  5   125   15 57  0     27.26    0.1330E-01      83.2    604.1
2014  5  5   125   15 58  0     27.16    0.1334E-01      83.4    604.6
2014  5  5   125   15 59  0     27.06    0.1341E-01      83.5    604.9
2014  5  5   125   16  0  0     26.97    0.1348E-01      83.4    605.0
2014  5  5   125   16  1  0     26.88    0.1354E-01      83.3    605.1
2014  5  5   125   16  2  0     26.79    0.1362E-01      83.5    605.4
2014  5  5   125   16  3  0     26.70    0.1369E-01      83.7    605.7
2014  5  5   125   16  4  0     26.61    0.1375E-01      83.9    606.0
2014  5  5   125   16  5  0     26.53    0.1385E-01      83.9    606.0
2014  5  5   125   16  6  0     26.44    0.1391E-01      83.7    606.1
2014  5  5   125   16  7  0     26.36    0.1395E-01      83.7    606.3
2014  5  5   125   16  8  0     26.28    0.1398E-01      83.7    606.6
2014  5  5   125   16  9  0     26.20    0.1404E-01      83.8    606.8
2014  5  5   125   16 10  0     26.12    0.1409E-01      83.8    607.1
2014  5  5   125   16 11  0     26.04    0.1415E-01      83.9    607.3
2014  5  5   125   16 12  0     25.97    0.1419E-01      83.9    607.5
2014  5  5   125   16 13  0     25.89    0.1422E-01      83.9    607.8
2014  5  5   125   16 14  0     25.82    0.1429E-01      84.0    607.9
2014  5  5   125   16 15  0     25.75    0.1436E-01      84.0    607.9
2014  5  5   125   16 16  0     25.68    0.1435E-01      83.9    608.3
2014  5  5   125   16 17  0     25.61    0.1437E-01      84.0    608.6
2014  5  5   125   16 18  0     25.55    0.1444E-01      83.9    608.5
2014  5  5   125   16 19  0     25.48    0.1448E-01      83.8    608.6
2014  5  5   125   16 20  0     25.42    0.1450E-01      83.8    608.9
2014  5  5   125   16 21  0     25.36    0.1453E-01      83.9    609.1
2014  5  5   125   16 22  0     25.30    0.1459E-01      84.1    609.3
2014  5  5   125   16 23  0     25.24    0.1463E-01      84.1    609.5
2014  5  5   125   16 24  0     25.19    0.1467E-01      84.3    609.7
2014  5  5   125   16 25  0     25.13    0.1475E-01      84.4    609.6
2014  5  5   125   16 26  0     25.08    0.1480E-01      84.4    609.7
2014  5  5   125   16 27  0     25.03    0.1487E-01      84.5    609.6
2014  5  5   125   16 28  0     24.98    0.1491E-01      84.6    609.8
2014  5  5   125   16 29  0     24.94    0.1493E-01      84.6    609.9
2014  5  5   125   16 30  0     24.89    0.1499E-01      84.6    609.8
2014  5  5   125   16 31  0     24.85    0.1501E-01      84.6    610.0
2014  5  5   125   16 32  0     24.81    0.1502E-01      84.6    610.2
2014  5  5   125   16 33  0     24.77    0.1510E-01      84.7    610.0
2014  5  5   125   16 34  0     24.73    0.1516E-01      84.8    610.0
2014  5  5   125   16 35  0     24.69    0.1519E-01      84.7    610.0
2014  5  5   125   16 36  0     24.66    0.1524E-01      84.9    610.0
2014  5  5   125   16 37  0     24.63    0.1527E-01      84.9    610.1
2014  5  5   125   16 38  0     24.60    0.1529E-01      84.9    610.2
2014  5  5   125   16 39  0     24.57    0.1530E-01      84.8    610.2
2014  5  5   125   16 40  0     24.54    0.1529E-01      84.8    610.4
2014  5  5   125   16 41  0     24.52    0.1529E-01      84.8    610.5
2014  5  5   125   16 42  0     24.49    0.1529E-01      84.9    610.7
2014  5  5   125   16 43  0     24.47    0.1527E-01      84.9    610.9
2014  5  5   125   16 44  0     24.46    0.1526E-01      84.8    611.0
2014  5  5   125   16 45  0     24.44    0.1525E-01      84.7    611.2
2014  5  5   125   16 46  0     24.42    0.1522E-01      84.8    611.4
2014  5  5   125   16 47  0     24.41    0.1525E-01      85.0    611.5
2014  5  5   125   16 48  0     24.40    0.1534E-01      85.1    611.2
2014  5  5   125   16 49  0     24.39    0.1541E-01      85.1    610.9
2014  5  5   125   16 50  0     24.38    0.1544E-01      85.0    610.7
2014  5  5   125   16 51  0     24.38    0.1540E-01      85.1    611.0
2014  5  5   125   16 52  0     24.37    0.1543E-01      85.1    610.8
2014  5  5   125   16 53  0     24.37    0.1542E-01      85.0    610.8
2014  5  5   125   16 54  0     24.37    0.1541E-01      85.0    610.8
2014  5  5   125   16 55  0     24.37    0.1541E-01      84.9    610.8
2014  5  5   125   16 56  0     24.38    0.1536E-01      84.9    611.0
2014  5  5   125   16 57  0     24.38    0.1539E-01      84.9    610.8
2014  5  5   125   16 58  0     24.39    0.1541E-01      85.1    610.8
2014  5  5   125   16 59  0     24.40    0.1542E-01      85.2    610.7
2014  5  5   125   17  0  0     24.41    0.1536E-01      85.1    611.0
2014  5  5   125   17  1  0     24.43    0.1532E-01      85.1    611.1
2014  5  5   125   17  2  0     24.44    0.1533E-01      85.2    611.1
2014  5  5   125   17  3  0     24.46    0.1536E-01      85.3    610.9
2014  5  5   125   17  4  0     24.48    0.1536E-01      85.3    610.8
2014  5  5   125   17  5  0     24.50    0.1532E-01      85.3    610.8
2014  5  5   125   17  6  0     24.52    0.1531E-01      85.3    610.8
2014  5  5   125   17  7  0     24.55    0.1525E-01      85.1    610.9
2014  5  5   125   17  8  0     24.57    0.1524E-01      85.0    610.6
2014  5  5   125   17  9  0     24.60    0.1526E-01      85.0    610.3
2014  5  5   125   17 10  0     24.63    0.1521E-01      84.9    610.3
2014  5  5   125   17 11  0     24.67    0.1516E-01      84.9    610.4
2014  5  5   125   17 12  0     24.70    0.1513E-01      84.9    610.4
2014  5  5   125   17 13  0     24.74    0.1509E-01      85.0    610.4
2014  5  5   125   17 14  0     24.77    0.1507E-01      84.9    610.4
2014  5  5   125   17 15  0     24.81    0.1503E-01      84.9    610.3
2014  5  5   125   17 16  0     24.86    0.1494E-01      84.8    610.5
2014  5  5   125   17 17  0     24.90    0.1487E-01      84.8    610.6
2014  5  5   125   17 18  0     24.95    0.1484E-01      84.7    610.4
2014  5  5   125   17 19  0     24.99    0.1479E-01      84.7    610.4
2014  5  5   125   17 20  0     25.04    0.1472E-01      84.7    610.5
2014  5  5   125   17 21  0     25.09    0.1472E-01      84.8    610.3
2014  5  5   125   17 22  0     25.14    0.1469E-01      84.7    610.1
2014  5  5   125   17 23  0     25.20    0.1462E-01      84.8    610.2
2014  5  5   125   17 24  0     25.25    0.1453E-01      84.6    610.3
2014  5  5   125   17 25  0     25.31    0.1449E-01      84.7    610.3
2014  5  5   125   17 26  0     25.37    0.1445E-01      84.7    610.2
2014  5  5   125   17 27  0     25.43    0.1441E-01      84.8    610.1
2014  5  5   125   17 28  0     25.49    0.1437E-01      84.9    610.1
2014  5  5   125   17 29  0     25.56    0.1434E-01      85.1    610.0
2014  5  5   125   17 30  0     25.62    0.1424E-01      85.0    610.1
2014  5  5   125   17 31  0     25.69    0.1418E-01      85.0    610.0
2014  5  5   125   17 32  0     25.76    0.1412E-01      84.9    609.8
2014  5  5   125   17 33  0     25.83    0.1402E-01      84.5    609.7
2014  5  5   125   17 34  0     25.90    0.1403E-01      85.1    609.7
2014  5  5   125   17 35  0     25.98    0.1403E-01      85.4    609.5
2014  5  5   125   17 36  0     26.05    0.1399E-01      85.7    609.5
2014  5  5   125   17 37  0     26.13    0.1397E-01      86.1    609.4
2014  5  5   125   17 38  0     26.21    0.1279E-01      77.5    608.7
2014  5  5   125   17 39  0     26.29    0.1325E-01      81.0    608.5
2014  5  5   125   17 40  0     26.37    0.1384E-01      85.9    608.5
2014  5  5   125   17 41  0     26.46    0.1373E-01      85.6    608.4
2014  5  5   125   17 42  0     26.54    0.1368E-01      85.7    608.3
2014  5  5   125   17 43  0     26.63    0.1363E-01      85.5    607.9
2014  5  5   125   17 44  0     26.72    0.1354E-01      85.1    607.5
2014  5  5   125   17 45  0     26.81    0.1345E-01      84.8    607.2
2014  5  5   125   17 46  0     26.90    0.1336E-01      84.6    607.1
2014  5  5   125   17 47  0     26.99    0.1325E-01      84.6    607.2
2014  5  5   125   17 48  0     27.08    0.1318E-01      84.7    607.1
2014  5  5   125   17 49  0     27.18    0.1308E-01      84.4    606.8
2014  5  5   125   17 50  0     27.27    0.1297E-01      84.0    606.6
2014  5  5   125   17 51  0     27.37    0.1280E-01      83.6    606.6
2014  5  5   125   17 52  0     27.47    0.1271E-01      84.1    606.9
2014  5  5   125   17 53  0     27.57    0.1267E-01      84.4    606.8
2014  5  5   125   17 54  0     27.67    0.1262E-01      84.3    606.3
2014  5  5   125   17 55  0     27.77    0.1258E-01      84.4    606.1
2014  5  5   125   17 56  0     27.88    0.1248E-01      84.3    605.9
2014  5  5   125   17 57  0     27.98    0.1238E-01      84.1    605.7
2014  5  5   125   17 58  0     28.09    0.1220E-01      83.2    605.4
2014  5  5   125   17 59  0     28.20    0.1192E-01      81.7    605.2
2014  5  5   125   18  0  0     28.31    0.1197E-01      82.5    604.9
2014  5  5   125   18  1  0     28.42    0.1201E-01      83.0    604.2
2014  5  5   125   18  2  0     28.53    0.1195E-01      83.3    604.1
2014  5  5   125   18  3  0     28.64    0.1200E-01      84.4    604.0
2014  5  5   125   18  4  0     28.76    0.1192E-01      84.5    603.8
2014  5  5   125   18  5  0     28.87    0.1185E-01      84.4    603.4
2014  5  5   125   18  6  0     28.99    0.1177E-01      84.4    603.1
2014  5  5   125   18  7  0     29.10    0.1169E-01      84.5    602.9
2014  5  5   125   18  8  0     29.22    0.1155E-01      84.4    602.9
2014  5  5   125   18  9  0     29.34    0.1143E-01      84.4    602.9
2014  5  5   125   18 10  0     29.46    0.1132E-01      84.3    602.7
2014  5  5   125   18 11  0     29.58    0.1122E-01      84.3    602.5
2014  5  5   125   18 12  0     29.71    0.1113E-01      84.3    602.3
2014  5  5   125   18 13  0     29.83    0.1105E-01      84.2    601.9
2014  5  5   125   18 14  0     29.96    0.1094E-01      84.1    601.7
2014  5  5   125   18 15  0     30.08    0.1084E-01      84.2    601.5
2014  5  5   125   18 16  0     30.21    0.1075E-01      84.1    601.1
2014  5  5   125   18 17  0     30.34    0.1068E-01      84.2    600.7
2014  5  5   125   18 18  0     30.47    0.1063E-01      84.2    600.2
2014  5  5   125   18 19  0     30.60    0.1053E-01      84.2    600.0
2014  5  5   125   18 20  0     30.73    0.1041E-01      84.2    599.9
2014  5  5   125   18 21  0     30.86    0.1031E-01      84.2    599.7
2014  5  5   125   18 22  0     30.99    0.1024E-01      84.3    599.3
2014  5  5   125   18 23  0     31.12    0.1014E-01      84.1    598.7
2014  5  5   125   18 24  0     31.26    0.1003E-01      84.0    598.6
2014  5  5   125   18 25  0     31.39    0.9977E-02      84.3    598.2
2014  5  5   125   18 26  0     31.53    0.9884E-02      84.1    597.7
2014  5  5   125   18 27  0     31.67    0.9801E-02      84.2    597.4
2014  5  5   125   18 28  0     31.80    0.9685E-02      84.2    597.2
2014  5  5   125   18 29  0     31.94    0.9579E-02      84.3    597.0
2014  5  5   125   18 30  0     32.08    0.9500E-02      84.2    596.2
2014  5  5   125   18 31  0     32.22    0.9387E-02      84.2    595.9
2014  5  5   125   18 32  0     32.36    0.9263E-02      84.2    595.7
2014  5  5   125   18 33  0     32.51    0.9158E-02      84.1    595.3
2014  5  5   125   18 34  0     32.65    0.9061E-02      84.1    595.0
2014  5  5   125   18 35  0     32.79    0.8971E-02      84.2    594.5
2014  5  5   125   18 36  0     32.94    0.8869E-02      84.3    594.7
2014  5  5   125   18 37  0     33.08    0.8774E-02      84.3    593.8
2014  5  5   125   18 38  0     33.23    0.8658E-02      84.3    593.5
2014  5  5   125   18 39  0     33.37    0.8550E-02      84.3    593.2
2014  5  5   125   18 40  0     33.52    0.8421E-02      84.2    593.0
2014  5  5   125   18 41  0     33.67    0.8315E-02      84.3    592.7
2014  5  5   125   18 42  0     33.82    0.8241E-02      84.4    592.1
2014  5  5   125   18 43  0     33.97    0.8151E-02      84.4    591.6
2014  5  5   125   18 44  0     34.12    0.8048E-02      84.4    591.2
2014  5  5   125   18 45  0     34.27    0.7930E-02      84.4    590.9
2014  5  5   125   18 46  0     34.42    0.7801E-02      84.4    590.7
2014  5  5   125   18 47  0     34.57    0.7695E-02      84.5    590.3
2014  5  5   125   18 48  0     34.72    0.7582E-02      84.5    590.0
2014  5  5   125   18 49  0     34.88    0.7476E-02      84.6    589.6
2014  5  5   125   18 50  0     35.03    0.7341E-02      84.2    589.2
2014  5  5   125   18 51  0     35.19    0.7195E-02      83.8    588.9
2014  5  5   125   18 52  0     35.34    0.7098E-02      84.1    588.6
2014  5  5   125   18 53  0     35.50    0.6976E-02      84.0    588.2
2014  5  5   125   18 54  0     35.65    0.6787E-02      83.0    587.9
2014  5  5   125   18 55  0     35.81    0.6707E-02      83.7    587.7
2014  5  5   125   18 56  0     35.97    0.6627E-02      84.4    587.4
2014  5  5   125   18 57  0     36.13    0.6511E-02      84.5    587.1
2014  5  5   125   18 58  0     36.28    0.6358E-02      84.0    586.8
2014  5  5   125   18 59  0     36.44    0.6193E-02      83.5    586.6
2014  5  5   125   19  0  0     36.60    0.6055E-02      83.3    586.4
2014  5  5   125   19  1  0     36.76    0.6010E-02      84.1    585.9
2014  5  5   125   19  2  0     36.92    0.5927E-02      84.3    585.3
2014  5  5   125   19  3  0     37.09    0.5729E-02      82.9    584.9
2014  5  5   125   19  4  0     37.25    0.5603E-02      83.0    584.7
2014  5  5   125   19  5  0     37.41    0.5487E-02      83.5    584.6
2014  5  5   125   19  6  0     37.57    0.5380E-02      83.9    584.4
2014  5  5   125   19  7  0     37.73    0.5248E-02      83.8    584.2
2014  5  5   125   19  8  0     37.90    0.5135E-02      83.9    583.8
2014  5  5   125   19  9  0     38.06    0.5009E-02      83.9    583.5
2014  5  5   125   19 10  0     38.23    0.4875E-02      83.9    583.3
2014  5  5   125   19 11  0     38.39    0.4744E-02      84.0    583.2
2014  5  5   125   19 12  0     38.56    0.4622E-02      83.6    582.7
2014  5  5   125   19 13  0     38.72    0.4440E-02      82.8    582.6
2014  5  5   125   19 14  0     38.89    0.4408E-02      84.1    582.0
2014  5  5   125   19 15  0     39.06    0.4265E-02      83.2    581.5
2014  5  5   125   19 16  0     39.22    0.4155E-02      83.8    581.4
2014  5  5   125   19 17  0     39.39    0.4034E-02      83.9    581.2
2014  5  5   125   19 18  0     39.56    0.3853E-02      82.0    580.7
2014  5  5   125   19 19  0     39.73    0.3677E-02      80.9    580.6
2014  5  5   125   19 20  0     39.90    0.3652E-02      83.6    580.3
2014  5  5   125   19 21  0     40.07    0.3549E-02      83.4    579.8
2014  5  5   125   19 22  0     40.24    0.3461E-02      84.5    579.6
2014  5  5   125   19 23  0     40.41    0.3357E-02      84.4    579.1
2014  5  5   125   19 24  0     40.58    0.3234E-02      83.6    578.6
2014  5  5   125   19 25  0     40.75    0.3042E-02      80.5    578.0
2014  5  5   125   19 26  0     40.92    0.2703E-02      73.1    577.6
2014  5  5   125   19 27  0     41.09    0.2795E-02      81.6    577.8
2014  5  5   125   19 28  0     41.26    0.2803E-02      83.0    576.5
2014  5  5   125   19 29  0     41.43    0.2715E-02      83.4    576.1
2014  5  5   125   19 30  0     41.61    0.2643E-02      84.5    576.0
2014  5  5   125   19 31  0     41.78    0.2525E-02      84.6    575.8
2014  5  5   125   19 32  0     41.95    0.2417E-02      85.0    575.5
2014  5  5   125   19 33  0     42.13    0.2322E-02      84.1    574.1
2014  5  5   125   19 34  0     42.30    0.2176E-02      84.5    574.3
2014  5  5   125   19 35  0     42.47    0.2103E-02      84.8    573.6
2014  5  5   125   19 36  0     42.65    0.1988E-02      83.3    572.9
2014  5  5   125   19 37  0     42.82    0.1900E-02      84.7    573.3
2014  5  5   125   19 38  0     43.00    0.1798E-02      85.4    573.0
2014  5  5   125   19 39  0     43.17    0.1659E-02      82.8    571.7
2014  5  5   125   19 40  0     43.35    0.1546E-02      81.8    571.3
2014  5  5   125   19 41  0     43.53    0.1472E-02      81.1    570.4
2014  5  5   125   19 42  0     43.70    0.1317E-02      82.0    570.8
2014  5  5   125   19 43  0     43.88    0.1237E-02      84.4    570.6
2014  5  5   125   19 44  0     44.06    0.1136E-02      80.5    569.5
2014  5  5   125   19 45  0     44.23    0.9802E-03      77.3    569.5
2014  5  5   125   19 46  0     44.41    0.9083E-03      80.8    569.3
2014  5  5   125   19 47  0     44.59    0.8304E-03      82.1    568.8
2014  5  5   125   19 48  0     44.77    0.7334E-03      81.8    568.4
2014  5  5   125   19 49  0     44.95    0.6412E-03      81.7    567.9
2014  5  5   125   19 50  0     45.12    0.5495E-03      79.1    567.3
2014  5  5   125   19 51  0     45.30    0.4345E-03      80.1    567.3
2014  5  5   125   19 52  0     45.48    0.3436E-03      82.9    567.1
2014  5  5   125   19 53  0     45.66    0.2449E-03      83.3    566.8
2014  5  5   125   19 54  0     45.84    0.1758E-03      82.1    566.0
2014  5  5   125   19 55  0     46.02    0.7134E-04      80.6    565.8
2014  5  5   125   19 56  0     46.20   -0.2380E-04      83.3    565.5
2014  5  5   125   19 57  0     46.38   -0.1041E-03      82.0    565.0
2014  5  5   125   19 58  0     46.56   -0.1761E-03      73.7    564.6
2014  5  5   125   19 59  0     46.74   -0.2547E-03      75.1    564.2
2014  5  5   125   20  0  0     46.92   -0.4338E-03      81.8    565.0
2014  5  5   125   20  1  0     47.10   -0.3366E-03      68.7    562.4
2014  5  5   125   20  2  0     47.28   -0.5768E-03      80.6    564.0
2014  5  5   125   20  3  0     47.46   -0.4619E-03      68.9    561.3
2014  5  5   125   20  4  0     47.65   -0.7876E-03      80.1    564.2
2014  5  5   125   20  5  0     47.83   -0.8113E-03      81.0    562.6
2014  5  5   125   20  6  0     48.01   -0.9412E-03      84.0    562.6
2014  5  5   125   20  7  0     48.19   -0.1009E-02      84.3    562.0
2014  5  5   125   20  8  0     48.37   -0.1030E-02      81.5    561.2
2014  5  5   125   20  9  0     48.56   -0.1124E-02      81.8    561.1
2014  5  5   125   20 10  0     48.74   -0.1226E-02      83.1    560.9
2014  5  5   125   20 11  0     48.92   -0.1304E-02      83.6    560.4
2014  5  5   125   20 12  0     49.11   -0.1370E-02      83.1    560.1
2014  5  5   125   20 13  0     49.29   -0.1430E-02      82.7    559.6
2014  5  5   125   20 14  0     49.47   -0.1501E-02      82.9    559.2
2014  5  5   125   20 15  0     49.66   -0.1558E-02      82.4    558.7
2014  5  5   125   20 16  0     49.84   -0.1596E-02      81.0    558.2
2014  5  5   125   20 17  0     50.02   -0.1651E-02      80.5    557.6
2014  5  5   125   20 18  0     50.21   -0.1704E-02      80.0    557.2
2014  5  5   125   20 19  0     50.39   -0.1718E-02      78.2    556.8
2014  5  5   125   20 20  0     50.58   -0.1689E-02      74.9    555.8
2014  5  5   125   20 21  0     50.76   -0.1772E-02      75.8    555.7
2014  5  5   125   20 22  0     50.95   -0.1898E-02      78.3    555.7
2014  5  5   125   20 23  0     51.13   -0.2011E-02      80.5    555.1
2014  5  5   125   20 24  0     51.32   -0.2038E-02      79.6    554.5
2014  5  5   125   20 25  0     51.50   -0.2047E-02      78.1    553.7
2014  5  5   125   20 26  0     51.69   -0.2035E-02      76.1    553.4
2014  5  5   125   20 27  0     51.87   -0.2095E-02      76.4    553.0
2014  5  5   125   20 28  0     52.06   -0.2129E-02      76.0    551.7
2014  5  5   125   20 29  0     52.24   -0.2178E-02      75.9    551.5
2014  5  5   125   20 30  0     52.43   -0.2155E-02      73.8    550.5
2014  5  5   125   20 31  0     52.61   -0.2297E-02      76.5    551.1
2014  5  5   125   20 32  0     52.80   -0.2335E-02      76.6    550.3
2014  5  5   125   20 33  0     52.99   -0.2342E-02      75.5    550.6
2014  5  5   125   20 34  0     53.17   -0.2368E-02      75.0    549.1
2014  5  5   125   20 35  0     53.36   -0.2369E-02      73.8    548.6
2014  5  5   125   20 36  0     53.54   -0.2305E-02      70.6    547.5
2014  5  5   125   20 37  0     53.73   -0.2448E-02      73.7    548.0
2014  5  5   125   20 38  0     53.92   -0.2446E-02      72.6    547.3
2014  5  5   125   20 39  0     54.10   -0.2447E-02      71.5    546.8
2014  5  5   125   20 40  0     54.29   -0.2526E-02      72.7    546.8
2014  5  5   125   20 41  0     54.48   -0.2597E-02      73.7    546.7
2014  5  5   125   20 42  0     54.66   -0.2608E-02      73.3    545.9
2014  5  5   125   20 43  0     54.85   -0.2598E-02      72.1    545.1
2014  5  5   125   20 44  0     55.04   -0.2659E-02      73.1    544.8
2014  5  5   125   20 45  0     55.23   -0.2690E-02      73.1    544.5
2014  5  5   125   20 46  0     55.41   -0.2769E-02      74.5    544.5
2014  5  5   125   20 47  0     55.60   -0.2803E-02      74.7    544.2
2014  5  5   125   20 48  0     55.79   -0.2855E-02      75.4    543.8
2014  5  5   125   20 49  0     55.98   -0.2916E-02      76.5    543.5
2014  5  5   125   20 50  0     56.16   -0.2978E-02      77.5    543.5
2014  5  5   125   20 51  0     56.35   -0.3041E-02      78.6    543.5
2014  5  5   125   20 52  0     56.54   -0.2923E-02      75.0    542.2
2014  5  5   125   20 53  0     56.73   -0.2709E-02      68.5    540.3
2014  5  5   125   20 54  0     56.92   -0.2955E-02      74.6    542.0
2014  5  5   125   20 55  0     57.10   -0.2889E-02      72.4    541.0
2014  5  5   125   20 56  0     57.29   -0.2812E-02      70.3    539.6
2014  5  5   125   20 57  0     57.48   -0.2332E-02      57.1    534.9
2014  5  5   125   20 58  0     57.67   -0.2400E-02      58.2    536.6
2014  5  5   125   20 59  0     57.86   -0.2621E-02      63.4    538.8
2014  5  5   125   21  0  0     58.04   -0.2782E-02      67.3    539.5
2014  5  5   125   21  1  0     58.23   -0.2801E-02      67.4    539.0
2014  5  5   125   21  2  0     58.42   -0.2795E-02      67.1    538.1
2014  5  5   125   21  3  0     58.61   -0.2790E-02      66.6    537.5
2014  5  5   125   21  4  0     58.80   -0.2817E-02      67.2    537.1
2014  5  5   125   21  5  0     58.99   -0.2963E-02      70.8    537.9
2014  5  5   125   21  6  0     59.18   -0.3024E-02      72.3    537.9
2014  5  5   125   21  7  0     59.37   -0.3071E-02      73.5    537.8
2014  5  5   125   21  8  0     59.55   -0.2986E-02      71.3    536.2
2014  5  5   125   21  9  0     59.74   -0.2953E-02      70.5    535.7
2014  5  5   125   21 10  0     59.93   -0.2842E-02      67.5    533.9
2014  5  5   125   21 11  0     60.12   -0.2876E-02      68.5    533.6
2014  5  5   125   21 12  0     60.31   -0.2893E-02      69.0    533.9
2014  5  5   125   21 13  0     60.50   -0.2885E-02      69.0    534.1
2014  5  5   125   21 14  0     60.69   -0.2824E-02      67.6    533.4
2014  5  5   125   21 15  0     60.88   -0.2764E-02      66.1    532.8
2014  5  5   125   21 16  0     61.07   -0.2603E-02      61.9    529.6
2014  5  5   125   21 17  0     61.25   -0.2595E-02      62.0    530.1
2014  5  5   125   21 18  0     61.44   -0.2372E-02      56.2    526.3
2014  5  5   125   21 19  0     61.63   -0.2320E-02      54.9    526.5
2014  5  5   125   21 20  0     61.82   -0.2287E-02      54.2    526.3
2014  5  5   125   21 21  0     62.01   -0.2358E-02      56.0    528.6
2014  5  5   125   21 22  0     62.20   -0.2439E-02      58.1    529.6
2014  5  5   125   21 23  0     62.39   -0.2398E-02      57.1    527.8
2014  5  5   125   21 24  0     62.58   -0.2309E-02      54.9    525.5
2014  5  5   125   21 25  0     62.77   -0.2309E-02      55.2    526.0
2014  5  5   125   21 26  0     62.96   -0.2378E-02      57.4    528.9
2014  5  5   125   21 27  0     63.15   -0.2489E-02      60.6    531.0
2014  5  5   125   21 28  0     63.34   -0.2529E-02      62.0    531.5
2014  5  5   125   21 29  0     63.53   -0.2515E-02      61.7    531.2
2014  5  5   125   21 30  0     63.72   -0.2513E-02      61.8    531.5
2014  5  5   125   21 31  0     63.90   -0.2501E-02      61.7    531.0
2014  5  5   125   21 32  0     64.09   -0.2456E-02      60.7    528.7
2014  5  5   125   21 33  0     64.28   -0.2401E-02      59.5    527.4
2014  5  5   125   21 34  0     64.47   -0.2392E-02      59.6    527.8
2014  5  5   125   21 35  0     64.66   -0.2361E-02      59.2    527.8
2014  5  5   125   21 36  0     64.85   -0.2309E-02      58.4    527.2
2014  5  5   125   21 37  0     65.04   -0.2302E-02      58.6    528.7
2014  5  5   125   21 38  0     65.23   -0.2305E-02      59.0    530.2
2014  5  5   125   21 39  0     65.42   -0.2288E-02      59.0    530.3
2014  5  5   125   21 40  0     65.61   -0.2284E-02      59.3    531.7
2014  5  5   125   21 41  0     65.80   -0.2288E-02      60.1    532.7
2014  5  5   125   21 42  0     65.99   -0.2223E-02      58.4    531.6
2014  5  5   125   21 43  0     66.17   -0.2181E-02      57.8    531.0
2014  5  5   125   21 44  0     66.36   -0.2142E-02      57.1    531.9
2014  5  5   125   21 45  0     66.55   -0.2102E-02      56.6    531.5
2014  5  5   125   21 46  0     66.74   -0.2061E-02      56.1    531.6
2014  5  5   125   21 47  0     66.93   -0.2023E-02      55.5    533.1
2014  5  5   125   21 48  0     67.12   -0.1987E-02      55.1    533.7
2014  5  5   125   21 49  0     67.31   -0.1957E-02      54.8    534.5
2014  5  5   125   21 50  0     67.50   -0.1926E-02      54.6    535.6
2014  5  5   125   21 51  0     67.69   -0.1897E-02      54.3    537.9
2014  5  5   125   21 52  0     67.88   -0.1858E-02      53.9    538.7
2014  5  5   125   21 53  0     68.07   -0.1820E-02      53.4    540.5
2014  5  5   125   21 54  0     68.26   -0.1782E-02      53.0    542.3
2014  5  5   125   21 55  0     68.44   -0.1743E-02      52.5    543.2
2014  5  5   125   21 56  0     68.63   -0.1713E-02      52.2    544.8
2014  5  5   125   21 57  0     68.82   -0.1692E-02      52.4    546.8
2014  5  5   125   21 58  0     69.01   -0.1681E-02      52.9    549.3
2014  5  5   125   21 59  0     69.20   -0.1659E-02      52.8    551.6
2014  5  5   125   22  0  0     69.39   -0.1620E-02      52.2    549.5
2014  5  5   125   22  1  0     69.58   -0.1589E-02      51.9    549.0
2014  5  5   125   22  2  0     69.77   -0.1572E-02      52.1    552.3
2014  5  5   125   22  3  0     69.96   -0.1557E-02      52.3    556.0
2014  5  5   125   22  4  0     70.14   -0.1538E-02      52.5    558.7
2014  5  5   125   22  5  0     70.33   -0.1522E-02      52.7    564.4
2014  5  5   125   22  6  0     70.52   -0.1488E-02      52.3    564.9
2014  5  5   125   22  7  0     70.71   -0.1451E-02      51.8    566.5
2014  5  5   125   22  8  0     70.90   -0.1405E-02      51.0    566.8
2014  5  5   125   22  9  0     71.09   -0.1354E-02      50.0    564.6
2014  5  5   125   22 10  0     71.27   -0.1319E-02      49.4    567.8
2014  5  5   125   22 11  0     71.46   -0.1289E-02      49.2    570.1
2014  5  5   125   22 12  0     71.65   -0.1262E-02      48.9    571.3
2014  5  5   125   22 13  0     71.84   -0.1232E-02      48.5    574.0
2014  5  5   125   22 14  0     72.03   -0.1193E-02      47.8    570.4
2014  5  5   125   22 15  0     72.22   -0.1150E-02      46.9    568.9
2014  5  5   125   22 16  0     72.40   -0.1114E-02      46.3    569.8
2014  5  5   125   22 17  0     72.59   -0.1088E-02      46.0    574.3
2014  5  5   125   22 18  0     72.78   -0.1067E-02      46.0    575.7
2014  5  5   125   22 19  0     72.97   -0.1047E-02      46.2    576.2
2014  5  5   125   22 20  0     73.16   -0.1027E-02      46.2    576.7
2014  5  5   125   22 21  0     73.34   -0.1005E-02      46.1    577.7
2014  5  5   125   22 22  0     73.53   -0.9771E-03      45.9    575.3
2014  5  5   125   22 23  0     73.72   -0.9494E-03      45.5    575.9
2014  5  5   125   22 24  0     73.91   -0.9228E-03      45.1    578.8
2014  5  5   125   22 25  0     74.09   -0.8939E-03      44.7    575.6
2014  5  5   125   22 26  0     74.28   -0.8671E-03      44.4    576.0
2014  5  5   125   22 27  0     74.47   -0.8394E-03      44.1    576.8
2014  5  5   125   22 28  0     74.65   -0.8078E-03      43.6    575.0
2014  5  5   125   22 29  0     74.84   -0.7772E-03      43.1    579.1
2014  5  5   125   22 30  0     75.03   -0.7438E-03      42.4    575.6
2014  5  5   125   22 31  0     75.22   -0.7135E-03      41.9    574.1
2014  5  5   125   22 32  0     75.40   -0.6849E-03      41.4    570.5
2014  5  5   125   22 33  0     75.59   -0.6571E-03      40.9    563.6
2014  5  5   125   22 34  0     75.78   -0.6322E-03      40.4    563.6
2014  5  5   125   22 35  0     75.96   -0.6096E-03      39.9    568.3
2014  5  5   125   22 36  0     76.15   -0.5816E-03      39.4    555.2
2014  5  5   125   22 37  0     76.34   -0.5596E-03      39.0    550.7
2014  5  5   125   22 38  0     76.52   -0.5387E-03      38.8    542.5
2014  5  5   125   22 39  0     76.71   -0.5216E-03      38.6    539.1
2014  5  5   125   22 40  0     76.89   -0.5022E-03      38.6    525.0
2014  5  5   125   22 41  0     77.08   -0.4880E-03      38.6    522.5
2014  5  5   125   22 42  0     77.27   -0.4802E-03      38.8    536.5
2014  5  5   125   22 43  0     77.45   -0.4628E-03      39.0    523.7
2014  5  5   125   22 44  0     77.64   -0.4470E-03      39.0    517.9
2014  5  5   125   22 45  0     77.82   -0.4351E-03      39.0    525.2
2014  5  5   125   22 46  0     78.01   -0.4174E-03      39.1    512.1
2014  5  5   125   22 47  0     78.19   -0.4056E-03      39.3    514.3
2014  5  5   125   22 48  0     78.38   -0.3940E-03      39.5    516.2
2014  5  5   125   22 49  0     78.57   -0.3780E-03      39.7    506.7
2014  5  5   125   22 50  0     78.75   -0.3639E-03      39.6    504.7
2014  5  5   125   22 51  0     78.94   -0.3508E-03      39.5    505.2
2014  5  5   125   22 52  0     79.12   -0.3359E-03      39.4    496.6
2014  5  5   125   22 53  0     79.31   -0.3219E-03      39.4    488.7
2014  5  5   125   22 54  0     79.49   -0.3055E-03      39.3    472.4
2014  5  5   125   22 55  0     79.67   -0.2954E-03      39.1    477.5
2014  5  5   125   22 56  0     79.86   -0.2811E-03      38.9    468.6
2014  5  5   125   22 57  0     80.04   -0.2643E-03      38.8    450.8
2014  5  5   125   22 58  0     80.23   -0.2550E-03      38.8    454.3
2014  5  5   125   22 59  0     80.41   -0.2454E-03      39.3    449.9
2014  5  5   125   23  0  0     80.60   -0.2390E-03      40.3    447.3
2014  5  5   125   23  1  0     80.78   -0.2360E-03      42.0    448.4
2014  5  5   125   23  2  0     80.96   -0.2396E-03      44.2    466.8
2014  5  5   125   23  3  0     81.15   -0.2410E-03      46.3    478.1
2014  5  5   125   23  4  0     81.33   -0.2369E-03      48.1    473.6
2014  5  5   125   23  5  0     81.51   -0.2318E-03      49.4    470.5
2014  5  5   125   23  6  0     81.70   -0.2229E-03      50.3    457.2
2014  5  5   125   23  7  0     81.88   -0.2167E-03      50.9    455.1
2014  5  5   125   23  8  0     82.06   -0.2104E-03      51.4    455.3
2014  5  5   125   23  9  0     82.25   -0.2011E-03      51.8    446.7
2014  5  5   125   23 10  0     82.43   -0.1909E-03      52.3    436.2
2014  5  5   125   23 11  0     82.61   -0.1841E-03      52.8    438.4
2014  5  5   125   23 12  0     82.79   -0.1746E-03      53.4    432.4
2014  5  5   125   23 13  0     82.98   -0.1654E-03      54.0    427.2
2014  5  5   125   23 14  0     83.16   -0.1562E-03      54.6    422.0
2014  5  5   125   23 15  0     83.34   -0.1466E-03      55.0    416.0
2014  5  5   125   23 16  0     83.52   -0.1373E-03      55.3    412.5
2014  5  5   125   23 17  0     83.70   -0.1272E-03      55.3    407.7
2014  5  5   125   23 18  0     83.89   -0.1152E-03      55.2    397.4
2014  5  5   125   23 19  0     84.07   -0.1025E-03      54.9    382.7
2014  5  5   125   23 20  0     84.25   -0.9297E-04      54.5    378.8
2014  5  5   125   23 21  0     84.43   -0.7877E-04      54.0    358.1
2014  5  5   125   23 22  0     84.61   -0.6957E-04      53.4    351.6
2014  5  5   125   23 23  0     84.79   -0.5967E-04      52.8    340.5
2014  5  5   125   23 24  0     84.97   -0.4952E-04      52.4    325.6
2014  5  5   125   23 25  0     85.15   -0.4235E-04      52.0    316.9
2014  5  5   125   23 26  0     85.33   -0.3769E-04      52.0    315.9
2014  5  5   125   23 27  0     85.51   -0.2951E-04      52.2    303.9
2014  5  5   125   23 28  0     85.69   -0.2397E-04      52.5    299.6
2014  5  5   125   23 29  0     85.87   -0.1774E-04      52.8    291.7
2014  5  5   125   23 30  0     86.05   -0.1005E-04      53.0    279.6
2014  5  5   125   23 31  0     86.23   -0.4495E-05      53.2    274.2
2014  5  5   125   23 32  0     86.41    0.1964E-05      53.3    265.9
2014  5  5   125   23 33  0     86.59    0.7980E-05      53.4    258.7
2014  5  5   125   23 34  0     86.77    0.1270E-04      53.5    251.8
2014  5  5   125   23 35  0     86.95    0.1759E-04      53.5    246.8
2014  5  5   125   23 36  0     87.13    0.1971E-04      53.2    242.9
2014  5  5   125   23 37  0     87.31    0.2875E-04      52.7    225.4
2014  5  5   125   23 38  0     87.49    0.3473E-04      52.1    213.0
2014  5  5   125   23 39  0     87.66    0.3721E-04      51.7    209.4
2014  5  5   125   23 40  0     87.84    0.4097E-04      51.4    198.6
2014  5  5   125   23 41  0     88.02    0.4448E-04      51.2    187.5
2014  5  5   125   23 42  0     88.20    0.4976E-04      50.8    175.8
2014  5  5   125   23 43  0     88.37    0.5025E-04      50.8    176.9
2014  5  5   125   23 44  0     88.55    0.5343E-04      50.9    166.4
2014  5  5   125   23 45  0     88.73    0.5868E-04      51.4    154.0
2014  5  5   125   23 46  0     88.91    0.5805E-04      52.0    144.5
2014  5  5   125   23 47  0     89.08    0.6102E-04      52.6    147.7
2014  5  5   125   23 48  0     89.26    0.6432E-04      53.0    142.1
2014  5  5   125   23 49  0     89.43    0.6400E-04      53.4    139.0
2014  5  5   125   23 50  0     89.61    0.6433E-04      54.0    138.4
2014  5  5   125   23 51  0     89.79    0.6922E-04      54.7    128.7
2014  5  5   125   23 52  0     89.96    0.7109E-04      55.5    122.6
