                            NILUUV 115

Uvpro Version 2.0
Latitude :   40.74 (North)
Longitude:  -74.03  (West)
Calibration file: cf100603a.115
Height above sea level:    40.0  m
CLT derived from channel 4
CLT scale factor used:   1.0
Ozone derived from channel pair ch3/ch1
Ozone scale factor used:   1.0
Drift factors ch1-ch6:   3.000154.000  1.000  1.000  1.000  1.000
Ozone profile climatology: Mid  Latitude
Dose type:    CLW    Caldwell Plant 1971           

yyyy mm dd   jul   hh mm ss      SZA     dose rate       clt     Ozone
                              [degrees]   [W/m^2]        [%]     [DU]
2014  4 12   102   10 28  0     89.82    0.3698E-04      71.4    255.9
2014  4 12   102   10 29  0     89.63    0.3793E-04      71.5    254.6
2014  4 12   102   10 30  0     89.45    0.3154E-04      71.7    265.8
2014  4 12   102   10 31  0     89.26    0.2953E-04      72.1    271.2
2014  4 12   102   10 32  0     89.07    0.2368E-04      72.8    288.6
2014  4 12   102   10 33  0     88.89    0.2047E-04      72.9    299.6
2014  4 12   102   10 34  0     88.70    0.1434E-04      72.8    317.1
2014  4 12   102   10 35  0     88.51    0.1306E-04      72.8    317.6
2014  4 12   102   10 36  0     88.33    0.7198E-05      73.1    333.0
2014  4 12   102   10 37  0     88.14    0.7244E-05      73.4    325.6
2014  4 12   102   10 38  0     87.95   -0.2075E-05      73.7    356.4
2014  4 12   102   10 39  0     87.77   -0.6696E-05      73.6    362.7
2014  4 12   102   10 40  0     87.58   -0.8102E-05      73.6    357.3
2014  4 12   102   10 41  0     87.39   -0.1703E-04      73.7    378.6
2014  4 12   102   10 42  0     87.21   -0.2318E-04      73.9    389.1
2014  4 12   102   10 43  0     87.02   -0.3175E-04      74.2    408.5
2014  4 12   102   10 44  0     86.83   -0.3461E-04      74.1    405.6
2014  4 12   102   10 45  0     86.64   -0.4337E-04      74.2    422.2
2014  4 12   102   10 46  0     86.46   -0.5058E-04      74.2    430.6
2014  4 12   102   10 47  0     86.27   -0.6012E-04      74.4    447.5
2014  4 12   102   10 48  0     86.08   -0.6790E-04      74.6    454.8
2014  4 12   102   10 49  0     85.89   -0.7729E-04      74.7    468.9
2014  4 12   102   10 50  0     85.71   -0.8443E-04      74.7    470.3
2014  4 12   102   10 51  0     85.52   -0.9732E-04      74.8    496.6
2014  4 12   102   10 52  0     85.33   -0.1081E-03      74.9    511.8
2014  4 12   102   10 53  0     85.14   -0.1159E-03      75.0    509.3
2014  4 12   102   10 54  0     84.95   -0.1267E-03      75.2    519.7
2014  4 12   102   10 55  0     84.77   -0.1391E-03      75.1    535.6
2014  4 12   102   10 56  0     84.58   -0.1538E-03      75.1    562.4
2014  4 12   102   10 57  0     84.39   -0.1656E-03      75.1    569.8
2014  4 12   102   10 58  0     84.20   -0.1827E-03      75.1    603.2
2014  4 12   102   10 59  0     84.01   -0.1926E-03      75.2    594.4
2014  4 12   102   11  0  0     83.82   -0.2069E-03      75.2    608.8
2014  4 12   102   11  1  0     83.64   -0.2213E-03      75.3    618.7
2014  4 12   102   11  2  0     83.45   -0.2376E-03      75.4    636.8
2014  4 12   102   11  3  0     83.26   -0.2542E-03      75.4    655.5
2014  4 12   102   11  4  0     83.07   -0.2670E-03      75.6    647.9
2014  4 12   102   11  5  0     82.88   -0.2854E-03      75.7    670.6
2014  4 12   102   11  6  0     82.69   -0.3025E-03      75.5    682.3
2014  4 12   102   11  7  0     82.50   -0.3195E-03      75.5    689.2
2014  4 12   102   11  8  0     82.32   -0.3412E-03      75.5    -99.9
2014  4 12   102   11  9  0     82.13   -0.3552E-03      75.5    -99.9
2014  4 12   102   11 10  0     81.94   -0.3747E-03      75.6    -99.9
2014  4 12   102   11 11  0     81.75   -0.3964E-03      75.6    -99.9
2014  4 12   102   11 12  0     81.56   -0.4144E-03      75.6    -99.9
2014  4 12   102   11 13  0     81.37   -0.4344E-03      75.6    -99.9
2014  4 12   102   11 14  0     81.18   -0.4554E-03      75.6    -99.9
2014  4 12   102   11 15  0     80.99   -0.4767E-03      75.6    -99.9
2014  4 12   102   11 16  0     80.80   -0.4980E-03      75.6    -99.9
2014  4 12   102   11 17  0     80.61   -0.5171E-03      75.6    -99.9
2014  4 12   102   11 18  0     80.42   -0.5416E-03      75.6    -99.9
2014  4 12   102   11 19  0     80.23   -0.5633E-03      75.6    -99.9
2014  4 12   102   11 20  0     80.04   -0.5880E-03      75.6    -99.9
2014  4 12   102   11 21  0     79.85   -0.6120E-03      75.6    -99.9
2014  4 12   102   11 22  0     79.67   -0.6363E-03      75.5    -99.9
2014  4 12   102   11 23  0     79.48   -0.6633E-03      75.5    -99.9
2014  4 12   102   11 24  0     79.29   -0.6860E-03      75.4    -99.9
2014  4 12   102   11 25  0     79.10   -0.7130E-03      75.5    -99.9
2014  4 12   102   11 26  0     78.91   -0.7385E-03      75.4    -99.9
2014  4 12   102   11 27  0     78.72   -0.7641E-03      75.3    -99.9
2014  4 12   102   11 28  0     78.53   -0.7908E-03      75.3    -99.9
2014  4 12   102   11 29  0     78.34   -0.8171E-03      75.2    -99.9
2014  4 12   102   11 30  0     78.15   -0.8445E-03      75.1    -99.9
2014  4 12   102   11 31  0     77.96   -0.8680E-03      75.1    -99.9
2014  4 12   102   11 32  0     77.77   -0.8997E-03      75.0    -99.9
2014  4 12   102   11 33  0     77.58   -0.9294E-03      75.0    -99.9
2014  4 12   102   11 34  0     77.39   -0.9593E-03      75.0    -99.9
2014  4 12   102   11 35  0     77.20   -0.9867E-03      75.0    -99.9
2014  4 12   102   11 36  0     77.01   -0.1017E-02      74.8    -99.9
2014  4 12   102   11 37  0     76.82   -0.1045E-02      74.8    -99.9
2014  4 12   102   11 38  0     76.63   -0.1076E-02      74.8    -99.9
2014  4 12   102   11 39  0     76.44   -0.1104E-02      74.6    -99.9
2014  4 12   102   11 40  0     76.25   -0.1134E-02      74.6    -99.9
2014  4 12   102   11 41  0     76.06   -0.1164E-02      74.5    -99.9
2014  4 12   102   11 42  0     75.87   -0.1197E-02      74.4    -99.9
2014  4 12   102   11 43  0     75.68   -0.1226E-02      74.5    -99.9
2014  4 12   102   11 44  0     75.50   -0.1259E-02      74.4    -99.9
2014  4 12   102   11 45  0     75.31   -0.1292E-02      74.5    -99.9
2014  4 12   102   11 46  0     75.12   -0.1323E-02      74.5    -99.9
2014  4 12   102   11 47  0     74.93   -0.1352E-02      74.5    -99.9
2014  4 12   102   11 48  0     74.74   -0.1384E-02      74.5    -99.9
2014  4 12   102   11 49  0     74.55   -0.1417E-02      74.4    -99.9
2014  4 12   102   11 50  0     74.36   -0.1450E-02      74.4    -99.9
2014  4 12   102   11 51  0     74.17   -0.1483E-02      74.4    -99.9
2014  4 12   102   11 52  0     73.98   -0.1516E-02      74.3    -99.9
2014  4 12   102   11 53  0     73.79   -0.1547E-02      74.3    691.2
2014  4 12   102   11 54  0     73.60   -0.1578E-02      74.1    682.8
2014  4 12   102   11 55  0     73.41   -0.1611E-02      74.0    679.1
2014  4 12   102   11 56  0     73.22   -0.1642E-02      74.0    669.0
2014  4 12   102   11 57  0     73.03   -0.1677E-02      74.1    663.7
2014  4 12   102   11 58  0     72.84   -0.1710E-02      74.0    658.3
2014  4 12   102   11 59  0     72.65   -0.1742E-02      74.0    649.8
2014  4 12   102   12  0  0     72.46   -0.1773E-02      73.9    642.0
2014  4 12   102   12  1  0     72.28   -0.1808E-02      73.9    638.8
2014  4 12   102   12  2  0     72.09   -0.1841E-02      73.9    632.8
2014  4 12   102   12  3  0     71.90   -0.1877E-02      74.0    628.3
2014  4 12   102   12  4  0     71.71   -0.1910E-02      74.0    623.5
2014  4 12   102   12  5  0     71.52   -0.1944E-02      74.0    619.4
2014  4 12   102   12  6  0     71.33   -0.1973E-02      73.9    612.6
2014  4 12   102   12  7  0     71.14   -0.2006E-02      73.8    609.4
2014  4 12   102   12  8  0     70.95   -0.2036E-02      73.6    605.4
2014  4 12   102   12  9  0     70.76   -0.2066E-02      73.6    600.2
2014  4 12   102   12 10  0     70.57   -0.2098E-02      73.5    596.7
2014  4 12   102   12 11  0     70.39   -0.2129E-02      73.5    592.5
2014  4 12   102   12 12  0     70.20   -0.2163E-02      73.5    590.5
2014  4 12   102   12 13  0     70.01   -0.2191E-02      73.5    584.7
2014  4 12   102   12 14  0     69.82   -0.2226E-02      73.5    584.1
2014  4 12   102   12 15  0     69.63   -0.2261E-02      73.5    581.7
2014  4 12   102   12 16  0     69.44   -0.2294E-02      73.6    579.3
2014  4 12   102   12 17  0     69.25   -0.2321E-02      73.6    574.4
2014  4 12   102   12 18  0     69.06   -0.2356E-02      73.7    572.7
2014  4 12   102   12 19  0     68.88   -0.2386E-02      73.7    571.6
2014  4 12   102   12 20  0     68.69   -0.2415E-02      73.6    568.5
2014  4 12   102   12 21  0     68.50   -0.2444E-02      73.5    567.3
2014  4 12   102   12 22  0     68.31   -0.2470E-02      73.6    563.9
2014  4 12   102   12 23  0     68.12   -0.2499E-02      73.5    562.4
2014  4 12   102   12 24  0     67.94   -0.2523E-02      73.4    560.6
2014  4 12   102   12 25  0     67.75   -0.2551E-02      73.4    559.0
2014  4 12   102   12 26  0     67.56   -0.2578E-02      73.4    557.4
2014  4 12   102   12 27  0     67.37   -0.2603E-02      73.3    556.1
2014  4 12   102   12 28  0     67.18   -0.2630E-02      73.3    554.4
2014  4 12   102   12 29  0     67.00   -0.2660E-02      73.4    553.8
2014  4 12   102   12 30  0     66.81   -0.2688E-02      73.3    553.3
2014  4 12   102   12 31  0     66.62   -0.2710E-02      73.3    551.8
2014  4 12   102   12 32  0     66.43   -0.2739E-02      73.3    550.4
2014  4 12   102   12 33  0     66.25   -0.2755E-02      73.1    548.8
2014  4 12   102   12 34  0     66.06   -0.2778E-02      73.0    547.8
2014  4 12   102   12 35  0     65.87   -0.2798E-02      72.9    547.8
2014  4 12   102   12 36  0     65.69   -0.2826E-02      73.1    546.1
2014  4 12   102   12 37  0     65.50   -0.2852E-02      73.2    545.5
2014  4 12   102   12 38  0     65.31   -0.2877E-02      73.4    544.6
2014  4 12   102   12 39  0     65.13   -0.2900E-02      73.5    544.1
2014  4 12   102   12 40  0     64.94   -0.2919E-02      73.5    543.5
2014  4 12   102   12 41  0     64.75   -0.2943E-02      73.6    543.0
2014  4 12   102   12 42  0     64.57   -0.2970E-02      73.8    542.6
2014  4 12   102   12 43  0     64.38   -0.2995E-02      74.2    541.8
2014  4 12   102   12 44  0     64.19   -0.3015E-02      74.2    541.4
2014  4 12   102   12 45  0     64.01   -0.3026E-02      74.2    540.6
2014  4 12   102   12 46  0     63.82   -0.3047E-02      74.2    540.5
2014  4 12   102   12 47  0     63.64   -0.3059E-02      74.2    540.1
2014  4 12   102   12 48  0     63.45   -0.3079E-02      74.2    540.1
2014  4 12   102   12 49  0     63.27   -0.3088E-02      74.2    539.4
2014  4 12   102   12 50  0     63.08   -0.3100E-02      74.2    539.1
2014  4 12   102   12 51  0     62.90   -0.3107E-02      74.2    538.6
2014  4 12   102   12 52  0     62.71   -0.3121E-02      74.2    538.6
2014  4 12   102   12 53  0     62.53   -0.3131E-02      74.3    538.3
2014  4 12   102   12 54  0     62.34   -0.3135E-02      74.1    537.9
2014  4 12   102   12 55  0     62.16   -0.3144E-02      74.2    537.3
2014  4 12   102   12 56  0     61.97   -0.3158E-02      74.3    537.5
2014  4 12   102   12 57  0     61.79   -0.3166E-02      74.4    537.4
2014  4 12   102   12 58  0     61.60   -0.3176E-02      74.5    537.4
2014  4 12   102   12 59  0     61.42   -0.3183E-02      74.5    537.3
2014  4 12   102   13  0  0     61.23   -0.3184E-02      74.5    537.1
2014  4 12   102   13  1  0     61.05   -0.3187E-02      74.6    536.6
2014  4 12   102   13  2  0     60.87   -0.3197E-02      74.8    537.1
2014  4 12   102   13  3  0     60.68   -0.3207E-02      75.0    537.4
2014  4 12   102   13  4  0     60.50   -0.3209E-02      75.1    537.3
2014  4 12   102   13  5  0     60.32   -0.3206E-02      74.9    537.4
2014  4 12   102   13  6  0     60.13   -0.3194E-02      74.7    537.0
2014  4 12   102   13  7  0     59.95   -0.3187E-02      74.6    537.3
2014  4 12   102   13  8  0     59.77   -0.3185E-02      74.7    537.4
2014  4 12   102   13  9  0     59.59   -0.3180E-02      74.7    537.6
2014  4 12   102   13 10  0     59.40   -0.3169E-02      74.6    537.6
2014  4 12   102   13 11  0     59.22   -0.3167E-02      74.8    537.7
2014  4 12   102   13 12  0     59.04   -0.3162E-02      74.8    537.6
2014  4 12   102   13 13  0     58.86   -0.3155E-02      74.9    537.9
2014  4 12   102   13 14  0     58.67   -0.3154E-02      75.1    538.3
2014  4 12   102   13 15  0     58.49   -0.3150E-02      75.3    538.6
2014  4 12   102   13 16  0     58.31   -0.3141E-02      75.4    538.7
2014  4 12   102   13 17  0     58.13   -0.3125E-02      75.3    538.9
2014  4 12   102   13 18  0     57.95   -0.3109E-02      75.3    539.0
2014  4 12   102   13 19  0     57.77   -0.3105E-02      75.5    539.4
2014  4 12   102   13 20  0     57.59   -0.3090E-02      75.6    539.6
2014  4 12   102   13 21  0     57.41   -0.3067E-02      75.5    539.7
2014  4 12   102   13 22  0     57.23   -0.3053E-02      75.5    540.0
2014  4 12   102   13 23  0     57.05   -0.3039E-02      75.7    540.2
2014  4 12   102   13 24  0     56.87   -0.3023E-02      75.8    540.4
2014  4 12   102   13 25  0     56.69   -0.3001E-02      75.9    540.5
2014  4 12   102   13 26  0     56.51   -0.2983E-02      76.0    540.9
2014  4 12   102   13 27  0     56.33   -0.2979E-02      76.4    541.4
2014  4 12   102   13 28  0     56.15   -0.2963E-02      76.6    541.7
2014  4 12   102   13 29  0     55.97   -0.2939E-02      76.6    541.9
2014  4 12   102   13 30  0     55.79   -0.2917E-02      76.7    542.3
2014  4 12   102   13 31  0     55.62   -0.2894E-02      76.8    542.6
2014  4 12   102   13 32  0     55.44   -0.2863E-02      76.9    542.8
2014  4 12   102   13 33  0     55.26   -0.2834E-02      76.8    543.1
2014  4 12   102   13 34  0     55.08   -0.2811E-02      77.0    543.5
2014  4 12   102   13 35  0     54.91   -0.2782E-02      77.2    543.7
2014  4 12   102   13 36  0     54.73   -0.2757E-02      77.4    544.1
2014  4 12   102   13 37  0     54.55   -0.2721E-02      77.6    544.3
2014  4 12   102   13 38  0     54.38   -0.2683E-02      77.6    544.5
2014  4 12   102   13 39  0     54.20   -0.2649E-02      77.6    544.8
2014  4 12   102   13 40  0     54.02   -0.2609E-02      77.7    545.0
2014  4 12   102   13 41  0     53.85   -0.2573E-02      77.7    545.4
2014  4 12   102   13 42  0     53.67   -0.2536E-02      77.8    545.8
2014  4 12   102   13 43  0     53.50   -0.2499E-02      78.0    546.1
2014  4 12   102   13 44  0     53.32   -0.2458E-02      78.1    546.4
2014  4 12   102   13 45  0     53.15   -0.2410E-02      78.0    546.6
2014  4 12   102   13 46  0     52.98   -0.2362E-02      78.0    546.8
2014  4 12   102   13 47  0     52.80   -0.2321E-02      78.1    547.2
2014  4 12   102   13 48  0     52.63   -0.2276E-02      78.2    547.6
2014  4 12   102   13 49  0     52.46   -0.2218E-02      78.1    547.7
2014  4 12   102   13 50  0     52.28   -0.2172E-02      78.3    548.0
2014  4 12   102   13 51  0     52.11   -0.2121E-02      78.3    548.3
2014  4 12   102   13 52  0     51.94   -0.2071E-02      78.4    548.6
2014  4 12   102   13 53  0     51.77   -0.2021E-02      78.5    549.0
2014  4 12   102   13 54  0     51.59   -0.1965E-02      78.4    549.4
2014  4 12   102   13 55  0     51.42   -0.1909E-02      78.3    549.8
2014  4 12   102   13 56  0     51.25   -0.1861E-02      78.5    550.2
2014  4 12   102   13 57  0     51.08   -0.1814E-02      78.8    550.6
2014  4 12   102   13 58  0     50.91   -0.1758E-02      79.0    551.8
2014  4 12   102   13 59  0     50.74   -0.1703E-02      79.0    551.4
2014  4 12   102   14  0  0     50.57   -0.1648E-02      79.1    551.8
2014  4 12   102   14  1  0     50.40   -0.1583E-02      79.0    552.1
2014  4 12   102   14  2  0     50.23   -0.1528E-02      79.3    552.5
2014  4 12   102   14  3  0     50.06   -0.1473E-02      79.7    552.9
2014  4 12   102   14  4  0     49.89   -0.1416E-02      79.9    554.0
2014  4 12   102   14  5  0     49.73   -0.1356E-02      80.0    554.4
2014  4 12   102   14  6  0     49.56   -0.1285E-02      80.0    554.6
2014  4 12   102   14  7  0     49.39   -0.1211E-02      79.8    554.3
2014  4 12   102   14  8  0     49.22   -0.1126E-02      79.2    554.4
2014  4 12   102   14  9  0     49.06   -0.1063E-02      79.3    554.9
2014  4 12   102   14 10  0     48.89   -0.9974E-03      79.5    555.7
2014  4 12   102   14 11  0     48.73   -0.9371E-03      79.9    556.1
2014  4 12   102   14 12  0     48.56   -0.8736E-03      80.6    556.5
2014  4 12   102   14 13  0     48.39   -0.7847E-03      79.7    556.7
2014  4 12   102   14 14  0     48.23   -0.6994E-03      79.1    556.5
2014  4 12   102   14 15  0     48.07   -0.6132E-03      77.9    556.8
2014  4 12   102   14 16  0     47.90   -0.5320E-03      77.3    557.3
2014  4 12   102   14 17  0     47.74   -0.4626E-03      77.6    557.7
2014  4 12   102   14 18  0     47.58   -0.3984E-03      78.8    558.1
2014  4 12   102   14 19  0     47.41   -0.3381E-03      79.6    558.7
2014  4 12   102   14 20  0     47.25   -0.2781E-03      80.7    559.2
2014  4 12   102   14 21  0     47.09   -0.2076E-03      81.1    559.6
2014  4 12   102   14 22  0     46.93   -0.1341E-03      81.6    560.0
2014  4 12   102   14 23  0     46.77   -0.7138E-04      83.1    560.6
2014  4 12   102   14 24  0     46.61   -0.3086E-05      83.6    561.2
2014  4 12   102   14 25  0     46.45    0.7735E-04      83.1    561.5
2014  4 12   102   14 26  0     46.29    0.1767E-03      78.9    561.5
2014  4 12   102   14 27  0     46.13    0.2274E-03      77.1    562.2
2014  4 12   102   14 28  0     45.97    0.2811E-03      79.5    563.1
2014  4 12   102   14 29  0     45.81    0.3560E-03      77.4    563.4
2014  4 12   102   14 30  0     45.65    0.4266E-03      74.7    563.7
2014  4 12   102   14 31  0     45.50    0.4929E-03      78.5    564.5
2014  4 12   102   14 32  0     45.34    0.5840E-03      78.6    564.7
2014  4 12   102   14 33  0     45.19    0.6625E-03      75.7    564.8
2014  4 12   102   14 34  0     45.03    0.7353E-03      75.8    565.2
2014  4 12   102   14 35  0     44.88    0.8174E-03      76.3    565.6
2014  4 12   102   14 36  0     44.72    0.9038E-03      77.7    566.1
2014  4 12   102   14 37  0     44.57    0.9826E-03      77.3    566.4
2014  4 12   102   14 38  0     44.41    0.1049E-02      76.0    566.7
2014  4 12   102   14 39  0     44.26    0.1101E-02      75.1    567.3
2014  4 12   102   14 40  0     44.11    0.1193E-02      75.3    567.5
2014  4 12   102   14 41  0     43.96    0.1255E-02      74.1    567.9
2014  4 12   102   14 42  0     43.81    0.1371E-02      76.6    568.3
2014  4 12   102   14 43  0     43.66    0.1481E-02      79.3    568.9
2014  4 12   102   14 44  0     43.51    0.1571E-02      78.1    568.9
2014  4 12   102   14 45  0     43.36    0.1612E-02      76.0    569.3
2014  4 12   102   14 46  0     43.21    0.1704E-02      76.5    569.6
2014  4 12   102   14 47  0     43.06    0.1800E-02      77.4    570.1
2014  4 12   102   14 48  0     42.91    0.1893E-02      79.3    570.8
2014  4 12   102   14 49  0     42.77    0.1967E-02      79.6    571.3
2014  4 12   102   14 50  0     42.62    0.1842E-02      69.2    571.3
2014  4 12   102   14 51  0     42.47    0.1752E-02      61.4    571.3
2014  4 12   102   14 52  0     42.33    0.1888E-02      63.7    571.5
2014  4 12   102   14 53  0     42.18    0.2110E-02      67.7    571.3
2014  4 12   102   14 54  0     42.04    0.2305E-02      70.7    571.2
2014  4 12   102   14 55  0     41.90    0.2500E-02      74.3    571.4
2014  4 12   102   14 56  0     41.75    0.2671E-02      75.9    571.2
2014  4 12   102   14 57  0     41.61    0.2722E-02      73.5    571.1
2014  4 12   102   14 58  0     41.47    0.2817E-02      73.1    571.2
2014  4 12   102   14 59  0     41.33    0.2992E-02      75.9    571.6
2014  4 12   102   15  0  0     41.19    0.3152E-02      77.6    571.7
2014  4 12   102   15  1  0     41.05    0.3309E-02      79.4    571.9
2014  4 12   102   15  2  0     40.91    0.3464E-02      80.5    572.8
2014  4 12   102   15  3  0     40.78    0.3533E-02      78.2    571.6
2014  4 12   102   15  4  0     40.64    0.3620E-02      79.7    572.6
2014  4 12   102   15  5  0     40.50    0.3800E-02      81.2    572.7
2014  4 12   102   15  6  0     40.37    0.3907E-02      81.4    572.9
2014  4 12   102   15  7  0     40.23    0.4010E-02      81.0    572.9
2014  4 12   102   15  8  0     40.10    0.4124E-02      81.7    573.3
2014  4 12   102   15  9  0     39.96    0.4210E-02      81.3    574.1
2014  4 12   102   15 10  0     39.83    0.4299E-02      81.4    574.4
2014  4 12   102   15 11  0     39.70    0.4376E-02      81.3    574.8
2014  4 12   102   15 12  0     39.57    0.4380E-02      78.6    574.1
2014  4 12   102   15 13  0     39.44    0.4384E-02      77.9    574.9
2014  4 12   102   15 14  0     39.31    0.4559E-02      78.8    574.7
2014  4 12   102   15 15  0     39.18    0.4218E-02      70.2    574.9
2014  4 12   102   15 16  0     39.05    0.3836E-02      60.9    574.9
2014  4 12   102   15 17  0     38.92    0.4605E-02      76.8    577.1
2014  4 12   102   15 18  0     38.80    0.4930E-02      79.4    576.4
2014  4 12   102   15 19  0     38.67    0.4956E-02      78.2    576.7
2014  4 12   102   15 20  0     38.55    0.5117E-02      79.6    576.9
2014  4 12   102   15 21  0     38.42    0.5222E-02      79.9    577.2
2014  4 12   102   15 22  0     38.30    0.5399E-02      81.2    577.0
2014  4 12   102   15 23  0     38.18    0.5493E-02      80.9    577.1
2014  4 12   102   15 24  0     38.06    0.5627E-02      81.9    577.5
2014  4 12   102   15 25  0     37.94    0.5292E-02      73.4    577.1
2014  4 12   102   15 26  0     37.82    0.5364E-02      74.7    578.3
2014  4 12   102   15 27  0     37.70    0.5901E-02      81.5    578.2
2014  4 12   102   15 28  0     37.58    0.5998E-02      81.6    578.5
2014  4 12   102   15 29  0     37.47    0.6087E-02      81.4    578.6
2014  4 12   102   15 30  0     37.35    0.6185E-02      81.5    578.7
2014  4 12   102   15 31  0     37.24    0.6280E-02      81.8    579.1
2014  4 12   102   15 32  0     37.12    0.6320E-02      81.0    579.2
2014  4 12   102   15 33  0     37.01    0.6369E-02      80.3    579.3
2014  4 12   102   15 34  0     36.90    0.6492E-02      80.9    579.6
2014  4 12   102   15 35  0     36.79    0.6606E-02      81.4    579.9
2014  4 12   102   15 36  0     36.68    0.6703E-02      81.5    580.1
2014  4 12   102   15 37  0     36.57    0.6794E-02      81.7    580.3
2014  4 12   102   15 38  0     36.46    0.6878E-02      81.7    580.6
2014  4 12   102   15 39  0     36.36    0.6874E-02      80.5    580.7
2014  4 12   102   15 40  0     36.25    0.6822E-02      79.0    581.1
2014  4 12   102   15 41  0     36.15    0.7003E-02      80.8    581.6
2014  4 12   102   15 42  0     36.04    0.7187E-02      82.6    582.1
2014  4 12   102   15 43  0     35.94    0.7269E-02      83.0    582.4
2014  4 12   102   15 44  0     35.84    0.7316E-02      82.6    582.7
2014  4 12   102   15 45  0     35.74    0.7074E-02      77.9    582.5
2014  4 12   102   15 46  0     35.64    0.6887E-02      75.6    583.3
2014  4 12   102   15 47  0     35.54    0.7009E-02      77.0    584.0
2014  4 12   102   15 48  0     35.44    0.7227E-02      78.8    584.1
2014  4 12   102   15 49  0     35.35    0.7606E-02      82.7    584.4
2014  4 12   102   15 50  0     35.25    0.7772E-02      83.3    584.3
2014  4 12   102   15 51  0     35.16    0.7910E-02      83.9    584.4
2014  4 12   102   15 52  0     35.07    0.7975E-02      83.6    584.5
2014  4 12   102   15 53  0     34.98    0.8053E-02      84.0    584.8
2014  4 12   102   15 54  0     34.88    0.8176E-02      84.7    585.0
2014  4 12   102   15 55  0     34.80    0.8250E-02      84.8    585.2
2014  4 12   102   15 56  0     34.71    0.8244E-02      84.0    585.5
2014  4 12   102   15 57  0     34.62    0.8228E-02      83.0    585.6
2014  4 12   102   15 58  0     34.54    0.7922E-02      78.1    585.4
2014  4 12   102   15 59  0     34.45    0.8226E-02      81.4    585.9
2014  4 12   102   16  0  0     34.37    0.8047E-02      77.9    585.6
2014  4 12   102   16  1  0     34.29    0.8064E-02      77.9    586.1
2014  4 12   102   16  2  0     34.21    0.8546E-02      82.3    586.0
2014  4 12   102   16  3  0     34.13    0.8709E-02      83.0    585.9
2014  4 12   102   16  4  0     34.05    0.8710E-02      81.8    585.7
2014  4 12   102   16  5  0     33.97    0.8552E-02      79.5    585.9
2014  4 12   102   16  6  0     33.90    0.8728E-02      80.5    585.9
2014  4 12   102   16  7  0     33.82    0.9102E-02      83.6    585.8
2014  4 12   102   16  8  0     33.75    0.9178E-02      83.4    585.8
2014  4 12   102   16  9  0     33.68    0.9199E-02      82.6    585.7
2014  4 12   102   16 10  0     33.61    0.8965E-02      79.1    585.4
2014  4 12   102   16 11  0     33.54    0.8968E-02      79.0    585.9
2014  4 12   102   16 12  0     33.47    0.9365E-02      82.3    585.8
2014  4 12   102   16 13  0     33.41    0.9387E-02      81.8    585.8
2014  4 12   102   16 14  0     33.34    0.9463E-02      82.5    586.2
2014  4 12   102   16 15  0     33.28    0.9451E-02      81.6    586.2
2014  4 12   102   16 16  0     33.22    0.9695E-02      83.6    586.4
2014  4 12   102   16 17  0     33.15    0.9751E-02      83.7    586.6
2014  4 12   102   16 18  0     33.09    0.9781E-02      83.8    586.9
2014  4 12   102   16 19  0     33.04    0.9830E-02      83.8    587.0
2014  4 12   102   16 20  0     32.98    0.9848E-02      83.4    586.9
2014  4 12   102   16 21  0     32.92    0.9821E-02      82.9    587.2
2014  4 12   102   16 22  0     32.87    0.9848E-02      82.7    587.3
2014  4 12   102   16 23  0     32.82    0.9826E-02      81.8    587.2
2014  4 12   102   16 24  0     32.77    0.9507E-02      78.3    587.2
2014  4 12   102   16 25  0     32.72    0.9466E-02      77.6    587.4
2014  4 12   102   16 26  0     32.67    0.9866E-02      81.0    587.4
2014  4 12   102   16 27  0     32.62    0.9952E-02      80.8    587.1
2014  4 12   102   16 28  0     32.58    0.1001E-01      80.9    587.0
2014  4 12   102   16 29  0     32.53    0.1017E-01      81.9    587.1
2014  4 12   102   16 30  0     32.49    0.1017E-01      81.8    587.2
2014  4 12   102   16 31  0     32.45    0.1020E-01      81.8    587.3
2014  4 12   102   16 32  0     32.41    0.1009E-01      80.6    587.5
2014  4 12   102   16 33  0     32.37    0.9932E-02      79.1    587.8
2014  4 12   102   16 34  0     32.33    0.1022E-01      81.2    587.6
2014  4 12   102   16 35  0     32.30    0.1030E-01      81.8    587.8
2014  4 12   102   16 36  0     32.27    0.1037E-01      82.3    588.0
2014  4 12   102   16 37  0     32.23    0.1036E-01      82.1    588.1
2014  4 12   102   16 38  0     32.20    0.1029E-01      81.5    588.3
2014  4 12   102   16 39  0     32.17    0.1033E-01      81.4    588.3
2014  4 12   102   16 40  0     32.15    0.1033E-01      81.3    588.3
2014  4 12   102   16 41  0     32.12    0.1045E-01      81.9    588.2
2014  4 12   102   16 42  0     32.10    0.1047E-01      82.0    588.3
2014  4 12   102   16 43  0     32.07    0.1047E-01      81.9    588.4
2014  4 12   102   16 44  0     32.05    0.1048E-01      81.9    588.5
2014  4 12   102   16 45  0     32.03    0.1054E-01      82.5    588.7
2014  4 12   102   16 46  0     32.01    0.1052E-01      82.6    589.1
2014  4 12   102   16 47  0     31.99    0.1055E-01      82.7    589.1
2014  4 12   102   16 48  0     31.98    0.1050E-01      82.5    589.3
2014  4 12   102   16 49  0     31.97    0.1057E-01      83.2    589.5
2014  4 12   102   16 50  0     31.95    0.1050E-01      83.0    589.9
2014  4 12   102   16 51  0     31.94    0.1020E-01      80.7    590.3
2014  4 12   102   16 52  0     31.93    0.1005E-01      79.4    590.4
2014  4 12   102   16 53  0     31.93    0.1008E-01      80.5    591.1
2014  4 12   102   16 54  0     31.92    0.9959E-02      79.4    591.2
2014  4 12   102   16 55  0     31.91    0.9939E-02      79.4    591.3
2014  4 12   102   16 56  0     31.91    0.1007E-01      81.5    592.1
2014  4 12   102   16 57  0     31.91    0.1068E-01      87.1    592.1
2014  4 12   102   16 58  0     31.91    0.1084E-01      89.0    592.3
2014  4 12   102   16 59  0     31.91    0.1074E-01      88.6    592.7
2014  4 12   102   17  0  0     31.91    0.1093E-01      90.8    592.9
2014  4 12   102   17  1  0     31.92    0.1043E-01      87.1    593.5
2014  4 12   102   17  2  0     31.92    0.9876E-02      82.6    594.4
2014  4 12   102   17  3  0     31.93    0.9118E-02      76.9    595.5
2014  4 12   102   17  4  0     31.94    0.8782E-02      74.6    596.1
2014  4 12   102   17  5  0     31.95    0.8708E-02      74.3    596.2
2014  4 12   102   17  6  0     31.97    0.8194E-02      70.0    596.8
2014  4 12   102   17  7  0     31.98    0.8334E-02      71.5    596.8
2014  4 12   102   17  8  0     31.99    0.9112E-02      79.6    596.9
2014  4 12   102   17  9  0     32.01    0.7938E-02      69.0    597.4
2014  4 12   102   17 10  0     32.03    0.9299E-02      82.0    596.6
2014  4 12   102   17 11  0     32.05    0.7950E-02      68.2    596.2
2014  4 12   102   17 12  0     32.07    0.7841E-02      69.5    598.2
2014  4 12   102   17 13  0     32.09    0.7831E-02      67.9    596.7
2014  4 12   102   17 14  0     32.12    0.7469E-02      65.9    598.1
2014  4 12   102   17 15  0     32.14    0.9367E-02      83.6    596.5
2014  4 12   102   17 16  0     32.17    0.8174E-02      69.2    594.5
2014  4 12   102   17 17  0     32.20    0.8163E-02      72.4    597.0
2014  4 12   102   17 18  0     32.23    0.9097E-02      82.1    596.8
2014  4 12   102   17 19  0     32.26    0.8116E-02      72.1    596.6
2014  4 12   102   17 20  0     32.30    0.7077E-02      64.8    599.4
2014  4 12   102   17 21  0     32.33    0.7540E-02      68.9    598.5
2014  4 12   102   17 22  0     32.37    0.9183E-02      85.2    597.2
2014  4 12   102   17 23  0     32.41    0.9177E-02      83.4    595.8
2014  4 12   102   17 24  0     32.45    0.9528E-02      87.7    595.8
2014  4 12   102   17 25  0     32.49    0.8164E-02      74.2    596.0
2014  4 12   102   17 26  0     32.53    0.6915E-02      63.3    597.6
2014  4 12   102   17 27  0     32.58    0.5503E-02      50.8    599.8
2014  4 12   102   17 28  0     32.62    0.5962E-02      54.6    598.4
2014  4 12   102   17 29  0     32.67    0.5931E-02      55.3    599.1
2014  4 12   102   17 30  0     32.72    0.7154E-02      65.9    596.5
2014  4 12   102   17 31  0     32.77    0.7219E-02      67.6    597.1
2014  4 12   102   17 32  0     32.82    0.8313E-02      78.7    596.2
2014  4 12   102   17 33  0     32.87    0.8339E-02      78.5    595.5
2014  4 12   102   17 34  0     32.92    0.8499E-02      80.9    595.6
2014  4 12   102   17 35  0     32.98    0.8608E-02      82.1    595.3
2014  4 12   102   17 36  0     33.03    0.9233E-02      88.4    594.1
2014  4 12   102   17 37  0     33.09    0.9453E-02      91.0    593.7
2014  4 12   102   17 38  0     33.15    0.9366E-02      91.3    594.0
2014  4 12   102   17 39  0     33.21    0.8009E-02      77.0    594.0
2014  4 12   102   17 40  0     33.27    0.6335E-02      62.7    597.0
2014  4 12   102   17 41  0     33.34    0.5887E-02      59.8    598.6
2014  4 12   102   17 42  0     33.40    0.5810E-02      60.7    599.6
2014  4 12   102   17 43  0     33.47    0.5424E-02      57.7    600.4
2014  4 12   102   17 44  0     33.54    0.5270E-02      57.4    601.3
2014  4 12   102   17 45  0     33.61    0.5646E-02      62.0    600.7
2014  4 12   102   17 46  0     33.68    0.6050E-02      66.3    599.6
2014  4 12   102   17 47  0     33.75    0.6645E-02      73.4    598.8
2014  4 12   102   17 48  0     33.82    0.7044E-02      77.6    597.7
2014  4 12   102   17 49  0     33.89    0.6824E-02      75.0    597.3
2014  4 12   102   17 50  0     33.97    0.6571E-02      72.8    597.4
2014  4 12   102   17 51  0     34.05    0.6050E-02      67.1    597.2
2014  4 12   102   17 52  0     34.12    0.5366E-02      60.4    598.3
2014  4 12   102   17 53  0     34.20    0.5193E-02      59.3    598.7
2014  4 12   102   17 54  0     34.28    0.5301E-02      61.0    598.3
2014  4 12   102   17 55  0     34.37    0.5587E-02      65.3    598.0
2014  4 12   102   17 56  0     34.45    0.5738E-02      67.7    597.6
2014  4 12   102   17 57  0     34.53    0.6194E-02      74.0    597.0
2014  4 12   102   17 58  0     34.62    0.5089E-02      58.6    596.1
2014  4 12   102   17 59  0     34.70    0.4213E-02      48.9    597.2
2014  4 12   102   18  0  0     34.79    0.4356E-02      51.7    597.3
2014  4 12   102   18  1  0     34.88    0.4671E-02      56.0    596.4
2014  4 12   102   18  2  0     34.97    0.4283E-02      51.3    596.2
2014  4 12   102   18  3  0     35.06    0.3783E-02      46.2    597.1
2014  4 12   102   18  4  0     35.15    0.4268E-02      54.0    597.0
2014  4 12   102   18  5  0     35.25    0.4613E-02      57.4    594.9
2014  4 12   102   18  6  0     35.34    0.4618E-02      56.4    593.4
2014  4 12   102   18  7  0     35.44    0.4859E-02      60.5    593.2
2014  4 12   102   18  8  0     35.54    0.5682E-02      72.2    592.2
2014  4 12   102   18  9  0     35.63    0.6037E-02      77.0    591.2
2014  4 12   102   18 10  0     35.73    0.5986E-02      75.6    590.0
2014  4 12   102   18 11  0     35.83    0.6325E-02      81.7    589.9
2014  4 12   102   18 12  0     35.94    0.6139E-02      78.7    589.0
2014  4 12   102   18 13  0     36.04    0.6206E-02      80.9    588.9
2014  4 12   102   18 14  0     36.14    0.6306E-02      83.2    588.5
2014  4 12   102   18 15  0     36.25    0.6102E-02      80.8    588.1
2014  4 12   102   18 16  0     36.35    0.6048E-02      81.0    587.8
2014  4 12   102   18 17  0     36.46    0.6128E-02      83.1    587.4
2014  4 12   102   18 18  0     36.57    0.6023E-02      82.3    587.0
2014  4 12   102   18 19  0     36.68    0.5952E-02      82.6    586.8
2014  4 12   102   18 20  0     36.79    0.5905E-02      83.1    586.6
2014  4 12   102   18 21  0     36.89    0.5842E-02      83.2    586.3
2014  4 12   102   18 22  0     37.01    0.5752E-02      83.2    586.1
2014  4 12   102   18 23  0     37.12    0.5680E-02      83.2    585.8
2014  4 12   102   18 24  0     37.23    0.5587E-02      83.0    585.5
2014  4 12   102   18 25  0     37.35    0.5512E-02      83.1    585.2
2014  4 12   102   18 26  0     37.46    0.5422E-02      83.1    585.1
2014  4 12   102   18 27  0     37.58    0.5329E-02      83.1    584.9
2014  4 12   102   18 28  0     37.70    0.5230E-02      82.8    584.6
2014  4 12   102   18 29  0     37.81    0.5148E-02      82.7    584.3
2014  4 12   102   18 30  0     37.93    0.5061E-02      82.5    584.0
2014  4 12   102   18 31  0     38.05    0.4973E-02      82.6    583.8
2014  4 12   102   18 32  0     38.17    0.4886E-02      82.6    583.6
2014  4 12   102   18 33  0     38.30    0.4796E-02      82.9    583.5
2014  4 12   102   18 34  0     38.42    0.4719E-02      83.1    583.3
2014  4 12   102   18 35  0     38.54    0.4629E-02      83.2    583.1
2014  4 12   102   18 36  0     38.67    0.4543E-02      83.1    582.8
2014  4 12   102   18 37  0     38.79    0.4450E-02      82.9    582.5
2014  4 12   102   18 38  0     38.92    0.4353E-02      82.8    582.3
2014  4 12   102   18 39  0     39.04    0.4272E-02      82.7    581.9
2014  4 12   102   18 40  0     39.17    0.4169E-02      82.5    581.7
2014  4 12   102   18 41  0     39.30    0.4071E-02      82.6    581.5
2014  4 12   102   18 42  0     39.43    0.3973E-02      82.7    581.4
2014  4 12   102   18 43  0     39.56    0.3881E-02      82.7    581.1
2014  4 12   102   18 44  0     39.69    0.3797E-02      82.9    580.9
2014  4 12   102   18 45  0     39.82    0.3713E-02      82.8    580.6
2014  4 12   102   18 46  0     39.96    0.3641E-02      82.7    580.0
2014  4 12   102   18 47  0     40.09    0.3547E-02      82.6    579.8
2014  4 12   102   18 48  0     40.22    0.3458E-02      82.4    579.4
2014  4 12   102   18 49  0     40.36    0.3357E-02      82.1    579.2
2014  4 12   102   18 50  0     40.49    0.3283E-02      82.4    578.8
2014  4 12   102   18 51  0     40.63    0.3196E-02      82.7    578.6
2014  4 12   102   18 52  0     40.77    0.3093E-02      82.6    578.4
2014  4 12   102   18 53  0     40.90    0.2988E-02      82.3    578.2
2014  4 12   102   18 54  0     41.04    0.2903E-02      82.1    577.6
2014  4 12   102   18 55  0     41.18    0.2821E-02      82.2    577.2
2014  4 12   102   18 56  0     41.32    0.2720E-02      82.3    577.1
2014  4 12   102   18 57  0     41.46    0.2632E-02      82.2    577.0
2014  4 12   102   18 58  0     41.60    0.2547E-02      82.0    576.6
2014  4 12   102   18 59  0     41.74    0.2462E-02      82.1    576.3
2014  4 12   102   19  0  0     41.89    0.2387E-02      82.3    575.9
2014  4 12   102   19  1  0     42.03    0.2299E-02      81.9    575.0
2014  4 12   102   19  2  0     42.17    0.2210E-02      81.9    574.7
2014  4 12   102   19  3  0     42.32    0.2119E-02      81.8    574.4
2014  4 12   102   19  4  0     42.46    0.2030E-02      81.8    574.1
2014  4 12   102   19  5  0     42.61    0.1951E-02      81.8    573.6
2014  4 12   102   19  6  0     42.75    0.1873E-02      81.8    573.8
2014  4 12   102   19  7  0     42.90    0.1811E-02      82.0    573.3
2014  4 12   102   19  8  0     43.05    0.1729E-02      82.1    572.2
2014  4 12   102   19  9  0     43.20    0.1645E-02      82.1    571.8
2014  4 12   102   19 10  0     43.35    0.1563E-02      81.8    571.3
2014  4 12   102   19 11  0     43.50    0.1493E-02      81.8    570.8
2014  4 12   102   19 12  0     43.65    0.1416E-02      81.9    570.3
2014  4 12   102   19 13  0     43.80    0.1350E-02      82.0    569.7
2014  4 12   102   19 14  0     43.95    0.1280E-02      81.9    569.1
2014  4 12   102   19 15  0     44.10    0.1203E-02      81.9    568.6
2014  4 12   102   19 16  0     44.25    0.1130E-02      81.5    568.1
2014  4 12   102   19 17  0     44.40    0.1053E-02      81.3    567.6
2014  4 12   102   19 18  0     44.56    0.9696E-03      81.3    567.2
2014  4 12   102   19 19  0     44.71    0.8938E-03      81.6    566.8
2014  4 12   102   19 20  0     44.87    0.8189E-03      81.8    566.3
2014  4 12   102   19 21  0     45.02    0.7516E-03      82.1    565.8
2014  4 12   102   19 22  0     45.18    0.6814E-03      82.1    565.3
2014  4 12   102   19 23  0     45.33    0.6063E-03      82.0    564.8
2014  4 12   102   19 24  0     45.49    0.5292E-03      81.9    564.4
2014  4 12   102   19 25  0     45.64    0.4505E-03      81.9    563.9
2014  4 12   102   19 26  0     45.80    0.3896E-03      82.1    563.3
2014  4 12   102   19 27  0     45.96    0.3183E-03      82.0    562.8
2014  4 12   102   19 28  0     46.12    0.2368E-03      81.9    562.4
2014  4 12   102   19 29  0     46.28    0.1637E-03      81.8    561.9
2014  4 12   102   19 30  0     46.44    0.8663E-04      81.6    561.5
2014  4 12   102   19 31  0     46.60    0.2073E-04      81.4    561.0
2014  4 12   102   19 32  0     46.76   -0.4475E-04      81.3    560.4
2014  4 12   102   19 33  0     46.92   -0.1053E-03      81.0    559.8
2014  4 12   102   19 34  0     47.08   -0.1912E-03      81.2    559.5
2014  4 12   102   19 35  0     47.24   -0.2573E-03      81.2    559.0
2014  4 12   102   19 36  0     47.40   -0.3211E-03      81.2    558.5
2014  4 12   102   19 37  0     47.56   -0.3916E-03      81.1    558.1
2014  4 12   102   19 38  0     47.73   -0.4543E-03      81.0    557.5
2014  4 12   102   19 39  0     47.89   -0.5240E-03      80.9    557.1
2014  4 12   102   19 40  0     48.05   -0.5890E-03      80.9    556.3
2014  4 12   102   19 41  0     48.22   -0.6568E-03      80.8    555.8
2014  4 12   102   19 42  0     48.38   -0.7159E-03      80.2    555.3
2014  4 12   102   19 43  0     48.55   -0.7882E-03      80.5    555.3
2014  4 12   102   19 44  0     48.71   -0.8591E-03      80.6    555.0
2014  4 12   102   19 45  0     48.88   -0.9117E-03      80.3    554.4
2014  4 12   102   19 46  0     49.04   -0.9748E-03      79.8    553.3
2014  4 12   102   19 47  0     49.21   -0.1049E-02      80.8    552.9
2014  4 12   102   19 48  0     49.38   -0.1108E-02      80.6    552.4
2014  4 12   102   19 49  0     49.54   -0.1169E-02      80.5    551.9
2014  4 12   102   19 50  0     49.71   -0.1235E-02      80.5    551.5
2014  4 12   102   19 51  0     49.88   -0.1301E-02      80.6    552.0
2014  4 12   102   19 52  0     50.05   -0.1359E-02      80.6    550.6
2014  4 12   102   19 53  0     50.21   -0.1421E-02      80.5    550.2
2014  4 12   102   19 54  0     50.38   -0.1482E-02      80.6    549.8
2014  4 12   102   19 55  0     50.55   -0.1544E-02      80.5    549.4
2014  4 12   102   19 56  0     50.72   -0.1604E-02      80.4    549.0
2014  4 12   102   19 57  0     50.89   -0.1661E-02      80.4    548.6
2014  4 12   102   19 58  0     51.06   -0.1708E-02      80.3    548.0
2014  4 12   102   19 59  0     51.23   -0.1765E-02      80.4    547.6
2014  4 12   102   20  0  0     51.40   -0.1817E-02      80.2    547.2
2014  4 12   102   20  1  0     51.58   -0.1866E-02      80.0    546.7
2014  4 12   102   20  2  0     51.75   -0.1923E-02      80.0    546.4
2014  4 12   102   20  3  0     51.92   -0.1975E-02      79.9    546.0
2014  4 12   102   20  4  0     52.09   -0.2025E-02      79.8    545.6
2014  4 12   102   20  5  0     52.26   -0.2073E-02      79.8    545.2
2014  4 12   102   20  6  0     52.44   -0.2132E-02      79.9    545.0
2014  4 12   102   20  7  0     52.61   -0.2181E-02      80.0    544.6
2014  4 12   102   20  8  0     52.78   -0.2236E-02      80.1    544.2
2014  4 12   102   20  9  0     52.96   -0.2290E-02      80.4    543.8
2014  4 12   102   20 10  0     53.13   -0.2341E-02      80.5    543.5
2014  4 12   102   20 11  0     53.31   -0.2386E-02      80.4    543.2
2014  4 12   102   20 12  0     53.48   -0.2431E-02      80.4    542.9
2014  4 12   102   20 13  0     53.66   -0.2480E-02      80.5    542.6
2014  4 12   102   20 14  0     53.83   -0.2521E-02      80.5    542.2
2014  4 12   102   20 15  0     54.01   -0.2573E-02      80.6    542.0
2014  4 12   102   20 16  0     54.18   -0.2616E-02      80.5    541.8
2014  4 12   102   20 17  0     54.36   -0.2652E-02      80.4    541.5
2014  4 12   102   20 18  0     54.53   -0.2691E-02      80.5    541.2
2014  4 12   102   20 19  0     54.71   -0.2728E-02      80.5    540.8
2014  4 12   102   20 20  0     54.89   -0.2763E-02      80.4    540.5
2014  4 12   102   20 21  0     55.06   -0.2795E-02      80.3    540.2
2014  4 12   102   20 22  0     55.24   -0.2825E-02      80.1    539.9
2014  4 12   102   20 23  0     55.42   -0.2859E-02      80.0    539.7
2014  4 12   102   20 24  0     55.60   -0.2892E-02      79.9    539.6
2014  4 12   102   20 25  0     55.77   -0.2919E-02      79.8    539.3
2014  4 12   102   20 26  0     55.95   -0.2940E-02      79.5    539.1
2014  4 12   102   20 27  0     56.13   -0.2949E-02      78.9    538.7
2014  4 12   102   20 28  0     56.31   -0.2973E-02      78.8    538.5
2014  4 12   102   20 29  0     56.49   -0.3007E-02      79.0    538.3
2014  4 12   102   20 30  0     56.67   -0.3051E-02      79.5    538.1
2014  4 12   102   20 31  0     56.85   -0.3086E-02      79.8    537.9
2014  4 12   102   20 32  0     57.03   -0.3106E-02      79.8    537.3
2014  4 12   102   20 33  0     57.21   -0.3122E-02      79.5    537.3
2014  4 12   102   20 34  0     57.39   -0.3132E-02      79.2    537.2
2014  4 12   102   20 35  0     57.57   -0.3101E-02      78.0    536.4
2014  4 12   102   20 36  0     57.75   -0.3140E-02      78.5    536.3
2014  4 12   102   20 37  0     57.93   -0.3160E-02      78.6    536.0
2014  4 12   102   20 38  0     58.11   -0.3192E-02      79.1    535.5
2014  4 12   102   20 39  0     58.29   -0.3219E-02      79.3    535.6
2014  4 12   102   20 40  0     58.47   -0.3216E-02      79.0    535.5
2014  4 12   102   20 41  0     58.65   -0.3212E-02      78.5    535.3
2014  4 12   102   20 42  0     58.83   -0.3231E-02      78.7    535.2
2014  4 12   102   20 43  0     59.01   -0.3266E-02      79.2    534.9
2014  4 12   102   20 44  0     59.20   -0.3282E-02      79.3    535.0
2014  4 12   102   20 45  0     59.38   -0.3281E-02      79.1    535.2
2014  4 12   102   20 46  0     59.56   -0.3285E-02      79.0    535.1
2014  4 12   102   20 47  0     59.74   -0.3288E-02      78.8    535.1
2014  4 12   102   20 48  0     59.92   -0.3289E-02      78.7    534.9
2014  4 12   102   20 49  0     60.11   -0.3283E-02      78.5    534.0
2014  4 12   102   20 50  0     60.29   -0.3288E-02      78.5    534.1
2014  4 12   102   20 51  0     60.47   -0.3287E-02      78.4    534.7
2014  4 12   102   20 52  0     60.66   -0.3289E-02      78.3    534.8
2014  4 12   102   20 53  0     60.84   -0.3289E-02      78.4    534.7
2014  4 12   102   20 54  0     61.02   -0.3296E-02      78.5    534.3
2014  4 12   102   20 55  0     61.21   -0.3300E-02      78.6    534.6
2014  4 12   102   20 56  0     61.39   -0.3300E-02      78.7    535.0
2014  4 12   102   20 57  0     61.57   -0.3297E-02      78.8    534.9
2014  4 12   102   20 58  0     61.76   -0.3287E-02      78.7    534.6
2014  4 12   102   20 59  0     61.94   -0.3280E-02      78.7    534.6
2014  4 12   102   21  0  0     62.13   -0.3268E-02      78.5    534.1
2014  4 12   102   21  1  0     62.31   -0.3258E-02      78.4    534.4
2014  4 12   102   21  2  0     62.50   -0.3247E-02      78.4    534.8
2014  4 12   102   21  3  0     62.68   -0.3231E-02      78.4    534.5
2014  4 12   102   21  4  0     62.87   -0.3217E-02      78.1    534.7
2014  4 12   102   21  5  0     63.05   -0.3200E-02      78.0    534.3
2014  4 12   102   21  6  0     63.24   -0.3183E-02      77.9    534.6
2014  4 12   102   21  7  0     63.42   -0.3166E-02      77.7    535.1
2014  4 12   102   21  8  0     63.61   -0.3152E-02      77.8    535.1
2014  4 12   102   21  9  0     63.79   -0.3139E-02      77.8    535.2
2014  4 12   102   21 10  0     63.98   -0.3124E-02      77.8    535.5
2014  4 12   102   21 11  0     64.16   -0.3106E-02      77.8    535.2
2014  4 12   102   21 12  0     64.35   -0.3087E-02      77.8    535.9
2014  4 12   102   21 13  0     64.54   -0.3079E-02      78.0    536.5
2014  4 12   102   21 14  0     64.72   -0.3061E-02      78.1    536.6
2014  4 12   102   21 15  0     64.91   -0.3038E-02      77.9    537.0
2014  4 12   102   21 16  0     65.09   -0.3012E-02      77.7    537.3
2014  4 12   102   21 17  0     65.28   -0.2981E-02      77.4    537.4
2014  4 12   102   21 18  0     65.47   -0.2957E-02      77.2    538.5
2014  4 12   102   21 19  0     65.65   -0.2929E-02      77.0    538.5
2014  4 12   102   21 20  0     65.84   -0.2902E-02      76.8    539.0
2014  4 12   102   21 21  0     66.03   -0.2881E-02      76.9    539.4
2014  4 12   102   21 22  0     66.21   -0.2858E-02      76.8    540.5
2014  4 12   102   21 23  0     66.40   -0.2832E-02      76.9    541.6
2014  4 12   102   21 24  0     66.59   -0.2806E-02      76.8    542.6
2014  4 12   102   21 25  0     66.78   -0.2777E-02      76.8    543.3
2014  4 12   102   21 26  0     66.96   -0.2742E-02      76.7    543.4
2014  4 12   102   21 27  0     67.15   -0.2717E-02      76.7    544.8
2014  4 12   102   21 28  0     67.34   -0.2691E-02      76.7    546.5
2014  4 12   102   21 29  0     67.53   -0.2656E-02      76.5    546.6
2014  4 12   102   21 30  0     67.71   -0.2628E-02      76.5    547.9
2014  4 12   102   21 31  0     67.90   -0.2600E-02      76.4    550.7
2014  4 12   102   21 32  0     68.09   -0.2567E-02      76.3    550.8
2014  4 12   102   21 33  0     68.28   -0.2536E-02      76.3    552.3
2014  4 12   102   21 34  0     68.46   -0.2506E-02      76.2    554.7
2014  4 12   102   21 35  0     68.65   -0.2480E-02      76.3    556.7
2014  4 12   102   21 36  0     68.84   -0.2450E-02      76.3    558.4
2014  4 12   102   21 37  0     69.03   -0.2412E-02      76.0    559.7
2014  4 12   102   21 38  0     69.22   -0.2379E-02      76.0    561.1
2014  4 12   102   21 39  0     69.40   -0.2348E-02      76.0    563.7
2014  4 12   102   21 40  0     69.59   -0.2320E-02      76.0    566.7
2014  4 12   102   21 41  0     69.78   -0.2289E-02      75.9    569.8
2014  4 12   102   21 42  0     69.97   -0.2258E-02      75.9    573.4
2014  4 12   102   21 43  0     70.16   -0.2223E-02      75.9    574.2
2014  4 12   102   21 44  0     70.35   -0.2191E-02      75.9    577.7
2014  4 12   102   21 45  0     70.54   -0.2157E-02      75.9    579.7
2014  4 12   102   21 46  0     70.72   -0.2122E-02      75.7    583.1
2014  4 12   102   21 47  0     70.91   -0.2081E-02      75.5    583.3
2014  4 12   102   21 48  0     71.10   -0.2048E-02      75.4    587.4
2014  4 12   102   21 49  0     71.29   -0.2011E-02      75.3    589.5
2014  4 12   102   21 50  0     71.48   -0.1975E-02      75.2    591.7
2014  4 12   102   21 51  0     71.67   -0.1939E-02      75.1    594.8
2014  4 12   102   21 52  0     71.86   -0.1904E-02      74.9    599.2
2014  4 12   102   21 53  0     72.04   -0.1869E-02      74.8    603.4
2014  4 12   102   21 54  0     72.23   -0.1827E-02      74.3    605.4
2014  4 12   102   21 55  0     72.42   -0.1778E-02      73.3    607.4
2014  4 12   102   21 56  0     72.61   -0.1705E-02      71.1    599.1
2014  4 12   102   21 57  0     72.80   -0.1626E-02      68.2    592.9
2014  4 12   102   21 58  0     72.99   -0.1577E-02      67.0    597.0
2014  4 12   102   21 59  0     73.18   -0.1516E-02      65.5    592.0
2014  4 12   102   22  0  0     73.37   -0.1464E-02      64.1    593.3
2014  4 12   102   22  1  0     73.56   -0.1433E-02      64.3    597.4
2014  4 12   102   22  2  0     73.75   -0.1438E-02      67.4    614.1
2014  4 12   102   22  3  0     73.94   -0.1436E-02      69.9    625.3
2014  4 12   102   22  4  0     74.12   -0.1428E-02      71.3    638.9
2014  4 12   102   22  5  0     74.31   -0.1410E-02      71.9    645.1
2014  4 12   102   22  6  0     74.50   -0.1387E-02      72.6    646.8
2014  4 12   102   22  7  0     74.69   -0.1377E-02      73.7    663.1
2014  4 12   102   22  8  0     74.88   -0.1360E-02      74.6    670.6
2014  4 12   102   22  9  0     75.07   -0.1341E-02      75.4    676.1
2014  4 12   102   22 10  0     75.26   -0.1321E-02      75.8    684.4
2014  4 12   102   22 11  0     75.45   -0.1302E-02      76.4    696.9
2014  4 12   102   22 12  0     75.64   -0.1280E-02      77.1    696.6
2014  4 12   102   22 13  0     75.83   -0.1256E-02      77.5    -99.9
2014  4 12   102   22 14  0     76.02   -0.1228E-02      77.7    -99.9
2014  4 12   102   22 15  0     76.21   -0.1195E-02      77.8    -99.9
2014  4 12   102   22 16  0     76.40   -0.1160E-02      77.6    -99.9
2014  4 12   102   22 17  0     76.58   -0.1124E-02      77.3    -99.9
2014  4 12   102   22 18  0     76.77   -0.1091E-02      77.2    -99.9
2014  4 12   102   22 19  0     76.96   -0.1057E-02      77.0    -99.9
2014  4 12   102   22 20  0     77.15   -0.1024E-02      76.8    -99.9
2014  4 12   102   22 21  0     77.34   -0.9911E-03      76.6    -99.9
2014  4 12   102   22 22  0     77.53   -0.9627E-03      76.5    -99.9
2014  4 12   102   22 23  0     77.72   -0.9277E-03      76.4    699.3
2014  4 12   102   22 24  0     77.91   -0.8977E-03      76.2    698.9
2014  4 12   102   22 25  0     78.10   -0.8719E-03      76.2    -99.9
2014  4 12   102   22 26  0     78.29   -0.8412E-03      76.0    -99.9
2014  4 12   102   22 27  0     78.48   -0.8105E-03      75.9    693.6
2014  4 12   102   22 28  0     78.67   -0.7836E-03      75.9    697.7
2014  4 12   102   22 29  0     78.86   -0.7580E-03      75.8    -99.9
2014  4 12   102   22 30  0     79.04   -0.7279E-03      75.8    689.5
2014  4 12   102   22 31  0     79.23   -0.7016E-03      75.7    688.4
2014  4 12   102   22 32  0     79.42   -0.6746E-03      75.8    679.8
2014  4 12   102   22 33  0     79.61   -0.6530E-03      75.8    691.8
2014  4 12   102   22 34  0     79.80   -0.6223E-03      75.8    665.9
2014  4 12   102   22 35  0     79.99   -0.5991E-03      75.9    665.8
2014  4 12   102   22 36  0     80.18   -0.5742E-03      75.9    657.3
2014  4 12   102   22 37  0     80.37   -0.5522E-03      76.0    656.2
2014  4 12   102   22 38  0     80.56   -0.5301E-03      76.1    654.0
2014  4 12   102   22 39  0     80.75   -0.5088E-03      76.3    652.5
2014  4 12   102   22 40  0     80.93   -0.4851E-03      76.4    641.1
2014  4 12   102   22 41  0     81.12   -0.4642E-03      76.4    638.6
2014  4 12   102   22 42  0     81.31   -0.4397E-03      76.3    622.2
2014  4 12   102   22 43  0     81.50   -0.4204E-03      76.3    622.2
2014  4 12   102   22 44  0     81.69   -0.3988E-03      76.2    610.4
2014  4 12   102   22 45  0     81.88   -0.3777E-03      76.2    600.5
2014  4 12   102   22 46  0     82.07   -0.3591E-03      76.2    597.7
2014  4 12   102   22 47  0     82.26   -0.3415E-03      76.1    596.7
2014  4 12   102   22 48  0     82.44   -0.3239E-03      76.2    592.6
2014  4 12   102   22 49  0     82.63   -0.3076E-03      76.3    591.5
2014  4 12   102   22 50  0     82.82   -0.2881E-03      76.5    575.9
2014  4 12   102   22 51  0     83.01   -0.2690E-03      76.6    557.4
2014  4 12   102   22 52  0     83.20   -0.2525E-03      76.5    548.0
2014  4 12   102   22 53  0     83.39   -0.2370E-03      76.4    541.0
2014  4 12   102   22 54  0     83.58   -0.2238E-03      76.2    542.1
2014  4 12   102   22 55  0     83.76   -0.2080E-03      76.0    529.4
2014  4 12   102   22 56  0     83.95   -0.1921E-03      75.8    514.1
2014  4 12   102   22 57  0     84.14   -0.1745E-03      75.7    490.1
2014  4 12   102   22 58  0     84.33   -0.1622E-03      75.6    486.2
2014  4 12   102   22 59  0     84.51   -0.1499E-03      75.5    479.3
2014  4 12   102   23  0  0     84.70   -0.1376E-03      75.5    472.2
2014  4 12   102   23  1  0     84.89   -0.1238E-03      75.5    456.6
2014  4 12   102   23  2  0     85.08   -0.1091E-03      75.6    435.1
2014  4 12   102   23  3  0     85.27   -0.1039E-03      75.4    446.9
2014  4 12   102   23  4  0     85.45   -0.8888E-04      75.3    422.5
2014  4 12   102   23  5  0     85.64   -0.7852E-04      75.2    413.0
2014  4 12   102   23  6  0     85.83   -0.6992E-04      75.3    406.8
2014  4 12   102   23  7  0     86.02   -0.5994E-04      75.3    394.4
2014  4 12   102   23  8  0     86.20   -0.5148E-04      75.1    386.6
2014  4 12   102   23  9  0     86.39   -0.4512E-04      75.0    385.0
2014  4 12   102   23 10  0     86.58   -0.3605E-04      74.9    372.6
2014  4 12   102   23 11  0     86.76   -0.2683E-04      74.9    358.7
2014  4 12   102   23 12  0     86.95   -0.2099E-04      74.9    356.2
2014  4 12   102   23 13  0     87.14   -0.1323E-04      74.8    340.4
2014  4 12   102   23 14  0     87.32   -0.5404E-05      74.7    328.3
2014  4 12   102   23 15  0     87.51   -0.7723E-06      74.6    323.5
2014  4 12   102   23 16  0     87.70    0.7340E-05      74.7    308.0
2014  4 12   102   23 17  0     87.88    0.1160E-04      74.8    304.4
2014  4 12   102   23 18  0     88.07    0.1604E-04      74.8    294.9
2014  4 12   102   23 19  0     88.26    0.2140E-04      74.6    285.9
2014  4 12   102   23 20  0     88.44    0.2711E-04      74.5    275.5
2014  4 12   102   23 21  0     88.63    0.2786E-04      74.5    276.4
2014  4 12   102   23 22  0     88.81    0.3394E-04      74.6    264.1
2014  4 12   102   23 23  0     89.00    0.3746E-04      75.1    252.8
2014  4 12   102   23 24  0     89.19    0.3886E-04      74.6    250.1
2014  4 12   102   23 25  0     89.37    0.4711E-04      74.3    233.1
2014  4 12   102   23 26  0     89.56    0.4335E-04      74.1    244.2
2014  4 12   102   23 27  0     89.74    0.5040E-04      74.3    227.1
2014  4 12   102   23 28  0     89.93    0.5284E-04      74.6    221.9
