                            NILUUV 115

Uvpro Version 2.0
Latitude :   40.74 (North)
Longitude:  -74.03  (West)
Calibration file: cf100603a.115
Height above sea level:    40.0  m
CLT derived from channel 5
CLT scale factor used:   1.0
Ozone derived from channel pair ch3/ch1
Ozone scale factor used:   1.0
Drift factors ch1-ch6:   0.503  0.533  0.594  0.643  0.499  0.862
Ozone profile climatology: Mid  Latitude
Dose type:    CLW    Caldwell Plant 1971           

yyyy mm dd   jul   hh mm ss      SZA     dose rate       clt     Ozone
                              [degrees]   [W/m^2]        [%]     [DU]
2014  6 20   171    0  0  0     85.76    0.1208E-02     114.4     94.8
2014  6 20   171    0  1  0     85.93    0.1181E-02     114.8     92.3
2014  6 20   171    0  2  0     86.10    0.1155E-02     115.1     90.1
2014  6 20   171    0  3  0     86.27    0.1127E-02     115.2     88.2
2014  6 20   171    0  4  0     86.43    0.1123E-02     115.2     84.9
2014  6 20   171    0  5  0     86.60    0.1111E-02     115.2     82.0
2014  6 20   171    0  6  0     86.77    0.1100E-02     115.2     79.1
2014  6 20   171    0  7  0     86.93    0.1096E-02     115.3     75.3
2014  6 20   171    0  8  0     87.10    0.1072E-02     115.1     73.2
2014  6 20   171    0  9  0     87.26    0.1049E-02     114.7     71.2
2014  6 20   171    0 10  0     87.43    0.1045E-02     114.5     68.1
2014  6 20   171    0 11  0     87.59    0.1034E-02     114.4     65.4
2014  6 20   171    0 12  0     87.76    0.1035E-02     114.3     62.0
2014  6 20   171    0 13  0     87.92    0.9967E-03     114.2     60.7
2014  6 20   171    0 14  0     88.09    0.9712E-03     114.0     58.8
2014  6 20   171    0 15  0     88.25    0.9713E-03     113.5     55.8
2014  6 20   171    0 16  0     88.42    0.9560E-03     112.9     53.6
2014  6 20   171    0 17  0     88.58    0.9482E-03     112.5     50.8
2014  6 20   171    0 18  0     88.74    0.9325E-03     112.3     48.5
2014  6 20   171    0 19  0     88.91    0.9365E-03     112.3     45.4
2014  6 20   171    0 20  0     89.07    0.9178E-03     112.0     43.6
2014  6 20   171    0 21  0     89.23    0.9258E-03     111.1     40.8
2014  6 20   171    0 22  0     89.40    0.9098E-03     110.2     38.9
2014  6 20   171    0 23  0     89.56    0.8954E-03     109.4     36.8
2014  6 20   171    0 24  0     89.72    0.8842E-03     109.2     34.8
2014  6 20   171    0 25  0     89.88    0.8880E-03     109.2     32.1
2014  6 20   171    9 31  0     89.92    0.7406E-03     107.1     36.2
2014  6 20   171    9 32  0     89.76    0.7445E-03     107.4     38.9
2014  6 20   171    9 33  0     89.59    0.7499E-03     107.9     41.6
2014  6 20   171    9 34  0     89.43    0.7516E-03     108.7     44.5
2014  6 20   171    9 35  0     89.27    0.7648E-03     109.6     46.5
2014  6 20   171    9 36  0     89.11    0.7655E-03     110.6     49.2
2014  6 20   171    9 37  0     88.94    0.7896E-03     111.4     50.5
2014  6 20   171    9 38  0     88.78    0.7852E-03     111.6     54.2
2014  6 20   171    9 39  0     88.62    0.8148E-03     112.0     55.5
2014  6 20   171    9 40  0     88.45    0.8246E-03     112.4     58.2
2014  6 20   171    9 41  0     88.29    0.8516E-03     113.0     59.7
2014  6 20   171    9 42  0     88.13    0.8394E-03     113.7     63.8
2014  6 20   171    9 43  0     87.96    0.8719E-03     114.3     64.7
2014  6 20   171    9 44  0     87.80    0.8690E-03     114.4     68.6
2014  6 20   171    9 45  0     87.63    0.8593E-03     114.7     73.2
2014  6 20   171    9 46  0     87.47    0.8963E-03     115.0     74.2
2014  6 20   171    9 47  0     87.30    0.9002E-03     115.4     77.7
2014  6 20   171    9 48  0     87.14    0.9087E-03     115.7     80.8
2014  6 20   171    9 49  0     86.97    0.9318E-03     116.1     82.6
2014  6 20   171    9 50  0     86.80    0.9615E-03     116.0     84.5
2014  6 20   171    9 51  0     86.64    0.9715E-03     115.9     87.8
2014  6 20   171    9 52  0     86.47    0.1003E-02     115.8     89.6
2014  6 20   171    9 53  0     86.30    0.1020E-02     115.7     92.3
2014  6 20   171    9 54  0     86.14    0.1032E-02     115.6     95.5
2014  6 20   171    9 55  0     85.97    0.1039E-02     115.5     99.3
2014  6 20   171    9 56  0     85.80    0.1076E-02     115.0    101.0
2014  6 20   171    9 57  0     85.63    0.1086E-02     114.7    104.7
2014  6 20   171    9 58  0     85.46    0.1093E-02     114.4    108.7
2014  6 20   171    9 59  0     85.30    0.1124E-02     114.2    110.9
2014  6 20   171   10  0  0     85.13    0.1142E-02     114.1    114.2
2014  6 20   171   10  1  0     84.96    0.1161E-02     114.0    117.3
2014  6 20   171   10  2  0     84.79    0.1194E-02     113.9    120.4
2014  6 20   171   10  3  0     84.62    0.1217E-02     113.8    124.6
2014  6 20   171   10  4  0     84.45    0.1252E-02     113.6    127.7
2014  6 20   171   10  5  0     84.28    0.1288E-02     113.4    130.8
2014  6 20   171   10  6  0     84.11    0.1322E-02     113.3    134.0
2014  6 20   171   10  7  0     83.94    0.1357E-02     113.0    137.3
2014  6 20   171   10  8  0     83.77    0.1395E-02     113.1    140.9
2014  6 20   171   10  9  0     83.60    0.1449E-02     113.4    143.2
2014  6 20   171   10 10  0     83.43    0.1471E-02     113.6    148.6
2014  6 20   171   10 11  0     83.26    0.1525E-02     114.0    151.0
2014  6 20   171   10 12  0     83.08    0.1568E-02     114.2    154.6
2014  6 20   171   10 13  0     82.91    0.1593E-02     114.2    160.0
2014  6 20   171   10 14  0     82.74    0.1636E-02     114.7    164.0
2014  6 20   171   10 15  0     82.57    0.1692E-02     115.0    167.0
2014  6 20   171   10 16  0     82.40    0.1731E-02     114.0    171.5
2014  6 20   171   10 17  0     82.22    0.1765E-02     113.9    176.7
2014  6 20   171   10 18  0     82.05    0.1839E-02     113.5    178.3
2014  6 20   171   10 19  0     81.88    0.1886E-02     113.5    182.7
2014  6 20   171   10 20  0     81.71    0.1949E-02     113.7    185.8
2014  6 20   171   10 21  0     81.53    0.2025E-02     114.2    187.9
2014  6 20   171   10 22  0     81.36    0.2092E-02     115.4    191.1
2014  6 20   171   10 23  0     81.19    0.2158E-02     116.0    194.2
2014  6 20   171   10 24  0     81.01    0.2224E-02     116.5    197.7
2014  6 20   171   10 25  0     80.84    0.2293E-02     115.7    201.2
2014  6 20   171   10 26  0     80.66    0.2385E-02     114.3    202.6
2014  6 20   171   10 27  0     80.49    0.2454E-02     112.8    206.1
2014  6 20   171   10 28  0     80.31    0.2544E-02     114.4    208.5
2014  6 20   171   10 29  0     80.14    0.2616E-02     109.7    211.5
2014  6 20   171   10 30  0     79.96    0.2717E-02     109.4    213.4
2014  6 20   171   10 31  0     79.79    0.2811E-02     114.2    216.5
2014  6 20   171   10 32  0     79.61    0.2889E-02     113.2    219.9
2014  6 20   171   10 33  0     79.44    0.2992E-02     111.9    221.6
2014  6 20   171   10 34  0     79.26    0.3094E-02     110.2    223.5
2014  6 20   171   10 35  0     79.09    0.3195E-02     107.5    225.9
2014  6 20   171   10 36  0     78.91    0.3308E-02     101.4    227.2
2014  6 20   171   10 37  0     78.73    0.3445E-02     100.5    228.2
2014  6 20   171   10 38  0     78.56    0.3551E-02     102.5    232.1
2014  6 20   171   10 39  0     78.38    0.3676E-02     104.4    234.6
2014  6 20   171   10 40  0     78.20    0.3811E-02     104.8    236.1
2014  6 20   171   10 41  0     78.03    0.3949E-02     101.7    237.0
2014  6 20   171   10 42  0     77.85    0.4053E-02     100.2    241.2
2014  6 20   171   10 43  0     77.67    0.4227E-02     106.1    243.2
2014  6 20   171   10 44  0     77.49    0.4354E-02     106.2    246.6
2014  6 20   171   10 45  0     77.32    0.4491E-02     104.2    249.0
2014  6 20   171   10 46  0     77.14    0.4663E-02     106.4    250.5
2014  6 20   171   10 47  0     76.96    0.4840E-02     111.6    253.6
2014  6 20   171   10 48  0     76.78    0.4970E-02     105.9    255.1
2014  6 20   171   10 49  0     76.60    0.5167E-02     112.0    257.3
2014  6 20   171   10 50  0     76.43    0.5349E-02     114.9    259.8
2014  6 20   171   10 51  0     76.25    0.5542E-02     113.6    260.4
2014  6 20   171   10 52  0     76.07    0.5750E-02     114.2    261.1
2014  6 20   171   10 53  0     75.89    0.5928E-02     116.0    263.8
2014  6 20   171   10 54  0     75.71    0.6122E-02     116.2    265.6
2014  6 20   171   10 55  0     75.53    0.6323E-02     116.2    267.1
2014  6 20   171   10 56  0     75.35    0.6533E-02     115.4    268.1
2014  6 20   171   10 57  0     75.17    0.6775E-02     115.9    268.6
2014  6 20   171   10 58  0     74.99    0.6990E-02     115.5    271.1
2014  6 20   171   10 59  0     74.81    0.7211E-02     115.7    272.6
2014  6 20   171   11  0  0     74.63    0.7458E-02     115.8    272.4
2014  6 20   171   11  1  0     74.45    0.7672E-02     115.9    274.5
2014  6 20   171   11  2  0     74.27    0.7933E-02     116.0    275.2
2014  6 20   171   11  3  0     74.09    0.8185E-02     116.4    276.5
2014  6 20   171   11  4  0     73.91    0.8424E-02     115.6    278.2
2014  6 20   171   11  5  0     73.73    0.8713E-02     116.7    278.9
2014  6 20   171   11  6  0     73.55    0.8966E-02     116.7    280.0
2014  6 20   171   11  7  0     73.37    0.9244E-02     116.7    280.7
2014  6 20   171   11  8  0     73.18    0.9506E-02     116.7    281.8
2014  6 20   171   11  9  0     73.00    0.9725E-02     112.3    281.5
2014  6 20   171   11 10  0     72.82    0.9904E-02     108.4    281.8
2014  6 20   171   11 11  0     72.64    0.1018E-01     108.8    282.6
2014  6 20   171   11 12  0     72.46    0.1058E-01     112.9    284.5
2014  6 20   171   11 13  0     72.28    0.1099E-01     114.8    285.3
2014  6 20   171   11 14  0     72.09    0.1137E-01     116.5    286.1
2014  6 20   171   11 15  0     71.91    0.1169E-01     116.4    287.4
2014  6 20   171   11 16  0     71.73    0.1207E-01     116.9    288.1
2014  6 20   171   11 17  0     71.55    0.1245E-01     117.0    288.3
2014  6 20   171   11 18  0     71.36    0.1281E-01     117.0    289.1
2014  6 20   171   11 19  0     71.18    0.1318E-01     117.0    289.8
2014  6 20   171   11 20  0     71.00    0.1355E-01     116.9    291.7
2014  6 20   171   11 21  0     70.82    0.1391E-01     116.5    292.3
2014  6 20   171   11 22  0     70.63    0.1428E-01     115.9    291.7
2014  6 20   171   11 23  0     70.45    0.1468E-01     116.6    292.7
2014  6 20   171   11 24  0     70.27    0.1510E-01     116.8    293.2
2014  6 20   171   11 25  0     70.08    0.1546E-01     115.5    293.5
2014  6 20   171   11 26  0     69.90    0.1590E-01     116.5    295.2
2014  6 20   171   11 27  0     69.71    0.1637E-01     117.0    295.7
2014  6 20   171   11 28  0     69.53    0.1680E-01     116.8    296.2
2014  6 20   171   11 29  0     69.35    0.1727E-01     116.6    295.6
2014  6 20   171   11 30  0     69.16    0.1771E-01     116.8    296.2
2014  6 20   171   11 31  0     68.98    0.1819E-01     116.8    297.0
2014  6 20   171   11 32  0     68.79    0.1864E-01     116.6    297.6
2014  6 20   171   11 33  0     68.61    0.1904E-01     114.4    297.8
2014  6 20   171   11 34  0     68.42    0.1961E-01     116.4    298.6
2014  6 20   171   11 35  0     68.24    0.2016E-01     116.9    298.9
2014  6 20   171   11 36  0     68.06    0.2069E-01     117.1    299.1
2014  6 20   171   11 37  0     67.87    0.2121E-01     117.1    299.6
2014  6 20   171   11 38  0     67.69    0.2177E-01     117.2    300.0
2014  6 20   171   11 39  0     67.50    0.2233E-01     117.4    300.3
2014  6 20   171   11 40  0     67.32    0.2290E-01     117.4    300.4
2014  6 20   171   11 41  0     67.13    0.2346E-01     117.5    300.8
2014  6 20   171   11 42  0     66.94    0.2404E-01     117.5    301.1
2014  6 20   171   11 43  0     66.76    0.2455E-01     116.6    301.5
2014  6 20   171   11 44  0     66.57    0.2516E-01     116.7    301.6
2014  6 20   171   11 45  0     66.39    0.2579E-01     116.8    302.0
2014  6 20   171   11 46  0     66.20    0.2642E-01     116.8    302.3
2014  6 20   171   11 47  0     66.02    0.2704E-01     116.4    302.5
2014  6 20   171   11 48  0     65.83    0.2768E-01     116.6    302.8
2014  6 20   171   11 49  0     65.64    0.2833E-01     116.9    303.3
2014  6 20   171   11 50  0     65.46    0.2905E-01     117.3    303.3
2014  6 20   171   11 51  0     65.27    0.2970E-01     117.6    303.8
2014  6 20   171   11 52  0     65.09    0.3042E-01     117.6    303.8
2014  6 20   171   11 53  0     64.90    0.3112E-01     117.8    304.1
2014  6 20   171   11 54  0     64.71    0.3182E-01     117.7    304.3
2014  6 20   171   11 55  0     64.53    0.3250E-01     117.7    304.7
2014  6 20   171   11 56  0     64.34    0.3328E-01     118.0    304.8
2014  6 20   171   11 57  0     64.15    0.3404E-01     117.7    304.9
2014  6 20   171   11 58  0     63.97    0.3478E-01     117.9    305.2
2014  6 20   171   11 59  0     63.78    0.3556E-01     118.0    305.4
2014  6 20   171   12  0  0     63.59    0.3634E-01     117.9    305.6
2014  6 20   171   12  1  0     63.41    0.3707E-01     117.9    305.8
2014  6 20   171   12  2  0     63.22    0.3718E-01     112.9    305.4
2014  6 20   171   12  3  0     63.03    0.3872E-01     118.2    306.1
2014  6 20   171   12  4  0     62.84    0.3930E-01     116.1    306.1
2014  6 20   171   12  5  0     62.66    0.4044E-01     118.1    306.6
2014  6 20   171   12  6  0     62.47    0.4129E-01     118.2    306.7
2014  6 20   171   12  7  0     62.28    0.4218E-01     118.4    307.0
2014  6 20   171   12  8  0     62.09    0.4308E-01     118.6    307.2
2014  6 20   171   12  9  0     61.91    0.4407E-01     119.0    307.3
2014  6 20   171   12 10  0     61.72    0.4500E-01     119.2    307.5
2014  6 20   171   12 11  0     61.53    0.4590E-01     119.3    307.7
2014  6 20   171   12 12  0     61.34    0.4651E-01     118.0    307.7
2014  6 20   171   12 13  0     61.16    0.4631E-01     112.3    307.4
2014  6 20   171   12 14  0     60.97    0.4776E-01     114.9    307.8
2014  6 20   171   12 15  0     60.78    0.4973E-01     119.9    308.3
2014  6 20   171   12 16  0     60.59    0.5072E-01     119.7    308.5
2014  6 20   171   12 17  0     60.40    0.5147E-01     117.9    308.2
2014  6 20   171   12 18  0     60.21    0.5222E-01     117.8    308.7
2014  6 20   171   12 19  0     60.03    0.5395E-01     120.1    308.7
2014  6 20   171   12 20  0     59.84    0.5497E-01     119.9    308.8
2014  6 20   171   12 21  0     59.65    0.5603E-01     120.3    309.0
2014  6 20   171   12 22  0     59.46    0.5711E-01     120.6    309.2
2014  6 20   171   12 23  0     59.27    0.5734E-01     116.8    308.8
2014  6 20   171   12 24  0     59.08    0.5929E-01     120.2    309.2
2014  6 20   171   12 25  0     58.90    0.6056E-01     120.6    309.3
2014  6 20   171   12 26  0     58.71    0.6176E-01     120.9    309.5
2014  6 20   171   12 27  0     58.52    0.6282E-01     120.5    309.6
2014  6 20   171   12 28  0     58.33    0.6402E-01     120.8    309.7
2014  6 20   171   12 29  0     58.14    0.6514E-01     120.7    309.8
2014  6 20   171   12 30  0     57.95    0.6624E-01     120.4    309.8
2014  6 20   171   12 31  0     57.76    0.6762E-01     121.0    309.9
2014  6 20   171   12 32  0     57.57    0.6878E-01     120.8    309.9
2014  6 20   171   12 33  0     57.39    0.6993E-01     120.5    310.0
2014  6 20   171   12 34  0     57.20    0.7130E-01     120.9    310.1
2014  6 20   171   12 35  0     57.01    0.7274E-01     121.6    310.2
2014  6 20   171   12 36  0     56.82    0.7400E-01     121.7    310.3
2014  6 20   171   12 37  0     56.63    0.7531E-01     121.8    310.3
2014  6 20   171   12 38  0     56.44    0.7630E-01     121.5    310.3
2014  6 20   171   12 39  0     56.25    0.7599E-01     117.1    310.1
2014  6 20   171   12 40  0     56.06    0.7600E-01     113.9    310.1
2014  6 20   171   12 41  0     55.87    0.7760E-01     115.4    310.4
2014  6 20   171   12 42  0     55.68    0.8072E-01     119.4    310.7
2014  6 20   171   12 43  0     55.50    0.8343E-01     122.8    310.9
2014  6 20   171   12 44  0     55.31    0.8456E-01     121.9    310.9
2014  6 20   171   12 45  0     55.12    0.8597E-01     122.2    311.1
2014  6 20   171   12 46  0     54.93    0.8724E-01     122.0    311.2
2014  6 20   171   12 47  0     54.74    0.8844E-01     121.5    311.2
2014  6 20   171   12 48  0     54.55    0.8955E-01     120.7    311.1
2014  6 20   171   12 49  0     54.36    0.9141E-01     121.8    311.2
2014  6 20   171   12 50  0     54.17    0.9284E-01     121.7    311.1
2014  6 20   171   12 51  0     53.98    0.9456E-01     122.9    311.5
2014  6 20   171   12 52  0     53.79    0.9575E-01     122.3    311.5
2014  6 20   171   12 53  0     53.60    0.9661E-01     121.2    311.6
2014  6 20   171   12 54  0     53.41    0.9754E-01     120.0    311.6
2014  6 20   171   12 55  0     53.22    0.9848E-01     118.9    311.7
2014  6 20   171   12 56  0     53.03    0.1018E+00     122.6    311.8
2014  6 20   171   12 57  0     52.84    0.1032E+00     122.4    311.8
2014  6 20   171   12 58  0     52.66    0.1038E+00     120.6    311.6
2014  6 20   171   12 59  0     52.47    0.1048E+00     119.7    311.6
2014  6 20   171   13  0  0     52.28    0.1046E+00     116.4    311.5
2014  6 20   171   13  1  0     52.09    0.1087E+00     121.5    311.9
2014  6 20   171   13  2  0     51.90    0.1111E+00     122.8    312.1
2014  6 20   171   13  3  0     51.71    0.1124E+00     122.4    312.2
2014  6 20   171   13  4  0     51.52    0.1128E+00     120.2    312.1
2014  6 20   171   13  5  0     51.33    0.1144E+00     120.1    312.2
2014  6 20   171   13  6  0     51.14    0.1161E+00     120.4    312.3
2014  6 20   171   13  7  0     50.95    0.1177E+00     120.3    312.4
2014  6 20   171   13  8  0     50.76    0.1218E+00     124.1    312.3
2014  6 20   171   13  9  0     50.57    0.1234E+00     123.5    312.2
2014  6 20   171   13 10  0     50.38    0.1260E+00     125.0    312.3
2014  6 20   171   13 11  0     50.19    0.1276E+00     124.7    312.3
2014  6 20   171   13 12  0     50.00    0.1292E+00     124.7    312.4
2014  6 20   171   13 13  0     49.82    0.1309E+00     125.1    312.6
2014  6 20   171   13 14  0     49.63    0.1324E+00     124.6    312.5
2014  6 20   171   13 15  0     49.44    0.1341E+00     124.5    312.5
2014  6 20   171   13 16  0     49.25    0.1360E+00     124.8    312.6
2014  6 20   171   13 17  0     49.06    0.1347E+00     120.5    312.3
2014  6 20   171   13 18  0     48.87    0.1358E+00     119.9    312.5
2014  6 20   171   13 19  0     48.68    0.1412E+00     124.9    312.7
2014  6 20   171   13 20  0     48.49    0.1428E+00     124.5    312.6
2014  6 20   171   13 21  0     48.30    0.1445E+00     124.2    312.5
2014  6 20   171   13 22  0     48.11    0.1464E+00     124.4    312.5
2014  6 20   171   13 23  0     47.92    0.1485E+00     124.9    312.6
2014  6 20   171   13 24  0     47.74    0.1502E+00     124.6    312.6
2014  6 20   171   13 25  0     47.55    0.1517E+00     124.1    312.6
2014  6 20   171   13 26  0     47.36    0.1541E+00     124.4    312.4
2014  6 20   171   13 27  0     47.17    0.1563E+00     125.1    312.6
2014  6 20   171   13 28  0     46.98    0.1583E+00     125.3    312.6
2014  6 20   171   13 29  0     46.79    0.1594E+00     124.3    312.6
2014  6 20   171   13 30  0     46.60    0.1610E+00     123.9    312.5
2014  6 20   171   13 31  0     46.41    0.1638E+00     125.0    312.6
2014  6 20   171   13 32  0     46.23    0.1649E+00     124.2    312.6
2014  6 20   171   13 33  0     46.04    0.1658E+00     123.0    312.6
2014  6 20   171   13 34  0     45.85    0.1673E+00     122.8    312.6
2014  6 20   171   13 35  0     45.66    0.1691E+00     122.7    312.6
2014  6 20   171   13 36  0     45.47    0.1694E+00     121.2    312.7
2014  6 20   171   13 37  0     45.28    0.1738E+00     124.0    312.8
2014  6 20   171   13 38  0     45.10    0.1763E+00     124.8    313.0
2014  6 20   171   13 39  0     44.91    0.1765E+00     123.3    313.2
2014  6 20   171   13 40  0     44.72    0.1759E+00     120.9    313.2
2014  6 20   171   13 41  0     44.53    0.1739E+00     117.6    313.4
2014  6 20   171   13 42  0     44.34    0.1751E+00     117.1    313.6
2014  6 20   171   13 43  0     44.16    0.1834E+00     123.7    313.9
2014  6 20   171   13 44  0     43.97    0.1820E+00     120.3    313.8
2014  6 20   171   13 45  0     43.78    0.1823E+00     119.6    314.2
2014  6 20   171   13 46  0     43.59    0.1817E+00     117.2    314.2
2014  6 20   171   13 47  0     43.41    0.1831E+00     116.7    314.2
2014  6 20   171   13 48  0     43.22    0.1865E+00     118.0    314.2
2014  6 20   171   13 49  0     43.03    0.1880E+00     117.8    314.4
2014  6 20   171   13 50  0     42.84    0.1880E+00     116.2    314.7
2014  6 20   171   13 51  0     42.66    0.1934E+00     119.7    315.0
2014  6 20   171   13 52  0     42.47    0.2002E+00     124.4    315.2
2014  6 20   171   13 53  0     42.28    0.1974E+00     119.8    314.9
2014  6 20   171   13 54  0     42.10    0.1993E+00     119.7    314.8
2014  6 20   171   13 55  0     41.91    0.2004E+00     119.1    314.8
2014  6 20   171   13 56  0     41.72    0.2010E+00     118.2    315.1
2014  6 20   171   13 57  0     41.54    0.2041E+00     119.2    315.3
2014  6 20   171   13 58  0     41.35    0.2076E+00     120.5    315.3
2014  6 20   171   13 59  0     41.17    0.2091E+00     120.0    315.1
2014  6 20   171   14  0  0     40.98    0.2106E+00     119.6    315.0
2014  6 20   171   14  1  0     40.79    0.2113E+00     118.7    315.1
2014  6 20   171   14  2  0     40.61    0.2130E+00     118.4    315.1
2014  6 20   171   14  3  0     40.42    0.2169E+00     120.0    315.2
2014  6 20   171   14  4  0     40.24    0.2221E+00     122.7    315.3
2014  6 20   171   14  5  0     40.05    0.2238E+00     122.5    315.3
2014  6 20   171   14  6  0     39.87    0.2268E+00     123.3    315.4
2014  6 20   171   14  7  0     39.68    0.2281E+00     122.7    315.4
2014  6 20   171   14  8  0     39.50    0.2276E+00     120.9    315.5
2014  6 20   171   14  9  0     39.31    0.2262E+00     118.3    315.4
2014  6 20   171   14 10  0     39.13    0.2279E+00     118.2    315.4
2014  6 20   171   14 11  0     38.94    0.2353E+00     122.1    315.3
2014  6 20   171   14 12  0     38.76    0.2392E+00     123.2    315.1
2014  6 20   171   14 13  0     38.58    0.2416E+00     123.4    315.1
2014  6 20   171   14 14  0     38.39    0.2393E+00     120.3    315.0
2014  6 20   171   14 15  0     38.21    0.2389E+00     118.5    315.1
2014  6 20   171   14 16  0     38.02    0.2483E+00     123.6    315.1
2014  6 20   171   14 17  0     37.84    0.2559E+00     127.2    315.0
2014  6 20   171   14 18  0     37.66    0.2588E+00     127.7    314.9
2014  6 20   171   14 19  0     37.47    0.2549E+00     123.6    314.9
2014  6 20   171   14 20  0     37.29    0.2603E+00     125.9    315.1
2014  6 20   171   14 21  0     37.11    0.2664E+00     128.6    315.1
2014  6 20   171   14 22  0     36.93    0.2694E+00     129.0    314.9
2014  6 20   171   14 23  0     36.74    0.2666E+00     125.6    314.6
2014  6 20   171   14 24  0     36.56    0.2617E+00     121.3    314.8
2014  6 20   171   14 25  0     36.38    0.2597E+00     119.2    315.0
2014  6 20   171   14 26  0     36.20    0.2641E+00     120.5    315.0
2014  6 20   171   14 27  0     36.02    0.2647E+00     119.8    315.2
2014  6 20   171   14 28  0     35.84    0.2705E+00     122.0    315.0
2014  6 20   171   14 29  0     35.66    0.2790E+00     125.7    314.9
2014  6 20   171   14 30  0     35.48    0.2847E+00     127.7    314.9
2014  6 20   171   14 31  0     35.30    0.2860E+00     127.3    314.9
2014  6 20   171   14 32  0     35.12    0.2897E+00     128.3    315.0
2014  6 20   171   14 33  0     34.94    0.2935E+00     129.2    314.7
2014  6 20   171   14 34  0     34.76    0.2927E+00     127.3    314.7
2014  6 20   171   14 35  0     34.58    0.2967E+00     128.6    314.8
2014  6 20   171   14 36  0     34.40    0.2990E+00     128.5    314.7
2014  6 20   171   14 37  0     34.22    0.3017E+00     129.1    314.9
2014  6 20   171   14 38  0     34.04    0.3041E+00     129.3    315.0
2014  6 20   171   14 39  0     33.86    0.3067E+00     129.5    314.9
2014  6 20   171   14 40  0     33.68    0.3088E+00     129.4    314.7
2014  6 20   171   14 41  0     33.51    0.3108E+00     129.4    314.9
2014  6 20   171   14 42  0     33.33    0.3131E+00     129.8    315.1
2014  6 20   171   14 43  0     33.15    0.3150E+00     129.9    315.3
2014  6 20   171   14 44  0     32.98    0.3162E+00     129.5    315.3
2014  6 20   171   14 45  0     32.80    0.3181E+00     129.6    315.4
2014  6 20   171   14 46  0     32.62    0.3191E+00     129.0    315.3
2014  6 20   171   14 47  0     32.45    0.3212E+00     129.1    315.4
2014  6 20   171   14 48  0     32.27    0.3233E+00     129.4    315.6
2014  6 20   171   14 49  0     32.10    0.3265E+00     130.1    315.7
2014  6 20   171   14 50  0     31.92    0.3293E+00     130.6    315.8
2014  6 20   171   14 51  0     31.75    0.3323E+00     131.1    315.9
2014  6 20   171   14 52  0     31.58    0.3344E+00     131.0    315.8
2014  6 20   171   14 53  0     31.40    0.3357E+00     130.7    315.8
2014  6 20   171   14 54  0     31.23    0.3362E+00     130.0    315.9
2014  6 20   171   14 55  0     31.06    0.3346E+00     128.3    315.9
2014  6 20   171   14 56  0     30.88    0.3380E+00     129.1    316.0
2014  6 20   171   14 57  0     30.71    0.3422E+00     129.9    315.6
2014  6 20   171   14 58  0     30.54    0.3390E+00     127.2    315.5
2014  6 20   171   14 59  0     30.37    0.3453E+00     129.6    315.5
2014  6 20   171   15  0  0     30.20    0.3493E+00     130.7    315.6
2014  6 20   171   15  1  0     30.03    0.3507E+00     130.6    315.7
2014  6 20   171   15  2  0     29.86    0.3507E+00     129.7    315.6
2014  6 20   171   15  3  0     29.69    0.3527E+00     129.4    315.5
2014  6 20   171   15  4  0     29.52    0.3545E+00     129.6    315.6
2014  6 20   171   15  5  0     29.35    0.3487E+00     125.6    315.4
2014  6 20   171   15  6  0     29.19    0.3403E+00     121.2    315.9
2014  6 20   171   15  7  0     29.02    0.3237E+00     112.1    315.7
2014  6 20   171   15  8  0     28.85    0.3225E+00     111.0    316.0
2014  6 20   171   15  9  0     28.68    0.3374E+00     117.2    315.8
2014  6 20   171   15 10  0     28.52    0.3360E+00     115.8    316.0
2014  6 20   171   15 11  0     28.35    0.3663E+00     129.4    315.8
2014  6 20   171   15 12  0     28.19    0.3739E+00     131.5    315.3
2014  6 20   171   15 13  0     28.02    0.3755E+00     131.3    315.3
2014  6 20   171   15 14  0     27.86    0.3768E+00     131.1    315.4
2014  6 20   171   15 15  0     27.70    0.3780E+00     130.8    315.5
2014  6 20   171   15 16  0     27.54    0.3802E+00     131.0    315.5
2014  6 20   171   15 17  0     27.37    0.3838E+00     131.5    315.3
2014  6 20   171   15 18  0     27.21    0.3863E+00     131.7    315.0
2014  6 20   171   15 19  0     27.05    0.3857E+00     131.0    315.1
2014  6 20   171   15 20  0     26.89    0.3815E+00     128.6    315.5
2014  6 20   171   15 21  0     26.73    0.3843E+00     129.3    315.6
2014  6 20   171   15 22  0     26.57    0.3789E+00     125.9    315.4
2014  6 20   171   15 23  0     26.42    0.3928E+00     130.8    315.1
2014  6 20   171   15 24  0     26.26    0.3957E+00     131.4    315.1
2014  6 20   171   15 25  0     26.10    0.3943E+00     130.4    315.5
2014  6 20   171   15 26  0     25.95    0.3982E+00     131.4    315.6
2014  6 20   171   15 27  0     25.79    0.4012E+00     131.8    315.3
2014  6 20   171   15 28  0     25.64    0.3944E+00     127.9    315.1
2014  6 20   171   15 29  0     25.48    0.4014E+00     130.5    315.2
2014  6 20   171   15 30  0     25.33    0.4039E+00     131.1    315.4
2014  6 20   171   15 31  0     25.18    0.4011E+00     129.3    315.5
2014  6 20   171   15 32  0     25.03    0.4038E+00     129.5    315.3
2014  6 20   171   15 33  0     24.88    0.4099E+00     130.9    314.9
2014  6 20   171   15 34  0     24.73    0.4121E+00     131.1    314.8
2014  6 20   171   15 35  0     24.58    0.4124E+00     130.9    315.2
2014  6 20   171   15 36  0     24.43    0.4123E+00     130.6    315.7
2014  6 20   171   15 37  0     24.28    0.4127E+00     130.0    315.6
2014  6 20   171   15 38  0     24.14    0.4144E+00     129.8    315.3
2014  6 20   171   15 39  0     23.99    0.4172E+00     130.3    315.1
2014  6 20   171   15 40  0     23.85    0.4185E+00     130.3    315.3
2014  6 20   171   15 41  0     23.70    0.4192E+00     130.6    315.9
2014  6 20   171   15 42  0     23.56    0.4196E+00     130.4    316.2
2014  6 20   171   15 43  0     23.42    0.4217E+00     130.6    316.1
2014  6 20   171   15 44  0     23.28    0.4219E+00     129.8    315.8
2014  6 20   171   15 45  0     23.14    0.4254E+00     130.8    315.9
2014  6 20   171   15 46  0     23.00    0.4249E+00     130.4    316.3
2014  6 20   171   15 47  0     22.86    0.4247E+00     130.2    316.8
2014  6 20   171   15 48  0     22.73    0.4266E+00     130.3    316.6
2014  6 20   171   15 49  0     22.59    0.4294E+00     130.6    316.4
2014  6 20   171   15 50  0     22.46    0.4324E+00     131.3    316.3
2014  6 20   171   15 51  0     22.33    0.4309E+00     130.5    316.8
2014  6 20   171   15 52  0     22.19    0.4328E+00     131.1    317.1
2014  6 20   171   15 53  0     22.06    0.4356E+00     131.4    316.8
2014  6 20   171   15 54  0     21.93    0.4381E+00     131.6    316.3
2014  6 20   171   15 55  0     21.81    0.4396E+00     131.7    316.4
2014  6 20   171   15 56  0     21.68    0.4406E+00     131.9    316.8
2014  6 20   171   15 57  0     21.55    0.4414E+00     131.9    316.9
2014  6 20   171   15 58  0     21.43    0.4425E+00     131.8    316.7
2014  6 20   171   15 59  0     21.31    0.4429E+00     131.5    316.7
2014  6 20   171   16  0  0     21.18    0.4440E+00     131.9    317.1
2014  6 20   171   16  1  0     21.06    0.4444E+00     132.0    317.6
2014  6 20   171   16  2  0     20.95    0.4452E+00     131.7    317.4
2014  6 20   171   16  3  0     20.83    0.4473E+00     131.5    316.8
2014  6 20   171   16  4  0     20.71    0.4488E+00     131.7    316.7
2014  6 20   171   16  5  0     20.60    0.4493E+00     131.8    317.0
2014  6 20   171   16  6  0     20.49    0.4496E+00     132.1    317.6
2014  6 20   171   16  7  0     20.37    0.4318E+00     125.1    317.8
2014  6 20   171   16  8  0     20.26    0.4288E+00     123.6    317.9
2014  6 20   171   16  9  0     20.16    0.4431E+00     128.5    317.6
2014  6 20   171   16 10  0     20.05    0.4512E+00     131.3    317.7
2014  6 20   171   16 11  0     19.94    0.4528E+00     132.1    318.5
2014  6 20   171   16 12  0     19.84    0.4538E+00     132.2    318.7
2014  6 20   171   16 13  0     19.74    0.4565E+00     132.5    318.1
2014  6 20   171   16 14  0     19.64    0.4604E+00     133.1    317.6
2014  6 20   171   16 15  0     19.54    0.4628E+00     134.0    317.7
2014  6 20   171   16 16  0     19.44    0.4338E+00     123.1    318.1
2014  6 20   171   16 17  0     19.35    0.4446E+00     128.1    319.0
2014  6 20   171   16 18  0     19.26    0.4514E+00     129.4    318.3
2014  6 20   171   16 19  0     19.17    0.4531E+00     129.4    317.8
2014  6 20   171   16 20  0     19.08    0.4508E+00     128.2    317.8
2014  6 20   171   16 21  0     18.99    0.4504E+00     127.9    318.0
2014  6 20   171   16 22  0     18.90    0.4520E+00     128.7    318.5
2014  6 20   171   16 23  0     18.82    0.4461E+00     126.5    318.8
2014  6 20   171   16 24  0     18.74    0.4642E+00     132.8    318.3
2014  6 20   171   16 25  0     18.66    0.4709E+00     134.4    317.7
2014  6 20   171   16 26  0     18.58    0.4531E+00     127.3    317.9
2014  6 20   171   16 27  0     18.51    0.4665E+00     133.0    318.4
2014  6 20   171   16 28  0     18.43    0.4596E+00     129.8    318.4
2014  6 20   171   16 29  0     18.36    0.4709E+00     133.6    318.3
2014  6 20   171   16 30  0     18.29    0.4736E+00     134.2    318.0
2014  6 20   171   16 31  0     18.23    0.4727E+00     133.8    318.1
2014  6 20   171   16 32  0     18.16    0.4689E+00     132.6    318.5
2014  6 20   171   16 33  0     18.10    0.4602E+00     129.6    319.0
2014  6 20   171   16 34  0     18.04    0.4678E+00     132.2    318.9
2014  6 20   171   16 35  0     17.98    0.4723E+00     133.0    318.4
2014  6 20   171   16 36  0     17.92    0.4647E+00     130.2    318.5
2014  6 20   171   16 37  0     17.87    0.4754E+00     134.2    318.6
2014  6 20   171   16 38  0     17.82    0.4731E+00     133.4    318.8
2014  6 20   171   16 39  0     17.77    0.4584E+00     128.3    319.1
2014  6 20   171   16 40  0     17.72    0.4514E+00     125.4    318.9
2014  6 20   171   16 41  0     17.68    0.4645E+00     129.8    318.5
2014  6 20   171   16 42  0     17.64    0.4750E+00     133.4    318.4
2014  6 20   171   16 43  0     17.60    0.4753E+00     133.4    318.7
2014  6 20   171   16 44  0     17.56    0.4744E+00     133.0    319.0
2014  6 20   171   16 45  0     17.53    0.4862E+00     136.9    318.5
2014  6 20   171   16 46  0     17.49    0.4865E+00     136.8    318.3
2014  6 20   171   16 47  0     17.47    0.4790E+00     133.8    318.3
2014  6 20   171   16 48  0     17.44    0.4729E+00     131.8    318.8
2014  6 20   171   16 49  0     17.41    0.4846E+00     135.9    318.6
2014  6 20   171   16 50  0     17.39    0.4786E+00     133.2    318.2
2014  6 20   171   16 51  0     17.37    0.4801E+00     133.5    317.9
2014  6 20   171   16 52  0     17.35    0.4802E+00     133.6    317.8
2014  6 20   171   16 53  0     17.34    0.4764E+00     132.8    318.2
2014  6 20   171   16 54  0     17.33    0.4706E+00     131.0    318.4
2014  6 20   171   16 55  0     17.32    0.4752E+00     132.3    318.0
2014  6 20   171   16 56  0     17.31    0.4762E+00     132.2    317.5
2014  6 20   171   16 57  0     17.31    0.4794E+00     133.1    317.3
2014  6 20   171   16 58  0     17.31    0.4787E+00     133.1    317.5
2014  6 20   171   16 59  0     17.31    0.4794E+00     133.5    317.9
2014  6 20   171   17  0  0     17.31    0.4793E+00     133.3    317.7
2014  6 20   171   17  1  0     17.32    0.4770E+00     132.0    317.2
2014  6 20   171   17  2  0     17.32    0.4742E+00     130.6    316.9
2014  6 20   171   17  3  0     17.33    0.4760E+00     131.2    316.9
2014  6 20   171   17  4  0     17.35    0.4746E+00     131.3    317.3
2014  6 20   171   17  5  0     17.36    0.4744E+00     131.4    317.4
2014  6 20   171   17  6  0     17.38    0.4788E+00     132.8    317.3
2014  6 20   171   17  7  0     17.40    0.4808E+00     133.4    316.8
2014  6 20   171   17  8  0     17.43    0.4716E+00     129.8    316.8
2014  6 20   171   17  9  0     17.45    0.4756E+00     131.3    316.7
2014  6 20   171   17 10  0     17.48    0.4734E+00     130.8    316.9
2014  6 20   171   17 11  0     17.51    0.4759E+00     131.9    316.9
2014  6 20   171   17 12  0     17.55    0.4790E+00     132.8    316.6
2014  6 20   171   17 13  0     17.58    0.4776E+00     132.4    316.6
2014  6 20   171   17 14  0     17.62    0.4770E+00     132.3    316.6
2014  6 20   171   17 15  0     17.66    0.4769E+00     132.3    316.6
2014  6 20   171   17 16  0     17.70    0.4769E+00     132.5    316.6
2014  6 20   171   17 17  0     17.75    0.4767E+00     132.7    316.7
2014  6 20   171   17 18  0     17.80    0.4773E+00     132.9    316.7
2014  6 20   171   17 19  0     17.85    0.4741E+00     131.9    316.6
2014  6 20   171   17 20  0     17.90    0.4708E+00     130.9    316.7
2014  6 20   171   17 21  0     17.95    0.4743E+00     132.6    316.7
2014  6 20   171   17 22  0     18.01    0.4662E+00     129.9    316.8
2014  6 20   171   17 23  0     18.07    0.4450E+00     123.1    317.3
2014  6 20   171   17 24  0     18.13    0.3849E+00     101.9    317.8
2014  6 20   171   17 25  0     18.20    0.3684E+00      96.9    318.5
2014  6 20   171   17 26  0     18.26    0.3930E+00     105.3    317.8
2014  6 20   171   17 27  0     18.33    0.4368E+00     121.9    318.1
2014  6 20   171   17 28  0     18.40    0.4556E+00     127.7    317.2
2014  6 20   171   17 29  0     18.47    0.4691E+00     132.7    317.1
2014  6 20   171   17 30  0     18.55    0.4719E+00     133.4    316.7
2014  6 20   171   17 31  0     18.62    0.4710E+00     133.2    316.5
2014  6 20   171   17 32  0     18.70    0.4722E+00     134.3    316.6
2014  6 20   171   17 33  0     18.78    0.4595E+00     130.1    316.9
2014  6 20   171   17 34  0     18.86    0.4050E+00     109.6    316.4
2014  6 20   171   17 35  0     18.95    0.2997E+00      72.4    318.5
2014  6 20   171   17 36  0     19.04    0.3987E+00     109.6    317.8
2014  6 20   171   17 37  0     19.12    0.4380E+00     124.6    317.7
2014  6 20   171   17 38  0     19.21    0.4623E+00     132.4    316.6
2014  6 20   171   17 39  0     19.31    0.4624E+00     132.9    316.9
2014  6 20   171   17 40  0     19.40    0.4604E+00     132.4    317.0
2014  6 20   171   17 41  0     19.50    0.4632E+00     133.4    316.6
2014  6 20   171   17 42  0     19.59    0.4632E+00     133.3    316.2
2014  6 20   171   17 43  0     19.69    0.4626E+00     133.4    316.1
2014  6 20   171   17 44  0     19.79    0.4603E+00     133.1    316.4
2014  6 20   171   17 45  0     19.90    0.4567E+00     132.3    316.6
2014  6 20   171   17 46  0     20.00    0.4585E+00     133.1    316.4
2014  6 20   171   17 47  0     20.11    0.4561E+00     132.6    316.4
2014  6 20   171   17 48  0     20.21    0.4527E+00     132.1    316.5
2014  6 20   171   17 49  0     20.32    0.4267E+00     122.8    316.9
2014  6 20   171   17 50  0     20.43    0.4448E+00     130.4    317.1
2014  6 20   171   17 51  0     20.55    0.4496E+00     132.0    316.5
2014  6 20   171   17 52  0     20.66    0.4494E+00     132.7    316.8
2014  6 20   171   17 53  0     20.77    0.4532E+00     134.5    316.8
2014  6 20   171   17 54  0     20.89    0.4479E+00     133.0    317.0
2014  6 20   171   17 55  0     21.01    0.4472E+00     133.1    316.9
2014  6 20   171   17 56  0     21.13    0.4477E+00     133.7    316.6
2014  6 20   171   17 57  0     21.25    0.4451E+00     133.1    316.5
2014  6 20   171   17 58  0     21.37    0.4372E+00     131.0    317.0
2014  6 20   171   17 59  0     21.50    0.4346E+00     130.6    317.3
2014  6 20   171   18  0  0     21.62    0.4308E+00     129.6    317.3
2014  6 20   171   18  1  0     21.75    0.4375E+00     132.4    316.9
2014  6 20   171   18  2  0     21.87    0.4391E+00     133.4    316.7
2014  6 20   171   18  3  0     22.00    0.4385E+00     133.4    316.7
2014  6 20   171   18  4  0     22.13    0.4345E+00     132.9    317.1
2014  6 20   171   18  5  0     22.26    0.4299E+00     131.9    317.4
2014  6 20   171   18  6  0     22.40    0.4199E+00     128.2    317.2
2014  6 20   171   18  7  0     22.53    0.3854E+00     114.6    317.2
2014  6 20   171   18  8  0     22.66    0.4115E+00     126.3    317.5
2014  6 20   171   18  9  0     22.80    0.4246E+00     132.1    317.6
2014  6 20   171   18 10  0     22.94    0.4255E+00     132.8    317.6
2014  6 20   171   18 11  0     23.08    0.4258E+00     133.3    317.4
2014  6 20   171   18 12  0     23.21    0.4214E+00     131.7    317.1
2014  6 20   171   18 13  0     23.35    0.4187E+00     131.4    317.3
2014  6 20   171   18 14  0     23.50    0.4223E+00     133.8    317.7
2014  6 20   171   18 15  0     23.64    0.4253E+00     135.8    317.8
2014  6 20   171   18 16  0     23.78    0.4243E+00     135.7    317.6
2014  6 20   171   18 17  0     23.92    0.4097E+00     130.2    317.6
2014  6 20   171   18 18  0     24.07    0.4104E+00     131.3    317.7
2014  6 20   171   18 19  0     24.21    0.4138E+00     133.6    317.8
2014  6 20   171   18 20  0     24.36    0.4164E+00     135.3    318.0
2014  6 20   171   18 21  0     24.51    0.4077E+00     132.0    317.8
2014  6 20   171   18 22  0     24.66    0.4038E+00     131.5    318.1
2014  6 20   171   18 23  0     24.81    0.4145E+00     136.7    318.0
2014  6 20   171   18 24  0     24.96    0.3780E+00     121.8    318.1
2014  6 20   171   18 25  0     25.11    0.3281E+00     101.7    318.6
2014  6 20   171   18 26  0     25.26    0.2880E+00      85.6    319.8
2014  6 20   171   18 27  0     25.41    0.2991E+00      91.3    320.2
2014  6 20   171   18 28  0     25.57    0.3546E+00     116.1    319.5
2014  6 20   171   18 29  0     25.72    0.3483E+00     112.2    318.7
2014  6 20   171   18 30  0     25.87    0.3576E+00     117.5    319.2
2014  6 20   171   18 31  0     26.03    0.3745E+00     125.8    318.9
2014  6 20   171   18 32  0     26.19    0.3828E+00     129.6    318.6
2014  6 20   171   18 33  0     26.34    0.3909E+00     134.5    318.9
2014  6 20   171   18 34  0     26.50    0.3900E+00     134.9    319.0
2014  6 20   171   18 35  0     26.66    0.3919E+00     136.9    319.1
2014  6 20   171   18 36  0     26.82    0.3889E+00     136.4    319.1
2014  6 20   171   18 37  0     26.98    0.3742E+00     130.7    319.2
2014  6 20   171   18 38  0     27.14    0.3687E+00     130.4    320.0
2014  6 20   171   18 39  0     27.30    0.3775E+00     135.8    320.1
2014  6 20   171   18 40  0     27.46    0.3721E+00     133.4    319.8
2014  6 20   171   18 41  0     27.62    0.3838E+00     139.3    319.5
2014  6 20   171   18 42  0     27.79    0.3864E+00     140.5    319.2
2014  6 20   171   18 43  0     27.95    0.3770E+00     137.1    319.6
2014  6 20   171   18 44  0     28.11    0.3715E+00     135.3    319.4
2014  6 20   171   18 45  0     28.28    0.3754E+00     137.5    318.9
2014  6 20   171   18 46  0     28.44    0.3730E+00     136.8    318.4
2014  6 20   171   18 47  0     28.61    0.3681E+00     135.8    318.8
2014  6 20   171   18 48  0     28.77    0.3635E+00     135.5    319.5
2014  6 20   171   18 49  0     28.94    0.3496E+00     129.6    319.6
2014  6 20   171   18 50  0     29.11    0.3397E+00     125.6    319.5
2014  6 20   171   18 51  0     29.28    0.3000E+00     106.7    319.8
2014  6 20   171   18 52  0     29.44    0.3310E+00     124.6    320.3
2014  6 20   171   18 53  0     29.61    0.3344E+00     127.3    320.5
2014  6 20   171   18 54  0     29.78    0.3430E+00     133.3    320.8
2014  6 20   171   18 55  0     29.95    0.3554E+00     141.1    321.0
2014  6 20   171   18 56  0     30.12    0.3481E+00     137.9    320.8
2014  6 20   171   18 57  0     30.29    0.3251E+00     126.6    320.8
2014  6 20   171   18 58  0     30.46    0.3110E+00     120.4    321.2
2014  6 20   171   18 59  0     30.63    0.3016E+00     116.3    321.5
2014  6 20   171   19  0  0     30.80    0.3123E+00     122.9    321.3
2014  6 20   171   19  1  0     30.98    0.3177E+00     126.0    320.7
2014  6 20   171   19  2  0     31.15    0.3245E+00     130.4    320.3
2014  6 20   171   19  3  0     31.32    0.3065E+00     121.4    320.2
2014  6 20   171   19  4  0     31.50    0.2982E+00     119.3    321.2
2014  6 20   171   19  5  0     31.67    0.2972E+00     119.9    321.2
2014  6 20   171   19  6  0     31.84    0.2995E+00     123.5    321.7
2014  6 20   171   19  7  0     32.02    0.2947E+00     120.9    321.1
2014  6 20   171   19  8  0     32.19    0.2938E+00     122.1    321.7
2014  6 20   171   19  9  0     32.37    0.3242E+00     139.1    320.9
2014  6 20   171   19 10  0     32.54    0.3247E+00     139.0    320.4
2014  6 20   171   19 11  0     32.72    0.3153E+00     134.1    320.1
2014  6 20   171   19 12  0     32.90    0.3172E+00     136.7    320.2
2014  6 20   171   19 13  0     33.07    0.3140E+00     135.2    319.8
2014  6 20   171   19 14  0     33.25    0.3137E+00     135.8    319.7
2014  6 20   171   19 15  0     33.43    0.3047E+00     131.1    319.4
2014  6 20   171   19 16  0     33.60    0.3031E+00     131.8    319.5
2014  6 20   171   19 17  0     33.78    0.2987E+00     130.0    319.2
2014  6 20   171   19 18  0     33.96    0.2979E+00     131.0    319.4
2014  6 20   171   19 19  0     34.14    0.3037E+00     136.0    319.4
2014  6 20   171   19 20  0     34.32    0.3040E+00     138.1    319.6
2014  6 20   171   19 21  0     34.49    0.2926E+00     132.7    319.3
2014  6 20   171   19 22  0     34.67    0.2533E+00     110.6    319.9
2014  6 20   171   19 23  0     34.85    0.2531E+00     112.6    320.3
2014  6 20   171   19 24  0     35.03    0.2507E+00     112.3    320.6
2014  6 20   171   19 25  0     35.21    0.2532E+00     114.7    320.6
2014  6 20   171   19 26  0     35.39    0.2500E+00     113.6    320.5
2014  6 20   171   19 27  0     35.57    0.2480E+00     113.2    320.3
2014  6 20   171   19 28  0     35.75    0.2514E+00     116.9    320.4
2014  6 20   171   19 29  0     35.93    0.2380E+00     108.5    319.9
2014  6 20   171   19 30  0     36.12    0.2497E+00     119.3    320.9
2014  6 20   171   19 31  0     36.30    0.2595E+00     127.1    320.8
2014  6 20   171   19 32  0     36.48    0.2454E+00     117.5    320.1
2014  6 20   171   19 33  0     36.66    0.2430E+00     118.5    320.8
2014  6 20   171   19 34  0     36.84    0.2325E+00     111.6    320.1
2014  6 20   171   19 35  0     37.03    0.2087E+00      98.6    321.7
2014  6 20   171   19 36  0     37.21    0.2264E+00     111.5    321.0
2014  6 20   171   19 37  0     37.39    0.2314E+00     117.2    321.5
2014  6 20   171   19 38  0     37.57    0.2401E+00     124.2    321.2
2014  6 20   171   19 39  0     37.76    0.2417E+00     126.0    321.0
2014  6 20   171   19 40  0     37.94    0.2421E+00     127.3    320.8
2014  6 20   171   19 41  0     38.12    0.2288E+00     118.6    321.0
2014  6 20   171   19 42  0     38.31    0.2330E+00     123.9    321.4
2014  6 20   171   19 43  0     38.49    0.2301E+00     123.3    321.4
2014  6 20   171   19 44  0     38.67    0.2218E+00     118.1    321.1
2014  6 20   171   19 45  0     38.86    0.2201E+00     119.1    321.5
2014  6 20   171   19 46  0     39.04    0.2243E+00     124.4    321.8
2014  6 20   171   19 47  0     39.23    0.2361E+00     134.5    321.5
2014  6 20   171   19 48  0     39.41    0.2358E+00     135.7    321.4
2014  6 20   171   19 49  0     39.60    0.2301E+00     131.8    321.0
2014  6 20   171   19 50  0     39.78    0.2233E+00     128.2    321.1
2014  6 20   171   19 51  0     39.97    0.2088E+00     118.1    321.3
2014  6 20   171   19 52  0     40.15    0.2192E+00     128.5    321.4
2014  6 20   171   19 53  0     40.34    0.2196E+00     129.3    321.0
2014  6 20   171   19 54  0     40.52    0.2183E+00     128.9    320.5
2014  6 20   171   19 55  0     40.71    0.2206E+00     132.5    320.5
2014  6 20   171   19 56  0     40.89    0.2134E+00     127.2    320.1
2014  6 20   171   19 57  0     41.08    0.2144E+00     130.1    320.2
2014  6 20   171   19 58  0     41.27    0.2056E+00     124.6    320.1
2014  6 20   171   19 59  0     41.45    0.1986E+00     121.3    320.5
2014  6 20   171   20  0  0     41.64    0.2024E+00     125.5    320.0
2014  6 20   171   20  1  0     41.82    0.1858E+00     111.9    319.8
2014  6 20   171   20  2  0     42.01    0.2005E+00     127.6    320.3
2014  6 20   171   20  3  0     42.20    0.2024E+00     129.0    319.2
2014  6 20   171   20  4  0     42.38    0.1958E+00     124.8    319.1
2014  6 20   171   20  5  0     42.57    0.1765E+00     108.7    318.9
2014  6 20   171   20  6  0     42.76    0.1853E+00     120.1    319.3
2014  6 20   171   20  7  0     42.95    0.1896E+00     127.2    319.7
2014  6 20   171   20  8  0     43.13    0.1924E+00     131.1    319.2
2014  6 20   171   20  9  0     43.32    0.1863E+00     126.7    319.2
2014  6 20   171   20 10  0     43.51    0.1865E+00     128.7    319.2
2014  6 20   171   20 11  0     43.69    0.1866E+00     130.9    319.3
2014  6 20   171   20 12  0     43.88    0.1845E+00     130.7    319.3
2014  6 20   171   20 13  0     44.07    0.1800E+00     127.6    318.8
2014  6 20   171   20 14  0     44.26    0.1719E+00     121.0    318.4
2014  6 20   171   20 15  0     44.45    0.1693E+00     120.9    318.8
2014  6 20   171   20 16  0     44.63    0.1694E+00     123.5    319.0
2014  6 20   171   20 17  0     44.82    0.1710E+00     128.0    319.2
2014  6 20   171   20 18  0     45.01    0.1579E+00     114.8    318.6
2014  6 20   171   20 19  0     45.20    0.1547E+00     114.4    319.2
2014  6 20   171   20 20  0     45.39    0.1590E+00     121.4    319.4
2014  6 20   171   20 21  0     45.57    0.1544E+00     116.4    318.6
2014  6 20   171   20 22  0     45.76    0.1450E+00     108.7    319.4
2014  6 20   171   20 23  0     45.95    0.1590E+00     126.9    319.4
2014  6 20   171   20 24  0     46.14    0.1549E+00     123.1    318.9
2014  6 20   171   20 25  0     46.33    0.1464E+00     114.5    318.7
2014  6 20   171   20 26  0     46.52    0.1457E+00     115.7    318.7
2014  6 20   171   20 27  0     46.70    0.1449E+00     116.3    318.7
2014  6 20   171   20 28  0     46.89    0.1451E+00     118.2    318.6
2014  6 20   171   20 29  0     47.08    0.1474E+00     123.0    318.5
2014  6 20   171   20 30  0     47.27    0.1402E+00     114.3    317.8
2014  6 20   171   20 31  0     47.46    0.1500E+00     128.3    318.0
2014  6 20   171   20 32  0     47.65    0.1528E+00     133.3    317.9
2014  6 20   171   20 33  0     47.84    0.1606E+00     145.4    317.7
2014  6 20   171   20 34  0     48.03    0.1607E+00     147.5    317.2
2014  6 20   171   20 35  0     48.21    0.1600E+00     148.9    317.0
2014  6 20   171   20 36  0     48.40    0.1575E+00     148.2    316.7
2014  6 20   171   20 37  0     48.59    0.1550E+00     147.4    316.7
2014  6 20   171   20 38  0     48.78    0.1368E+00     124.3    316.0
2014  6 20   171   20 39  0     48.97    0.1237E+00     109.5    316.0
2014  6 20   171   20 40  0     49.16    0.1399E+00     136.9    316.4
2014  6 20   171   20 41  0     49.35    0.1426E+00     142.1    316.0
2014  6 20   171   20 42  0     49.54    0.1405E+00     140.6    315.7
2014  6 20   171   20 43  0     49.73    0.1381E+00     138.6    315.9
2014  6 20   171   20 44  0     49.92    0.1350E+00     135.7    315.5
2014  6 20   171   20 45  0     50.11    0.1351E+00     139.0    315.0
2014  6 20   171   20 46  0     50.30    0.1342E+00     140.0    314.7
2014  6 20   171   20 47  0     50.48    0.1328E+00     140.5    314.4
2014  6 20   171   20 48  0     50.67    0.1304E+00     139.5    314.3
2014  6 20   171   20 49  0     50.86    0.1255E+00     134.5    314.1
2014  6 20   171   20 50  0     51.05    0.1244E+00     136.5    314.1
2014  6 20   171   20 51  0     51.24    0.1115E+00     115.9    312.7
2014  6 20   171   20 52  0     51.43    0.1135E+00     124.8    313.8
2014  6 20   171   20 53  0     51.62    0.1113E+00     122.6    313.3
2014  6 20   171   20 54  0     51.81    0.1015E+00     107.4    312.5
2014  6 20   171   20 55  0     52.00    0.1079E+00     122.8    314.0
2014  6 20   171   20 56  0     52.19    0.1052E+00     122.6    313.7
2014  6 20   171   20 57  0     52.38    0.1056E+00     125.2    313.2
2014  6 20   171   20 58  0     52.57    0.1110E+00     139.4    313.7
2014  6 20   171   20 59  0     52.76    0.1033E+00     125.6    312.4
2014  6 20   171   21  0  0     52.95    0.9226E-01     107.1    312.0
2014  6 20   171   21  1  0     53.14    0.9386E-01     112.4    311.9
2014  6 20   171   21  2  0     53.33    0.8609E-01      99.0    311.5
2014  6 20   171   21  3  0     53.51    0.9366E-01     117.2    312.0
2014  6 20   171   21  4  0     53.70    0.9618E-01     126.8    312.7
2014  6 20   171   21  5  0     53.89    0.9521E-01     127.3    312.3
2014  6 20   171   21  6  0     54.08    0.9450E-01     129.9    312.6
2014  6 20   171   21  7  0     54.27    0.8199E-01     101.5    310.0
2014  6 20   171   21  8  0     54.46    0.8400E-01     113.6    311.8
2014  6 20   171   21  9  0     54.65    0.8289E-01     113.3    311.6
2014  6 20   171   21 10  0     54.84    0.8589E-01     124.2    312.2
2014  6 20   171   21 11  0     55.03    0.8764E-01     130.6    312.3
2014  6 20   171   21 12  0     55.22    0.8949E-01     137.7    312.3
2014  6 20   171   21 13  0     55.41    0.8194E-01     118.2    310.5
2014  6 20   171   21 14  0     55.60    0.7906E-01     115.2    310.5
2014  6 20   171   21 15  0     55.79    0.7244E-01     101.4    309.6
2014  6 20   171   21 16  0     55.98    0.7967E-01     127.5    311.7
2014  6 20   171   21 17  0     56.16    0.8025E-01     131.3    311.4
2014  6 20   171   21 18  0     56.35    0.7981E-01     133.1    311.2
2014  6 20   171   21 19  0     56.54    0.7802E-01     130.7    310.7
2014  6 20   171   21 20  0     56.73    0.7481E-01     124.9    310.2
2014  6 20   171   21 21  0     56.92    0.6998E-01     113.9    309.2
2014  6 20   171   21 22  0     57.11    0.6658E-01     108.6    309.0
2014  6 20   171   21 23  0     57.30    0.6657E-01     113.0    309.1
2014  6 20   171   21 24  0     57.49    0.6003E-01      95.5    307.5
2014  6 20   171   21 25  0     57.68    0.5310E-01      75.9    305.4
2014  6 20   171   21 26  0     57.86    0.5525E-01      89.6    307.5
2014  6 20   171   21 27  0     58.05    0.5778E-01     102.0    308.6
2014  6 20   171   21 28  0     58.24    0.5876E-01     108.5    309.2
2014  6 20   171   21 29  0     58.43    0.6168E-01     120.4    309.7
2014  6 20   171   21 30  0     58.62    0.6223E-01     123.6    309.4
2014  6 20   171   21 31  0     58.81    0.6270E-01     127.4    309.2
2014  6 20   171   21 32  0     59.00    0.6358E-01     134.1    309.1
2014  6 20   171   21 33  0     59.19    0.6238E-01     133.2    308.9
2014  6 20   171   21 34  0     59.37    0.6122E-01     133.3    308.7
2014  6 20   171   21 35  0     59.56    0.6038E-01     134.9    308.6
2014  6 20   171   21 36  0     59.75    0.5864E-01     133.1    308.3
2014  6 20   171   21 37  0     59.94    0.5727E-01     132.0    308.0
2014  6 20   171   21 38  0     60.13    0.5610E-01     131.1    308.0
2014  6 20   171   21 39  0     60.32    0.5554E-01     131.7    307.5
2014  6 20   171   21 40  0     60.50    0.5348E-01     126.7    307.0
2014  6 20   171   21 41  0     60.69    0.5283E-01     129.2    307.2
2014  6 20   171   21 42  0     60.88    0.5276E-01     134.3    307.3
2014  6 20   171   21 43  0     61.07    0.5146E-01     132.7    306.8
2014  6 20   171   21 44  0     61.26    0.4896E-01     125.7    306.0
2014  6 20   171   21 45  0     61.44    0.4635E-01     117.2    305.2
2014  6 20   171   21 46  0     61.63    0.4245E-01     100.3    303.2
2014  6 20   171   21 47  0     61.82    0.4323E-01     114.3    305.0
2014  6 20   171   21 48  0     62.01    0.4390E-01     122.6    305.3
2014  6 20   171   21 49  0     62.19    0.4061E-01     106.2    303.4
2014  6 20   171   21 50  0     62.38    0.4255E-01     125.6    305.5
2014  6 20   171   21 51  0     62.57    0.4154E-01     121.6    304.6
2014  6 20   171   21 52  0     62.76    0.4087E-01     122.1    304.4
2014  6 20   171   21 53  0     62.94    0.3998E-01     120.3    303.9
2014  6 20   171   21 54  0     63.13    0.3941E-01     122.3    304.0
2014  6 20   171   21 55  0     63.32    0.3878E-01     124.1    303.9
2014  6 20   171   21 56  0     63.51    0.3784E-01     123.9    303.8
2014  6 20   171   21 57  0     63.69    0.3742E-01     127.0    303.9
2014  6 20   171   21 58  0     63.88    0.3731E-01     132.3    304.1
2014  6 20   171   21 59  0     64.07    0.3391E-01     107.0    301.0
2014  6 20   171   22  0  0     64.25    0.3365E-01     114.3    301.7
2014  6 20   171   22  1  0     64.44    0.3234E-01     109.2    301.0
2014  6 20   171   22  2  0     64.63    0.3249E-01     119.4    301.8
2014  6 20   171   22  3  0     64.81    0.3112E-01     112.6    300.8
2014  6 20   171   22  4  0     65.00    0.3111E-01     120.4    301.4
2014  6 20   171   22  5  0     65.19    0.3119E-01     127.2    301.9
2014  6 20   171   22  6  0     65.37    0.3091E-01     130.4    302.1
2014  6 20   171   22  7  0     65.56    0.3073E-01     133.9    302.1
2014  6 20   171   22  8  0     65.74    0.2985E-01     128.5    301.1
2014  6 20   171   22  9  0     65.93    0.2881E-01     125.3    300.7
2014  6 20   171   22 10  0     66.12    0.2792E-01     122.1    299.6
2014  6 20   171   22 11  0     66.30    0.2703E-01     121.7    299.3
2014  6 20   171   22 12  0     66.49    0.2646E-01     123.9    299.2
2014  6 20   171   22 13  0     66.67    0.2630E-01     130.8    299.6
2014  6 20   171   22 14  0     66.86    0.2547E-01     127.3    298.7
2014  6 20   171   22 15  0     67.04    0.2412E-01     115.2    296.4
2014  6 20   171   22 16  0     67.23    0.2303E-01     107.5    294.9
2014  6 20   171   22 17  0     67.41    0.2274E-01     113.3    296.4
2014  6 20   171   22 18  0     67.60    0.2232E-01     115.8    296.3
2014  6 20   171   22 19  0     67.78    0.2189E-01     117.5    296.0
2014  6 20   171   22 20  0     67.97    0.2094E-01     109.3    294.5
2014  6 20   171   22 21  0     68.15    0.2022E-01     106.6    292.6
2014  6 20   171   22 22  0     68.34    0.1916E-01      97.6    290.7
2014  6 20   171   22 23  0     68.52    0.1831E-01      92.4    289.3
2014  6 20   171   22 24  0     68.71    0.1755E-01      89.1    287.9
2014  6 20   171   22 25  0     68.89    0.1692E-01      87.7    287.1
2014  6 20   171   22 26  0     69.08    0.1659E-01      93.9    287.9
2014  6 20   171   22 27  0     69.26    0.1639E-01      99.6    288.2
2014  6 20   171   22 28  0     69.44    0.1548E-01      86.3    285.8
2014  6 20   171   22 29  0     69.63    0.1511E-01      86.5    285.4
2014  6 20   171   22 30  0     69.81    0.1487E-01      89.1    285.8
2014  6 20   171   22 31  0     70.00    0.1474E-01      93.6    286.0
2014  6 20   171   22 32  0     70.18    0.1463E-01      99.7    286.6
2014  6 20   171   22 33  0     70.36    0.1462E-01     110.5    288.1
2014  6 20   171   22 34  0     70.55    0.1463E-01     121.3    289.1
2014  6 20   171   22 35  0     70.73    0.1433E-01     120.9    288.2
2014  6 20   171   22 36  0     70.91    0.1405E-01     124.0    288.1
2014  6 20   171   22 37  0     71.10    0.1367E-01     123.1    287.2
2014  6 20   171   22 38  0     71.28    0.1326E-01     122.3    286.3
2014  6 20   171   22 39  0     71.46    0.1288E-01     124.3    285.5
2014  6 20   171   22 40  0     71.64    0.1239E-01     120.6    284.4
2014  6 20   171   22 41  0     71.83    0.1178E-01     107.5    280.7
2014  6 20   171   22 42  0     72.01    0.1115E-01      98.0    278.5
2014  6 20   171   22 43  0     72.19    0.1083E-01      99.5    277.7
2014  6 20   171   22 44  0     72.37    0.1046E-01      98.5    276.9
2014  6 20   171   22 45  0     72.55    0.1022E-01     104.1    276.9
2014  6 20   171   22 46  0     72.74    0.1002E-01     110.2    276.9
2014  6 20   171   22 47  0     72.92    0.9864E-02     118.9    277.1
2014  6 20   171   22 48  0     73.10    0.9693E-02     123.5    276.2
2014  6 20   171   22 49  0     73.28    0.9178E-02     101.5    271.9
2014  6 20   171   22 50  0     73.46    0.9025E-02     113.0    273.3
2014  6 20   171   22 51  0     73.64    0.8777E-02     112.4    271.8
2014  6 20   171   22 52  0     73.82    0.8502E-02     111.3    270.7
2014  6 20   171   22 53  0     74.00    0.8144E-02     101.1    268.1
2014  6 20   171   22 54  0     74.19    0.7914E-02     101.2    267.0
2014  6 20   171   22 55  0     74.37    0.7757E-02     107.0    266.8
2014  6 20   171   22 56  0     74.55    0.7609E-02     112.1    266.5
2014  6 20   171   22 57  0     74.73    0.7512E-02     123.6    267.3
2014  6 20   171   22 58  0     74.91    0.7398E-02     131.2    267.4
2014  6 20   171   22 59  0     75.09    0.7228E-02     132.0    266.4
2014  6 20   171   23  0  0     75.27    0.7056E-02     132.5    265.0
2014  6 20   171   23  1  0     75.45    0.6860E-02     133.6    264.1
2014  6 20   171   23  2  0     75.63    0.6643E-02     128.8    261.2
2014  6 20   171   23  3  0     75.80    0.6343E-02     115.0    258.0
2014  6 20   171   23  4  0     75.98    0.6150E-02     116.5    255.4
2014  6 20   171   23  5  0     76.16    0.5872E-02     104.0    250.9
2014  6 20   171   23  6  0     76.34    0.5648E-02     100.9    248.0
2014  6 20   171   23  7  0     76.52    0.5440E-02      97.5    245.0
2014  6 20   171   23  8  0     76.70    0.5232E-02      94.7    242.4
2014  6 20   171   23  9  0     76.88    0.5063E-02      95.9    240.0
2014  6 20   171   23 10  0     77.06    0.4885E-02      90.0    236.0
2014  6 20   171   23 11  0     77.23    0.4715E-02      90.6    233.9
2014  6 20   171   23 12  0     77.41    0.4553E-02      93.6    232.5
2014  6 20   171   23 13  0     77.59    0.4404E-02      97.7    231.4
2014  6 20   171   23 14  0     77.77    0.4272E-02      99.8    229.2
2014  6 20   171   23 15  0     77.94    0.4127E-02     102.1    228.0
2014  6 20   171   23 16  0     78.12    0.4007E-02     106.5    226.3
2014  6 20   171   23 17  0     78.30    0.3884E-02     104.2    224.1
2014  6 20   171   23 18  0     78.47    0.3767E-02     106.3    222.9
2014  6 20   171   23 19  0     78.65    0.3671E-02     114.5    222.7
2014  6 20   171   23 20  0     78.83    0.3567E-02     114.0    221.6
2014  6 20   171   23 21  0     79.00    0.3467E-02     116.0    219.9
2014  6 20   171   23 22  0     79.18    0.3368E-02     116.1    217.3
2014  6 20   171   23 23  0     79.36    0.3255E-02     113.5    214.2
2014  6 20   171   23 24  0     79.53    0.3144E-02     111.0    211.1
2014  6 20   171   23 25  0     79.71    0.3023E-02     108.7    208.5
2014  6 20   171   23 26  0     79.88    0.2930E-02     106.8    204.5
2014  6 20   171   23 27  0     80.06    0.2835E-02     104.6    201.1
2014  6 20   171   23 28  0     80.23    0.2750E-02     102.9    197.1
2014  6 20   171   23 29  0     80.41    0.2652E-02     101.8    194.3
2014  6 20   171   23 30  0     80.58    0.2571E-02     100.7    190.5
2014  6 20   171   23 31  0     80.76    0.2508E-02     100.5    186.2
2014  6 20   171   23 32  0     80.93    0.2418E-02     101.2    184.4
2014  6 20   171   23 33  0     81.10    0.2342E-02     102.3    181.9
2014  6 20   171   23 34  0     81.28    0.2273E-02     103.0    179.0
2014  6 20   171   23 35  0     81.45    0.2171E-02     104.1    178.7
2014  6 20   171   23 36  0     81.62    0.2093E-02     105.1    176.6
2014  6 20   171   23 37  0     81.80    0.2045E-02     105.9    171.8
2014  6 20   171   23 38  0     81.97    0.1986E-02     106.4    168.2
2014  6 20   171   23 39  0     82.14    0.1928E-02     106.5    164.6
2014  6 20   171   23 40  0     82.32    0.1860E-02     106.4    162.1
2014  6 20   171   23 41  0     82.49    0.1815E-02     105.8    158.1
2014  6 20   171   23 42  0     82.66    0.1748E-02     104.7    155.8
2014  6 20   171   23 43  0     82.83    0.1725E-02     103.1    149.6
2014  6 20   171   23 44  0     83.00    0.1689E-02     101.3    145.0
2014  6 20   171   23 45  0     83.18    0.1628E-02      99.3    142.6
2014  6 20   171   23 46  0     83.35    0.1612E-02      97.4    137.1
2014  6 20   171   23 47  0     83.52    0.1574E-02      95.7    133.4
2014  6 20   171   23 48  0     83.69    0.1549E-02      93.8    128.9
2014  6 20   171   23 49  0     83.86    0.1512E-02      91.9    125.2
2014  6 20   171   23 50  0     84.03    0.1488E-02      90.4    121.0
2014  6 20   171   23 51  0     84.20    0.1456E-02      89.0    117.7
2014  6 20   171   23 52  0     84.37    0.1409E-02      87.8    115.4
2014  6 20   171   23 53  0     84.54    0.1374E-02      87.0    112.4
2014  6 20   171   23 54  0     84.71    0.1360E-02      86.8    108.4
2014  6 20   171   23 55  0     84.88    0.1340E-02      87.0    105.0
2014  6 20   171   23 56  0     85.05    0.1291E-02      87.4    103.2
2014  6 20   171   23 57  0     85.22    0.1270E-02      87.9    100.3
2014  6 20   171   23 58  0     85.38    0.1235E-02      88.5     97.9
2014  6 20   171   23 59  0     85.55    0.1223E-02      89.2     94.0
