                            NILUUV 115

Uvpro Version 2.0
Latitude :   40.74 (North)
Longitude:  -74.03  (West)
Calibration file: cf100603a.115
Height above sea level:    40.0  m
CLT derived from channel 5
CLT scale factor used:   1.0
Ozone derived from channel pair ch3/ch1
Ozone scale factor used:   1.0
Drift factors ch1-ch6:   0.510  0.532  0.583  0.633  0.495  0.857
Ozone profile climatology: Mid  Latitude
Dose type:    CLW    Caldwell Plant 1971           

yyyy mm dd   jul   hh mm ss      SZA     dose rate       clt     Ozone
                              [degrees]   [W/m^2]        [%]     [DU]
2014  4 12   102   10 28  0     89.82    0.5060E-03     105.4     52.2
2014  4 12   102   10 29  0     89.63    0.5354E-03     105.8     53.0
2014  4 12   102   10 30  0     89.45    0.5229E-03     106.5     58.7
2014  4 12   102   10 31  0     89.26    0.5373E-03     107.3     60.6
2014  4 12   102   10 32  0     89.07    0.5311E-03     108.4     65.4
2014  4 12   102   10 33  0     88.89    0.5422E-03     108.8     68.3
2014  4 12   102   10 34  0     88.70    0.5373E-03     108.8     73.9
2014  4 12   102   10 35  0     88.51    0.5626E-03     109.0     74.8
2014  4 12   102   10 36  0     88.33    0.5636E-03     109.4     79.2
2014  4 12   102   10 37  0     88.14    0.6012E-03     110.0     78.0
2014  4 12   102   10 38  0     87.95    0.5855E-03     110.5     84.4
2014  4 12   102   10 39  0     87.77    0.5999E-03     110.5     87.5
2014  4 12   102   10 40  0     87.58    0.6348E-03     110.6     87.5
2014  4 12   102   10 41  0     87.39    0.6282E-03     110.8     93.1
2014  4 12   102   10 42  0     87.21    0.6408E-03     111.0     96.0
2014  4 12   102   10 43  0     87.02    0.6412E-03     111.4    100.3
2014  4 12   102   10 44  0     86.83    0.6785E-03     111.4    100.4
2014  4 12   102   10 45  0     86.64    0.6836E-03     111.4    104.9
2014  4 12   102   10 46  0     86.46    0.7006E-03     111.5    107.8
2014  4 12   102   10 47  0     86.27    0.7072E-03     111.7    111.9
2014  4 12   102   10 48  0     86.08    0.7276E-03     111.9    114.1
2014  4 12   102   10 49  0     85.89    0.7414E-03     112.0    117.6
2014  4 12   102   10 50  0     85.71    0.7721E-03     111.9    119.2
2014  4 12   102   10 51  0     85.52    0.7722E-03     111.9    126.6
2014  4 12   102   10 52  0     85.33    0.7874E-03     111.9    131.2
2014  4 12   102   10 53  0     85.14    0.8241E-03     112.0    132.1
2014  4 12   102   10 54  0     84.95    0.8481E-03     112.1    135.3
2014  4 12   102   10 55  0     84.77    0.8666E-03     111.9    140.3
2014  4 12   102   10 56  0     84.58    0.8745E-03     111.7    147.7
2014  4 12   102   10 57  0     84.39    0.9040E-03     111.8    151.1
2014  4 12   102   10 58  0     84.20    0.9062E-03     111.9    159.6
2014  4 12   102   10 59  0     84.01    0.9547E-03     112.0    159.4
2014  4 12   102   11  0  0     83.82    0.9781E-03     111.9    164.3
2014  4 12   102   11  1  0     83.64    0.1007E-02     111.8    168.5
2014  4 12   102   11  2  0     83.45    0.1030E-02     111.9    174.0
2014  4 12   102   11  3  0     83.26    0.1053E-02     111.9    179.2
2014  4 12   102   11  4  0     83.07    0.1105E-02     112.1    179.8
2014  4 12   102   11  5  0     82.88    0.1129E-02     112.1    185.5
2014  4 12   102   11  6  0     82.69    0.1164E-02     111.9    189.6
2014  4 12   102   11  7  0     82.50    0.1205E-02     112.0    192.9
2014  4 12   102   11  8  0     82.32    0.1223E-02     111.9    200.3
2014  4 12   102   11  9  0     82.13    0.1290E-02     111.9    199.7
2014  4 12   102   11 10  0     81.94    0.1332E-02     111.9    203.5
2014  4 12   102   11 11  0     81.75    0.1366E-02     111.9    209.0
2014  4 12   102   11 12  0     81.56    0.1427E-02     111.8    210.7
2014  4 12   102   11 13  0     81.37    0.1479E-02     111.6    213.8
2014  4 12   102   11 14  0     81.18    0.1529E-02     111.6    217.5
2014  4 12   102   11 15  0     80.99    0.1582E-02     111.7    220.9
2014  4 12   102   11 16  0     80.80    0.1643E-02     111.6    223.8
2014  4 12   102   11 17  0     80.61    0.1724E-02     111.7    224.5
2014  4 12   102   11 18  0     80.42    0.1775E-02     111.6    229.3
2014  4 12   102   11 19  0     80.23    0.1851E-02     111.5    231.1
2014  4 12   102   11 20  0     80.04    0.1917E-02     111.5    234.7
2014  4 12   102   11 21  0     79.85    0.1984E-02     111.4    238.4
2014  4 12   102   11 22  0     79.67    0.2059E-02     111.2    241.3
2014  4 12   102   11 23  0     79.48    0.2122E-02     111.2    245.9
2014  4 12   102   11 24  0     79.29    0.2217E-02     111.0    247.0
2014  4 12   102   11 25  0     79.10    0.2297E-02     111.0    250.3
2014  4 12   102   11 26  0     78.91    0.2382E-02     111.0    253.6
2014  4 12   102   11 27  0     78.72    0.2476E-02     110.8    255.8
2014  4 12   102   11 28  0     78.53    0.2564E-02     110.7    258.8
2014  4 12   102   11 29  0     78.34    0.2662E-02     110.6    261.0
2014  4 12   102   11 30  0     78.15    0.2757E-02     110.4    263.6
2014  4 12   102   11 31  0     77.96    0.2882E-02     110.3    263.8
2014  4 12   102   11 32  0     77.77    0.2968E-02     110.4    268.3
2014  4 12   102   11 33  0     77.58    0.3071E-02     110.5    271.4
2014  4 12   102   11 34  0     77.39    0.3176E-02     110.6    274.5
2014  4 12   102   11 35  0     77.20    0.3296E-02     110.4    276.3
2014  4 12   102   11 36  0     77.01    0.3409E-02     110.2    279.1
2014  4 12   102   11 37  0     76.82    0.3542E-02     110.4    280.6
2014  4 12   102   11 38  0     76.63    0.3668E-02     110.4    283.0
2014  4 12   102   11 39  0     76.44    0.3805E-02     110.0    284.5
2014  4 12   102   11 40  0     76.25    0.3940E-02     109.9    286.4
2014  4 12   102   11 41  0     76.06    0.4077E-02     109.6    288.4
2014  4 12   102   11 42  0     75.87    0.4206E-02     109.7    292.1
2014  4 12   102   11 43  0     75.68    0.4372E-02     109.7    292.0
2014  4 12   102   11 44  0     75.50    0.4514E-02     109.6    295.2
2014  4 12   102   11 45  0     75.31    0.4667E-02     109.7    297.1
2014  4 12   102   11 46  0     75.12    0.4828E-02     109.9    298.9
2014  4 12   102   11 47  0     74.93    0.5002E-02     110.0    299.9
2014  4 12   102   11 48  0     74.74    0.5179E-02     110.0    301.2
2014  4 12   102   11 49  0     74.55    0.5355E-02     110.0    302.8
2014  4 12   102   11 50  0     74.36    0.5532E-02     110.0    304.5
2014  4 12   102   11 51  0     74.17    0.5721E-02     110.0    305.8
2014  4 12   102   11 52  0     73.98    0.5902E-02     109.8    307.5
2014  4 12   102   11 53  0     73.79    0.6106E-02     109.8    308.4
2014  4 12   102   11 54  0     73.60    0.6308E-02     109.5    309.6
2014  4 12   102   11 55  0     73.41    0.6499E-02     109.3    311.4
2014  4 12   102   11 56  0     73.22    0.6721E-02     109.4    312.1
2014  4 12   102   11 57  0     73.03    0.6938E-02     109.6    313.4
2014  4 12   102   11 58  0     72.84    0.7157E-02     109.5    315.4
2014  4 12   102   11 59  0     72.65    0.7397E-02     109.5    316.1
2014  4 12   102   12  0  0     72.46    0.7639E-02     109.5    316.7
2014  4 12   102   12  1  0     72.28    0.7867E-02     109.5    318.2
2014  4 12   102   12  2  0     72.09    0.8115E-02     109.5    318.9
2014  4 12   102   12  3  0     71.90    0.8360E-02     109.8    320.1
2014  4 12   102   12  4  0     71.71    0.8619E-02     109.9    321.1
2014  4 12   102   12  5  0     71.52    0.8878E-02     109.9    322.1
2014  4 12   102   12  6  0     71.33    0.9159E-02     109.7    322.5
2014  4 12   102   12  7  0     71.14    0.9421E-02     109.6    323.6
2014  4 12   102   12  8  0     70.95    0.9685E-02     109.2    324.5
2014  4 12   102   12  9  0     70.76    0.9987E-02     109.1    325.0
2014  4 12   102   12 10  0     70.57    0.1028E-01     109.0    325.9
2014  4 12   102   12 11  0     70.39    0.1058E-01     109.0    326.5
2014  4 12   102   12 12  0     70.20    0.1088E-01     109.1    327.6
2014  4 12   102   12 13  0     70.01    0.1122E-01     109.2    327.4
2014  4 12   102   12 14  0     69.82    0.1151E-01     109.0    329.0
2014  4 12   102   12 15  0     69.63    0.1184E-01     109.2    329.9
2014  4 12   102   12 16  0     69.44    0.1218E-01     109.4    330.6
2014  4 12   102   12 17  0     69.25    0.1255E-01     109.4    330.6
2014  4 12   102   12 18  0     69.06    0.1289E-01     109.5    331.6
2014  4 12   102   12 19  0     68.88    0.1323E-01     109.7    333.3
2014  4 12   102   12 20  0     68.69    0.1359E-01     109.6    333.9
2014  4 12   102   12 21  0     68.50    0.1392E-01     109.4    334.0
2014  4 12   102   12 22  0     68.31    0.1432E-01     109.8    334.1
2014  4 12   102   12 23  0     68.12    0.1468E-01     109.7    334.8
2014  4 12   102   12 24  0     67.94    0.1505E-01     109.4    335.9
2014  4 12   102   12 25  0     67.75    0.1545E-01     109.4    336.5
2014  4 12   102   12 26  0     67.56    0.1585E-01     109.4    336.9
2014  4 12   102   12 27  0     67.37    0.1624E-01     109.2    337.4
2014  4 12   102   12 28  0     67.18    0.1664E-01     109.3    337.6
2014  4 12   102   12 29  0     67.00    0.1707E-01     109.6    338.4
2014  4 12   102   12 30  0     66.81    0.1750E-01     109.6    339.2
2014  4 12   102   12 31  0     66.62    0.1794E-01     109.4    339.4
2014  4 12   102   12 32  0     66.43    0.1838E-01     109.3    340.0
2014  4 12   102   12 33  0     66.25    0.1882E-01     108.9    340.1
2014  4 12   102   12 34  0     66.06    0.1928E-01     108.8    340.4
2014  4 12   102   12 35  0     65.87    0.1973E-01     108.6    340.8
2014  4 12   102   12 36  0     65.69    0.2023E-01     109.0    341.2
2014  4 12   102   12 37  0     65.50    0.2073E-01     109.3    341.7
2014  4 12   102   12 38  0     65.31    0.2126E-01     109.7    341.9
2014  4 12   102   12 39  0     65.13    0.2177E-01     110.0    342.3
2014  4 12   102   12 40  0     64.94    0.2228E-01     110.1    342.6
2014  4 12   102   12 41  0     64.75    0.2282E-01     110.3    343.0
2014  4 12   102   12 42  0     64.57    0.2340E-01     110.8    343.4
2014  4 12   102   12 43  0     64.38    0.2402E-01     111.6    343.5
2014  4 12   102   12 44  0     64.19    0.2457E-01     111.7    343.8
2014  4 12   102   12 45  0     64.01    0.2514E-01     111.5    343.9
2014  4 12   102   12 46  0     63.82    0.2569E-01     111.7    344.3
2014  4 12   102   12 47  0     63.64    0.2626E-01     111.7    344.6
2014  4 12   102   12 48  0     63.45    0.2684E-01     111.8    345.0
2014  4 12   102   12 49  0     63.27    0.2744E-01     111.8    345.0
2014  4 12   102   12 50  0     63.08    0.2804E-01     111.9    345.2
2014  4 12   102   12 51  0     62.90    0.2865E-01     112.0    345.3
2014  4 12   102   12 52  0     62.71    0.2926E-01     112.0    345.7
2014  4 12   102   12 53  0     62.53    0.2991E-01     112.0    345.8
2014  4 12   102   12 54  0     62.34    0.3054E-01     111.8    345.9
2014  4 12   102   12 55  0     62.16    0.3122E-01     111.9    345.9
2014  4 12   102   12 56  0     61.97    0.3190E-01     112.2    346.2
2014  4 12   102   12 57  0     61.79    0.3261E-01     112.4    346.4
2014  4 12   102   12 58  0     61.60    0.3331E-01     112.4    346.6
2014  4 12   102   12 59  0     61.42    0.3401E-01     112.6    346.8
2014  4 12   102   13  0  0     61.23    0.3470E-01     112.5    346.9
2014  4 12   102   13  1  0     61.05    0.3543E-01     112.6    346.9
2014  4 12   102   13  2  0     60.87    0.3619E-01     113.0    347.2
2014  4 12   102   13  3  0     60.68    0.3695E-01     113.4    347.6
2014  4 12   102   13  4  0     60.50    0.3773E-01     113.6    347.7
2014  4 12   102   13  5  0     60.32    0.3839E-01     113.3    347.9
2014  4 12   102   13  6  0     60.13    0.3907E-01     112.9    347.9
2014  4 12   102   13  7  0     59.95    0.3977E-01     112.8    348.1
2014  4 12   102   13  8  0     59.77    0.4057E-01     113.0    348.2
2014  4 12   102   13  9  0     59.59    0.4132E-01     113.0    348.4
2014  4 12   102   13 10  0     59.40    0.4205E-01     112.7    348.5
2014  4 12   102   13 11  0     59.22    0.4292E-01     113.2    348.6
2014  4 12   102   13 12  0     59.04    0.4373E-01     113.3    348.7
2014  4 12   102   13 13  0     58.86    0.4458E-01     113.4    348.8
2014  4 12   102   13 14  0     58.67    0.4542E-01     113.8    349.2
2014  4 12   102   13 15  0     58.49    0.4631E-01     114.3    349.4
2014  4 12   102   13 16  0     58.31    0.4717E-01     114.4    349.5
2014  4 12   102   13 17  0     58.13    0.4797E-01     114.2    349.6
2014  4 12   102   13 18  0     57.95    0.4880E-01     114.2    349.7
2014  4 12   102   13 19  0     57.77    0.4975E-01     114.5    349.9
2014  4 12   102   13 20  0     57.59    0.5064E-01     114.6    350.0
2014  4 12   102   13 21  0     57.41    0.5150E-01     114.4    350.1
2014  4 12   102   13 22  0     57.23    0.5238E-01     114.4    350.2
2014  4 12   102   13 23  0     57.05    0.5334E-01     114.6    350.4
2014  4 12   102   13 24  0     56.87    0.5435E-01     114.9    350.5
2014  4 12   102   13 25  0     56.69    0.5532E-01     115.0    350.5
2014  4 12   102   13 26  0     56.51    0.5624E-01     115.2    350.7
2014  4 12   102   13 27  0     56.33    0.5738E-01     116.0    351.0
2014  4 12   102   13 28  0     56.15    0.5845E-01     116.4    351.1
2014  4 12   102   13 29  0     55.97    0.5946E-01     116.4    351.2
2014  4 12   102   13 30  0     55.79    0.6046E-01     116.6    351.3
2014  4 12   102   13 31  0     55.62    0.6147E-01     116.7    351.5
2014  4 12   102   13 32  0     55.44    0.6247E-01     116.8    351.5
2014  4 12   102   13 33  0     55.26    0.6345E-01     116.7    351.6
2014  4 12   102   13 34  0     55.08    0.6454E-01     117.0    351.8
2014  4 12   102   13 35  0     54.91    0.6568E-01     117.3    351.8
2014  4 12   102   13 36  0     54.73    0.6684E-01     117.8    352.0
2014  4 12   102   13 37  0     54.55    0.6797E-01     118.0    352.0
2014  4 12   102   13 38  0     54.38    0.6904E-01     118.0    352.0
2014  4 12   102   13 39  0     54.20    0.7009E-01     118.1    352.1
2014  4 12   102   13 40  0     54.02    0.7117E-01     118.2    352.1
2014  4 12   102   13 41  0     53.85    0.7227E-01     118.3    352.3
2014  4 12   102   13 42  0     53.67    0.7335E-01     118.5    352.4
2014  4 12   102   13 43  0     53.50    0.7457E-01     118.8    352.5
2014  4 12   102   13 44  0     53.32    0.7569E-01     119.0    352.5
2014  4 12   102   13 45  0     53.15    0.7674E-01     118.8    352.5
2014  4 12   102   13 46  0     52.98    0.7777E-01     118.7    353.4
2014  4 12   102   13 47  0     52.80    0.7896E-01     119.0    352.7
2014  4 12   102   13 48  0     52.63    0.8019E-01     119.2    352.8
2014  4 12   102   13 49  0     52.46    0.8121E-01     118.9    352.7
2014  4 12   102   13 50  0     52.28    0.8245E-01     119.2    352.8
2014  4 12   102   13 51  0     52.11    0.8358E-01     119.2    352.8
2014  4 12   102   13 52  0     51.94    0.8486E-01     119.5    353.7
2014  4 12   102   13 53  0     51.77    0.8603E-01     119.6    353.0
2014  4 12   102   13 54  0     51.59    0.8705E-01     119.4    353.0
2014  4 12   102   13 55  0     51.42    0.8809E-01     119.2    353.1
2014  4 12   102   13 56  0     51.25    0.8932E-01     119.5    353.3
2014  4 12   102   13 57  0     51.08    0.9078E-01     120.2    353.3
2014  4 12   102   13 58  0     50.91    0.9210E-01     120.5    354.1
2014  4 12   102   13 59  0     50.74    0.9322E-01     120.5    353.5
2014  4 12   102   14  0  0     50.57    0.9449E-01     120.8    353.7
2014  4 12   102   14  1  0     50.40    0.9554E-01     120.5    353.7
2014  4 12   102   14  2  0     50.23    0.9698E-01     121.0    353.8
2014  4 12   102   14  3  0     50.06    0.9861E-01     121.9    353.8
2014  4 12   102   14  4  0     49.89    0.9999E-01     122.3    354.7
2014  4 12   102   14  5  0     49.73    0.1013E+00     122.5    354.1
2014  4 12   102   14  6  0     49.56    0.1024E+00     122.5    354.1
2014  4 12   102   14  7  0     49.39    0.1035E+00     122.2    354.0
2014  4 12   102   14  8  0     49.22    0.1041E+00     120.8    354.0
2014  4 12   102   14  9  0     49.06    0.1054E+00     121.0    354.1
2014  4 12   102   14 10  0     48.89    0.1068E+00     121.3    354.8
2014  4 12   102   14 11  0     48.73    0.1084E+00     122.1    354.3
2014  4 12   102   14 12  0     48.56    0.1105E+00     123.5    354.3
2014  4 12   102   14 13  0     48.39    0.1107E+00     121.8    354.3
2014  4 12   102   14 14  0     48.23    0.1112E+00     120.7    354.3
2014  4 12   102   14 15  0     48.07    0.1110E+00     118.5    354.3
2014  4 12   102   14 16  0     47.90    0.1115E+00     117.4    354.9
2014  4 12   102   14 17  0     47.74    0.1130E+00     117.8    354.3
2014  4 12   102   14 18  0     47.58    0.1158E+00     120.1    354.4
2014  4 12   102   14 19  0     47.41    0.1178E+00     121.5    354.6
2014  4 12   102   14 20  0     47.25    0.1204E+00     123.6    354.8
2014  4 12   102   14 21  0     47.09    0.1222E+00     124.3    354.9
2014  4 12   102   14 22  0     46.93    0.1241E+00     125.1    355.6
2014  4 12   102   14 23  0     46.77    0.1273E+00     127.8    355.8
2014  4 12   102   14 24  0     46.61    0.1293E+00     128.7    355.5
2014  4 12   102   14 25  0     46.45    0.1297E+00     127.6    355.6
2014  4 12   102   14 26  0     46.29    0.1256E+00     119.6    355.4
2014  4 12   102   14 27  0     46.13    0.1240E+00     116.4    355.8
2014  4 12   102   14 28  0     45.97    0.1279E+00     121.5    356.6
2014  4 12   102   14 29  0     45.81    0.1260E+00     117.6    356.7
2014  4 12   102   14 30  0     45.65    0.1233E+00     112.6    356.8
2014  4 12   102   14 31  0     45.50    0.1296E+00     120.1    357.1
2014  4 12   102   14 32  0     45.34    0.1310E+00     120.2    356.7
2014  4 12   102   14 33  0     45.19    0.1283E+00     114.7    356.6
2014  4 12   102   14 34  0     45.03    0.1295E+00     114.8    356.7
2014  4 12   102   14 35  0     44.88    0.1313E+00     115.7    357.1
2014  4 12   102   14 36  0     44.72    0.1345E+00     118.3    357.3
2014  4 12   102   14 37  0     44.57    0.1353E+00     117.7    357.3
2014  4 12   102   14 38  0     44.41    0.1344E+00     115.4    357.1
2014  4 12   102   14 39  0     44.26    0.1339E+00     113.7    357.3
2014  4 12   102   14 40  0     44.11    0.1353E+00     114.3    357.3
2014  4 12   102   14 41  0     43.96    0.1347E+00     111.9    357.7
2014  4 12   102   14 42  0     43.81    0.1398E+00     116.5    357.7
2014  4 12   102   14 43  0     43.66    0.1452E+00     121.5    357.9
2014  4 12   102   14 44  0     43.51    0.1447E+00     119.0    357.7
2014  4 12   102   14 45  0     43.36    0.1425E+00     114.8    357.6
2014  4 12   102   14 46  0     43.21    0.1445E+00     115.6    357.7
2014  4 12   102   14 47  0     43.06    0.1472E+00     117.5    357.8
2014  4 12   102   14 48  0     42.91    0.1509E+00     121.2    358.3
2014  4 12   102   14 49  0     42.77    0.1520E+00     122.6    358.4
2014  4 12   102   14 50  0     42.62    0.1357E+00     103.7    358.5
2014  4 12   102   14 51  0     42.47    0.1233E+00      89.3    358.5
2014  4 12   102   14 52  0     42.33    0.1282E+00      93.6    358.4
2014  4 12   102   14 53  0     42.18    0.1366E+00     101.1    357.6
2014  4 12   102   14 54  0     42.04    0.1435E+00     106.5    357.3
2014  4 12   102   14 55  0     41.90    0.1512E+00     113.2    357.4
2014  4 12   102   14 56  0     41.75    0.1556E+00     116.1    357.1
2014  4 12   102   14 57  0     41.61    0.1528E+00     111.2    356.9
2014  4 12   102   14 58  0     41.47    0.1536E+00     110.3    356.4
2014  4 12   102   14 59  0     41.33    0.1600E+00     115.4    356.4
2014  4 12   102   15  0  0     41.19    0.1644E+00     118.3    356.3
2014  4 12   102   15  1  0     41.05    0.1689E+00     121.7    356.2
2014  4 12   102   15  2  0     40.91    0.1723E+00     123.7    356.5
2014  4 12   102   15  3  0     40.78    0.1700E+00     119.2    355.6
2014  4 12   102   15  4  0     40.64    0.1733E+00     122.1    356.2
2014  4 12   102   15  5  0     40.50    0.1778E+00     124.9    355.9
2014  4 12   102   15  6  0     40.37    0.1794E+00     125.1    355.9
2014  4 12   102   15  7  0     40.23    0.1801E+00     124.5    355.8
2014  4 12   102   15  8  0     40.10    0.1826E+00     125.8    355.9
2014  4 12   102   15  9  0     39.96    0.1830E+00     125.0    356.2
2014  4 12   102   15 10  0     39.83    0.1842E+00     125.1    356.3
2014  4 12   102   15 11  0     39.70    0.1852E+00     125.0    356.1
2014  4 12   102   15 12  0     39.57    0.1812E+00     119.9    355.8
2014  4 12   102   15 13  0     39.44    0.1803E+00     118.8    356.3
2014  4 12   102   15 14  0     39.31    0.1835E+00     120.6    355.9
2014  4 12   102   15 15  0     39.18    0.1670E+00     104.8    356.1
2014  4 12   102   15 16  0     39.05    0.1490E+00      87.4    356.1
2014  4 12   102   15 17  0     38.92    0.1812E+00     117.2    357.3
2014  4 12   102   15 18  0     38.80    0.1889E+00     121.6    356.6
2014  4 12   102   15 19  0     38.67    0.1877E+00     119.4    356.3
2014  4 12   102   15 20  0     38.55    0.1915E+00     121.9    356.2
2014  4 12   102   15 21  0     38.42    0.1933E+00     122.6    356.3
2014  4 12   102   15 22  0     38.30    0.1973E+00     124.9    356.2
2014  4 12   102   15 23  0     38.18    0.1980E+00     124.4    356.1
2014  4 12   102   15 24  0     38.06    0.2010E+00     126.2    356.2
2014  4 12   102   15 25  0     37.94    0.1849E+00     110.1    356.2
2014  4 12   102   15 26  0     37.82    0.1877E+00     112.6    356.9
2014  4 12   102   15 27  0     37.70    0.2039E+00     125.2    356.1
2014  4 12   102   15 28  0     37.58    0.2052E+00     125.3    356.1
2014  4 12   102   15 29  0     37.47    0.2060E+00     125.1    356.1
2014  4 12   102   15 30  0     37.35    0.2072E+00     125.1    356.1
2014  4 12   102   15 31  0     37.24    0.2088E+00     125.7    356.2
2014  4 12   102   15 32  0     37.12    0.2081E+00     124.1    356.2
2014  4 12   102   15 33  0     37.01    0.2078E+00     122.8    356.2
2014  4 12   102   15 34  0     36.90    0.2101E+00     124.0    356.6
2014  4 12   102   15 35  0     36.79    0.2122E+00     124.9    356.6
2014  4 12   102   15 36  0     36.68    0.2135E+00     124.9    356.3
2014  4 12   102   15 37  0     36.57    0.2148E+00     125.2    356.3
2014  4 12   102   15 38  0     36.46    0.2159E+00     125.3    356.4
2014  4 12   102   15 39  0     36.36    0.2140E+00     123.1    356.4
2014  4 12   102   15 40  0     36.25    0.2113E+00     120.2    356.6
2014  4 12   102   15 41  0     36.15    0.2162E+00     123.5    356.9
2014  4 12   102   15 42  0     36.04    0.2212E+00     126.8    357.1
2014  4 12   102   15 43  0     35.94    0.2227E+00     127.5    357.5
2014  4 12   102   15 44  0     35.84    0.2227E+00     126.7    357.6
2014  4 12   102   15 45  0     35.74    0.2130E+00     118.0    357.4
2014  4 12   102   15 46  0     35.64    0.2074E+00     113.9    358.0
2014  4 12   102   15 47  0     35.54    0.2109E+00     116.8    358.3
2014  4 12   102   15 48  0     35.44    0.2161E+00     120.1    358.3
2014  4 12   102   15 49  0     35.35    0.2264E+00     127.2    358.0
2014  4 12   102   15 50  0     35.25    0.2291E+00     128.2    357.8
2014  4 12   102   15 51  0     35.16    0.2317E+00     129.2    357.7
2014  4 12   102   15 52  0     35.07    0.2320E+00     128.7    357.7
2014  4 12   102   15 53  0     34.98    0.2335E+00     129.3    358.0
2014  4 12   102   15 54  0     34.88    0.2360E+00     130.6    358.1
2014  4 12   102   15 55  0     34.80    0.2369E+00     130.8    358.1
2014  4 12   102   15 56  0     34.71    0.2357E+00     129.7    358.2
2014  4 12   102   15 57  0     34.62    0.2339E+00     127.7    358.2
2014  4 12   102   15 58  0     34.54    0.2230E+00     118.7    358.1
2014  4 12   102   15 59  0     34.45    0.2313E+00     125.1    358.3
2014  4 12   102   16  0  0     34.37    0.2241E+00     118.5    357.8
2014  4 12   102   16  1  0     34.29    0.2242E+00     118.5    358.1
2014  4 12   102   16  2  0     34.21    0.2363E+00     126.8    357.9
2014  4 12   102   16  3  0     34.13    0.2390E+00     127.9    357.6
2014  4 12   102   16  4  0     34.05    0.2371E+00     125.7    357.4
2014  4 12   102   16  5  0     33.97    0.2319E+00     121.5    357.7
2014  4 12   102   16  6  0     33.90    0.2353E+00     123.3    357.6
2014  4 12   102   16  7  0     33.82    0.2440E+00     128.9    357.4
2014  4 12   102   16  8  0     33.75    0.2446E+00     128.6    357.3
2014  4 12   102   16  9  0     33.68    0.2436E+00     127.1    356.8
2014  4 12   102   16 10  0     33.61    0.2357E+00     120.6    356.6
2014  4 12   102   16 11  0     33.54    0.2355E+00     120.3    356.9
2014  4 12   102   16 12  0     33.47    0.2447E+00     126.5    356.7
2014  4 12   102   16 13  0     33.41    0.2443E+00     125.7    356.6
2014  4 12   102   16 14  0     33.34    0.2462E+00     126.8    356.8
2014  4 12   102   16 15  0     33.28    0.2447E+00     125.3    356.8
2014  4 12   102   16 16  0     33.22    0.2506E+00     129.0    356.8
2014  4 12   102   16 17  0     33.15    0.2513E+00     128.9    356.8
2014  4 12   102   16 18  0     33.09    0.2519E+00     129.3    357.0
2014  4 12   102   16 19  0     33.04    0.2524E+00     129.2    357.0
2014  4 12   102   16 20  0     32.98    0.2519E+00     128.4    357.2
2014  4 12   102   16 21  0     32.92    0.2508E+00     127.7    357.3
2014  4 12   102   16 22  0     32.87    0.2509E+00     127.3    357.4
2014  4 12   102   16 23  0     32.82    0.2492E+00     125.8    357.2
2014  4 12   102   16 24  0     32.77    0.2402E+00     119.3    357.3
2014  4 12   102   16 25  0     32.72    0.2388E+00     118.1    357.4
2014  4 12   102   16 26  0     32.67    0.2482E+00     124.3    356.9
2014  4 12   102   16 27  0     32.62    0.2489E+00     124.0    356.6
2014  4 12   102   16 28  0     32.58    0.2496E+00     124.0    356.5
2014  4 12   102   16 29  0     32.53    0.2529E+00     125.9    356.5
2014  4 12   102   16 30  0     32.49    0.2526E+00     125.7    356.5
2014  4 12   102   16 31  0     32.45    0.2530E+00     125.7    356.5
2014  4 12   102   16 32  0     32.41    0.2502E+00     123.5    356.7
2014  4 12   102   16 33  0     32.37    0.2461E+00     120.7    356.9
2014  4 12   102   16 34  0     32.33    0.2525E+00     124.4    356.7
2014  4 12   102   16 35  0     32.30    0.2543E+00     125.4    356.8
2014  4 12   102   16 36  0     32.27    0.2560E+00     126.5    356.9
2014  4 12   102   16 37  0     32.23    0.2553E+00     126.1    356.9
2014  4 12   102   16 38  0     32.20    0.2537E+00     125.2    357.1
2014  4 12   102   16 39  0     32.17    0.2541E+00     125.0    357.0
2014  4 12   102   16 40  0     32.15    0.2539E+00     124.6    357.0
2014  4 12   102   16 41  0     32.12    0.2561E+00     125.8    356.9
2014  4 12   102   16 42  0     32.10    0.2566E+00     125.9    356.9
2014  4 12   102   16 43  0     32.07    0.2563E+00     125.5    357.0
2014  4 12   102   16 44  0     32.05    0.2566E+00     125.7    357.1
2014  4 12   102   16 45  0     32.03    0.2581E+00     126.7    357.2
2014  4 12   102   16 46  0     32.01    0.2582E+00     127.0    357.4
2014  4 12   102   16 47  0     31.99    0.2588E+00     127.2    357.7
2014  4 12   102   16 48  0     31.98    0.2579E+00     126.6    357.8
2014  4 12   102   16 49  0     31.97    0.2599E+00     128.0    358.0
2014  4 12   102   16 50  0     31.95    0.2588E+00     127.6    358.2
2014  4 12   102   16 51  0     31.94    0.2523E+00     123.5    358.6
2014  4 12   102   16 52  0     31.93    0.2488E+00     121.1    358.7
2014  4 12   102   16 53  0     31.93    0.2510E+00     123.1    359.2
2014  4 12   102   16 54  0     31.92    0.2479E+00     121.0    359.3
2014  4 12   102   16 55  0     31.91    0.2478E+00     120.8    359.4
2014  4 12   102   16 56  0     31.91    0.2529E+00     124.7    359.9
2014  4 12   102   16 57  0     31.91    0.2681E+00     135.0    359.8
2014  4 12   102   16 58  0     31.91    0.2729E+00     138.4    359.9
2014  4 12   102   16 59  0     31.91    0.2714E+00     137.6    360.2
2014  4 12   102   17  0  0     31.91    0.2769E+00     141.9    360.3
2014  4 12   102   17  1  0     31.92    0.2657E+00     135.6    360.8
2014  4 12   102   17  2  0     31.92    0.2525E+00     127.7    361.2
2014  4 12   102   17  3  0     31.93    0.2355E+00     117.7    362.3
2014  4 12   102   17  4  0     31.94    0.2283E+00     113.6    362.8
2014  4 12   102   17  5  0     31.95    0.2269E+00     113.3    363.0
2014  4 12   102   17  6  0     31.97    0.2149E+00     105.3    363.5
2014  4 12   102   17  7  0     31.98    0.2188E+00     108.0    363.6
2014  4 12   102   17  8  0     31.99    0.2398E+00     123.3    363.4
2014  4 12   102   17  9  0     32.01    0.2105E+00     103.6    364.3
2014  4 12   102   17 10  0     32.03    0.2454E+00     127.7    363.4
2014  4 12   102   17 11  0     32.05    0.2094E+00     102.3    363.5
2014  4 12   102   17 12  0     32.07    0.2102E+00     104.8    365.0
2014  4 12   102   17 13  0     32.09    0.2076E+00     102.1    363.9
2014  4 12   102   17 14  0     32.12    0.2007E+00      98.1    365.1
2014  4 12   102   17 15  0     32.14    0.2488E+00     130.3    363.5
2014  4 12   102   17 16  0     32.17    0.2137E+00     103.2    362.3
2014  4 12   102   17 17  0     32.20    0.2185E+00     109.4    364.2
2014  4 12   102   17 18  0     32.23    0.2438E+00     127.5    363.8
2014  4 12   102   17 19  0     32.26    0.2177E+00     109.4    363.9
2014  4 12   102   17 20  0     32.30    0.1950E+00      96.4    366.3
2014  4 12   102   17 21  0     32.33    0.2064E+00     103.6    365.4
2014  4 12   102   17 22  0     32.37    0.2495E+00     133.2    364.3
2014  4 12   102   17 23  0     32.41    0.2467E+00     129.5    363.3
2014  4 12   102   17 24  0     32.45    0.2570E+00     137.8    363.2
2014  4 12   102   17 25  0     32.49    0.2210E+00     113.4    363.7
2014  4 12   102   17 26  0     32.53    0.1903E+00      94.0    365.1
2014  4 12   102   17 27  0     32.58    0.1555E+00      71.3    367.4
2014  4 12   102   17 28  0     32.62    0.1664E+00      78.2    366.1
2014  4 12   102   17 29  0     32.67    0.1672E+00      79.2    366.8
2014  4 12   102   17 30  0     32.72    0.1968E+00      98.5    364.3
2014  4 12   102   17 31  0     32.77    0.2004E+00     101.2    364.9
2014  4 12   102   17 32  0     32.82    0.2297E+00     121.4    363.9
2014  4 12   102   17 33  0     32.87    0.2298E+00     120.6    363.4
2014  4 12   102   17 34  0     32.92    0.2354E+00     124.8    363.5
2014  4 12   102   17 35  0     32.98    0.2386E+00     126.9    363.3
2014  4 12   102   17 36  0     33.03    0.2551E+00     138.2    362.6
2014  4 12   102   17 37  0     33.09    0.2615E+00     142.8    362.4
2014  4 12   102   17 38  0     33.15    0.2611E+00     143.6    362.7
2014  4 12   102   17 39  0     33.21    0.2241E+00     117.9    363.0
2014  4 12   102   17 40  0     33.27    0.1834E+00      92.4    365.8
2014  4 12   102   17 41  0     33.34    0.1740E+00      87.4    367.1
2014  4 12   102   17 42  0     33.40    0.1747E+00      89.3    367.9
2014  4 12   102   17 43  0     33.47    0.1659E+00      83.9    368.9
2014  4 12   102   17 44  0     33.54    0.1638E+00      83.3    369.7
2014  4 12   102   17 45  0     33.61    0.1751E+00      91.6    369.1
2014  4 12   102   17 46  0     33.68    0.1863E+00      99.2    368.2
2014  4 12   102   17 47  0     33.75    0.2039E+00     111.9    367.4
2014  4 12   102   17 48  0     33.82    0.2148E+00     119.3    366.5
2014  4 12   102   17 49  0     33.89    0.2083E+00     114.6    366.3
2014  4 12   102   17 50  0     33.97    0.2020E+00     110.8    366.5
2014  4 12   102   17 51  0     34.05    0.1873E+00     100.5    366.8
2014  4 12   102   17 52  0     34.12    0.1693E+00      88.5    367.9
2014  4 12   102   17 53  0     34.20    0.1656E+00      86.4    368.3
2014  4 12   102   17 54  0     34.28    0.1694E+00      89.6    368.1
2014  4 12   102   17 55  0     34.37    0.1791E+00      97.6    367.8
2014  4 12   102   17 56  0     34.45    0.1844E+00     102.0    367.5
2014  4 12   102   17 57  0     34.53    0.1990E+00     113.8    366.9
2014  4 12   102   17 58  0     34.62    0.1629E+00      85.4    366.6
2014  4 12   102   17 59  0     34.70    0.1381E+00      67.7    368.1
2014  4 12   102   18  0  0     34.79    0.1439E+00      73.0    368.1
2014  4 12   102   18  1  0     34.88    0.1537E+00      81.1    367.3
2014  4 12   102   18  2  0     34.97    0.1420E+00      72.6    367.5
2014  4 12   102   18  3  0     35.06    0.1285E+00      63.5    368.7
2014  4 12   102   18  4  0     35.15    0.1458E+00      77.8    368.5
2014  4 12   102   18  5  0     35.25    0.1549E+00      83.8    366.9
2014  4 12   102   18  6  0     35.34    0.1536E+00      81.4    365.9
2014  4 12   102   18  7  0     35.44    0.1625E+00      88.6    365.7
2014  4 12   102   18  8  0     35.54    0.1896E+00     109.9    364.8
2014  4 12   102   18  9  0     35.63    0.2009E+00     118.2    364.0
2014  4 12   102   18 10  0     35.73    0.1983E+00     115.2    363.3
2014  4 12   102   18 11  0     35.83    0.2115E+00     126.3    363.2
2014  4 12   102   18 12  0     35.94    0.2047E+00     120.4    362.7
2014  4 12   102   18 13  0     36.04    0.2089E+00     124.4    362.7
2014  4 12   102   18 14  0     36.14    0.2136E+00     128.6    362.5
2014  4 12   102   18 15  0     36.25    0.2076E+00     123.8    362.3
2014  4 12   102   18 16  0     36.35    0.2073E+00     124.3    362.3
2014  4 12   102   18 17  0     36.46    0.2112E+00     128.0    362.0
2014  4 12   102   18 18  0     36.57    0.2088E+00     126.5    361.8
2014  4 12   102   18 19  0     36.68    0.2084E+00     127.0    361.9
2014  4 12   102   18 20  0     36.79    0.2086E+00     127.8    361.8
2014  4 12   102   18 21  0     36.89    0.2080E+00     127.9    361.7
2014  4 12   102   18 22  0     37.01    0.2070E+00     127.9    361.7
2014  4 12   102   18 23  0     37.12    0.2061E+00     127.9    361.7
2014  4 12   102   18 24  0     37.23    0.2046E+00     127.5    361.6
2014  4 12   102   18 25  0     37.35    0.2038E+00     127.6    361.5
2014  4 12   102   18 26  0     37.46    0.2027E+00     127.7    361.5
2014  4 12   102   18 27  0     37.58    0.2017E+00     127.7    361.6
2014  4 12   102   18 28  0     37.70    0.2000E+00     127.1    361.5
2014  4 12   102   18 29  0     37.81    0.1989E+00     127.0    361.5
2014  4 12   102   18 30  0     37.93    0.1974E+00     126.7    361.3
2014  4 12   102   18 31  0     38.05    0.1965E+00     126.9    361.4
2014  4 12   102   18 32  0     38.17    0.1954E+00     126.8    361.3
2014  4 12   102   18 33  0     38.30    0.1947E+00     127.3    361.4
2014  4 12   102   18 34  0     38.42    0.1942E+00     127.7    361.4
2014  4 12   102   18 35  0     38.54    0.1931E+00     127.9    361.4
2014  4 12   102   18 36  0     38.67    0.1919E+00     127.7    361.3
2014  4 12   102   18 37  0     38.79    0.1904E+00     127.3    361.3
2014  4 12   102   18 38  0     38.92    0.1891E+00     127.2    361.3
2014  4 12   102   18 39  0     39.04    0.1879E+00     127.1    361.2
2014  4 12   102   18 40  0     39.17    0.1863E+00     126.8    361.2
2014  4 12   102   18 41  0     39.30    0.1851E+00     126.9    361.2
2014  4 12   102   18 42  0     39.43    0.1841E+00     127.2    361.3
2014  4 12   102   18 43  0     39.56    0.1829E+00     127.1    361.3
2014  4 12   102   18 44  0     39.69    0.1822E+00     127.6    361.3
2014  4 12   102   18 45  0     39.82    0.1810E+00     127.4    361.2
2014  4 12   102   18 46  0     39.96    0.1797E+00     127.2    360.9
2014  4 12   102   18 47  0     40.09    0.1784E+00     127.0    360.9
2014  4 12   102   18 48  0     40.22    0.1768E+00     126.6    360.8
2014  4 12   102   18 49  0     40.36    0.1752E+00     126.1    360.8
2014  4 12   102   18 50  0     40.49    0.1746E+00     126.7    360.7
2014  4 12   102   18 51  0     40.63    0.1740E+00     127.1    360.7
2014  4 12   102   18 52  0     40.77    0.1724E+00     126.9    360.8
2014  4 12   102   18 53  0     40.90    0.1707E+00     126.4    360.8
2014  4 12   102   18 54  0     41.04    0.1692E+00     126.0    360.7
2014  4 12   102   18 55  0     41.18    0.1682E+00     126.3    360.6
2014  4 12   102   18 56  0     41.32    0.1671E+00     126.4    360.6
2014  4 12   102   18 57  0     41.46    0.1657E+00     126.3    360.6
2014  4 12   102   18 58  0     41.60    0.1642E+00     125.9    360.4
2014  4 12   102   18 59  0     41.74    0.1633E+00     126.2    360.4
2014  4 12   102   19  0  0     41.89    0.1624E+00     126.5    360.3
2014  4 12   102   19  1  0     42.03    0.1607E+00     125.9    360.1
2014  4 12   102   19  2  0     42.17    0.1593E+00     125.8    360.1
2014  4 12   102   19  3  0     42.32    0.1580E+00     125.7    360.0
2014  4 12   102   19  4  0     42.46    0.1568E+00     125.7    360.0
2014  4 12   102   19  5  0     42.61    0.1556E+00     125.6    359.9
2014  4 12   102   19  6  0     42.75    0.1545E+00     125.7    359.7
2014  4 12   102   19  7  0     42.90    0.1538E+00     126.0    359.5
2014  4 12   102   19  8  0     43.05    0.1528E+00     126.2    359.3
2014  4 12   102   19  9  0     43.20    0.1516E+00     126.1    359.3
2014  4 12   102   19 10  0     43.35    0.1501E+00     125.8    359.2
2014  4 12   102   19 11  0     43.50    0.1489E+00     125.7    359.0
2014  4 12   102   19 12  0     43.65    0.1479E+00     125.8    358.8
2014  4 12   102   19 13  0     43.80    0.1471E+00     126.0    358.6
2014  4 12   102   19 14  0     43.95    0.1458E+00     125.8    358.4
2014  4 12   102   19 15  0     44.10    0.1445E+00     125.7    358.0
2014  4 12   102   19 16  0     44.25    0.1428E+00     125.0    357.8
2014  4 12   102   19 17  0     44.40    0.1415E+00     124.8    357.9
2014  4 12   102   19 18  0     44.56    0.1402E+00     124.8    357.8
2014  4 12   102   19 19  0     44.71    0.1395E+00     125.5    357.7
2014  4 12   102   19 20  0     44.87    0.1386E+00     125.8    357.5
2014  4 12   102   19 21  0     45.02    0.1379E+00     126.2    357.0
2014  4 12   102   19 22  0     45.18    0.1368E+00     126.3    356.8
2014  4 12   102   19 23  0     45.33    0.1355E+00     126.1    356.6
2014  4 12   102   19 24  0     45.49    0.1341E+00     125.9    356.5
2014  4 12   102   19 25  0     45.64    0.1330E+00     125.9    356.8
2014  4 12   102   19 26  0     45.80    0.1321E+00     126.1    356.5
2014  4 12   102   19 27  0     45.96    0.1309E+00     126.0    356.3
2014  4 12   102   19 28  0     46.12    0.1295E+00     125.9    355.8
2014  4 12   102   19 29  0     46.28    0.1282E+00     125.7    355.7
2014  4 12   102   19 30  0     46.44    0.1266E+00     125.3    355.6
2014  4 12   102   19 31  0     46.60    0.1252E+00     125.0    355.3
2014  4 12   102   19 32  0     46.76    0.1239E+00     124.8    355.6
2014  4 12   102   19 33  0     46.92    0.1226E+00     124.4    355.4
2014  4 12   102   19 34  0     47.08    0.1214E+00     124.7    354.8
2014  4 12   102   19 35  0     47.24    0.1203E+00     124.6    354.6
2014  4 12   102   19 36  0     47.40    0.1192E+00     124.7    354.4
2014  4 12   102   19 37  0     47.56    0.1179E+00     124.5    354.3
2014  4 12   102   19 38  0     47.73    0.1166E+00     124.3    354.0
2014  4 12   102   19 39  0     47.89    0.1154E+00     124.2    354.6
2014  4 12   102   19 40  0     48.05    0.1143E+00     124.3    353.7
2014  4 12   102   19 41  0     48.22    0.1129E+00     124.1    353.6
2014  4 12   102   19 42  0     48.38    0.1111E+00     123.0    353.4
2014  4 12   102   19 43  0     48.55    0.1102E+00     123.6    353.3
2014  4 12   102   19 44  0     48.71    0.1092E+00     123.8    353.2
2014  4 12   102   19 45  0     48.88    0.1077E+00     123.1    352.9
2014  4 12   102   19 46  0     49.04    0.1060E+00     122.1    352.8
2014  4 12   102   19 47  0     49.21    0.1059E+00     124.0    352.7
2014  4 12   102   19 48  0     49.38    0.1045E+00     123.7    352.5
2014  4 12   102   19 49  0     49.54    0.1033E+00     123.5    352.4
2014  4 12   102   19 50  0     49.71    0.1021E+00     123.6    352.3
2014  4 12   102   19 51  0     49.88    0.1010E+00     123.7    352.2
2014  4 12   102   19 52  0     50.05    0.9988E-01     123.7    352.0
2014  4 12   102   19 53  0     50.21    0.9869E-01     123.5    351.9
2014  4 12   102   19 54  0     50.38    0.9756E-01     123.6    351.8
2014  4 12   102   19 55  0     50.55    0.9636E-01     123.5    351.7
2014  4 12   102   19 56  0     50.72    0.9507E-01     123.3    351.6
2014  4 12   102   19 57  0     50.89    0.9385E-01     123.2    351.5
2014  4 12   102   19 58  0     51.06    0.9272E-01     123.1    351.2
2014  4 12   102   19 59  0     51.23    0.9168E-01     123.2    351.1
2014  4 12   102   20  0  0     51.40    0.9037E-01     122.8    351.0
2014  4 12   102   20  1  0     51.58    0.8910E-01     122.6    350.8
2014  4 12   102   20  2  0     51.75    0.8790E-01     122.5    350.8
2014  4 12   102   20  3  0     51.92    0.8668E-01     122.3    350.7
2014  4 12   102   20  4  0     52.09    0.8550E-01     122.1    350.6
2014  4 12   102   20  5  0     52.26    0.8438E-01     122.1    350.5
2014  4 12   102   20  6  0     52.44    0.8329E-01     122.2    350.5
2014  4 12   102   20  7  0     52.61    0.8228E-01     122.4    350.3
2014  4 12   102   20  8  0     52.78    0.8129E-01     122.7    350.2
2014  4 12   102   20  9  0     52.96    0.8044E-01     123.1    350.1
2014  4 12   102   20 10  0     53.13    0.7945E-01     123.4    350.0
2014  4 12   102   20 11  0     53.31    0.7825E-01     123.3    350.0
2014  4 12   102   20 12  0     53.48    0.7718E-01     123.3    349.9
2014  4 12   102   20 13  0     53.66    0.7611E-01     123.3    349.9
2014  4 12   102   20 14  0     53.83    0.7509E-01     123.4    349.7
2014  4 12   102   20 15  0     54.01    0.7405E-01     123.5    349.7
2014  4 12   102   20 16  0     54.18    0.7291E-01     123.3    349.7
2014  4 12   102   20 17  0     54.36    0.7179E-01     123.2    349.6
2014  4 12   102   20 18  0     54.53    0.7079E-01     123.3    349.5
2014  4 12   102   20 19  0     54.71    0.6977E-01     123.3    349.3
2014  4 12   102   20 20  0     54.89    0.6868E-01     123.1    349.2
2014  4 12   102   20 21  0     55.06    0.6752E-01     122.9    349.2
2014  4 12   102   20 22  0     55.24    0.6638E-01     122.6    349.1
2014  4 12   102   20 23  0     55.42    0.6529E-01     122.5    349.1
2014  4 12   102   20 24  0     55.60    0.6415E-01     122.4    349.1
2014  4 12   102   20 25  0     55.77    0.6307E-01     122.1    349.0
2014  4 12   102   20 26  0     55.95    0.6186E-01     121.7    348.9
2014  4 12   102   20 27  0     56.13    0.6053E-01     120.6    348.8
2014  4 12   102   20 28  0     56.31    0.5950E-01     120.2    348.7
2014  4 12   102   20 29  0     56.49    0.5868E-01     120.7    348.6
2014  4 12   102   20 30  0     56.67    0.5803E-01     121.6    348.6
2014  4 12   102   20 31  0     56.85    0.5724E-01     122.2    348.5
2014  4 12   102   20 32  0     57.03    0.5631E-01     122.2    348.3
2014  4 12   102   20 33  0     57.21    0.5521E-01     121.7    348.3
2014  4 12   102   20 34  0     57.39    0.5416E-01     121.2    348.2
2014  4 12   102   20 35  0     57.57    0.5277E-01     118.5    347.6
2014  4 12   102   20 36  0     57.75    0.5209E-01     119.6    347.6
2014  4 12   102   20 37  0     57.93    0.5128E-01     119.9    347.4
2014  4 12   102   20 38  0     58.11    0.5064E-01     120.8    347.3
2014  4 12   102   20 39  0     58.29    0.4983E-01     121.3    347.4
2014  4 12   102   20 40  0     58.47    0.4886E-01     120.5    347.0
2014  4 12   102   20 41  0     58.65    0.4777E-01     119.6    346.9
2014  4 12   102   20 42  0     58.83    0.4696E-01     120.1    346.8
2014  4 12   102   20 43  0     59.01    0.4631E-01     121.3    346.8
2014  4 12   102   20 44  0     59.20    0.4550E-01     121.4    346.9
2014  4 12   102   20 45  0     59.38    0.4458E-01     121.0    346.7
2014  4 12   102   20 46  0     59.56    0.4372E-01     120.9    346.5
2014  4 12   102   20 47  0     59.74    0.4284E-01     120.7    346.5
2014  4 12   102   20 48  0     59.92    0.4198E-01     120.3    346.3
2014  4 12   102   20 49  0     60.11    0.4114E-01     120.0    345.9
2014  4 12   102   20 50  0     60.29    0.4035E-01     120.0    345.9
2014  4 12   102   20 51  0     60.47    0.3954E-01     119.9    345.8
2014  4 12   102   20 52  0     60.66    0.3875E-01     119.7    345.7
2014  4 12   102   20 53  0     60.84    0.3802E-01     119.8    345.5
2014  4 12   102   20 54  0     61.02    0.3731E-01     120.1    345.4
2014  4 12   102   20 55  0     61.21    0.3661E-01     120.3    345.4
2014  4 12   102   20 56  0     61.39    0.3594E-01     120.4    345.2
2014  4 12   102   20 57  0     61.57    0.3526E-01     120.5    344.9
2014  4 12   102   20 58  0     61.76    0.3460E-01     120.4    344.4
2014  4 12   102   20 59  0     61.94    0.3389E-01     120.3    344.2
2014  4 12   102   21  0  0     62.13    0.3317E-01     120.1    344.0
2014  4 12   102   21  1  0     62.31    0.3243E-01     119.8    343.9
2014  4 12   102   21  2  0     62.50    0.3178E-01     119.8    343.6
2014  4 12   102   21  3  0     62.68    0.3115E-01     119.7    343.1
2014  4 12   102   21  4  0     62.87    0.3043E-01     119.2    342.9
2014  4 12   102   21  5  0     63.05    0.2977E-01     119.0    342.6
2014  4 12   102   21  6  0     63.24    0.2910E-01     118.6    342.4
2014  4 12   102   21  7  0     63.42    0.2845E-01     118.3    342.1
2014  4 12   102   21  8  0     63.61    0.2789E-01     118.5    341.7
2014  4 12   102   21  9  0     63.79    0.2731E-01     118.5    341.4
2014  4 12   102   21 10  0     63.98    0.2672E-01     118.5    341.0
2014  4 12   102   21 11  0     64.16    0.2616E-01     118.5    340.6
2014  4 12   102   21 12  0     64.35    0.2557E-01     118.4    340.4
2014  4 12   102   21 13  0     64.54    0.2505E-01     118.7    340.2
2014  4 12   102   21 14  0     64.72    0.2454E-01     118.9    339.7
2014  4 12   102   21 15  0     64.91    0.2394E-01     118.7    339.3
2014  4 12   102   21 16  0     65.09    0.2337E-01     118.1    338.8
2014  4 12   102   21 17  0     65.28    0.2282E-01     117.5    338.4
2014  4 12   102   21 18  0     65.47    0.2224E-01     116.9    338.3
2014  4 12   102   21 19  0     65.65    0.2172E-01     116.5    337.7
2014  4 12   102   21 20  0     65.84    0.2119E-01     116.0    337.3
2014  4 12   102   21 21  0     66.03    0.2074E-01     116.1    336.2
2014  4 12   102   21 22  0     66.21    0.2023E-01     116.0    336.0
2014  4 12   102   21 23  0     66.40    0.1972E-01     116.2    336.3
2014  4 12   102   21 24  0     66.59    0.1922E-01     116.2    335.9
2014  4 12   102   21 25  0     66.78    0.1875E-01     116.3    335.4
2014  4 12   102   21 26  0     66.96    0.1829E-01     116.2    334.6
2014  4 12   102   21 27  0     67.15    0.1782E-01     116.3    333.4
2014  4 12   102   21 28  0     67.34    0.1736E-01     116.1    333.1
2014  4 12   102   21 29  0     67.53    0.1693E-01     115.8    332.2
2014  4 12   102   21 30  0     67.71    0.1653E-01     115.8    331.6
2014  4 12   102   21 31  0     67.90    0.1606E-01     115.5    332.5
2014  4 12   102   21 32  0     68.09    0.1566E-01     115.3    330.4
2014  4 12   102   21 33  0     68.28    0.1526E-01     115.3    329.8
2014  4 12   102   21 34  0     68.46    0.1486E-01     115.1    329.4
2014  4 12   102   21 35  0     68.65    0.1447E-01     115.2    328.9
2014  4 12   102   21 36  0     68.84    0.1409E-01     115.1    328.2
2014  4 12   102   21 37  0     69.03    0.1371E-01     114.6    327.3
2014  4 12   102   21 38  0     69.22    0.1335E-01     114.5    326.4
2014  4 12   102   21 39  0     69.40    0.1299E-01     114.6    325.9
2014  4 12   102   21 40  0     69.59    0.1263E-01     114.4    325.5
2014  4 12   102   21 41  0     69.78    0.1227E-01     114.4    324.9
2014  4 12   102   21 42  0     69.97    0.1194E-01     114.3    324.2
2014  4 12   102   21 43  0     70.16    0.1163E-01     114.3    323.1
2014  4 12   102   21 44  0     70.35    0.1131E-01     114.2    322.5
2014  4 12   102   21 45  0     70.54    0.1100E-01     114.2    321.4
2014  4 12   102   21 46  0     70.72    0.1068E-01     113.7    320.8
2014  4 12   102   21 47  0     70.91    0.1039E-01     113.4    319.1
2014  4 12   102   21 48  0     71.10    0.1008E-01     113.2    318.3
2014  4 12   102   21 49  0     71.29    0.9794E-02     113.0    317.4
2014  4 12   102   21 50  0     71.48    0.9516E-02     112.8    316.2
2014  4 12   102   21 51  0     71.67    0.9236E-02     112.5    315.2
2014  4 12   102   21 52  0     71.86    0.8947E-02     112.2    314.4
2014  4 12   102   21 53  0     72.04    0.8672E-02     112.1    312.7
2014  4 12   102   21 54  0     72.23    0.8401E-02     110.6    311.3
2014  4 12   102   21 55  0     72.42    0.8116E-02     107.8    309.9
2014  4 12   102   21 56  0     72.61    0.7821E-02     101.5    306.3
2014  4 12   102   21 57  0     72.80    0.7472E-02      93.3    303.5
2014  4 12   102   21 58  0     72.99    0.7157E-02      91.0    302.5
2014  4 12   102   21 59  0     73.18    0.6890E-02      87.2    299.7
2014  4 12   102   22  0  0     73.37    0.6598E-02      83.8    298.3
2014  4 12   102   22  1  0     73.56    0.6385E-02      85.3    297.0
2014  4 12   102   22  2  0     73.75    0.6244E-02      96.4    297.4
2014  4 12   102   22  3  0     73.94    0.6128E-02     103.8    296.6
2014  4 12   102   22  4  0     74.12    0.5968E-02     106.9    296.2
2014  4 12   102   22  5  0     74.31    0.5819E-02     107.6    294.9
2014  4 12   102   22  6  0     74.50    0.5684E-02     108.7    292.7
2014  4 12   102   22  7  0     74.69    0.5520E-02     110.9    293.6
2014  4 12   102   22  8  0     74.88    0.5384E-02     112.3    292.4
2014  4 12   102   22  9  0     75.07    0.5256E-02     113.7    289.8
2014  4 12   102   22 10  0     75.26    0.5111E-02     113.6    288.8
2014  4 12   102   22 11  0     75.45    0.4959E-02     114.1    288.2
2014  4 12   102   22 12  0     75.64    0.4841E-02     115.7    285.6
2014  4 12   102   22 13  0     75.83    0.4688E-02     116.1    284.6
2014  4 12   102   22 14  0     76.02    0.4540E-02     116.6    282.9
2014  4 12   102   22 15  0     76.21    0.4398E-02     116.6    280.4
2014  4 12   102   22 16  0     76.40    0.4256E-02     116.3    277.8
2014  4 12   102   22 17  0     76.58    0.4110E-02     115.5    275.2
2014  4 12   102   22 18  0     76.77    0.3955E-02     115.3    273.6
2014  4 12   102   22 19  0     76.96    0.3826E-02     114.9    270.6
2014  4 12   102   22 20  0     77.15    0.3694E-02     114.3    267.4
2014  4 12   102   22 21  0     77.34    0.3577E-02     113.6    264.2
2014  4 12   102   22 22  0     77.53    0.3437E-02     113.4    262.9
2014  4 12   102   22 23  0     77.72    0.3343E-02     113.1    258.4
2014  4 12   102   22 24  0     77.91    0.3225E-02     112.7    255.9
2014  4 12   102   22 25  0     78.10    0.3094E-02     112.4    254.4
2014  4 12   102   22 26  0     78.29    0.2995E-02     112.2    250.9
2014  4 12   102   22 27  0     78.48    0.2900E-02     112.0    247.1
2014  4 12   102   22 28  0     78.67    0.2787E-02     112.0    245.1
2014  4 12   102   22 29  0     78.86    0.2679E-02     112.0    243.3
2014  4 12   102   22 30  0     79.04    0.2600E-02     112.0    238.9
2014  4 12   102   22 31  0     79.23    0.2507E-02     112.0    236.1
2014  4 12   102   22 32  0     79.42    0.2428E-02     112.1    232.3
2014  4 12   102   22 33  0     79.61    0.2322E-02     112.3    231.5
2014  4 12   102   22 34  0     79.80    0.2273E-02     112.4    225.1
2014  4 12   102   22 35  0     79.99    0.2189E-02     112.6    222.6
2014  4 12   102   22 36  0     80.18    0.2120E-02     112.5    218.9
2014  4 12   102   22 37  0     80.37    0.2044E-02     112.7    216.3
2014  4 12   102   22 38  0     80.56    0.1972E-02     113.0    213.5
2014  4 12   102   22 39  0     80.75    0.1902E-02     113.4    210.8
2014  4 12   102   22 40  0     80.93    0.1847E-02     113.6    206.6
2014  4 12   102   22 41  0     81.12    0.1779E-02     113.7    203.9
2014  4 12   102   22 42  0     81.31    0.1736E-02     113.7    199.0
2014  4 12   102   22 43  0     81.50    0.1667E-02     113.3    196.6
2014  4 12   102   22 44  0     81.69    0.1621E-02     112.6    192.2
2014  4 12   102   22 45  0     81.88    0.1573E-02     111.8    188.0
2014  4 12   102   22 46  0     82.07    0.1515E-02     111.8    185.2
2014  4 12   102   22 47  0     82.26    0.1458E-02     112.2    182.8
2014  4 12   102   22 48  0     82.44    0.1408E-02     112.8    179.8
2014  4 12   102   22 49  0     82.63    0.1355E-02     113.3    177.3
2014  4 12   102   22 50  0     82.82    0.1327E-02     114.1    171.7
2014  4 12   102   22 51  0     83.01    0.1301E-02     114.5    166.1
2014  4 12   102   22 52  0     83.20    0.1263E-02     114.2    162.5
2014  4 12   102   22 53  0     83.39    0.1223E-02     113.9    159.1
2014  4 12   102   22 54  0     83.58    0.1173E-02     113.5    157.0
2014  4 12   102   22 55  0     83.76    0.1142E-02     112.9    152.4
2014  4 12   102   22 56  0     83.95    0.1117E-02     112.4    147.2
2014  4 12   102   22 57  0     84.14    0.1107E-02     112.1    140.7
2014  4 12   102   22 58  0     84.33    0.1069E-02     111.9    137.9
2014  4 12   102   22 59  0     84.51    0.1036E-02     111.7    134.6
2014  4 12   102   23  0  0     84.70    0.1007E-02     111.5    131.1
2014  4 12   102   23  1  0     84.89    0.9918E-03     111.5    125.8
2014  4 12   102   23  2  0     85.08    0.9867E-03     111.3    119.8
2014  4 12   102   23  3  0     85.27    0.9299E-03     111.0    120.3
2014  4 12   102   23  4  0     85.45    0.9339E-03     110.7    114.5
2014  4 12   102   23  5  0     85.64    0.9137E-03     110.4    111.2
2014  4 12   102   23  6  0     85.83    0.8878E-03     110.3    108.6
2014  4 12   102   23  7  0     86.02    0.8731E-03     110.2    105.0
2014  4 12   102   23  8  0     86.20    0.8526E-03     109.7    102.6
2014  4 12   102   23  9  0     86.39    0.8227E-03     109.3    101.0
2014  4 12   102   23 10  0     86.58    0.8120E-03     109.0     97.2
2014  4 12   102   23 11  0     86.76    0.8052E-03     108.8     93.0
2014  4 12   102   23 12  0     86.95    0.7818E-03     108.8     90.5
2014  4 12   102   23 13  0     87.14    0.7730E-03     108.5     87.2
2014  4 12   102   23 14  0     87.32    0.7671E-03     108.2     83.8
2014  4 12   102   23 15  0     87.51    0.7451E-03     108.1     81.7
2014  4 12   102   23 16  0     87.70    0.7458E-03     108.1     77.1
2014  4 12   102   23 17  0     87.88    0.7266E-03     108.2     74.5
2014  4 12   102   23 18  0     88.07    0.7107E-03     108.2     72.0
2014  4 12   102   23 19  0     88.26    0.7026E-03     107.9     69.2
2014  4 12   102   23 20  0     88.44    0.6984E-03     107.8     65.7
2014  4 12   102   23 21  0     88.63    0.6668E-03     107.8     64.7
2014  4 12   102   23 22  0     88.81    0.6694E-03     107.9     60.2
2014  4 12   102   23 23  0     89.00    0.6582E-03     108.5     57.0
2014  4 12   102   23 24  0     89.19    0.6363E-03     107.8     56.0
2014  4 12   102   23 25  0     89.37    0.6562E-03     107.4     50.8
2014  4 12   102   23 26  0     89.56    0.6073E-03     107.1     51.8
2014  4 12   102   23 27  0     89.74    0.6235E-03     107.1     46.4
2014  4 12   102   23 28  0     89.93    0.6142E-03     107.3     43.2
