                            NILUUV 115

Uvpro Version 2.0
Latitude :   40.74 (North)
Longitude:  -74.03  (West)
Calibration file: cf100603a.115
Height above sea level:    40.0  m
CLT derived from channel 5
CLT scale factor used:   1.0
Ozone derived from channel pair ch3/ch1
Ozone scale factor used:   1.0
Drift factors ch1-ch6:   0.511  0.539  0.601  0.654  0.506  0.872
Ozone profile climatology: Mid  Latitude
Dose type:    CLW    Caldwell Plant 1971           

yyyy mm dd   jul   hh mm ss      SZA     dose rate       clt     Ozone
                              [degrees]   [W/m^2]        [%]     [DU]
2014  9  9   252   10 36  0     89.97    0.7605E-03      82.7     29.8
2014  9  9   252   10 37  0     89.78    0.7869E-03      83.6     32.0
2014  9  9   252   10 38  0     89.59    0.8186E-03      86.0     34.4
2014  9  9   252   10 39  0     89.41    0.8143E-03      88.7     38.6
2014  9  9   252   10 40  0     89.22    0.8348E-03      90.9     41.3
2014  9  9   252   10 41  0     89.03    0.8451E-03      93.1     44.1
2014  9  9   252   10 42  0     88.84    0.8542E-03      94.7     47.5
2014  9  9   252   10 43  0     88.65    0.8795E-03      95.9     50.2
2014  9  9   252   10 44  0     88.46    0.8940E-03      96.2     53.5
2014  9  9   252   10 45  0     88.28    0.8991E-03      96.2     56.9
2014  9  9   252   10 46  0     88.09    0.9053E-03      97.5     60.6
2014  9  9   252   10 47  0     87.90    0.9264E-03      98.0     63.4
2014  9  9   252   10 48  0     87.71    0.9468E-03      97.9     66.4
2014  9  9   252   10 49  0     87.52    0.9652E-03      97.4     68.9
2014  9  9   252   10 50  0     87.33    0.9723E-03      96.4     71.4
2014  9  9   252   10 51  0     87.15    0.9772E-03      96.7     74.3
2014  9  9   252   10 52  0     86.96    0.9885E-03      97.9     78.3
2014  9  9   252   10 53  0     86.77    0.1023E-02      98.7     80.7
2014  9  9   252   10 54  0     86.58    0.1029E-02      98.6     84.5
2014  9  9   252   10 55  0     86.39    0.1049E-02      97.9     87.2
2014  9  9   252   10 56  0     86.20    0.1069E-02      97.1     89.8
2014  9  9   252   10 57  0     86.01    0.1079E-02      96.9     93.5
2014  9  9   252   10 58  0     85.82    0.1113E-02      96.4     96.4
2014  9  9   252   10 59  0     85.63    0.1147E-02      95.7     99.2
2014  9  9   252   11  0  0     85.44    0.1184E-02      95.0    101.5
2014  9  9   252   11  1  0     85.26    0.1198E-02      95.5    105.9
2014  9  9   252   11  2  0     85.07    0.1234E-02      97.5    109.8
2014  9  9   252   11  3  0     84.88    0.1282E-02      99.8    114.0
2014  9  9   252   11  4  0     84.69    0.1344E-02     101.2    117.2
2014  9  9   252   11  5  0     84.50    0.1387E-02     101.3    121.9
2014  9  9   252   11  6  0     84.31    0.1435E-02     101.2    125.4
2014  9  9   252   11  7  0     84.12    0.1458E-02     101.0    130.1
2014  9  9   252   11  8  0     83.93    0.1508E-02     100.8    133.0
2014  9  9   252   11  9  0     83.74    0.1558E-02     100.5    136.8
2014  9  9   252   11 10  0     83.55    0.1624E-02     100.3    140.5
2014  9  9   252   11 11  0     83.36    0.1682E-02     100.2    145.0
2014  9  9   252   11 12  0     83.17    0.1737E-02     100.6    149.5
2014  9  9   252   11 13  0     82.99    0.1806E-02     101.2    153.9
2014  9  9   252   11 14  0     82.80    0.1860E-02     100.8    158.9
2014  9  9   252   11 15  0     82.61    0.1935E-02     100.0    161.7
2014  9  9   252   11 16  0     82.42    0.2027E-02      99.0    162.5
2014  9  9   252   11 17  0     82.23    0.2063E-02      98.2    167.3
2014  9  9   252   11 18  0     82.04    0.2120E-02      97.3    170.5
2014  9  9   252   11 19  0     81.85    0.2190E-02      96.0    173.1
2014  9  9   252   11 20  0     81.66    0.2246E-02      95.1    176.4
2014  9  9   252   11 21  0     81.47    0.2277E-02      94.3    180.3
2014  9  9   252   11 22  0     81.28    0.2347E-02      94.0    182.4
2014  9  9   252   11 23  0     81.09    0.2417E-02      94.4    186.5
2014  9  9   252   11 24  0     80.90    0.2529E-02      95.0    188.8
2014  9  9   252   11 25  0     80.71    0.2647E-02      97.2    192.2
2014  9  9   252   11 26  0     80.52    0.2778E-02      97.7    195.1
2014  9  9   252   11 27  0     80.34    0.2900E-02      99.2    198.5
2014  9  9   252   11 28  0     80.15    0.3034E-02     102.8    201.0
2014  9  9   252   11 29  0     79.96    0.3141E-02     105.1    205.5
2014  9  9   252   11 30  0     79.77    0.3270E-02     105.0    208.6
2014  9  9   252   11 31  0     79.58    0.3452E-02     108.5    209.6
2014  9  9   252   11 32  0     79.39    0.3590E-02     110.8    214.0
2014  9  9   252   11 33  0     79.20    0.3777E-02     110.4    216.4
2014  9  9   252   11 34  0     79.01    0.3977E-02     111.6    219.3
2014  9  9   252   11 35  0     78.82    0.4198E-02     114.5    222.4
2014  9  9   252   11 36  0     78.63    0.4433E-02     116.4    225.1
2014  9  9   252   11 37  0     78.44    0.4668E-02     116.4    226.5
2014  9  9   252   11 38  0     78.26    0.4867E-02     116.3    228.5
2014  9  9   252   11 39  0     78.07    0.5067E-02     116.6    230.9
2014  9  9   252   11 40  0     77.88    0.5278E-02     116.6    233.9
2014  9  9   252   11 41  0     77.69    0.5490E-02     116.3    235.7
2014  9  9   252   11 42  0     77.50    0.5726E-02     116.3    236.5
2014  9  9   252   11 43  0     77.31    0.5962E-02     116.4    237.4
2014  9  9   252   11 44  0     77.12    0.6174E-02     116.4    239.0
2014  9  9   252   11 45  0     76.93    0.6383E-02     116.2    241.0
2014  9  9   252   11 46  0     76.74    0.6629E-02     115.9    241.7
2014  9  9   252   11 47  0     76.56    0.6873E-02     116.0    243.3
2014  9  9   252   11 48  0     76.37    0.7143E-02     116.2    244.4
2014  9  9   252   11 49  0     76.18    0.7388E-02     116.3    246.0
2014  9  9   252   11 50  0     75.99    0.7628E-02     116.0    247.0
2014  9  9   252   11 51  0     75.80    0.7913E-02     116.4    247.8
2014  9  9   252   11 52  0     75.61    0.8209E-02     116.3    248.9
2014  9  9   252   11 53  0     75.43    0.8475E-02     116.0    250.8
2014  9  9   252   11 54  0     75.24    0.8775E-02     116.1    251.6
2014  9  9   252   11 55  0     75.05    0.9079E-02     115.5    252.1
2014  9  9   252   11 56  0     74.86    0.9361E-02     116.0    254.4
2014  9  9   252   11 57  0     74.67    0.9672E-02     115.8    255.3
2014  9  9   252   11 58  0     74.48    0.1000E-01     115.7    255.8
2014  9  9   252   11 59  0     74.30    0.1035E-01     115.5    255.4
2014  9  9   252   12  0  0     74.11    0.1066E-01     115.3    256.8
2014  9  9   252   12  1  0     73.92    0.1101E-01     115.3    257.6
2014  9  9   252   12  2  0     73.73    0.1136E-01     115.3    258.4
2014  9  9   252   12  3  0     73.54    0.1172E-01     115.1    258.7
2014  9  9   252   12  4  0     73.36    0.1207E-01     115.2    259.1
2014  9  9   252   12  5  0     73.17    0.1243E-01     115.1    259.6
2014  9  9   252   12  6  0     72.98    0.1279E-01     114.7    260.4
2014  9  9   252   12  7  0     72.79    0.1317E-01     113.4    260.3
2014  9  9   252   12  8  0     72.61    0.1354E-01     112.9    260.9
2014  9  9   252   12  9  0     72.42    0.1385E-01     108.7    261.0
2014  9  9   252   12 10  0     72.23    0.1431E-01     111.6    261.7
2014  9  9   252   12 11  0     72.04    0.1456E-01     104.9    260.9
2014  9  9   252   12 12  0     71.86    0.1481E-01     100.6    261.3
2014  9  9   252   12 13  0     71.67    0.1535E-01     106.4    262.2
2014  9  9   252   12 14  0     71.48    0.1562E-01     104.2    262.2
2014  9  9   252   12 15  0     71.30    0.1529E-01      81.0    259.3
2014  9  9   252   12 16  0     71.11    0.1581E-01      85.1    260.2
2014  9  9   252   12 17  0     70.92    0.1600E-01      78.9    259.8
2014  9  9   252   12 18  0     70.74    0.1647E-01      80.6    260.6
2014  9  9   252   12 19  0     70.55    0.1716E-01      89.0    262.4
2014  9  9   252   12 20  0     70.36    0.1783E-01      98.7    263.9
2014  9  9   252   12 21  0     70.18    0.1833E-01     106.7    265.2
2014  9  9   252   12 22  0     69.99    0.1747E-01      79.5    261.4
2014  9  9   252   12 23  0     69.81    0.1744E-01      71.8    260.4
2014  9  9   252   12 24  0     69.62    0.1763E-01      70.6    260.8
2014  9  9   252   12 25  0     69.43    0.1801E-01      71.4    261.2
2014  9  9   252   12 26  0     69.25    0.1841E-01      72.8    261.9
2014  9  9   252   12 27  0     69.06    0.1866E-01      71.0    261.6
2014  9  9   252   12 28  0     68.88    0.1894E-01      70.6    262.1
2014  9  9   252   12 29  0     68.69    0.1923E-01      69.4    262.3
2014  9  9   252   12 30  0     68.51    0.1942E-01      67.0    262.5
2014  9  9   252   12 31  0     68.32    0.2004E-01      70.7    263.3
2014  9  9   252   12 32  0     68.14    0.1985E-01      63.6    262.4
2014  9  9   252   12 33  0     67.95    0.2026E-01      63.7    262.5
2014  9  9   252   12 34  0     67.77    0.2078E-01      64.1    263.1
2014  9  9   252   12 35  0     67.58    0.2149E-01      66.1    263.7
2014  9  9   252   12 36  0     67.40    0.2232E-01      70.4    265.0
2014  9  9   252   12 37  0     67.22    0.2298E-01      71.7    265.3
2014  9  9   252   12 38  0     67.03    0.2362E-01      73.8    266.0
2014  9  9   252   12 39  0     66.85    0.2387E-01      71.5    266.0
2014  9  9   252   12 40  0     66.66    0.2398E-01      68.7    265.8
2014  9  9   252   12 41  0     66.48    0.2367E-01      64.3    265.5
2014  9  9   252   12 42  0     66.30    0.2400E-01      63.1    265.7
2014  9  9   252   12 43  0     66.11    0.2431E-01      62.7    265.9
2014  9  9   252   12 44  0     65.93    0.2467E-01      61.5    266.0
2014  9  9   252   12 45  0     65.75    0.2500E-01      59.7    265.7
2014  9  9   252   12 46  0     65.57    0.2517E-01      58.6    266.1
2014  9  9   252   12 47  0     65.38    0.2559E-01      58.3    266.6
2014  9  9   252   12 48  0     65.20    0.2657E-01      59.8    267.0
2014  9  9   252   12 49  0     65.02    0.2727E-01      61.1    267.8
2014  9  9   252   12 50  0     64.84    0.2776E-01      62.2    269.0
2014  9  9   252   12 51  0     64.65    0.2869E-01      64.2    269.8
2014  9  9   252   12 52  0     64.47    0.3010E-01      66.7    270.2
2014  9  9   252   12 53  0     64.29    0.3115E-01      69.3    271.2
2014  9  9   252   12 54  0     64.11    0.3248E-01      73.1    272.2
2014  9  9   252   12 55  0     63.93    0.3338E-01      72.6    273.2
2014  9  9   252   12 56  0     63.74    0.3470E-01      75.8    272.7
2014  9  9   252   12 57  0     63.56    0.3567E-01      76.7    273.2
2014  9  9   252   12 58  0     63.38    0.3741E-01      79.9    273.4
2014  9  9   252   12 59  0     63.20    0.3778E-01      77.1    272.8
2014  9  9   252   13  0  0     63.02    0.3679E-01      74.5    273.9
2014  9  9   252   13  1  0     62.84    0.3772E-01      78.3    276.1
2014  9  9   252   13  2  0     62.66    0.4208E-01      90.7    276.9
2014  9  9   252   13  3  0     62.48    0.4397E-01      88.6    274.7
2014  9  9   252   13  4  0     62.30    0.4445E-01      85.4    274.2
2014  9  9   252   13  5  0     62.12    0.4339E-01      81.1    274.4
2014  9  9   252   13  6  0     61.94    0.4374E-01      88.3    277.5
2014  9  9   252   13  7  0     61.76    0.4425E-01      95.1    279.8
2014  9  9   252   13  8  0     61.59    0.4443E-01      90.4    279.3
2014  9  9   252   13  9  0     61.41    0.4358E-01      80.5    277.7
2014  9  9   252   13 10  0     61.23    0.4743E-01      95.1    280.4
2014  9  9   252   13 11  0     61.05    0.4724E-01      86.6    279.1
2014  9  9   252   13 12  0     60.87    0.4809E-01      81.8    278.1
2014  9  9   252   13 13  0     60.70    0.5006E-01      84.5    278.3
2014  9  9   252   13 14  0     60.52    0.5028E-01      83.2    279.0
2014  9  9   252   13 15  0     60.34    0.5498E-01      96.5    280.4
2014  9  9   252   13 16  0     60.16    0.6139E-01     112.0    281.1
2014  9  9   252   13 17  0     59.99    0.6363E-01     115.4    281.3
2014  9  9   252   13 18  0     59.81    0.6348E-01     112.0    281.5
2014  9  9   252   13 19  0     59.63    0.6064E-01      93.3    279.1
2014  9  9   252   13 20  0     59.46    0.6368E-01     100.2    279.5
2014  9  9   252   13 21  0     59.28    0.6208E-01      92.7    279.1
2014  9  9   252   13 22  0     59.11    0.6142E-01      95.7    281.0
2014  9  9   252   13 23  0     58.93    0.6228E-01      98.8    282.4
2014  9  9   252   13 24  0     58.76    0.6545E-01     100.4    281.9
2014  9  9   252   13 25  0     58.58    0.6935E-01     101.8    280.3
2014  9  9   252   13 26  0     58.41    0.6800E-01      95.9    280.3
2014  9  9   252   13 27  0     58.23    0.6824E-01      97.0    281.1
2014  9  9   252   13 28  0     58.06    0.6467E-01      91.1    281.9
2014  9  9   252   13 29  0     57.89    0.6173E-01      87.9    283.6
2014  9  9   252   13 30  0     57.71    0.6127E-01      82.6    282.7
2014  9  9   252   13 31  0     57.54    0.6017E-01      80.6    283.2
2014  9  9   252   13 32  0     57.37    0.6124E-01      82.7    284.9
2014  9  9   252   13 33  0     57.19    0.6755E-01      88.7    284.1
2014  9  9   252   13 34  0     57.02    0.7054E-01      91.9    284.0
2014  9  9   252   13 35  0     56.85    0.6980E-01      91.5    284.8
2014  9  9   252   13 36  0     56.68    0.6996E-01      92.0    285.1
2014  9  9   252   13 37  0     56.51    0.6670E-01      80.2    284.1
2014  9  9   252   13 38  0     56.34    0.6925E-01      82.1    283.9
2014  9  9   252   13 39  0     56.17    0.6744E-01      78.2    283.7
2014  9  9   252   13 40  0     55.99    0.7047E-01      88.1    285.3
2014  9  9   252   13 41  0     55.82    0.6840E-01      81.7    284.6
2014  9  9   252   13 42  0     55.65    0.6496E-01      73.9    284.4
2014  9  9   252   13 43  0     55.49    0.6337E-01      70.9    284.5
2014  9  9   252   13 44  0     55.32    0.6184E-01      67.8    284.5
2014  9  9   252   13 45  0     55.15    0.6166E-01      66.2    284.4
2014  9  9   252   13 46  0     54.98    0.6354E-01      65.8    283.8
2014  9  9   252   13 47  0     54.81    0.6481E-01      66.3    284.1
2014  9  9   252   13 48  0     54.64    0.6758E-01      71.3    285.2
2014  9  9   252   13 49  0     54.48    0.7177E-01      74.3    284.9
2014  9  9   252   13 50  0     54.31    0.7745E-01      80.8    285.2
2014  9  9   252   13 51  0     54.14    0.8128E-01      84.1    284.3
2014  9  9   252   13 52  0     53.97    0.7248E-01      69.9    284.0
2014  9  9   252   13 53  0     53.81    0.6915E-01      66.3    284.7
2014  9  9   252   13 54  0     53.64    0.6981E-01      66.1    284.5
2014  9  9   252   13 55  0     53.48    0.6996E-01      64.7    284.1
2014  9  9   252   13 56  0     53.31    0.7396E-01      70.1    284.8
2014  9  9   252   13 57  0     53.15    0.7948E-01      75.0    284.5
2014  9  9   252   13 58  0     52.98    0.7938E-01      71.2    283.8
2014  9  9   252   13 59  0     52.82    0.7724E-01      69.5    284.8
2014  9  9   252   14  0  0     52.66    0.7438E-01      67.0    285.6
2014  9  9   252   14  1  0     52.49    0.7571E-01      67.9    286.4
2014  9  9   252   14  2  0     52.33    0.7589E-01      69.3    287.4
2014  9  9   252   14  3  0     52.17    0.7056E-01      62.7    287.9
2014  9  9   252   14  4  0     52.01    0.7377E-01      63.5    287.5
2014  9  9   252   14  5  0     51.85    0.7245E-01      61.0    288.0
2014  9  9   252   14  6  0     51.69    0.7512E-01      62.1    288.0
2014  9  9   252   14  7  0     51.52    0.8024E-01      67.6    288.9
2014  9  9   252   14  8  0     51.37    0.8473E-01      71.2    289.0
2014  9  9   252   14  9  0     51.21    0.9203E-01      76.0    287.8
2014  9  9   252   14 10  0     51.05    0.9451E-01      79.0    288.7
2014  9  9   252   14 11  0     50.89    0.1025E+00      85.7    288.7
2014  9  9   252   14 12  0     50.73    0.1088E+00      88.6    288.0
2014  9  9   252   14 13  0     50.57    0.1059E+00      83.4    287.9
2014  9  9   252   14 14  0     50.41    0.9443E-01      72.5    289.5
2014  9  9   252   14 15  0     50.26    0.8869E-01      69.6    291.9
2014  9  9   252   14 16  0     50.10    0.9388E-01      72.0    291.2
2014  9  9   252   14 17  0     49.94    0.9723E-01      72.9    290.7
2014  9  9   252   14 18  0     49.79    0.9543E-01      70.5    290.9
2014  9  9   252   14 19  0     49.63    0.8916E-01      66.5    292.1
2014  9  9   252   14 20  0     49.48    0.9153E-01      67.7    291.9
2014  9  9   252   14 21  0     49.33    0.9827E-01      70.4    290.1
2014  9  9   252   14 22  0     49.17    0.9309E-01      66.3    291.2
2014  9  9   252   14 23  0     49.02    0.8548E-01      60.4    293.2
2014  9  9   252   14 24  0     48.87    0.8940E-01      62.4    293.2
2014  9  9   252   14 25  0     48.71    0.8878E-01      61.5    293.5
2014  9  9   252   14 26  0     48.56    0.8452E-01      58.8    294.6
2014  9  9   252   14 27  0     48.41    0.8501E-01      59.2    294.9
2014  9  9   252   14 28  0     48.26    0.9299E-01      64.5    294.0
2014  9  9   252   14 29  0     48.11    0.1004E+00      68.4    292.4
2014  9  9   252   14 30  0     47.96    0.9632E-01      65.4    293.9
2014  9  9   252   14 31  0     47.81    0.1026E+00      68.8    293.2
2014  9  9   252   14 32  0     47.67    0.1100E+00      73.8    292.8
2014  9  9   252   14 33  0     47.52    0.1090E+00      72.8    293.1
2014  9  9   252   14 34  0     47.37    0.9851E-01      64.2    293.9
2014  9  9   252   14 35  0     47.22    0.9340E-01      61.8    295.2
2014  9  9   252   14 36  0     47.08    0.1057E+00      71.1    294.2
2014  9  9   252   14 37  0     46.93    0.1145E+00      76.1    293.0
2014  9  9   252   14 38  0     46.79    0.1178E+00      77.0    292.1
2014  9  9   252   14 39  0     46.64    0.1060E+00      66.5    292.7
2014  9  9   252   14 40  0     46.50    0.9452E-01      58.3    293.6
2014  9  9   252   14 41  0     46.36    0.7948E-01      48.0    295.9
2014  9  9   252   14 42  0     46.22    0.7733E-01      46.8    297.8
2014  9  9   252   14 43  0     46.07    0.8705E-01      52.0    297.2
2014  9  9   252   14 44  0     45.93    0.9150E-01      54.3    297.4
2014  9  9   252   14 45  0     45.79    0.8785E-01      52.0    298.3
2014  9  9   252   14 46  0     45.65    0.8095E-01      48.2    300.0
2014  9  9   252   14 47  0     45.51    0.8061E-01      48.1    300.4
2014  9  9   252   14 48  0     45.37    0.8550E-01      50.3    299.6
2014  9  9   252   14 49  0     45.24    0.8715E-01      51.2    299.4
2014  9  9   252   14 50  0     45.10    0.8711E-01      50.8    299.8
2014  9  9   252   14 51  0     44.96    0.9062E-01      52.6    300.1
2014  9  9   252   14 52  0     44.83    0.1002E+00      58.0    298.8
2014  9  9   252   14 53  0     44.69    0.1056E+00      59.2    295.8
2014  9  9   252   14 54  0     44.56    0.9234E-01      51.9    298.0
2014  9  9   252   14 55  0     44.42    0.9039E-01      51.8    299.5
2014  9  9   252   14 56  0     44.29    0.9735E-01      54.8    299.1
2014  9  9   252   14 57  0     44.16    0.9699E-01      53.5    299.6
2014  9  9   252   14 58  0     44.03    0.9583E-01      52.0    299.5
2014  9  9   252   14 59  0     43.89    0.9417E-01      50.7    299.8
2014  9  9   252   15  0  0     43.76    0.9824E-01      52.4    299.1
2014  9  9   252   15  1  0     43.63    0.9675E-01      50.9    299.2
2014  9  9   252   15  2  0     43.51    0.9343E-01      49.9    300.1
2014  9  9   252   15  3  0     43.38    0.8851E-01      47.0    301.0
2014  9  9   252   15  4  0     43.25    0.8898E-01      47.4    301.6
2014  9  9   252   15  5  0     43.12    0.1004E+00      54.1    301.0
2014  9  9   252   15  6  0     43.00    0.1119E+00      60.1    299.6
2014  9  9   252   15  7  0     42.87    0.1045E+00      54.5    300.6
2014  9  9   252   15  8  0     42.75    0.9698E-01      51.5    302.2
2014  9  9   252   15  9  0     42.63    0.9720E-01      51.8    302.2
2014  9  9   252   15 10  0     42.50    0.1026E+00      54.3    300.9
2014  9  9   252   15 11  0     42.38    0.1005E+00      51.9    300.4
2014  9  9   252   15 12  0     42.26    0.9688E-01      50.1    301.2
2014  9  9   252   15 13  0     42.14    0.1014E+00      52.3    300.4
2014  9  9   252   15 14  0     42.02    0.1069E+00      54.8    300.0
2014  9  9   252   15 15  0     41.90    0.1041E+00      52.3    300.0
2014  9  9   252   15 16  0     41.79    0.9690E-01      48.2    302.0
2014  9  9   252   15 17  0     41.67    0.1045E+00      51.6    301.9
2014  9  9   252   15 18  0     41.55    0.1133E+00      54.5    300.9
2014  9  9   252   15 19  0     41.44    0.1080E+00      51.9    302.4
2014  9  9   252   15 20  0     41.32    0.1109E+00      53.3    302.4
2014  9  9   252   15 21  0     41.21    0.1122E+00      53.4    302.3
2014  9  9   252   15 22  0     41.10    0.1064E+00      50.2    302.8
2014  9  9   252   15 23  0     40.99    0.1046E+00      49.1    302.6
2014  9  9   252   15 24  0     40.88    0.1030E+00      48.2    302.8
2014  9  9   252   15 25  0     40.77    0.1022E+00      48.0    303.4
2014  9  9   252   15 26  0     40.66    0.1154E+00      53.5    301.5
2014  9  9   252   15 27  0     40.55    0.1275E+00      58.3    300.5
2014  9  9   252   15 28  0     40.44    0.1359E+00      61.4    299.6
2014  9  9   252   15 29  0     40.34    0.1393E+00      62.6    299.7
2014  9  9   252   15 30  0     40.23    0.1402E+00      62.8    299.7
2014  9  9   252   15 31  0     40.13    0.1397E+00      61.8    299.2
2014  9  9   252   15 32  0     40.03    0.1293E+00      57.2    300.2
2014  9  9   252   15 33  0     39.92    0.1103E+00      49.0    301.8
2014  9  9   252   15 34  0     39.82    0.9536E-01      42.8    303.9
2014  9  9   252   15 35  0     39.72    0.9853E-01      44.3    304.2
2014  9  9   252   15 36  0     39.62    0.1099E+00      49.0    303.4
2014  9  9   252   15 37  0     39.53    0.1131E+00      50.2    303.7
2014  9  9   252   15 38  0     39.43    0.1084E+00      48.2    305.1
2014  9  9   252   15 39  0     39.33    0.1160E+00      51.8    304.5
2014  9  9   252   15 40  0     39.24    0.1300E+00      57.3    302.6
2014  9  9   252   15 41  0     39.14    0.1386E+00      60.4    301.6
2014  9  9   252   15 42  0     39.05    0.1423E+00      61.8    301.3
2014  9  9   252   15 43  0     38.96    0.1383E+00      59.4    302.1
2014  9  9   252   15 44  0     38.87    0.1370E+00      58.9    302.5
2014  9  9   252   15 45  0     38.78    0.1462E+00      63.0    300.4
2014  9  9   252   15 46  0     38.69    0.1554E+00      66.1    298.9
2014  9  9   252   15 47  0     38.60    0.1599E+00      67.3    299.0
2014  9  9   252   15 48  0     38.52    0.1585E+00      66.7    300.3
2014  9  9   252   15 49  0     38.43    0.1515E+00      64.0    302.0
2014  9  9   252   15 50  0     38.35    0.1551E+00      65.6    301.6
2014  9  9   252   15 51  0     38.27    0.1665E+00      68.7    299.5
2014  9  9   252   15 52  0     38.18    0.1807E+00      74.9    298.2
2014  9  9   252   15 53  0     38.10    0.1889E+00      79.8    298.0
2014  9  9   252   15 54  0     38.02    0.1714E+00      72.9    300.6
2014  9  9   252   15 55  0     37.95    0.1512E+00      64.8    303.2
2014  9  9   252   15 56  0     37.87    0.1420E+00      59.8    304.2
2014  9  9   252   15 57  0     37.79    0.1555E+00      65.1    302.5
2014  9  9   252   15 58  0     37.72    0.1699E+00      70.1    300.4
2014  9  9   252   15 59  0     37.64    0.1715E+00      69.8    300.3
2014  9  9   252   16  0  0     37.57    0.1740E+00      69.3    299.4
2014  9  9   252   16  1  0     37.50    0.1652E+00      65.4    300.5
2014  9  9   252   16  2  0     37.43    0.1518E+00      60.8    303.1
2014  9  9   252   16  3  0     37.36    0.1493E+00      60.7    304.1
2014  9  9   252   16  4  0     37.29    0.1586E+00      64.5    302.6
2014  9  9   252   16  5  0     37.23    0.1534E+00      61.5    302.8
2014  9  9   252   16  6  0     37.16    0.1643E+00      66.0    301.0
2014  9  9   252   16  7  0     37.10    0.1764E+00      70.5    298.9
2014  9  9   252   16  8  0     37.03    0.1680E+00      68.9    300.4
2014  9  9   252   16  9  0     36.97    0.1359E+00      55.1    303.8
2014  9  9   252   16 10  0     36.91    0.1221E+00      49.0    306.2
2014  9  9   252   16 11  0     36.85    0.1240E+00      49.6    306.8
2014  9  9   252   16 12  0     36.80    0.1306E+00      52.1    306.9
2014  9  9   252   16 13  0     36.74    0.1369E+00      54.8    306.3
2014  9  9   252   16 14  0     36.68    0.1387E+00      54.9    306.2
2014  9  9   252   16 15  0     36.63    0.1516E+00      60.3    305.0
2014  9  9   252   16 16  0     36.58    0.1630E+00      64.1    303.5
2014  9  9   252   16 17  0     36.53    0.1611E+00      62.8    304.2
2014  9  9   252   16 18  0     36.48    0.1683E+00      65.9    303.5
2014  9  9   252   16 19  0     36.43    0.1724E+00      66.3    301.4
2014  9  9   252   16 20  0     36.38    0.1493E+00      56.9    303.3
2014  9  9   252   16 21  0     36.34    0.1295E+00      50.7    306.4
2014  9  9   252   16 22  0     36.29    0.1261E+00      49.9    307.0
2014  9  9   252   16 23  0     36.25    0.1422E+00      57.1    305.6
2014  9  9   252   16 24  0     36.21    0.1500E+00      58.9    304.0
2014  9  9   252   16 25  0     36.16    0.1470E+00      57.0    304.9
2014  9  9   252   16 26  0     36.13    0.1554E+00      59.4    304.2
2014  9  9   252   16 27  0     36.09    0.1796E+00      68.6    301.6
2014  9  9   252   16 28  0     36.05    0.2062E+00      80.3    299.6
2014  9  9   252   16 29  0     36.02    0.2146E+00      83.9    298.7
2014  9  9   252   16 30  0     35.98    0.1946E+00      74.4    299.1
2014  9  9   252   16 31  0     35.95    0.1669E+00      64.4    301.7
2014  9  9   252   16 32  0     35.92    0.1527E+00      59.5    302.7
2014  9  9   252   16 33  0     35.89    0.1449E+00      56.1    303.4
2014  9  9   252   16 34  0     35.86    0.1363E+00      52.7    304.4
2014  9  9   252   16 35  0     35.83    0.1294E+00      50.1    305.8
2014  9  9   252   16 36  0     35.81    0.1333E+00      51.3    305.9
2014  9  9   252   16 37  0     35.78    0.1404E+00      53.8    305.2
2014  9  9   252   16 38  0     35.76    0.1475E+00      57.1    305.0
2014  9  9   252   16 39  0     35.74    0.1617E+00      63.4    304.0
2014  9  9   252   16 40  0     35.72    0.1716E+00      67.2    303.1
2014  9  9   252   16 41  0     35.70    0.1843E+00      72.6    302.4
2014  9  9   252   16 42  0     35.68    0.1926E+00      75.6    301.3
2014  9  9   252   16 43  0     35.67    0.1909E+00      74.8    301.2
2014  9  9   252   16 44  0     35.65    0.1807E+00      69.6    300.8
2014  9  9   252   16 45  0     35.64    0.1600E+00      60.5    302.4
2014  9  9   252   16 46  0     35.63    0.1581E+00      59.8    302.9
2014  9  9   252   16 47  0     35.62    0.1718E+00      64.2    302.7
2014  9  9   252   16 48  0     35.61    0.2115E+00      79.6    300.4
2014  9  9   252   16 49  0     35.60    0.2471E+00      92.5    297.0
2014  9  9   252   16 50  0     35.59    0.2581E+00      97.0    296.8
2014  9  9   252   16 51  0     35.59    0.2442E+00      89.5    297.3
2014  9  9   252   16 52  0     35.59    0.2570E+00      98.6    297.2
2014  9  9   252   16 53  0     35.59    0.2383E+00      92.2    298.7
2014  9  9   252   16 54  0     35.59    0.2259E+00      87.4    298.9
2014  9  9   252   16 55  0     35.59    0.2643E+00     109.3    297.7
2014  9  9   252   16 56  0     35.59    0.2254E+00      87.2    297.5
2014  9  9   252   16 57  0     35.59    0.1854E+00      69.7    300.3
2014  9  9   252   16 58  0     35.60    0.1796E+00      69.7    301.3
2014  9  9   252   16 59  0     35.61    0.1860E+00      72.1    300.4
2014  9  9   252   17  0  0     35.61    0.1930E+00      74.1    299.9
2014  9  9   252   17  1  0     35.62    0.2034E+00      79.2    299.5
2014  9  9   252   17  2  0     35.63    0.1901E+00      72.2    300.1
2014  9  9   252   17  3  0     35.65    0.1833E+00      69.5    301.0
2014  9  9   252   17  4  0     35.66    0.1834E+00      69.7    300.8
2014  9  9   252   17  5  0     35.68    0.1820E+00      68.7    300.4
2014  9  9   252   17  6  0     35.69    0.1846E+00      70.0    300.3
2014  9  9   252   17  7  0     35.71    0.1856E+00      72.5    301.1
2014  9  9   252   17  8  0     35.73    0.1756E+00      67.8    302.1
2014  9  9   252   17  9  0     35.75    0.1819E+00      70.2    301.7
2014  9  9   252   17 10  0     35.77    0.2006E+00      76.0    299.1
2014  9  9   252   17 11  0     35.80    0.2222E+00      87.9    298.7
2014  9  9   252   17 12  0     35.82    0.2292E+00      91.5    297.5
2014  9  9   252   17 13  0     35.85    0.1846E+00      68.9    300.3
2014  9  9   252   17 14  0     35.88    0.1807E+00      66.8    300.5
2014  9  9   252   17 15  0     35.90    0.1890E+00      69.5    299.7
2014  9  9   252   17 16  0     35.94    0.1990E+00      73.5    298.6
2014  9  9   252   17 17  0     35.97    0.2220E+00      87.4    297.4
2014  9  9   252   17 18  0     36.00    0.1758E+00      66.9    299.3
2014  9  9   252   17 19  0     36.04    0.1541E+00      59.1    301.7
2014  9  9   252   17 20  0     36.07    0.1677E+00      66.9    301.0
2014  9  9   252   17 21  0     36.11    0.1891E+00      78.9    299.8
2014  9  9   252   17 22  0     36.15    0.1604E+00      62.8    301.6
2014  9  9   252   17 23  0     36.19    0.1973E+00      82.1    300.2
2014  9  9   252   17 24  0     36.23    0.1859E+00      73.7    300.3
2014  9  9   252   17 25  0     36.27    0.1827E+00      71.0    300.7
2014  9  9   252   17 26  0     36.32    0.1930E+00      74.3    300.4
2014  9  9   252   17 27  0     36.36    0.2186E+00      84.7    298.4
2014  9  9   252   17 28  0     36.41    0.2376E+00      93.4    297.6
2014  9  9   252   17 29  0     36.46    0.2508E+00     100.7    296.6
2014  9  9   252   17 30  0     36.50    0.2149E+00      81.5    297.5
2014  9  9   252   17 31  0     36.55    0.1906E+00      71.2    299.6
2014  9  9   252   17 32  0     36.61    0.1804E+00      68.9    301.0
2014  9  9   252   17 33  0     36.66    0.1763E+00      68.1    301.4
2014  9  9   252   17 34  0     36.71    0.1823E+00      70.6    300.3
2014  9  9   252   17 35  0     36.77    0.1950E+00      77.2    299.4
2014  9  9   252   17 36  0     36.83    0.1938E+00      76.9    299.2
2014  9  9   252   17 37  0     36.89    0.1777E+00      69.9    300.9
2014  9  9   252   17 38  0     36.95    0.1683E+00      65.7    302.7
2014  9  9   252   17 39  0     37.01    0.1689E+00      65.5    303.5
2014  9  9   252   17 40  0     37.07    0.1737E+00      66.6    303.6
2014  9  9   252   17 41  0     37.13    0.1776E+00      67.9    303.6
2014  9  9   252   17 42  0     37.20    0.1785E+00      68.5    303.6
2014  9  9   252   17 43  0     37.26    0.1884E+00      75.1    302.4
2014  9  9   252   17 44  0     37.33    0.1978E+00      82.0    300.8
2014  9  9   252   17 45  0     37.40    0.1895E+00      76.9    300.2
2014  9  9   252   17 46  0     37.47    0.1976E+00      79.5    299.1
2014  9  9   252   17 47  0     37.54    0.2138E+00      85.8    297.5
2014  9  9   252   17 48  0     37.61    0.2307E+00      93.1    296.4
2014  9  9   252   17 49  0     37.68    0.2369E+00      96.2    295.8
2014  9  9   252   17 50  0     37.76    0.2146E+00      84.4    296.4
2014  9  9   252   17 51  0     37.83    0.2071E+00      80.9    296.2
2014  9  9   252   17 52  0     37.91    0.1900E+00      74.3    297.3
2014  9  9   252   17 53  0     37.99    0.1700E+00      67.5    298.0
2014  9  9   252   17 54  0     38.07    0.1361E+00      52.6    299.5
2014  9  9   252   17 55  0     38.15    0.1191E+00      46.1    301.1
2014  9  9   252   17 56  0     38.23    0.1195E+00      47.3    301.1
2014  9  9   252   17 57  0     38.31    0.1221E+00      48.7    300.5
2014  9  9   252   17 58  0     38.40    0.1241E+00      49.3    300.5
2014  9  9   252   17 59  0     38.48    0.1500E+00      62.4    299.2
2014  9  9   252   18  0  0     38.57    0.1779E+00      74.8    296.4
2014  9  9   252   18  1  0     38.65    0.1796E+00      74.9    295.8
2014  9  9   252   18  2  0     38.74    0.1749E+00      72.6    295.8
2014  9  9   252   18  3  0     38.83    0.1710E+00      70.0    295.7
2014  9  9   252   18  4  0     38.92    0.1698E+00      70.1    295.7
2014  9  9   252   18  5  0     39.01    0.1579E+00      64.6    296.2
2014  9  9   252   18  6  0     39.10    0.1474E+00      60.5    297.5
2014  9  9   252   18  7  0     39.20    0.1378E+00      56.4    297.7
2014  9  9   252   18  8  0     39.29    0.1290E+00      53.3    298.3
2014  9  9   252   18  9  0     39.39    0.1220E+00      50.7    297.8
2014  9  9   252   18 10  0     39.48    0.1027E+00      41.4    299.5
2014  9  9   252   18 11  0     39.58    0.9237E-01      37.0    300.8
2014  9  9   252   18 12  0     39.68    0.8716E-01      35.3    301.3
2014  9  9   252   18 13  0     39.78    0.8356E-01      34.2    302.0
2014  9  9   252   18 14  0     39.88    0.8606E-01      35.8    301.7
2014  9  9   252   18 15  0     39.98    0.8871E-01      37.2    301.5
2014  9  9   252   18 16  0     40.08    0.9244E-01      39.0    301.0
2014  9  9   252   18 17  0     40.19    0.8942E-01      37.3    301.0
2014  9  9   252   18 18  0     40.29    0.8498E-01      35.6    301.8
2014  9  9   252   18 19  0     40.40    0.8395E-01      35.2    302.2
2014  9  9   252   18 20  0     40.50    0.8452E-01      35.4    302.5
2014  9  9   252   18 21  0     40.61    0.9013E-01      38.7    302.5
2014  9  9   252   18 22  0     40.72    0.1050E+00      47.0    300.4
2014  9  9   252   18 23  0     40.83    0.1031E+00      45.8    299.2
2014  9  9   252   18 24  0     40.94    0.9494E-01      41.8    299.4
2014  9  9   252   18 25  0     41.05    0.9227E-01      40.5    299.7
2014  9  9   252   18 26  0     41.16    0.9517E-01      42.3    299.4
2014  9  9   252   18 27  0     41.27    0.9783E-01      43.5    299.5
2014  9  9   252   18 28  0     41.39    0.9857E-01      44.4    299.3
2014  9  9   252   18 29  0     41.50    0.9622E-01      43.9    299.1
2014  9  9   252   18 30  0     41.62    0.8963E-01      40.9    299.3
2014  9  9   252   18 31  0     41.73    0.8367E-01      38.4    299.7
2014  9  9   252   18 32  0     41.85    0.7793E-01      36.3    299.9
2014  9  9   252   18 33  0     41.97    0.6943E-01      32.4    300.6
2014  9  9   252   18 34  0     42.09    0.5985E-01      28.0    302.0
2014  9  9   252   18 35  0     42.21    0.5274E-01      24.8    303.5
2014  9  9   252   18 36  0     42.33    0.5130E-01      24.6    304.4
2014  9  9   252   18 37  0     42.45    0.5160E-01      25.1    304.1
2014  9  9   252   18 38  0     42.57    0.4956E-01      24.1    304.3
2014  9  9   252   18 39  0     42.69    0.4562E-01      22.4    304.6
2014  9  9   252   18 40  0     42.82    0.4380E-01      21.9    304.3
2014  9  9   252   18 41  0     42.94    0.4310E-01      21.6    304.6
2014  9  9   252   18 42  0     43.07    0.4114E-01      20.6    305.1
2014  9  9   252   18 43  0     43.20    0.3836E-01      19.3    305.8
2014  9  9   252   18 44  0     43.32    0.3621E-01      18.4    306.2
2014  9  9   252   18 45  0     43.45    0.3406E-01      17.5    306.3
2014  9  9   252   18 46  0     43.58    0.3067E-01      15.8    306.9
2014  9  9   252   18 47  0     43.71    0.2758E-01      14.2    308.0
2014  9  9   252   18 48  0     43.84    0.2586E-01      13.4    308.9
2014  9  9   252   18 49  0     43.97    0.2468E-01      12.9    309.1
2014  9  9   252   18 50  0     44.10    0.2332E-01      12.4    309.1
2014  9  9   252   18 51  0     44.23    0.2147E-01      11.5    309.4
2014  9  9   252   18 52  0     44.36    0.1998E-01      10.8    309.1
2014  9  9   252   18 53  0     44.50    0.1822E-01       9.9    309.2
2014  9  9   252   18 54  0     44.63    0.1670E-01       9.1    309.1
2014  9  9   252   18 55  0     44.77    0.1543E-01       8.4    309.6
2014  9  9   252   18 56  0     44.90    0.1445E-01       7.9    309.1
2014  9  9   252   18 57  0     45.04    0.1384E-01       7.6    308.7
2014  9  9   252   18 58  0     45.18    0.1393E-01       7.7    308.8
2014  9  9   252   18 59  0     45.31    0.1471E-01       8.2    308.5
2014  9  9   252   19  0  0     45.45    0.1535E-01       8.7    308.3
2014  9  9   252   19  1  0     45.59    0.1613E-01       9.2    307.8
2014  9  9   252   19  2  0     45.73    0.1698E-01       9.6    307.7
2014  9  9   252   19  3  0     45.87    0.1986E-01      11.4    307.3
2014  9  9   252   19  4  0     46.01    0.2392E-01      14.0    305.9
2014  9  9   252   19  5  0     46.15    0.2647E-01      15.5    304.5
2014  9  9   252   19  6  0     46.30    0.2707E-01      15.7    304.1
2014  9  9   252   19  7  0     46.44    0.2830E-01      16.5    304.0
2014  9  9   252   19  8  0     46.58    0.3018E-01      17.7    304.2
2014  9  9   252   19  9  0     46.73    0.3066E-01      18.3    304.3
2014  9  9   252   19 10  0     46.87    0.2914E-01      17.6    304.8
2014  9  9   252   19 11  0     47.02    0.2756E-01      17.0    305.1
2014  9  9   252   19 12  0     47.16    0.2727E-01      17.4    304.9
2014  9  9   252   19 13  0     47.31    0.2580E-01      16.6    304.2
2014  9  9   252   19 14  0     47.46    0.2351E-01      15.2    304.1
2014  9  9   252   19 15  0     47.60    0.2162E-01      13.9    303.9
2014  9  9   252   19 16  0     47.75    0.2135E-01      13.9    304.3
2014  9  9   252   19 17  0     47.90    0.2139E-01      13.9    304.4
2014  9  9   252   19 18  0     48.05    0.2039E-01      13.2    304.3
2014  9  9   252   19 19  0     48.20    0.1827E-01      11.8    304.6
2014  9  9   252   19 20  0     48.35    0.1605E-01      10.4    304.5
2014  9  9   252   19 21  0     48.50    0.1380E-01       8.9    304.1
2014  9  9   252   19 22  0     48.65    0.1291E-01       8.4    303.9
2014  9  9   252   19 23  0     48.80    0.1284E-01       8.6    303.6
2014  9  9   252   19 24  0     48.96    0.1238E-01       8.4    303.6
2014  9  9   252   19 25  0     49.11    0.1230E-01       8.5    303.1
2014  9  9   252   19 26  0     49.26    0.1263E-01       8.8    302.7
2014  9  9   252   19 27  0     49.42    0.1199E-01       8.3    302.3
2014  9  9   252   19 28  0     49.57    0.1196E-01       8.3    302.6
2014  9  9   252   19 29  0     49.73    0.1328E-01       9.5    304.0
2014  9  9   252   19 30  0     49.88    0.1484E-01      10.8    305.2
2014  9  9   252   19 31  0     50.04    0.1505E-01      11.1    305.4
2014  9  9   252   19 32  0     50.19    0.1398E-01      10.5    305.2
2014  9  9   252   19 33  0     50.35    0.1170E-01       8.8    303.8
2014  9  9   252   19 34  0     50.51    0.1033E-01       7.8    303.3
2014  9  9   252   19 35  0     50.66    0.1060E-01       8.1    302.8
2014  9  9   252   19 36  0     50.82    0.1134E-01       8.8    302.5
2014  9  9   252   19 37  0     50.98    0.1281E-01      10.1    301.9
2014  9  9   252   19 38  0     51.14    0.1320E-01      10.4    300.8
2014  9  9   252   19 39  0     51.30    0.1216E-01       9.5    299.8
2014  9  9   252   19 40  0     51.46    0.1247E-01       9.9    300.4
2014  9  9   252   19 41  0     51.62    0.1511E-01      12.3    301.9
2014  9  9   252   19 42  0     51.78    0.1545E-01      12.7    300.8
2014  9  9   252   19 43  0     51.94    0.1282E-01      10.6    298.4
2014  9  9   252   19 44  0     52.10    0.1377E-01      11.7    299.6
2014  9  9   252   19 45  0     52.27    0.1521E-01      13.1    299.0
2014  9  9   252   19 46  0     52.43    0.1586E-01      13.9    298.1
2014  9  9   252   19 47  0     52.59    0.1621E-01      14.4    297.2
2014  9  9   252   19 48  0     52.75    0.1641E-01      14.8    296.4
2014  9  9   252   19 49  0     52.92    0.1751E-01      16.0    296.0
2014  9  9   252   19 50  0     53.08    0.1818E-01      16.5    294.5
2014  9  9   252   19 51  0     53.25    0.1762E-01      15.9    294.0
2014  9  9   252   19 52  0     53.41    0.1664E-01      14.7    293.3
2014  9  9   252   19 53  0     53.58    0.1615E-01      14.2    292.8
2014  9  9   252   19 54  0     53.74    0.1689E-01      15.1    292.7
2014  9  9   252   19 55  0     53.91    0.1808E-01      16.4    292.7
2014  9  9   252   19 56  0     54.08    0.1991E-01      18.5    293.0
2014  9  9   252   19 57  0     54.24    0.2074E-01      19.5    292.6
2014  9  9   252   19 58  0     54.41    0.2025E-01      19.1    292.1
2014  9  9   252   19 59  0     54.58    0.2030E-01      19.4    291.5
2014  9  9   252   20  0  0     54.74    0.2069E-01      20.1    291.5
2014  9  9   252   20  1  0     54.91    0.2294E-01      22.8    291.4
2014  9  9   252   20  2  0     55.08    0.2561E-01      25.7    291.1
2014  9  9   252   20  3  0     55.25    0.2569E-01      25.8    290.3
2014  9  9   252   20  4  0     55.42    0.2389E-01      24.3    289.7
2014  9  9   252   20  5  0     55.59    0.2344E-01      24.5    289.9
2014  9  9   252   20  6  0     55.76    0.2551E-01      27.5    289.7
2014  9  9   252   20  7  0     55.93    0.2549E-01      27.7    289.0
2014  9  9   252   20  8  0     56.10    0.2299E-01      25.1    288.7
2014  9  9   252   20  9  0     56.27    0.2187E-01      24.2    288.5
2014  9  9   252   20 10  0     56.44    0.2256E-01      25.3    288.4
2014  9  9   252   20 11  0     56.61    0.2320E-01      26.4    288.6
2014  9  9   252   20 12  0     56.78    0.2471E-01      28.6    288.4
2014  9  9   252   20 13  0     56.96    0.2403E-01      27.9    287.8
2014  9  9   252   20 14  0     57.13    0.2172E-01      25.4    287.6
2014  9  9   252   20 15  0     57.30    0.2127E-01      25.2    287.4
2014  9  9   252   20 16  0     57.47    0.2088E-01      25.0    287.1
2014  9  9   252   20 17  0     57.65    0.2054E-01      25.0    286.9
2014  9  9   252   20 18  0     57.82    0.1936E-01      23.9    286.5
2014  9  9   252   20 19  0     57.99    0.1889E-01      23.8    286.3
2014  9  9   252   20 20  0     58.17    0.2023E-01      26.1    286.8
2014  9  9   252   20 21  0     58.34    0.2129E-01      28.3    286.5
2014  9  9   252   20 22  0     58.52    0.2197E-01      30.0    286.5
2014  9  9   252   20 23  0     58.69    0.2259E-01      31.5    286.4
2014  9  9   252   20 24  0     58.87    0.2416E-01      34.4    286.1
2014  9  9   252   20 25  0     59.04    0.2543E-01      36.7    286.0
2014  9  9   252   20 26  0     59.22    0.2544E-01      36.9    285.5
2014  9  9   252   20 27  0     59.39    0.2462E-01      36.3    285.2
2014  9  9   252   20 28  0     59.57    0.2412E-01      36.4    285.0
2014  9  9   252   20 29  0     59.74    0.2397E-01      36.5    284.2
2014  9  9   252   20 30  0     59.92    0.2275E-01      34.9    283.6
2014  9  9   252   20 31  0     60.10    0.2137E-01      33.2    283.3
2014  9  9   252   20 32  0     60.27    0.2136E-01      34.1    283.4
2014  9  9   252   20 33  0     60.45    0.2176E-01      35.6    283.4
2014  9  9   252   20 34  0     60.63    0.2232E-01      37.2    283.2
2014  9  9   252   20 35  0     60.81    0.2256E-01      38.0    282.8
2014  9  9   252   20 36  0     60.99    0.2216E-01      37.7    282.3
2014  9  9   252   20 37  0     61.16    0.2170E-01      37.5    282.1
2014  9  9   252   20 38  0     61.34    0.2059E-01      36.1    281.6
2014  9  9   252   20 39  0     61.52    0.2016E-01      36.0    281.4
2014  9  9   252   20 40  0     61.70    0.2116E-01      38.4    281.3
2014  9  9   252   20 41  0     61.88    0.2221E-01      41.1    281.1
2014  9  9   252   20 42  0     62.06    0.2205E-01      41.6    280.8
2014  9  9   252   20 43  0     62.24    0.2101E-01      40.6    280.6
2014  9  9   252   20 44  0     62.42    0.2076E-01      41.1    280.1
2014  9  9   252   20 45  0     62.60    0.2015E-01      40.3    279.4
2014  9  9   252   20 46  0     62.78    0.1949E-01      39.6    279.0
2014  9  9   252   20 47  0     62.96    0.1997E-01      41.0    278.9
2014  9  9   252   20 48  0     63.14    0.1962E-01      40.6    278.1
2014  9  9   252   20 49  0     63.32    0.1965E-01      41.6    278.0
2014  9  9   252   20 50  0     63.50    0.2012E-01      43.7    277.8
2014  9  9   252   20 51  0     63.68    0.2011E-01      44.4    277.4
2014  9  9   252   20 52  0     63.86    0.1956E-01      43.8    277.1
2014  9  9   252   20 53  0     64.04    0.1854E-01      42.0    275.9
2014  9  9   252   20 54  0     64.23    0.1718E-01      39.1    274.9
2014  9  9   252   20 55  0     64.41    0.1598E-01      36.9    274.3
2014  9  9   252   20 56  0     64.59    0.1624E-01      38.2    274.1
2014  9  9   252   20 57  0     64.77    0.1727E-01      41.7    275.0
2014  9  9   252   20 58  0     64.96    0.1735E-01      43.3    275.0
2014  9  9   252   20 59  0     65.14    0.1666E-01      42.3    273.9
2014  9  9   252   21  0  0     65.32    0.1624E-01      41.8    273.4
2014  9  9   252   21  1  0     65.50    0.1542E-01      40.4    273.0
2014  9  9   252   21  2  0     65.69    0.1454E-01      39.2    272.9
2014  9  9   252   21  3  0     65.87    0.1447E-01      40.3    273.9
2014  9  9   252   21  4  0     66.05    0.1474E-01      42.7    272.8
2014  9  9   252   21  5  0     66.24    0.1439E-01      42.9    272.7
2014  9  9   252   21  6  0     66.42    0.1354E-01      41.1    271.8
2014  9  9   252   21  7  0     66.60    0.1317E-01      41.1    271.4
2014  9  9   252   21  8  0     66.79    0.1308E-01      42.2    271.3
2014  9  9   252   21  9  0     66.97    0.1252E-01      41.3    270.6
2014  9  9   252   21 10  0     67.16    0.1198E-01      40.2    270.0
2014  9  9   252   21 11  0     67.34    0.1182E-01      40.8    269.6
2014  9  9   252   21 12  0     67.52    0.1209E-01      43.3    269.5
2014  9  9   252   21 13  0     67.71    0.1276E-01      47.3    269.7
2014  9  9   252   21 14  0     67.89    0.1305E-01      49.8    270.0
2014  9  9   252   21 15  0     68.08    0.1283E-01      49.8    269.4
2014  9  9   252   21 16  0     68.26    0.1228E-01      48.2    269.0
2014  9  9   252   21 17  0     68.45    0.1185E-01      47.3    268.0
2014  9  9   252   21 18  0     68.63    0.1138E-01      47.0    267.5
2014  9  9   252   21 19  0     68.82    0.1112E-01      47.3    266.8
2014  9  9   252   21 20  0     69.00    0.1099E-01      48.1    266.3
2014  9  9   252   21 21  0     69.19    0.1053E-01      47.2    265.7
2014  9  9   252   21 22  0     69.38    0.1006E-01      45.9    265.1
2014  9  9   252   21 23  0     69.56    0.1002E-01      46.6    264.7
2014  9  9   252   21 24  0     69.75    0.9970E-02      47.0    264.1
2014  9  9   252   21 25  0     69.93    0.9821E-02      47.9    263.5
2014  9  9   252   21 26  0     70.12    0.9811E-02      49.7    263.1
2014  9  9   252   21 27  0     70.31    0.9639E-02      49.9    263.0
2014  9  9   252   21 28  0     70.49    0.9259E-02      48.8    262.0
2014  9  9   252   21 29  0     70.68    0.8756E-02      47.2    261.2
2014  9  9   252   21 30  0     70.87    0.8472E-02      47.7    260.8
2014  9  9   252   21 31  0     71.05    0.8220E-02      48.6    260.3
2014  9  9   252   21 32  0     71.24    0.7666E-02      46.9    259.6
2014  9  9   252   21 33  0     71.43    0.7278E-02      45.2    258.2
2014  9  9   252   21 34  0     71.61    0.7078E-02      44.4    257.2
2014  9  9   252   21 35  0     71.80    0.6894E-02      44.9    256.9
2014  9  9   252   21 36  0     71.99    0.6810E-02      46.8    256.2
2014  9  9   252   21 37  0     72.18    0.6627E-02      47.2    255.4
2014  9  9   252   21 38  0     72.36    0.6173E-02      44.5    253.1
2014  9  9   252   21 39  0     72.55    0.5761E-02      42.1    251.4
2014  9  9   252   21 40  0     72.74    0.5410E-02      39.6    248.4
2014  9  9   252   21 41  0     72.93    0.4956E-02      37.8    246.2
2014  9  9   252   21 42  0     73.11    0.4679E-02      37.8    245.2
2014  9  9   252   21 43  0     73.30    0.4662E-02      39.5    244.5
2014  9  9   252   21 44  0     73.49    0.4754E-02      41.8    245.3
2014  9  9   252   21 45  0     73.68    0.4639E-02      41.8    244.4
2014  9  9   252   21 46  0     73.87    0.4505E-02      41.8    243.0
2014  9  9   252   21 47  0     74.05    0.4578E-02      44.6    243.3
2014  9  9   252   21 48  0     74.24    0.4570E-02      46.3    243.3
2014  9  9   252   21 49  0     74.43    0.4510E-02      47.1    241.9
2014  9  9   252   21 50  0     74.62    0.4439E-02      48.7    242.1
2014  9  9   252   21 51  0     74.81    0.4298E-02      48.6    240.1
2014  9  9   252   21 52  0     75.00    0.4172E-02      48.3    238.0
2014  9  9   252   21 53  0     75.18    0.4115E-02      49.3    237.4
2014  9  9   252   21 54  0     75.37    0.4121E-02      51.0    235.7
2014  9  9   252   21 55  0     75.56    0.3916E-02      49.8    235.0
2014  9  9   252   21 56  0     75.75    0.3635E-02      47.4    231.3
2014  9  9   252   21 57  0     75.94    0.3639E-02      49.1    229.6
2014  9  9   252   21 58  0     76.13    0.3689E-02      52.0    230.2
2014  9  9   252   21 59  0     76.32    0.3611E-02      52.4    228.4
2014  9  9   252   22  0  0     76.51    0.3396E-02      50.1    224.5
2014  9  9   252   22  1  0     76.70    0.3196E-02      48.0    221.1
2014  9  9   252   22  2  0     76.88    0.3201E-02      50.0    221.3
2014  9  9   252   22  3  0     77.07    0.3230E-02      52.5    221.7
2014  9  9   252   22  4  0     77.26    0.3165E-02      52.3    217.7
2014  9  9   252   22  5  0     77.45    0.2904E-02      48.9    213.0
2014  9  9   252   22  6  0     77.64    0.2663E-02      45.5    207.3
2014  9  9   252   22  7  0     77.83    0.2535E-02      44.4    204.2
2014  9  9   252   22  8  0     78.02    0.2476E-02      44.6    201.5
2014  9  9   252   22  9  0     78.21    0.2375E-02      43.8    199.0
2014  9  9   252   22 10  0     78.40    0.2222E-02      41.2    192.9
2014  9  9   252   22 11  0     78.59    0.2061E-02      38.6    188.0
2014  9  9   252   22 12  0     78.78    0.1992E-02      37.7    183.2
2014  9  9   252   22 13  0     78.96    0.1964E-02      39.2    183.8
2014  9  9   252   22 14  0     79.15    0.2025E-02      43.1    185.3
2014  9  9   252   22 15  0     79.34    0.2087E-02      46.8    185.5
2014  9  9   252   22 16  0     79.53    0.2090E-02      48.8    183.9
2014  9  9   252   22 17  0     79.72    0.2034E-02      49.1    181.4
2014  9  9   252   22 18  0     79.91    0.1985E-02      49.6    179.2
2014  9  9   252   22 19  0     80.10    0.1970E-02      51.1    176.9
2014  9  9   252   22 20  0     80.29    0.1892E-02      50.7    174.3
2014  9  9   252   22 21  0     80.48    0.1817E-02      49.6    169.1
2014  9  9   252   22 22  0     80.67    0.1804E-02      51.2    166.8
2014  9  9   252   22 23  0     80.86    0.1825E-02      54.9    166.9
2014  9  9   252   22 24  0     81.05    0.1829E-02      57.7    165.8
2014  9  9   252   22 25  0     81.24    0.1794E-02      58.5    163.2
2014  9  9   252   22 26  0     81.43    0.1743E-02      58.9    160.6
2014  9  9   252   22 27  0     81.62    0.1727E-02      60.4    158.0
2014  9  9   252   22 28  0     81.81    0.1672E-02      60.0    154.2
2014  9  9   252   22 29  0     82.00    0.1581E-02      57.2    147.3
2014  9  9   252   22 30  0     82.19    0.1504E-02      56.2    144.0
2014  9  9   252   22 31  0     82.38    0.1458E-02      56.7    141.8
2014  9  9   252   22 32  0     82.57    0.1409E-02      55.8    136.9
2014  9  9   252   22 33  0     82.76    0.1333E-02      52.8    130.6
2014  9  9   252   22 34  0     82.95    0.1266E-02      49.3    123.5
2014  9  9   252   22 35  0     83.14    0.1233E-02      47.2    116.9
2014  9  9   252   22 36  0     83.32    0.1193E-02      46.0    112.9
2014  9  9   252   22 37  0     83.51    0.1151E-02      45.0    109.4
2014  9  9   252   22 38  0     83.70    0.1106E-02      43.3    105.2
2014  9  9   252   22 39  0     83.89    0.1069E-02      41.2    100.5
2014  9  9   252   22 40  0     84.08    0.1009E-02      39.0     96.5
2014  9  9   252   22 41  0     84.27    0.9965E-03      37.0     90.0
2014  9  9   252   22 42  0     84.46    0.9680E-03      35.3     85.4
2014  9  9   252   22 43  0     84.65    0.9428E-03      33.6     81.0
2014  9  9   252   22 44  0     84.84    0.9261E-03      32.9     77.5
2014  9  9   252   22 45  0     85.03    0.8993E-03      33.2     74.4
2014  9  9   252   22 46  0     85.22    0.8830E-03      32.6     70.9
2014  9  9   252   22 47  0     85.41    0.8676E-03      31.5     66.9
2014  9  9   252   22 48  0     85.60    0.8580E-03      32.3     65.1
2014  9  9   252   22 49  0     85.79    0.8553E-03      33.8     63.7
2014  9  9   252   22 50  0     85.98    0.8554E-03      33.6     60.5
2014  9  9   252   22 51  0     86.17    0.8432E-03      33.2     57.3
2014  9  9   252   22 52  0     86.36    0.8502E-03      34.6     55.2
2014  9  9   252   22 53  0     86.55    0.8415E-03      36.5     54.4
2014  9  9   252   22 54  0     86.73    0.8566E-03      37.3     51.1
2014  9  9   252   22 55  0     86.92    0.8258E-03      36.9     49.1
2014  9  9   252   22 56  0     87.11    0.8221E-03      36.9     46.6
2014  9  9   252   22 57  0     87.30    0.8079E-03      37.5     45.1
2014  9  9   252   22 58  0     87.49    0.8120E-03      38.1     42.8
2014  9  9   252   22 59  0     87.68    0.8092E-03      38.9     41.0
2014  9  9   252   23  0  0     87.87    0.7898E-03      40.1     40.0
2014  9  9   252   23  1  0     88.06    0.7969E-03      41.5     37.6
2014  9  9   252   23  2  0     88.25    0.7947E-03      42.7     35.9
2014  9  9   252   23  3  0     88.44    0.7722E-03      44.2     35.2
2014  9  9   252   23  4  0     88.62    0.7684E-03      45.4     33.4
2014  9  9   252   23  5  0     88.81    0.7552E-03      46.1     31.8
2014  9  9   252   23  6  0     89.00    0.7766E-03      46.7     28.7
2014  9  9   252   23  7  0     89.19    0.7701E-03      46.5     27.0
2014  9  9   252   23  8  0     89.38    0.7675E-03      45.7     24.8
2014  9  9   252   23  9  0     89.57    0.7469E-03      44.8     23.1
2014  9  9   252   23 10  0     89.76    0.7360E-03      44.2     21.2
2014  9  9   252   23 11  0     89.94    0.7287E-03      43.1     19.1
