                            NILUUV 115

Uvpro Version 2.0
Latitude :   40.74 (North)
Longitude:  -74.03  (West)
Calibration file: cf100603a.115
Height above sea level:    40.0  m
CLT derived from channel 5
CLT scale factor used:   1.0
Ozone derived from channel pair ch3/ch1
Ozone scale factor used:   1.0
Drift factors ch1-ch6:   0.508  0.531  0.584  0.634  0.495  0.857
Ozone profile climatology: Mid  Latitude
Dose type:    CLW    Caldwell Plant 1971           

yyyy mm dd   jul   hh mm ss      SZA     dose rate       clt     Ozone
                              [degrees]   [W/m^2]        [%]     [DU]
2014  4 22   112   10 13  0     89.83    0.5472E-03      93.1     48.6
2014  4 22   112   10 14  0     89.65    0.5529E-03      93.6     52.3
2014  4 22   112   10 15  0     89.47    0.5617E-03      94.4     55.4
2014  4 22   112   10 16  0     89.29    0.5777E-03      95.3     57.5
2014  4 22   112   10 17  0     89.10    0.5938E-03      96.6     59.3
2014  4 22   112   10 18  0     88.92    0.5987E-03      97.4     62.8
2014  4 22   112   10 19  0     88.74    0.6002E-03      97.8     67.5
2014  4 22   112   10 20  0     88.55    0.6044E-03      98.3     71.7
2014  4 22   112   10 21  0     88.37    0.6311E-03      99.1     72.8
2014  4 22   112   10 22  0     88.19    0.6358E-03      99.8     76.4
2014  4 22   112   10 23  0     88.00    0.6462E-03     100.6     78.9
2014  4 22   112   10 24  0     87.82    0.6599E-03     100.8     82.2
2014  4 22   112   10 25  0     87.64    0.6750E-03     101.3     85.4
2014  4 22   112   10 26  0     87.45    0.6863E-03     101.8     88.8
2014  4 22   112   10 27  0     87.27    0.7020E-03     102.7     91.5
2014  4 22   112   10 28  0     87.08    0.7354E-03     103.6     92.0
2014  4 22   112   10 29  0     86.90    0.7096E-03     104.4    100.2
2014  4 22   112   10 30  0     86.72    0.7264E-03     105.0    103.5
2014  4 22   112   10 31  0     86.53    0.7536E-03     105.8    105.4
2014  4 22   112   10 32  0     86.35    0.7637E-03     106.9    109.5
2014  4 22   112   10 33  0     86.16    0.7789E-03     108.0    112.9
2014  4 22   112   10 34  0     85.98    0.8082E-03     109.3    114.6
2014  4 22   112   10 35  0     85.79    0.8272E-03     110.3    118.5
2014  4 22   112   10 36  0     85.61    0.8597E-03     111.6    121.1
2014  4 22   112   10 37  0     85.42    0.8827E-03     112.9    125.6
2014  4 22   112   10 38  0     85.24    0.8831E-03     114.2    133.4
2014  4 22   112   10 39  0     85.05    0.9096E-03     115.5    136.9
2014  4 22   112   10 40  0     84.86    0.9282E-03     116.3    142.7
2014  4 22   112   10 41  0     84.68    0.9674E-03     116.9    145.5
2014  4 22   112   10 42  0     84.49    0.9821E-03     117.4    152.6
2014  4 22   112   10 43  0     84.31    0.1015E-02     117.7    156.1
2014  4 22   112   10 44  0     84.12    0.1034E-02     117.9    162.1
2014  4 22   112   10 45  0     83.94    0.1070E-02     118.0    165.4
2014  4 22   112   10 46  0     83.75    0.1113E-02     118.1    168.1
2014  4 22   112   10 47  0     83.56    0.1151E-02     118.1    171.8
2014  4 22   112   10 48  0     83.38    0.1197E-02     118.1    174.3
2014  4 22   112   10 49  0     83.19    0.1217E-02     117.9    180.9
2014  4 22   112   10 50  0     83.00    0.1275E-02     117.8    181.7
2014  4 22   112   10 51  0     82.82    0.1321E-02     117.3    185.2
2014  4 22   112   10 52  0     82.63    0.1377E-02     116.8    187.5
2014  4 22   112   10 53  0     82.44    0.1409E-02     116.5    193.5
2014  4 22   112   10 54  0     82.26    0.1472E-02     116.4    195.5
2014  4 22   112   10 55  0     82.07    0.1524E-02     116.4    199.4
2014  4 22   112   10 56  0     81.88    0.1584E-02     116.4    202.5
2014  4 22   112   10 57  0     81.69    0.1647E-02     116.5    205.9
2014  4 22   112   10 58  0     81.51    0.1719E-02     116.6    208.3
2014  4 22   112   10 59  0     81.32    0.1796E-02     116.8    210.6
2014  4 22   112   11  0  0     81.13    0.1859E-02     117.0    214.9
2014  4 22   112   11  1  0     80.95    0.1951E-02     117.2    215.9
2014  4 22   112   11  2  0     80.76    0.2015E-02     117.2    220.7
2014  4 22   112   11  3  0     80.57    0.2099E-02     117.0    223.3
2014  4 22   112   11  4  0     80.38    0.2187E-02     117.0    225.7
2014  4 22   112   11  5  0     80.19    0.2272E-02     117.1    228.8
2014  4 22   112   11  6  0     80.01    0.2368E-02     117.1    230.7
2014  4 22   112   11  7  0     79.82    0.2449E-02     117.2    235.0
2014  4 22   112   11  8  0     79.63    0.2539E-02     117.1    237.7
2014  4 22   112   11  9  0     79.44    0.2641E-02     116.8    239.2
2014  4 22   112   11 10  0     79.25    0.2731E-02     116.3    241.7
2014  4 22   112   11 11  0     79.07    0.2836E-02     115.3    242.6
2014  4 22   112   11 12  0     78.88    0.2938E-02     113.9    243.7
2014  4 22   112   11 13  0     78.69    0.3025E-02     111.9    246.1
2014  4 22   112   11 14  0     78.50    0.3134E-02     111.2    247.0
2014  4 22   112   11 15  0     78.31    0.3230E-02     109.9    248.7
2014  4 22   112   11 16  0     78.12    0.3320E-02     108.6    251.0
2014  4 22   112   11 17  0     77.94    0.3438E-02     106.7    251.9
2014  4 22   112   11 18  0     77.75    0.3544E-02     105.3    253.8
2014  4 22   112   11 19  0     77.56    0.3655E-02     104.3    256.3
2014  4 22   112   11 20  0     77.37    0.3794E-02     103.5    257.1
2014  4 22   112   11 21  0     77.18    0.3940E-02     102.6    257.5
2014  4 22   112   11 22  0     76.99    0.4067E-02     101.5    259.7
2014  4 22   112   11 23  0     76.80    0.4204E-02     100.7    261.6
2014  4 22   112   11 24  0     76.61    0.4340E-02      99.5    263.5
2014  4 22   112   11 25  0     76.43    0.4497E-02      99.2    264.6
2014  4 22   112   11 26  0     76.24    0.4655E-02      99.0    265.9
2014  4 22   112   11 27  0     76.05    0.4818E-02      97.4    267.0
2014  4 22   112   11 28  0     75.86    0.4977E-02      95.6    268.7
2014  4 22   112   11 29  0     75.67    0.5143E-02      92.1    269.3
2014  4 22   112   11 30  0     75.48    0.5305E-02      91.5    271.7
2014  4 22   112   11 31  0     75.29    0.5471E-02      88.5    273.4
2014  4 22   112   11 32  0     75.10    0.5653E-02      88.9    275.6
2014  4 22   112   11 33  0     74.91    0.5856E-02      91.3    277.6
2014  4 22   112   11 34  0     74.72    0.6053E-02      92.0    279.4
2014  4 22   112   11 35  0     74.53    0.6274E-02      91.5    280.6
2014  4 22   112   11 36  0     74.34    0.6517E-02      93.4    282.3
2014  4 22   112   11 37  0     74.16    0.6771E-02      95.4    283.8
2014  4 22   112   11 38  0     73.97    0.7011E-02      98.0    286.4
2014  4 22   112   11 39  0     73.78    0.7293E-02     101.9    288.2
2014  4 22   112   11 40  0     73.59    0.7564E-02     105.9    290.3
2014  4 22   112   11 41  0     73.40    0.7838E-02     109.3    291.6
2014  4 22   112   11 42  0     73.21    0.8086E-02     110.0    292.1
2014  4 22   112   11 43  0     73.02    0.8292E-02     108.9    293.1
2014  4 22   112   11 44  0     72.83    0.8479E-02     106.5    294.5
2014  4 22   112   11 45  0     72.64    0.8669E-02     103.1    294.5
2014  4 22   112   11 46  0     72.45    0.8871E-02     102.2    294.5
2014  4 22   112   11 47  0     72.26    0.9065E-02      99.4    294.7
2014  4 22   112   11 48  0     72.07    0.9279E-02      97.7    295.1
2014  4 22   112   11 49  0     71.88    0.9507E-02      95.9    296.0
2014  4 22   112   11 50  0     71.69    0.9746E-02      92.7    295.6
2014  4 22   112   11 51  0     71.50    0.1004E-01      93.7    296.5
2014  4 22   112   11 52  0     71.31    0.1027E-01      92.2    297.4
2014  4 22   112   11 53  0     71.12    0.1058E-01      92.2    297.3
2014  4 22   112   11 54  0     70.93    0.1086E-01      90.9    298.4
2014  4 22   112   11 55  0     70.74    0.1126E-01      95.3    299.7
2014  4 22   112   11 56  0     70.55    0.1168E-01     100.3    301.0
2014  4 22   112   11 57  0     70.36    0.1183E-01      95.4    301.1
2014  4 22   112   11 58  0     70.17    0.1203E-01      92.2    300.9
2014  4 22   112   11 59  0     69.98    0.1229E-01      90.8    301.4
2014  4 22   112   12  0  0     69.80    0.1261E-01      92.3    302.5
2014  4 22   112   12  1  0     69.61    0.1315E-01     100.4    303.7
2014  4 22   112   12  2  0     69.42    0.1337E-01      99.7    304.4
2014  4 22   112   12  3  0     69.23    0.1355E-01      97.4    304.1
2014  4 22   112   12  4  0     69.04    0.1378E-01      97.3    304.6
2014  4 22   112   12  5  0     68.85    0.1385E-01      90.9    303.6
2014  4 22   112   12  6  0     68.66    0.1402E-01      86.8    303.2
2014  4 22   112   12  7  0     68.47    0.1432E-01      84.7    303.0
2014  4 22   112   12  8  0     68.28    0.1458E-01      81.4    302.4
2014  4 22   112   12  9  0     68.09    0.1500E-01      81.9    303.1
2014  4 22   112   12 10  0     67.90    0.1537E-01      80.5    303.3
2014  4 22   112   12 11  0     67.71    0.1575E-01      78.9    303.4
2014  4 22   112   12 12  0     67.52    0.1629E-01      80.6    304.2
2014  4 22   112   12 13  0     67.33    0.1681E-01      81.2    304.7
2014  4 22   112   12 14  0     67.14    0.1730E-01      81.2    305.0
2014  4 22   112   12 15  0     66.95    0.1785E-01      82.7    306.0
2014  4 22   112   12 16  0     66.76    0.1829E-01      82.2    306.4
2014  4 22   112   12 17  0     66.58    0.1875E-01      82.4    307.0
2014  4 22   112   12 18  0     66.39    0.1920E-01      82.6    307.7
2014  4 22   112   12 19  0     66.20    0.1968E-01      83.3    308.2
2014  4 22   112   12 20  0     66.01    0.2020E-01      84.9    308.8
2014  4 22   112   12 21  0     65.82    0.2073E-01      87.2    309.8
2014  4 22   112   12 22  0     65.63    0.2134E-01      90.6    310.7
2014  4 22   112   12 23  0     65.44    0.2149E-01      87.3    310.2
2014  4 22   112   12 24  0     65.25    0.2151E-01      82.7    310.0
2014  4 22   112   12 25  0     65.06    0.2178E-01      81.1    309.9
2014  4 22   112   12 26  0     64.87    0.2213E-01      80.3    310.0
2014  4 22   112   12 27  0     64.69    0.2241E-01      78.4    310.0
2014  4 22   112   12 28  0     64.50    0.2274E-01      77.2    309.9
2014  4 22   112   12 29  0     64.31    0.2321E-01      77.6    310.2
2014  4 22   112   12 30  0     64.12    0.2378E-01      78.9    310.7
2014  4 22   112   12 31  0     63.93    0.2410E-01      77.3    310.6
2014  4 22   112   12 32  0     63.74    0.2449E-01      76.5    311.0
2014  4 22   112   12 33  0     63.56    0.2500E-01      76.7    311.2
2014  4 22   112   12 34  0     63.37    0.2530E-01      75.0    311.1
2014  4 22   112   12 35  0     63.18    0.2567E-01      73.7    311.0
2014  4 22   112   12 36  0     62.99    0.2606E-01      73.2    312.5
2014  4 22   112   12 37  0     62.80    0.2672E-01      75.0    311.9
2014  4 22   112   12 38  0     62.61    0.2697E-01      73.2    311.8
2014  4 22   112   12 39  0     62.43    0.2717E-01      71.1    311.7
2014  4 22   112   12 40  0     62.24    0.2743E-01      69.0    311.2
2014  4 22   112   12 41  0     62.05    0.2780E-01      67.6    311.2
2014  4 22   112   12 42  0     61.86    0.2842E-01      67.7    311.3
2014  4 22   112   12 43  0     61.67    0.2930E-01      68.9    311.6
2014  4 22   112   12 44  0     61.49    0.3020E-01      70.4    311.8
2014  4 22   112   12 45  0     61.30    0.3087E-01      70.1    311.8
2014  4 22   112   12 46  0     61.11    0.3167E-01      70.5    311.9
2014  4 22   112   12 47  0     60.93    0.3246E-01      70.9    313.3
2014  4 22   112   12 48  0     60.74    0.3316E-01      70.7    312.3
2014  4 22   112   12 49  0     60.55    0.3398E-01      70.8    312.6
2014  4 22   112   12 50  0     60.36    0.3454E-01      69.6    312.4
2014  4 22   112   12 51  0     60.18    0.3541E-01      70.3    312.7
2014  4 22   112   12 52  0     59.99    0.3691E-01      73.8    314.4
2014  4 22   112   12 53  0     59.80    0.3838E-01      77.6    315.1
2014  4 22   112   12 54  0     59.62    0.3944E-01      79.3    315.7
2014  4 22   112   12 55  0     59.43    0.4068E-01      82.1    315.8
2014  4 22   112   12 56  0     59.24    0.4131E-01      82.1    316.1
2014  4 22   112   12 57  0     59.06    0.4164E-01      80.6    316.1
2014  4 22   112   12 58  0     58.87    0.4272E-01      82.2    317.1
2014  4 22   112   12 59  0     58.69    0.4350E-01      82.5    317.4
2014  4 22   112   13  0  0     58.50    0.4394E-01      81.3    317.6
2014  4 22   112   13  1  0     58.31    0.4476E-01      81.7    317.8
2014  4 22   112   13  2  0     58.13    0.4539E-01      80.6    317.4
2014  4 22   112   13  3  0     57.94    0.4613E-01      79.7    317.6
2014  4 22   112   13  4  0     57.76    0.4781E-01      82.6    318.1
2014  4 22   112   13  5  0     57.57    0.4991E-01      86.8    318.5
2014  4 22   112   13  6  0     57.39    0.5161E-01      89.3    318.8
2014  4 22   112   13  7  0     57.20    0.5417E-01      95.0    319.5
2014  4 22   112   13  8  0     57.02    0.5578E-01      97.4    319.8
2014  4 22   112   13  9  0     56.83    0.5666E-01      97.2    319.9
2014  4 22   112   13 10  0     56.65    0.5665E-01      94.0    319.7
2014  4 22   112   13 11  0     56.46    0.5535E-01      86.8    319.3
2014  4 22   112   13 12  0     56.28    0.5491E-01      82.5    319.2
2014  4 22   112   13 13  0     56.10    0.5611E-01      83.8    319.5
2014  4 22   112   13 14  0     55.91    0.5617E-01      81.1    319.4
2014  4 22   112   13 15  0     55.73    0.5708E-01      81.3    319.7
2014  4 22   112   13 16  0     55.54    0.5932E-01      85.8    320.4
2014  4 22   112   13 17  0     55.36    0.6138E-01      89.8    320.9
2014  4 22   112   13 18  0     55.18    0.6154E-01      87.7    320.8
2014  4 22   112   13 19  0     54.99    0.6108E-01      83.7    320.5
2014  4 22   112   13 20  0     54.81    0.6154E-01      82.2    320.6
2014  4 22   112   13 21  0     54.63    0.6277E-01      82.8    320.8
2014  4 22   112   13 22  0     54.45    0.6534E-01      87.4    321.5
2014  4 22   112   13 23  0     54.26    0.6806E-01      92.6    322.4
2014  4 22   112   13 24  0     54.08    0.6801E-01      90.9    322.6
2014  4 22   112   13 25  0     53.90    0.6603E-01      84.3    322.6
2014  4 22   112   13 26  0     53.72    0.6569E-01      82.2    322.9
2014  4 22   112   13 27  0     53.54    0.6572E-01      80.8    323.2
2014  4 22   112   13 28  0     53.35    0.6610E-01      79.8    323.4
2014  4 22   112   13 29  0     53.17    0.6679E-01      79.6    323.6
2014  4 22   112   13 30  0     52.99    0.6700E-01      78.0    323.6
2014  4 22   112   13 31  0     52.81    0.6822E-01      78.6    323.9
2014  4 22   112   13 32  0     52.63    0.7042E-01      81.4    324.3
2014  4 22   112   13 33  0     52.45    0.7442E-01      88.4    325.0
2014  4 22   112   13 34  0     52.27    0.7591E-01      89.8    325.3
2014  4 22   112   13 35  0     52.09    0.7727E-01      91.1    325.5
2014  4 22   112   13 36  0     51.91    0.7605E-01      86.8    325.2
2014  4 22   112   13 37  0     51.73    0.7525E-01      83.6    325.0
2014  4 22   112   13 38  0     51.55    0.7505E-01      81.3    324.7
2014  4 22   112   13 39  0     51.37    0.7490E-01      79.2    324.7
2014  4 22   112   13 40  0     51.19    0.7547E-01      78.3    324.8
2014  4 22   112   13 41  0     51.01    0.7677E-01      79.0    325.0
2014  4 22   112   13 42  0     50.84    0.7791E-01      79.4    325.3
2014  4 22   112   13 43  0     50.66    0.7845E-01      78.9    325.5
2014  4 22   112   13 44  0     50.48    0.7901E-01      78.5    325.6
2014  4 22   112   13 45  0     50.30    0.8034E-01      79.3    326.0
2014  4 22   112   13 46  0     50.12    0.8166E-01      80.2    326.2
2014  4 22   112   13 47  0     49.95    0.8250E-01      80.4    326.5
2014  4 22   112   13 48  0     49.77    0.8287E-01      79.7    326.8
2014  4 22   112   13 49  0     49.59    0.8316E-01      79.4    327.2
2014  4 22   112   13 50  0     49.42    0.8303E-01      78.3    327.6
2014  4 22   112   13 51  0     49.24    0.8301E-01      77.4    328.0
2014  4 22   112   13 52  0     49.06    0.8386E-01      77.9    328.3
2014  4 22   112   13 53  0     48.89    0.8427E-01      77.6    328.6
2014  4 22   112   13 54  0     48.71    0.8373E-01      75.7    328.9
2014  4 22   112   13 55  0     48.54    0.8382E-01      74.5    328.8
2014  4 22   112   13 56  0     48.36    0.8525E-01      75.1    328.9
2014  4 22   112   13 57  0     48.19    0.8607E-01      74.5    328.9
2014  4 22   112   13 58  0     48.01    0.8695E-01      74.0    328.9
2014  4 22   112   13 59  0     47.84    0.8738E-01      73.0    329.0
2014  4 22   112   14  0  0     47.67    0.8924E-01      74.3    329.4
2014  4 22   112   14  1  0     47.49    0.9032E-01      74.3    329.7
2014  4 22   112   14  2  0     47.32    0.9254E-01      76.0    330.2
2014  4 22   112   14  3  0     47.15    0.9614E-01      79.4    330.7
2014  4 22   112   14  4  0     46.98    0.9831E-01      80.4    330.6
2014  4 22   112   14  5  0     46.80    0.1020E+00      83.1    330.7
2014  4 22   112   14  6  0     46.63    0.1079E+00      88.4    330.5
2014  4 22   112   14  7  0     46.46    0.1092E+00      87.5    330.2
2014  4 22   112   14  8  0     46.29    0.1129E+00      90.0    330.1
2014  4 22   112   14  9  0     46.12    0.1154E+00      91.1    330.0
2014  4 22   112   14 10  0     45.95    0.1162E+00      90.2    330.1
2014  4 22   112   14 11  0     45.78    0.1205E+00      93.9    330.2
2014  4 22   112   14 12  0     45.61    0.1250E+00      97.7    330.2
2014  4 22   112   14 13  0     45.44    0.1245E+00      94.9    330.0
2014  4 22   112   14 14  0     45.27    0.1268E+00      95.9    329.9
2014  4 22   112   14 15  0     45.10    0.1290E+00      96.2    329.8
2014  4 22   112   14 16  0     44.93    0.1299E+00      95.1    329.5
2014  4 22   112   14 17  0     44.77    0.1303E+00      93.7    329.6
2014  4 22   112   14 18  0     44.60    0.1368E+00      99.2    329.7
2014  4 22   112   14 19  0     44.43    0.1459E+00     107.7    329.9
2014  4 22   112   14 20  0     44.27    0.1529E+00     113.3    329.8
2014  4 22   112   14 21  0     44.10    0.1584E+00     117.3    329.7
2014  4 22   112   14 22  0     43.94    0.1611E+00     118.1    329.7
2014  4 22   112   14 23  0     43.77    0.1632E+00     118.7    329.7
2014  4 22   112   14 24  0     43.60    0.1665E+00     120.4    329.7
2014  4 22   112   14 25  0     43.44    0.1689E+00     121.4    329.8
2014  4 22   112   14 26  0     43.28    0.1641E+00     114.8    329.8
2014  4 22   112   14 27  0     43.11    0.1678E+00     117.9    330.0
2014  4 22   112   14 28  0     42.95    0.1695E+00     118.3    329.9
2014  4 22   112   14 29  0     42.79    0.1690E+00     116.2    329.9
2014  4 22   112   14 30  0     42.63    0.1701E+00     115.7    329.9
2014  4 22   112   14 31  0     42.46    0.1707E+00     114.6    329.8
2014  4 22   112   14 32  0     42.30    0.1717E+00     113.9    329.8
2014  4 22   112   14 33  0     42.14    0.1752E+00     116.0    329.9
2014  4 22   112   14 34  0     41.98    0.1765E+00     115.9    329.9
2014  4 22   112   14 35  0     41.82    0.1786E+00     116.5    329.8
2014  4 22   112   14 36  0     41.66    0.1767E+00     113.2    329.8
2014  4 22   112   14 37  0     41.50    0.1739E+00     109.2    329.9
2014  4 22   112   14 38  0     41.35    0.1740E+00     108.7    330.4
2014  4 22   112   14 39  0     41.19    0.1837E+00     117.3    330.6
2014  4 22   112   14 40  0     41.03    0.1699E+00     102.7    330.2
2014  4 22   112   14 41  0     40.87    0.1561E+00      90.4    331.2
2014  4 22   112   14 42  0     40.72    0.1695E+00     101.9    331.6
2014  4 22   112   14 43  0     40.56    0.1825E+00     111.7    331.1
2014  4 22   112   14 44  0     40.41    0.1870E+00     113.6    330.7
2014  4 22   112   14 45  0     40.25    0.1847E+00     109.7    330.5
2014  4 22   112   14 46  0     40.10    0.1868E+00     110.7    330.7
2014  4 22   112   14 47  0     39.94    0.1906E+00     112.3    330.4
2014  4 22   112   14 48  0     39.79    0.1934E+00     113.3    330.5
2014  4 22   112   14 49  0     39.64    0.2003E+00     117.6    330.4
2014  4 22   112   14 50  0     39.49    0.2036E+00     118.6    330.4
2014  4 22   112   14 51  0     39.34    0.2100E+00     122.7    330.5
2014  4 22   112   14 52  0     39.19    0.2129E+00     124.0    330.5
2014  4 22   112   14 53  0     39.04    0.2005E+00     111.7    330.2
2014  4 22   112   14 54  0     38.89    0.2011E+00     112.1    330.8
2014  4 22   112   14 55  0     38.74    0.2128E+00     120.6    330.7
2014  4 22   112   14 56  0     38.59    0.2168E+00     122.5    330.6
2014  4 22   112   14 57  0     38.44    0.2163E+00     120.8    330.6
2014  4 22   112   14 58  0     38.30    0.2144E+00     118.2    330.6
2014  4 22   112   14 59  0     38.15    0.2137E+00     116.8    330.8
2014  4 22   112   15  0  0     38.01    0.2166E+00     118.6    331.0
2014  4 22   112   15  1  0     37.86    0.2123E+00     115.0    331.5
2014  4 22   112   15  2  0     37.72    0.2104E+00     114.0    332.1
2014  4 22   112   15  3  0     37.57    0.1865E+00      95.7    333.1
2014  4 22   112   15  4  0     37.43    0.1848E+00      94.7    333.5
2014  4 22   112   15  5  0     37.29    0.1791E+00      90.5    334.3
2014  4 22   112   15  6  0     37.15    0.1744E+00      86.8    334.7
2014  4 22   112   15  7  0     37.01    0.1968E+00     103.5    334.6
2014  4 22   112   15  8  0     36.87    0.2016E+00     105.6    333.9
2014  4 22   112   15  9  0     36.73    0.1941E+00      98.4    333.8
2014  4 22   112   15 10  0     36.59    0.1964E+00      99.2    333.8
2014  4 22   112   15 11  0     36.46    0.1909E+00      94.1    334.0
2014  4 22   112   15 12  0     36.32    0.1945E+00      96.1    334.2
2014  4 22   112   15 13  0     36.18    0.2127E+00     107.9    333.7
2014  4 22   112   15 14  0     36.05    0.2236E+00     114.7    333.5
2014  4 22   112   15 15  0     35.91    0.2159E+00     108.5    333.7
2014  4 22   112   15 16  0     35.78    0.2153E+00     107.7    334.1
2014  4 22   112   15 17  0     35.65    0.2137E+00     106.0    334.4
2014  4 22   112   15 18  0     35.52    0.2112E+00     103.8    334.7
2014  4 22   112   15 19  0     35.39    0.2048E+00      98.7    335.1
2014  4 22   112   15 20  0     35.26    0.2074E+00     100.0    335.4
2014  4 22   112   15 21  0     35.13    0.2138E+00     103.5    335.4
2014  4 22   112   15 22  0     35.00    0.2200E+00     106.9    335.4
2014  4 22   112   15 23  0     34.87    0.2311E+00     112.9    334.9
2014  4 22   112   15 24  0     34.75    0.2357E+00     114.7    334.8
2014  4 22   112   15 25  0     34.62    0.2432E+00     118.3    334.5
2014  4 22   112   15 26  0     34.50    0.2420E+00     116.1    334.5
2014  4 22   112   15 27  0     34.37    0.2495E+00     120.4    334.7
2014  4 22   112   15 28  0     34.25    0.2525E+00     121.3    334.5
2014  4 22   112   15 29  0     34.13    0.2479E+00     118.0    335.0
2014  4 22   112   15 30  0     34.01    0.2458E+00     116.4    335.3
2014  4 22   112   15 31  0     33.89    0.2400E+00     112.4    335.6
2014  4 22   112   15 32  0     33.77    0.2371E+00     110.1    335.9
2014  4 22   112   15 33  0     33.65    0.2484E+00     116.9    335.9
2014  4 22   112   15 34  0     33.53    0.2534E+00     119.1    335.6
2014  4 22   112   15 35  0     33.42    0.2504E+00     116.9    335.9
2014  4 22   112   15 36  0     33.30    0.2419E+00     111.4    336.5
2014  4 22   112   15 37  0     33.19    0.2447E+00     113.5    336.9
2014  4 22   112   15 38  0     33.08    0.2257E+00     101.4    337.7
2014  4 22   112   15 39  0     32.97    0.2219E+00      99.0    338.1
2014  4 22   112   15 40  0     32.85    0.2098E+00      91.9    339.0
2014  4 22   112   15 41  0     32.75    0.2052E+00      89.0    339.4
2014  4 22   112   15 42  0     32.64    0.2125E+00      93.5    339.3
2014  4 22   112   15 43  0     32.53    0.2056E+00      89.6    340.2
2014  4 22   112   15 44  0     32.42    0.2032E+00      87.8    340.3
2014  4 22   112   15 45  0     32.32    0.2016E+00      86.5    340.3
2014  4 22   112   15 46  0     32.21    0.2072E+00      89.3    340.1
2014  4 22   112   15 47  0     32.11    0.2100E+00      90.1    339.7
2014  4 22   112   15 48  0     32.01    0.2123E+00      90.6    339.4
2014  4 22   112   15 49  0     31.91    0.2169E+00      92.5    339.2
2014  4 22   112   15 50  0     31.81    0.2220E+00      95.0    339.1
2014  4 22   112   15 51  0     31.71    0.2263E+00      96.7    339.0
2014  4 22   112   15 52  0     31.62    0.2341E+00     100.7    338.8
2014  4 22   112   15 53  0     31.52    0.2443E+00     105.6    337.9
2014  4 22   112   15 54  0     31.42    0.2469E+00     105.7    337.4
2014  4 22   112   15 55  0     31.33    0.2550E+00     109.4    336.8
2014  4 22   112   15 56  0     31.24    0.2576E+00     110.1    336.8
2014  4 22   112   15 57  0     31.15    0.2642E+00     112.8    336.1
2014  4 22   112   15 58  0     31.06    0.2720E+00     116.3    335.8
2014  4 22   112   15 59  0     30.97    0.2758E+00     117.3    335.2
2014  4 22   112   16  0  0     30.88    0.2686E+00     112.4    335.2
2014  4 22   112   16  1  0     30.80    0.2683E+00     111.6    335.1
2014  4 22   112   16  2  0     30.71    0.2660E+00     109.7    334.9
2014  4 22   112   16  3  0     30.63    0.2768E+00     115.0    334.5
2014  4 22   112   16  4  0     30.55    0.2804E+00     116.2    334.1
2014  4 22   112   16  5  0     30.47    0.2758E+00     112.8    334.0
2014  4 22   112   16  6  0     30.39    0.2776E+00     113.2    333.9
2014  4 22   112   16  7  0     30.31    0.2932E+00     121.3    333.6
2014  4 22   112   16  8  0     30.24    0.2969E+00     122.2    333.1
2014  4 22   112   16  9  0     30.16    0.2888E+00     117.7    333.4
2014  4 22   112   16 10  0     30.09    0.2934E+00     120.8    333.8
2014  4 22   112   16 11  0     30.02    0.2804E+00     113.4    334.0
2014  4 22   112   16 12  0     29.95    0.2691E+00     107.9    334.9
2014  4 22   112   16 13  0     29.88    0.2685E+00     107.1    334.6
2014  4 22   112   16 14  0     29.81    0.2621E+00     103.8    335.1
2014  4 22   112   16 15  0     29.75    0.2714E+00     108.6    335.0
2014  4 22   112   16 16  0     29.68    0.2840E+00     114.7    334.2
2014  4 22   112   16 17  0     29.62    0.2715E+00     107.8    334.5
2014  4 22   112   16 18  0     29.56    0.2622E+00     102.5    334.6
2014  4 22   112   16 19  0     29.50    0.2619E+00     102.3    334.5
2014  4 22   112   16 20  0     29.44    0.2518E+00      96.7    334.6
2014  4 22   112   16 21  0     29.38    0.2530E+00      96.9    334.5
2014  4 22   112   16 22  0     29.33    0.2523E+00      96.0    334.3
2014  4 22   112   16 23  0     29.27    0.2606E+00      99.3    333.7
2014  4 22   112   16 24  0     29.22    0.2620E+00      98.7    332.9
2014  4 22   112   16 25  0     29.17    0.2634E+00      99.3    333.0
2014  4 22   112   16 26  0     29.12    0.2262E+00      77.9    332.5
2014  4 22   112   16 27  0     29.08    0.2978E+00     115.1    331.8
2014  4 22   112   16 28  0     29.03    0.3449E+00     136.3    329.6
2014  4 22   112   16 29  0     28.98    0.3520E+00     138.1    328.9
2014  4 22   112   16 30  0     28.94    0.3533E+00     138.1    328.7
2014  4 22   112   16 31  0     28.90    0.3567E+00     139.4    328.6
2014  4 22   112   16 32  0     28.86    0.3591E+00     140.7    328.7
2014  4 22   112   16 33  0     28.82    0.3427E+00     132.3    328.8
2014  4 22   112   16 34  0     28.79    0.3206E+00     121.7    329.5
2014  4 22   112   16 35  0     28.75    0.3233E+00     123.7    329.8
2014  4 22   112   16 36  0     28.72    0.3111E+00     117.6    330.0
2014  4 22   112   16 37  0     28.69    0.3247E+00     124.7    330.0
2014  4 22   112   16 38  0     28.66    0.3115E+00     117.3    330.0
2014  4 22   112   16 39  0     28.63    0.3340E+00     129.3    330.0
2014  4 22   112   16 40  0     28.60    0.3416E+00     133.7    330.1
2014  4 22   112   16 41  0     28.58    0.3317E+00     129.1    330.2
2014  4 22   112   16 42  0     28.55    0.2569E+00      92.1    332.1
2014  4 22   112   16 43  0     28.53    0.2256E+00      78.9    334.9
2014  4 22   112   16 44  0     28.51    0.2055E+00      70.0    336.6
2014  4 22   112   16 45  0     28.49    0.2037E+00      69.4    337.2
2014  4 22   112   16 46  0     28.48    0.2326E+00      83.5    336.0
2014  4 22   112   16 47  0     28.46    0.2756E+00     103.8    334.0
2014  4 22   112   16 48  0     28.45    0.3385E+00     133.5    331.5
2014  4 22   112   16 49  0     28.44    0.3369E+00     130.4    330.5
2014  4 22   112   16 50  0     28.43    0.3395E+00     131.1    330.2
2014  4 22   112   16 51  0     28.42    0.3281E+00     125.6    330.8
2014  4 22   112   16 52  0     28.42    0.3292E+00     126.3    330.7
2014  4 22   112   16 53  0     28.41    0.3175E+00     120.3    330.7
2014  4 22   112   16 54  0     28.41    0.3189E+00     122.6    331.8
2014  4 22   112   16 55  0     28.41    0.3395E+00     132.5    330.8
2014  4 22   112   16 56  0     28.40    0.3039E+00     114.2    331.3
2014  4 22   112   16 57  0     28.41    0.2758E+00     101.2    332.6
2014  4 22   112   16 58  0     28.41    0.3041E+00     117.0    332.9
2014  4 22   112   16 59  0     28.42    0.2960E+00     112.5    332.7
2014  4 22   112   17  0  0     28.42    0.2631E+00      96.8    334.0
2014  4 22   112   17  1  0     28.43    0.2402E+00      86.5    335.6
2014  4 22   112   17  2  0     28.44    0.2392E+00      86.9    336.3
2014  4 22   112   17  3  0     28.46    0.2273E+00      81.3    337.1
2014  4 22   112   17  4  0     28.47    0.2328E+00      84.6    337.4
2014  4 22   112   17  5  0     28.49    0.2401E+00      88.3    337.3
2014  4 22   112   17  6  0     28.51    0.2565E+00      96.5    336.6
2014  4 22   112   17  7  0     28.52    0.2657E+00     101.2    336.4
2014  4 22   112   17  8  0     28.54    0.2544E+00      94.9    336.4
2014  4 22   112   17  9  0     28.57    0.2503E+00      93.1    336.9
2014  4 22   112   17 10  0     28.59    0.2535E+00      94.6    336.8
2014  4 22   112   17 11  0     28.62    0.2639E+00      99.6    336.5
2014  4 22   112   17 12  0     28.64    0.2879E+00     111.1    335.4
2014  4 22   112   17 13  0     28.67    0.2966E+00     113.7    334.2
2014  4 22   112   17 14  0     28.70    0.3329E+00     132.6    333.7
2014  4 22   112   17 15  0     28.74    0.3414E+00     135.5    332.7
2014  4 22   112   17 16  0     28.77    0.3308E+00     128.7    332.4
2014  4 22   112   17 17  0     28.81    0.3521E+00     140.6    332.2
2014  4 22   112   17 18  0     28.84    0.3518E+00     140.6    332.3
2014  4 22   112   17 19  0     28.88    0.3498E+00     140.2    332.4
2014  4 22   112   17 20  0     28.92    0.3381E+00     134.3    332.5
2014  4 22   112   17 21  0     28.96    0.3347E+00     133.2    332.8
2014  4 22   112   17 22  0     29.01    0.3227E+00     127.0    332.7
2014  4 22   112   17 23  0     29.05    0.3292E+00     131.9    333.4
2014  4 22   112   17 24  0     29.10    0.3176E+00     125.3    333.0
2014  4 22   112   17 25  0     29.15    0.2933E+00     112.1    333.1
2014  4 22   112   17 26  0     29.20    0.2792E+00     105.5    334.0
2014  4 22   112   17 27  0     29.25    0.2892E+00     110.7    333.5
2014  4 22   112   17 28  0     29.30    0.3275E+00     132.8    333.4
2014  4 22   112   17 29  0     29.36    0.3412E+00     140.6    332.8
2014  4 22   112   17 30  0     29.41    0.2771E+00     105.4    333.1
2014  4 22   112   17 31  0     29.47    0.2372E+00      86.6    335.3
2014  4 22   112   17 32  0     29.53    0.2177E+00      77.9    336.7
2014  4 22   112   17 33  0     29.59    0.2148E+00      77.6    337.6
2014  4 22   112   17 34  0     29.65    0.2265E+00      84.2    337.4
2014  4 22   112   17 35  0     29.72    0.2276E+00      84.1    336.5
2014  4 22   112   17 36  0     29.78    0.2186E+00      79.3    336.7
2014  4 22   112   17 37  0     29.85    0.2155E+00      77.8    336.6
2014  4 22   112   17 38  0     29.92    0.2153E+00      77.8    336.3
2014  4 22   112   17 39  0     29.99    0.2195E+00      80.2    336.1
2014  4 22   112   17 40  0     30.06    0.2273E+00      84.8    336.0
2014  4 22   112   17 41  0     30.13    0.2671E+00     107.0    335.3
2014  4 22   112   17 42  0     30.20    0.2623E+00     102.0    333.4
2014  4 22   112   17 43  0     30.28    0.2089E+00      74.2    335.3
2014  4 22   112   17 44  0     30.36    0.2275E+00      85.9    335.7
2014  4 22   112   17 45  0     30.43    0.2603E+00     102.1    333.1
2014  4 22   112   17 46  0     30.51    0.2305E+00      86.1    333.5
2014  4 22   112   17 47  0     30.59    0.2272E+00      86.6    334.8
2014  4 22   112   17 48  0     30.68    0.2216E+00      84.0    334.4
2014  4 22   112   17 49  0     30.76    0.2059E+00      77.1    336.0
2014  4 22   112   17 50  0     30.85    0.2025E+00      76.1    336.5
2014  4 22   112   17 51  0     30.93    0.2048E+00      78.2    337.2
2014  4 22   112   17 52  0     31.02    0.2054E+00      78.8    337.1
2014  4 22   112   17 53  0     31.11    0.2099E+00      81.2    336.9
2014  4 22   112   17 54  0     31.20    0.2228E+00      87.7    336.1
2014  4 22   112   17 55  0     31.29    0.2430E+00      99.3    335.4
2014  4 22   112   17 56  0     31.38    0.2492E+00     102.2    334.5
2014  4 22   112   17 57  0     31.47    0.2308E+00      91.7    334.8
2014  4 22   112   17 58  0     31.57    0.2198E+00      85.3    334.9
2014  4 22   112   17 59  0     31.67    0.2333E+00      93.4    334.9
2014  4 22   112   18  0  0     31.76    0.2546E+00     106.6    334.3
2014  4 22   112   18  1  0     31.86    0.2454E+00     100.6    333.9
2014  4 22   112   18  2  0     31.96    0.2479E+00     102.6    334.0
2014  4 22   112   18  3  0     32.06    0.2649E+00     113.5    333.8
2014  4 22   112   18  4  0     32.16    0.2926E+00     130.4    333.1
2014  4 22   112   18  5  0     32.27    0.2930E+00     130.1    332.5
2014  4 22   112   18  6  0     32.37    0.2888E+00     127.9    332.4
2014  4 22   112   18  7  0     32.48    0.2872E+00     127.3    332.4
2014  4 22   112   18  8  0     32.59    0.2852E+00     127.0    332.4
2014  4 22   112   18  9  0     32.69    0.2838E+00     126.9    332.4
2014  4 22   112   18 10  0     32.80    0.2821E+00     126.7    332.5
2014  4 22   112   18 11  0     32.91    0.2812E+00     126.9    332.4
2014  4 22   112   18 12  0     33.02    0.2777E+00     125.4    332.4
2014  4 22   112   18 13  0     33.14    0.2752E+00     124.5    332.3
2014  4 22   112   18 14  0     33.25    0.2730E+00     124.2    332.3
2014  4 22   112   18 15  0     33.36    0.2664E+00     120.7    332.3
2014  4 22   112   18 16  0     33.48    0.2653E+00     120.6    332.2
2014  4 22   112   18 17  0     33.59    0.2581E+00     116.8    332.4
2014  4 22   112   18 18  0     33.71    0.2624E+00     121.7    332.9
2014  4 22   112   18 19  0     33.83    0.2649E+00     123.4    332.5
2014  4 22   112   18 20  0     33.95    0.2648E+00     123.8    332.1
2014  4 22   112   18 21  0     34.07    0.2638E+00     123.9    332.1
2014  4 22   112   18 22  0     34.19    0.2592E+00     121.3    331.9
2014  4 22   112   18 23  0     34.31    0.2587E+00     121.7    331.7
2014  4 22   112   18 24  0     34.44    0.2546E+00     119.9    331.8
2014  4 22   112   18 25  0     34.56    0.2526E+00     120.0    332.0
2014  4 22   112   18 26  0     34.68    0.2463E+00     116.5    332.0
2014  4 22   112   18 27  0     34.81    0.2382E+00     111.4    332.1
2014  4 22   112   18 28  0     34.94    0.2413E+00     115.0    332.3
2014  4 22   112   18 29  0     35.07    0.2471E+00     120.2    332.4
2014  4 22   112   18 30  0     35.19    0.2363E+00     112.5    332.1
2014  4 22   112   18 31  0     35.32    0.2375E+00     114.3    332.0
2014  4 22   112   18 32  0     35.45    0.2399E+00     117.2    332.0
2014  4 22   112   18 33  0     35.58    0.2326E+00     112.2    331.9
2014  4 22   112   18 34  0     35.72    0.2178E+00     101.5    331.4
2014  4 22   112   18 35  0     35.85    0.2128E+00      99.9    332.2
2014  4 22   112   18 36  0     35.98    0.2247E+00     109.9    332.2
2014  4 22   112   18 37  0     36.12    0.2302E+00     114.9    332.2
2014  4 22   112   18 38  0     36.25    0.2149E+00     103.3    331.5
2014  4 22   112   18 39  0     36.39    0.1967E+00      91.0    331.7
2014  4 22   112   18 40  0     36.53    0.1910E+00      88.2    332.1
2014  4 22   112   18 41  0     36.66    0.1940E+00      91.8    332.4
2014  4 22   112   18 42  0     36.80    0.2044E+00     101.0    332.5
2014  4 22   112   18 43  0     36.94    0.2052E+00     101.9    332.1
2014  4 22   112   18 44  0     37.08    0.2060E+00     104.0    332.6
2014  4 22   112   18 45  0     37.22    0.2230E+00     117.6    332.2
2014  4 22   112   18 46  0     37.36    0.2364E+00     128.6    331.7
2014  4 22   112   18 47  0     37.51    0.2333E+00     126.4    331.5
2014  4 22   112   18 48  0     37.65    0.2299E+00     124.7    331.3
2014  4 22   112   18 49  0     37.79    0.2279E+00     124.5    331.5
2014  4 22   112   18 50  0     37.94    0.2252E+00     123.5    331.5
2014  4 22   112   18 51  0     38.08    0.2228E+00     123.1    331.7
2014  4 22   112   18 52  0     38.23    0.2216E+00     123.3    331.7
2014  4 22   112   18 53  0     38.37    0.2198E+00     122.9    331.6
2014  4 22   112   18 54  0     38.52    0.2179E+00     122.8    331.7
2014  4 22   112   18 55  0     38.67    0.2167E+00     123.1    331.7
2014  4 22   112   18 56  0     38.82    0.2160E+00     123.8    331.6
2014  4 22   112   18 57  0     38.96    0.2149E+00     123.9    331.5
2014  4 22   112   18 58  0     39.11    0.2132E+00     123.8    331.4
2014  4 22   112   18 59  0     39.26    0.2116E+00     123.8    331.2
2014  4 22   112   19  0  0     39.41    0.2072E+00     121.4    331.1
2014  4 22   112   19  1  0     39.57    0.1959E+00     112.7    331.0
2014  4 22   112   19  2  0     39.72    0.1948E+00     114.5    331.6
2014  4 22   112   19  3  0     39.87    0.1993E+00     120.6    331.8
2014  4 22   112   19  4  0     40.02    0.2010E+00     124.0    331.8
2014  4 22   112   19  5  0     40.18    0.1807E+00     105.3    330.9
2014  4 22   112   19  6  0     40.33    0.1562E+00      86.0    331.3
2014  4 22   112   19  7  0     40.48    0.1398E+00      74.7    332.6
2014  4 22   112   19  8  0     40.64    0.1494E+00      86.7    333.5
2014  4 22   112   19  9  0     40.80    0.1478E+00      85.5    333.4
2014  4 22   112   19 10  0     40.95    0.1497E+00      89.0    334.1
2014  4 22   112   19 11  0     41.11    0.1706E+00     111.0    334.2
2014  4 22   112   19 12  0     41.27    0.1821E+00     123.0    333.6
2014  4 22   112   19 13  0     41.42    0.1742E+00     115.8    333.3
2014  4 22   112   19 14  0     41.58    0.1728E+00     116.2    332.9
2014  4 22   112   19 15  0     41.74    0.1562E+00      99.7    331.8
2014  4 22   112   19 16  0     41.90    0.1287E+00      75.2    332.3
2014  4 22   112   19 17  0     42.06    0.1191E+00      69.5    333.2
2014  4 22   112   19 18  0     42.22    0.1149E+00      68.4    334.3
2014  4 22   112   19 19  0     42.38    0.1190E+00      74.9    335.4
2014  4 22   112   19 20  0     42.54    0.1408E+00      98.8    334.8
2014  4 22   112   19 21  0     42.71    0.1463E+00     103.5    334.2
2014  4 22   112   19 22  0     42.87    0.1555E+00     112.2    333.3
2014  4 22   112   19 23  0     43.03    0.1660E+00     123.1    332.8
2014  4 22   112   19 24  0     43.19    0.1754E+00     132.4    331.9
2014  4 22   112   19 25  0     43.36    0.1768E+00     132.9    331.1
2014  4 22   112   19 26  0     43.52    0.1718E+00     127.1    330.3
2014  4 22   112   19 27  0     43.69    0.1673E+00     123.3    329.8
2014  4 22   112   19 28  0     43.85    0.1598E+00     116.4    329.3
2014  4 22   112   19 29  0     44.02    0.1540E+00     112.2    329.2
2014  4 22   112   19 30  0     44.18    0.1460E+00     105.9    329.2
2014  4 22   112   19 31  0     44.35    0.1357E+00      96.8    329.4
2014  4 22   112   19 32  0     44.51    0.1268E+00      89.2    329.7
2014  4 22   112   19 33  0     44.68    0.1257E+00      91.3    330.5
2014  4 22   112   19 34  0     44.85    0.1208E+00      87.9    330.8
2014  4 22   112   19 35  0     45.02    0.1167E+00      86.7    331.9
2014  4 22   112   19 36  0     45.18    0.1245E+00      99.9    333.0
2014  4 22   112   19 37  0     45.35    0.1225E+00      97.2    332.7
2014  4 22   112   19 38  0     45.52    0.1201E+00      94.3    332.3
2014  4 22   112   19 39  0     45.69    0.1197E+00      95.4    332.1
2014  4 22   112   19 40  0     45.86    0.1146E+00      89.8    331.5
2014  4 22   112   19 41  0     46.03    0.1053E+00      79.7    331.1
2014  4 22   112   19 42  0     46.20    0.9693E-01      72.6    331.5
2014  4 22   112   19 43  0     46.37    0.9109E-01      69.4    332.3
2014  4 22   112   19 44  0     46.54    0.8736E-01      67.7    332.7
2014  4 22   112   19 45  0     46.71    0.8267E-01      63.9    332.8
2014  4 22   112   19 46  0     46.89    0.7727E-01      59.5    332.9
2014  4 22   112   19 47  0     47.06    0.7038E-01      54.4    333.9
2014  4 22   112   19 48  0     47.23    0.6336E-01      49.9    335.7
2014  4 22   112   19 49  0     47.40    0.5780E-01      46.7    337.9
2014  4 22   112   19 50  0     47.58    0.5405E-01      44.7    338.7
2014  4 22   112   19 51  0     47.75    0.5144E-01      43.4    339.3
2014  4 22   112   19 52  0     47.92    0.4921E-01      42.3    339.8
2014  4 22   112   19 53  0     48.10    0.4720E-01      41.4    340.3
2014  4 22   112   19 54  0     48.27    0.4551E-01      40.6    340.5
2014  4 22   112   19 55  0     48.45    0.4390E-01      39.8    340.8
2014  4 22   112   19 56  0     48.62    0.4247E-01      39.1    341.2
2014  4 22   112   19 57  0     48.80    0.4190E-01      39.2    341.6
2014  4 22   112   19 58  0     48.97    0.4324E-01      41.4    341.3
2014  4 22   112   19 59  0     49.15    0.4637E-01      45.3    340.6
2014  4 22   112   20  0  0     49.32    0.5132E-01      51.6    339.4
2014  4 22   112   20  1  0     49.50    0.5590E-01      56.9    338.0
2014  4 22   112   20  2  0     49.67    0.5843E-01      59.4    336.9
2014  4 22   112   20  3  0     49.85    0.5886E-01      59.3    335.6
2014  4 22   112   20  4  0     50.03    0.5663E-01      56.5    334.5
2014  4 22   112   20  5  0     50.21    0.5374E-01      53.7    334.4
2014  4 22   112   20  6  0     50.38    0.5072E-01      51.1    334.6
2014  4 22   112   20  7  0     50.56    0.4802E-01      48.9    334.8
2014  4 22   112   20  8  0     50.74    0.4545E-01      47.0    335.8
2014  4 22   112   20  9  0     50.92    0.4292E-01      45.0    335.9
2014  4 22   112   20 10  0     51.10    0.4036E-01      42.8    335.5
2014  4 22   112   20 11  0     51.27    0.3729E-01      40.0    336.1
2014  4 22   112   20 12  0     51.45    0.3370E-01      36.7    337.5
2014  4 22   112   20 13  0     51.63    0.3081E-01      34.2    338.6
2014  4 22   112   20 14  0     51.81    0.2928E-01      33.1    339.3
2014  4 22   112   20 15  0     51.99    0.2896E-01      33.4    339.5
2014  4 22   112   20 16  0     52.17    0.2954E-01      34.6    339.3
2014  4 22   112   20 17  0     52.35    0.3086E-01      36.7    338.3
2014  4 22   112   20 18  0     52.53    0.3277E-01      39.5    337.0
2014  4 22   112   20 19  0     52.71    0.3456E-01      42.0    335.5
2014  4 22   112   20 20  0     52.89    0.3511E-01      43.0    334.6
2014  4 22   112   20 21  0     53.07    0.3367E-01      41.4    333.5
2014  4 22   112   20 22  0     53.25    0.3147E-01      39.1    333.8
2014  4 22   112   20 23  0     53.44    0.2965E-01      37.0    333.6
2014  4 22   112   20 24  0     53.62    0.2728E-01      34.3    334.0
2014  4 22   112   20 25  0     53.80    0.2535E-01      32.1    335.2
2014  4 22   112   20 26  0     53.98    0.2482E-01      31.8    335.2
2014  4 22   112   20 27  0     54.16    0.2465E-01      31.8    334.2
2014  4 22   112   20 28  0     54.34    0.2392E-01      31.1    334.0
2014  4 22   112   20 29  0     54.53    0.2297E-01      30.2    334.3
2014  4 22   112   20 30  0     54.71    0.2218E-01      29.5    335.3
2014  4 22   112   20 31  0     54.89    0.2151E-01      29.0    335.5
2014  4 22   112   20 32  0     55.07    0.2114E-01      29.0    335.1
2014  4 22   112   20 33  0     55.26    0.2061E-01      28.7    335.2
2014  4 22   112   20 34  0     55.44    0.1927E-01      27.3    335.6
2014  4 22   112   20 35  0     55.62    0.1736E-01      25.1    336.6
2014  4 22   112   20 36  0     55.81    0.1549E-01      22.7    337.0
2014  4 22   112   20 37  0     55.99    0.1430E-01      21.3    337.4
2014  4 22   112   20 38  0     56.18    0.1407E-01      21.2    337.2
2014  4 22   112   20 39  0     56.36    0.1460E-01      22.3    337.4
2014  4 22   112   20 40  0     56.54    0.1523E-01      23.6    337.2
2014  4 22   112   20 41  0     56.73    0.1525E-01      24.1    337.4
2014  4 22   112   20 42  0     56.91    0.1476E-01      23.9    337.7
2014  4 22   112   20 43  0     57.10    0.1400E-01      23.3    338.0
2014  4 22   112   20 44  0     57.28    0.1304E-01      22.3    338.9
2014  4 22   112   20 45  0     57.47    0.1209E-01      21.2    339.6
2014  4 22   112   20 46  0     57.65    0.1130E-01      20.3    339.8
2014  4 22   112   20 47  0     57.84    0.1060E-01      19.5    340.0
2014  4 22   112   20 48  0     58.02    0.9996E-02      18.9    340.4
2014  4 22   112   20 49  0     58.21    0.9535E-02      18.6    341.1
2014  4 22   112   20 50  0     58.39    0.9290E-02      18.6    341.0
2014  4 22   112   20 51  0     58.58    0.9197E-02      19.0    341.9
2014  4 22   112   20 52  0     58.77    0.9224E-02      19.7    341.9
2014  4 22   112   20 53  0     58.95    0.9272E-02      20.4    342.4
2014  4 22   112   20 54  0     59.14    0.9531E-02      21.6    342.3
2014  4 22   112   20 55  0     59.32    0.9910E-02      23.2    342.6
2014  4 22   112   20 56  0     59.51    0.1054E-01      25.4    342.4
2014  4 22   112   20 57  0     59.70    0.1173E-01      29.1    341.3
2014  4 22   112   20 58  0     59.88    0.1366E-01      34.8    339.7
2014  4 22   112   20 59  0     60.07    0.1607E-01      41.5    337.1
2014  4 22   112   21  0  0     60.25    0.1815E-01      47.1    334.3
2014  4 22   112   21  1  0     60.44    0.1856E-01      48.2    332.6
2014  4 22   112   21  2  0     60.63    0.1784E-01      46.1    330.9
2014  4 22   112   21  3  0     60.82    0.1669E-01      43.1    329.8
2014  4 22   112   21  4  0     61.00    0.1483E-01      38.3    329.0
2014  4 22   112   21  5  0     61.19    0.1313E-01      34.3    328.7
2014  4 22   112   21  6  0     61.38    0.1245E-01      33.0    328.3
2014  4 22   112   21  7  0     61.56    0.1194E-01      31.9    327.5
2014  4 22   112   21  8  0     61.75    0.1083E-01      29.2    326.6
2014  4 22   112   21  9  0     61.94    0.9602E-02      26.0    325.6
2014  4 22   112   21 10  0     62.13    0.8621E-02      23.7    325.2
2014  4 22   112   21 11  0     62.31    0.7993E-02      22.5    324.8
2014  4 22   112   21 12  0     62.50    0.7629E-02      22.1    324.2
2014  4 22   112   21 13  0     62.69    0.7096E-02      21.0    323.1
2014  4 22   112   21 14  0     62.88    0.6550E-02      19.7    322.3
2014  4 22   112   21 15  0     63.06    0.6098E-02      18.5    321.6
2014  4 22   112   21 16  0     63.25    0.5785E-02      17.6    320.6
2014  4 22   112   21 17  0     63.44    0.5736E-02      17.4    318.9
2014  4 22   112   21 18  0     63.63    0.5797E-02      17.5    318.1
2014  4 22   112   21 19  0     63.82    0.5660E-02      17.1    316.3
2014  4 22   112   21 20  0     64.01    0.5355E-02      16.5    314.6
2014  4 22   112   21 21  0     64.19    0.5237E-02      16.5    313.5
2014  4 22   112   21 22  0     64.38    0.5129E-02      16.5    312.3
2014  4 22   112   21 23  0     64.57    0.4700E-02      15.4    311.5
2014  4 22   112   21 24  0     64.76    0.4229E-02      14.1    308.6
2014  4 22   112   21 25  0     64.95    0.3839E-02      12.9    305.4
2014  4 22   112   21 26  0     65.14    0.3516E-02      12.0    302.8
2014  4 22   112   21 27  0     65.32    0.3271E-02      11.3    301.6
2014  4 22   112   21 28  0     65.51    0.3117E-02      11.0    300.2
2014  4 22   112   21 29  0     65.70    0.3141E-02      11.5    300.9
2014  4 22   112   21 30  0     65.89    0.3324E-02      12.8    303.0
2014  4 22   112   21 31  0     66.08    0.3450E-02      13.7    302.6
2014  4 22   112   21 32  0     66.27    0.3409E-02      13.8    301.1
2014  4 22   112   21 33  0     66.46    0.3390E-02      14.2    301.2
2014  4 22   112   21 34  0     66.65    0.3487E-02      15.1    300.8
2014  4 22   112   21 35  0     66.83    0.3438E-02      15.2    299.5
2014  4 22   112   21 36  0     67.02    0.3354E-02      15.3    298.4
2014  4 22   112   21 37  0     67.21    0.3315E-02      15.6    298.6
2014  4 22   112   21 38  0     67.40    0.3328E-02      16.0    298.2
2014  4 22   112   21 39  0     67.59    0.3406E-02      16.8    297.7
2014  4 22   112   21 40  0     67.78    0.3523E-02      18.0    299.0
2014  4 22   112   21 41  0     67.97    0.3654E-02      19.2    298.0
2014  4 22   112   21 42  0     68.16    0.3666E-02      19.8    296.9
2014  4 22   112   21 43  0     68.35    0.3639E-02      20.3    297.5
2014  4 22   112   21 44  0     68.54    0.3618E-02      20.5    295.9
2014  4 22   112   21 45  0     68.73    0.3558E-02      20.5    295.0
2014  4 22   112   21 46  0     68.92    0.3575E-02      20.7    293.0
2014  4 22   112   21 47  0     69.10    0.3614E-02      20.9    290.1
2014  4 22   112   21 48  0     69.29    0.3638E-02      21.1    288.7
2014  4 22   112   21 49  0     69.48    0.3520E-02      20.5    287.0
2014  4 22   112   21 50  0     69.67    0.3324E-02      19.4    283.6
2014  4 22   112   21 51  0     69.86    0.3236E-02      19.0    280.0
2014  4 22   112   21 52  0     70.05    0.3235E-02      19.4    280.1
2014  4 22   112   21 53  0     70.24    0.3237E-02      19.9    279.5
2014  4 22   112   21 54  0     70.43    0.3172E-02      19.9    277.8
2014  4 22   112   21 55  0     70.62    0.3117E-02      20.1    277.5
2014  4 22   112   21 56  0     70.81    0.3078E-02      20.4    275.5
2014  4 22   112   21 57  0     71.00    0.3165E-02      21.7    274.9
2014  4 22   112   21 58  0     71.19    0.3293E-02      23.4    276.1
2014  4 22   112   21 59  0     71.38    0.3360E-02      24.5    275.3
2014  4 22   112   22  0  0     71.56    0.3240E-02      24.1    273.4
2014  4 22   112   22  1  0     71.75    0.3153E-02      24.2    273.0
2014  4 22   112   22  2  0     71.94    0.3316E-02      26.9    274.8
2014  4 22   112   22  3  0     72.13    0.3544E-02      30.1    274.9
2014  4 22   112   22  4  0     72.32    0.3572E-02      31.7    276.9
2014  4 22   112   22  5  0     72.51    0.3460E-02      31.7    275.7
2014  4 22   112   22  6  0     72.70    0.3290E-02      31.2    274.0
2014  4 22   112   22  7  0     72.89    0.3184E-02      31.2    270.1
2014  4 22   112   22  8  0     73.08    0.3243E-02      33.7    271.4
2014  4 22   112   22  9  0     73.27    0.3415E-02      37.0    271.7
2014  4 22   112   22 10  0     73.46    0.3467E-02      38.7    270.7
2014  4 22   112   22 11  0     73.65    0.3578E-02      41.8    272.3
2014  4 22   112   22 12  0     73.83    0.3827E-02      46.2    273.3
2014  4 22   112   22 13  0     74.02    0.3887E-02      48.1    271.3
2014  4 22   112   22 14  0     74.21    0.3686E-02      46.4    268.8
2014  4 22   112   22 15  0     74.40    0.3339E-02      42.2    263.2
2014  4 22   112   22 16  0     74.59    0.3020E-02      38.2    258.0
2014  4 22   112   22 17  0     74.78    0.2752E-02      34.8    252.9
2014  4 22   112   22 18  0     74.97    0.2500E-02      31.7    246.0
2014  4 22   112   22 19  0     75.16    0.2299E-02      29.6    241.9
2014  4 22   112   22 20  0     75.35    0.2171E-02      28.6    237.9
2014  4 22   112   22 21  0     75.54    0.2039E-02      28.1    236.9
2014  4 22   112   22 22  0     75.72    0.1961E-02      27.8    233.5
2014  4 22   112   22 23  0     75.91    0.1905E-02      27.4    226.3
2014  4 22   112   22 24  0     76.10    0.1769E-02      26.0    222.3
2014  4 22   112   22 25  0     76.29    0.1616E-02      24.2    215.9
2014  4 22   112   22 26  0     76.48    0.1487E-02      23.0    210.8
2014  4 22   112   22 27  0     76.67    0.1421E-02      23.0    206.5
2014  4 22   112   22 28  0     76.86    0.1370E-02      23.7    204.6
2014  4 22   112   22 29  0     77.04    0.1339E-02      24.6    203.3
2014  4 22   112   22 30  0     77.23    0.1333E-02      25.6    200.5
2014  4 22   112   22 31  0     77.42    0.1295E-02      25.5    197.7
2014  4 22   112   22 32  0     77.61    0.1253E-02      24.8    193.0
2014  4 22   112   22 33  0     77.80    0.1232E-02      24.1    187.3
2014  4 22   112   22 34  0     77.99    0.1177E-02      23.1    183.2
2014  4 22   112   22 35  0     78.18    0.1100E-02      21.4    176.8
2014  4 22   112   22 36  0     78.36    0.1017E-02      19.0    165.4
2014  4 22   112   22 37  0     78.55    0.9289E-03      17.4    158.2
2014  4 22   112   22 38  0     78.74    0.8845E-03      16.3    149.5
2014  4 22   112   22 39  0     78.93    0.8608E-03      15.9    144.0
2014  4 22   112   22 40  0     79.12    0.8396E-03      16.0    142.3
2014  4 22   112   22 41  0     79.30    0.8339E-03      16.2    140.5
2014  4 22   112   22 42  0     79.49    0.8316E-03      16.3    138.0
2014  4 22   112   22 43  0     79.68    0.8319E-03      16.7    136.2
2014  4 22   112   22 44  0     79.87    0.8353E-03      17.7    136.0
2014  4 22   112   22 45  0     80.05    0.8312E-03      19.3    137.9
2014  4 22   112   22 46  0     80.24    0.8685E-03      21.1    137.3
2014  4 22   112   22 47  0     80.43    0.8861E-03      22.7    138.2
2014  4 22   112   22 48  0     80.62    0.8999E-03      24.1    138.1
2014  4 22   112   22 49  0     80.80    0.8922E-03      25.4    139.1
2014  4 22   112   22 50  0     80.99    0.9076E-03      26.6    137.6
2014  4 22   112   22 51  0     81.18    0.9256E-03      28.4    137.3
2014  4 22   112   22 52  0     81.36    0.9449E-03      30.4    137.8
2014  4 22   112   22 53  0     81.55    0.9525E-03      30.9    134.5
2014  4 22   112   22 54  0     81.74    0.9168E-03      29.2    129.6
2014  4 22   112   22 55  0     81.93    0.8648E-03      26.1    122.2
2014  4 22   112   22 56  0     82.11    0.8141E-03      23.0    114.1
2014  4 22   112   22 57  0     82.30    0.7729E-03      21.1    108.5
2014  4 22   112   22 58  0     82.48    0.7521E-03      20.7    105.3
2014  4 22   112   22 59  0     82.67    0.7764E-03      21.7    102.3
2014  4 22   112   23  0  0     82.86    0.7892E-03      24.1    103.2
2014  4 22   112   23  1  0     83.04    0.7963E-03      26.5    104.2
2014  4 22   112   23  2  0     83.23    0.8013E-03      28.2    103.5
2014  4 22   112   23  3  0     83.42    0.8025E-03      30.2    103.6
2014  4 22   112   23  4  0     83.60    0.8144E-03      32.3    102.2
2014  4 22   112   23  5  0     83.79    0.8110E-03      33.9    100.6
2014  4 22   112   23  6  0     83.97    0.7882E-03      36.3    101.3
2014  4 22   112   23  7  0     84.16    0.7852E-03      39.3    101.7
2014  4 22   112   23  8  0     84.34    0.7921E-03      41.7    100.9
2014  4 22   112   23  9  0     84.53    0.7688E-03      43.1    100.8
2014  4 22   112   23 10  0     84.72    0.7614E-03      43.0     97.5
2014  4 22   112   23 11  0     84.90    0.7426E-03      41.7     92.2
2014  4 22   112   23 12  0     85.09    0.7176E-03      39.4     86.9
2014  4 22   112   23 13  0     85.27    0.7008E-03      36.9     81.3
2014  4 22   112   23 14  0     85.46    0.6652E-03      35.2     77.5
2014  4 22   112   23 15  0     85.64    0.6422E-03      34.7     74.2
2014  4 22   112   23 16  0     85.83    0.6279E-03      35.5     72.0
2014  4 22   112   23 17  0     86.01    0.6157E-03      36.9     70.7
2014  4 22   112   23 18  0     86.19    0.6216E-03      38.5     68.6
2014  4 22   112   23 19  0     86.38    0.6358E-03      39.8     66.0
2014  4 22   112   23 20  0     86.56    0.6266E-03      40.6     64.4
2014  4 22   112   23 21  0     86.75    0.6283E-03      40.8     61.4
2014  4 22   112   23 22  0     86.93    0.6071E-03      40.8     59.8
2014  4 22   112   23 23  0     87.11    0.6130E-03      40.7     56.0
2014  4 22   112   23 24  0     87.30    0.6116E-03      40.6     53.1
2014  4 22   112   23 25  0     87.48    0.6094E-03      40.2     50.1
2014  4 22   112   23 26  0     87.66    0.6049E-03      38.8     46.4
2014  4 22   112   23 27  0     87.85    0.5896E-03      36.0     42.4
2014  4 22   112   23 28  0     88.03    0.6097E-03      32.6     35.6
2014  4 22   112   23 29  0     88.21    0.5780E-03      29.4     32.2
2014  4 22   112   23 30  0     88.40    0.5724E-03      27.5     28.7
2014  4 22   112   23 31  0     88.58    0.5728E-03      26.5     26.0
2014  4 22   112   23 32  0     88.76    0.5644E-03      25.5     23.7
2014  4 22   112   23 33  0     88.94    0.5683E-03      24.0     20.9
2014  4 22   112   23 34  0     89.13    0.5551E-03      22.0     17.9
2014  4 22   112   23 35  0     89.31    0.5508E-03      19.8     14.4
2014  4 22   112   23 36  0     89.49    0.5383E-03      17.5     11.5
2014  4 22   112   23 37  0     89.67    0.5392E-03      15.1      8.6
2014  4 22   112   23 38  0     89.85    0.5292E-03      12.9      6.5
