                            NILUUV 115

Uvpro Version 2.0
Latitude :   40.74 (North)
Longitude:  -74.03  (West)
Calibration file: cf100603a.115
Height above sea level:    40.0  m
CLT derived from channel 5
CLT scale factor used:   1.0
Ozone derived from channel pair ch3/ch1
Ozone scale factor used:   1.0
Drift factors ch1-ch6:   0.503  0.530  0.596  0.649  0.502  0.871
Ozone profile climatology: Mid  Latitude
Dose type:    CLW    Caldwell Plant 1971           

yyyy mm dd   jul   hh mm ss      SZA     dose rate       clt     Ozone
                              [degrees]   [W/m^2]        [%]     [DU]
2014 11 10   314   11 43  0     89.88    0.6317E-03     101.4     53.4
2014 11 10   314   11 44  0     89.71    0.6490E-03     101.8     56.3
2014 11 10   314   11 45  0     89.53    0.6545E-03     102.5     60.2
2014 11 10   314   11 46  0     89.36    0.6753E-03     103.5     62.2
2014 11 10   314   11 47  0     89.19    0.6897E-03     104.7     65.2
2014 11 10   314   11 48  0     89.01    0.6944E-03     106.1     68.3
2014 11 10   314   11 49  0     88.84    0.7140E-03     106.4     71.2
2014 11 10   314   11 50  0     88.67    0.7413E-03     106.8     73.1
2014 11 10   314   11 51  0     88.50    0.7705E-03     107.3     74.6
2014 11 10   314   11 52  0     88.32    0.7678E-03     107.6     79.3
2014 11 10   314   11 53  0     88.15    0.7881E-03     108.0     81.3
2014 11 10   314   11 54  0     87.98    0.8156E-03     108.1     82.3
2014 11 10   314   11 55  0     87.81    0.8328E-03     107.8     85.7
2014 11 10   314   11 56  0     87.64    0.8461E-03     107.5     89.5
2014 11 10   314   11 57  0     87.47    0.8711E-03     107.3     91.8
2014 11 10   314   11 58  0     87.30    0.8944E-03     107.4     94.2
2014 11 10   314   11 59  0     87.12    0.9076E-03     107.5     97.6
2014 11 10   314   12  0  0     86.95    0.9427E-03     107.6     98.7
2014 11 10   314   12  1  0     86.78    0.9734E-03     107.4    101.2
2014 11 10   314   12  2  0     86.61    0.9933E-03     107.2    104.6
2014 11 10   314   12  3  0     86.44    0.1039E-02     107.2    105.5
2014 11 10   314   12  4  0     86.28    0.1050E-02     107.2    109.5
2014 11 10   314   12  5  0     86.11    0.1087E-02     107.3    111.1
2014 11 10   314   12  6  0     85.94    0.1126E-02     107.3    112.7
2014 11 10   314   12  7  0     85.77    0.1155E-02     107.2    115.9
2014 11 10   314   12  8  0     85.60    0.1165E-02     107.2    120.9
2014 11 10   314   12  9  0     85.43    0.1212E-02     107.3    122.7
2014 11 10   314   12 10  0     85.26    0.1249E-02     107.5    125.7
2014 11 10   314   12 11  0     85.10    0.1267E-02     107.7    130.7
2014 11 10   314   12 12  0     84.93    0.1327E-02     107.9    131.4
2014 11 10   314   12 13  0     84.76    0.1382E-02     108.3    133.2
2014 11 10   314   12 14  0     84.59    0.1409E-02     108.9    138.1
2014 11 10   314   12 15  0     84.43    0.1444E-02     109.8    142.4
2014 11 10   314   12 16  0     84.26    0.1501E-02     110.2    144.2
2014 11 10   314   12 17  0     84.10    0.1541E-02     110.3    148.0
2014 11 10   314   12 18  0     83.93    0.1612E-02     110.1    148.9
2014 11 10   314   12 19  0     83.76    0.1669E-02     109.9    151.7
2014 11 10   314   12 20  0     83.60    0.1715E-02     109.4    155.8
2014 11 10   314   12 21  0     83.43    0.1779E-02     109.2    158.2
2014 11 10   314   12 22  0     83.27    0.1850E-02     109.0    160.0
2014 11 10   314   12 23  0     83.11    0.1911E-02     108.7    163.0
2014 11 10   314   12 24  0     82.94    0.1958E-02     108.5    167.3
2014 11 10   314   12 25  0     82.78    0.2050E-02     108.0    168.0
2014 11 10   314   12 26  0     82.61    0.2100E-02     107.6    172.5
2014 11 10   314   12 27  0     82.45    0.2186E-02     107.1    173.9
2014 11 10   314   12 28  0     82.29    0.2246E-02     106.5    177.8
2014 11 10   314   12 29  0     82.13    0.2351E-02     106.1    178.1
2014 11 10   314   12 30  0     81.96    0.2418E-02     105.9    181.7
2014 11 10   314   12 31  0     81.80    0.2505E-02     104.3    184.0
2014 11 10   314   12 32  0     81.64    0.2610E-02     106.0    185.2
2014 11 10   314   12 33  0     81.48    0.2692E-02     108.8    188.5
2014 11 10   314   12 34  0     81.32    0.2773E-02     110.0    191.5
2014 11 10   314   12 35  0     81.16    0.2889E-02     110.0    192.0
2014 11 10   314   12 36  0     81.00    0.2978E-02     109.9    195.0
2014 11 10   314   12 37  0     80.84    0.3075E-02     109.7    197.2
2014 11 10   314   12 38  0     80.68    0.3176E-02     109.2    199.1
2014 11 10   314   12 39  0     80.52    0.3306E-02     108.4    199.5
2014 11 10   314   12 40  0     80.36    0.3402E-02     108.5    201.9
2014 11 10   314   12 41  0     80.20    0.3495E-02     106.2    204.3
2014 11 10   314   12 42  0     80.04    0.3625E-02     108.0    205.5
2014 11 10   314   12 43  0     79.88    0.3741E-02     108.9    207.6
2014 11 10   314   12 44  0     79.72    0.3865E-02     108.7    209.2
2014 11 10   314   12 45  0     79.57    0.4003E-02     108.6    210.4
2014 11 10   314   12 46  0     79.41    0.4143E-02     108.5    211.5
2014 11 10   314   12 47  0     79.25    0.4258E-02     108.5    214.2
2014 11 10   314   12 48  0     79.10    0.4406E-02     108.4    215.1
2014 11 10   314   12 49  0     78.94    0.4543E-02     108.4    217.1
2014 11 10   314   12 50  0     78.78    0.4684E-02     108.2    218.6
2014 11 10   314   12 51  0     78.63    0.4849E-02     108.1    219.2
2014 11 10   314   12 52  0     78.47    0.4989E-02     108.0    221.0
2014 11 10   314   12 53  0     78.32    0.5138E-02     107.9    222.6
2014 11 10   314   12 54  0     78.17    0.5307E-02     107.9    223.5
2014 11 10   314   12 55  0     78.01    0.5480E-02     107.9    224.5
2014 11 10   314   12 56  0     77.86    0.5658E-02     107.9    225.7
2014 11 10   314   12 57  0     77.70    0.5808E-02     107.7    227.7
2014 11 10   314   12 58  0     77.55    0.5995E-02     107.9    228.8
2014 11 10   314   12 59  0     77.40    0.6190E-02     108.0    229.4
2014 11 10   314   13  0  0     77.25    0.6365E-02     107.8    230.4
2014 11 10   314   13  1  0     77.09    0.6558E-02     107.6    231.1
2014 11 10   314   13  2  0     76.94    0.6753E-02     107.8    233.4
2014 11 10   314   13  3  0     76.79    0.6972E-02     108.0    234.2
2014 11 10   314   13  4  0     76.64    0.7181E-02     108.0    235.0
2014 11 10   314   13  5  0     76.49    0.7401E-02     108.2    235.8
2014 11 10   314   13  6  0     76.34    0.7603E-02     108.3    237.0
2014 11 10   314   13  7  0     76.19    0.7822E-02     108.5    237.8
2014 11 10   314   13  8  0     76.04    0.8037E-02     108.5    238.8
2014 11 10   314   13  9  0     75.89    0.8256E-02     108.6    239.7
2014 11 10   314   13 10  0     75.74    0.8453E-02     108.3    240.9
2014 11 10   314   13 11  0     75.60    0.8683E-02     108.2    241.4
2014 11 10   314   13 12  0     75.45    0.8901E-02     107.4    241.7
2014 11 10   314   13 13  0     75.30    0.9109E-02     107.3    242.9
2014 11 10   314   13 14  0     75.16    0.9356E-02     107.7    243.6
2014 11 10   314   13 15  0     75.01    0.9584E-02     107.8    244.3
2014 11 10   314   13 16  0     74.86    0.9839E-02     108.0    244.7
2014 11 10   314   13 17  0     74.72    0.1008E-01     107.9    245.6
2014 11 10   314   13 18  0     74.57    0.1038E-01     107.8    245.9
2014 11 10   314   13 19  0     74.43    0.1064E-01     107.9    246.4
2014 11 10   314   13 20  0     74.28    0.1091E-01     107.9    247.3
2014 11 10   314   13 21  0     74.14    0.1121E-01     108.2    247.7
2014 11 10   314   13 22  0     73.99    0.1150E-01     108.2    248.3
2014 11 10   314   13 23  0     73.85    0.1179E-01     108.3    248.9
2014 11 10   314   13 24  0     73.71    0.1210E-01     108.5    249.7
2014 11 10   314   13 25  0     73.57    0.1240E-01     108.5    249.8
2014 11 10   314   13 26  0     73.43    0.1267E-01     108.5    250.5
2014 11 10   314   13 27  0     73.28    0.1299E-01     108.7    251.0
2014 11 10   314   13 28  0     73.14    0.1331E-01     108.7    251.2
2014 11 10   314   13 29  0     73.00    0.1364E-01     108.7    251.6
2014 11 10   314   13 30  0     72.86    0.1395E-01     108.8    253.4
2014 11 10   314   13 31  0     72.72    0.1425E-01     108.5    253.9
2014 11 10   314   13 32  0     72.58    0.1461E-01     108.8    253.1
2014 11 10   314   13 33  0     72.45    0.1494E-01     108.6    253.3
2014 11 10   314   13 34  0     72.31    0.1527E-01     108.5    253.6
2014 11 10   314   13 35  0     72.17    0.1557E-01     108.3    254.2
2014 11 10   314   13 36  0     72.03    0.1593E-01     108.4    254.4
2014 11 10   314   13 37  0     71.90    0.1628E-01     108.2    255.4
2014 11 10   314   13 38  0     71.76    0.1662E-01     108.2    255.8
2014 11 10   314   13 39  0     71.62    0.1697E-01     108.0    256.0
2014 11 10   314   13 40  0     71.49    0.1732E-01     107.8    256.3
2014 11 10   314   13 41  0     71.35    0.1770E-01     107.7    255.7
2014 11 10   314   13 42  0     71.22    0.1812E-01     108.1    255.8
2014 11 10   314   13 43  0     71.09    0.1852E-01     108.1    256.0
2014 11 10   314   13 44  0     70.95    0.1890E-01     108.1    256.9
2014 11 10   314   13 45  0     70.82    0.1929E-01     108.2    257.1
2014 11 10   314   13 46  0     70.69    0.1971E-01     108.4    257.4
2014 11 10   314   13 47  0     70.56    0.2011E-01     108.3    257.5
2014 11 10   314   13 48  0     70.42    0.2053E-01     108.4    257.8
2014 11 10   314   13 49  0     70.29    0.2097E-01     108.4    257.9
2014 11 10   314   13 50  0     70.16    0.2141E-01     108.7    257.7
2014 11 10   314   13 51  0     70.03    0.2185E-01     109.0    257.9
2014 11 10   314   13 52  0     69.90    0.2230E-01     108.9    258.4
2014 11 10   314   13 53  0     69.78    0.2275E-01     109.2    258.6
2014 11 10   314   13 54  0     69.65    0.2323E-01     109.3    258.7
2014 11 10   314   13 55  0     69.52    0.2367E-01     109.2    259.0
2014 11 10   314   13 56  0     69.39    0.2425E-01     109.9    259.1
2014 11 10   314   13 57  0     69.27    0.2476E-01     110.1    259.0
2014 11 10   314   13 58  0     69.14    0.2519E-01     109.9    259.1
2014 11 10   314   13 59  0     69.01    0.2566E-01     110.2    259.2
2014 11 10   314   14  0  0     68.89    0.2609E-01     110.0    259.5
2014 11 10   314   14  1  0     68.76    0.2661E-01     110.4    259.7
2014 11 10   314   14  2  0     68.64    0.2701E-01     110.0    260.0
2014 11 10   314   14  3  0     68.52    0.2746E-01     110.0    260.0
2014 11 10   314   14  4  0     68.39    0.2791E-01     109.8    260.1
2014 11 10   314   14  5  0     68.27    0.2837E-01     109.8    260.3
2014 11 10   314   14  6  0     68.15    0.2889E-01     110.1    260.3
2014 11 10   314   14  7  0     68.03    0.2938E-01     110.2    260.5
2014 11 10   314   14  8  0     67.91    0.2984E-01     109.9    260.5
2014 11 10   314   14  9  0     67.79    0.3025E-01     109.5    260.6
2014 11 10   314   14 10  0     67.67    0.3071E-01     109.4    260.7
2014 11 10   314   14 11  0     67.55    0.3116E-01     109.2    260.8
2014 11 10   314   14 12  0     67.43    0.3167E-01     109.4    260.9
2014 11 10   314   14 13  0     67.31    0.3223E-01     109.4    260.9
2014 11 10   314   14 14  0     67.20    0.3279E-01     109.8    261.1
2014 11 10   314   14 15  0     67.08    0.3327E-01     109.6    261.1
2014 11 10   314   14 16  0     66.96    0.3379E-01     109.6    261.3
2014 11 10   314   14 17  0     66.85    0.3440E-01     109.9    261.4
2014 11 10   314   14 18  0     66.73    0.3497E-01     110.1    261.5
2014 11 10   314   14 19  0     66.62    0.3551E-01     110.0    261.5
2014 11 10   314   14 20  0     66.50    0.3611E-01     110.3    261.6
2014 11 10   314   14 21  0     66.39    0.3678E-01     110.8    261.6
2014 11 10   314   14 22  0     66.28    0.3730E-01     110.6    261.6
2014 11 10   314   14 23  0     66.17    0.3781E-01     110.3    261.6
2014 11 10   314   14 24  0     66.06    0.3829E-01     110.2    261.8
2014 11 10   314   14 25  0     65.95    0.3885E-01     110.3    261.7
2014 11 10   314   14 26  0     65.84    0.3939E-01     110.3    261.8
2014 11 10   314   14 27  0     65.73    0.3992E-01     110.3    261.8
2014 11 10   314   14 28  0     65.62    0.4046E-01     110.2    261.9
2014 11 10   314   14 29  0     65.51    0.4098E-01     110.1    262.0
2014 11 10   314   14 30  0     65.40    0.4156E-01     110.2    261.9
2014 11 10   314   14 31  0     65.30    0.4214E-01     110.1    262.0
2014 11 10   314   14 32  0     65.19    0.4287E-01     110.8    262.0
2014 11 10   314   14 33  0     65.08    0.4347E-01     111.1    262.1
2014 11 10   314   14 34  0     64.98    0.4394E-01     110.3    261.9
2014 11 10   314   14 35  0     64.87    0.4458E-01     111.2    262.1
2014 11 10   314   14 36  0     64.77    0.4521E-01     112.0    262.3
2014 11 10   314   14 37  0     64.67    0.4563E-01     111.4    262.3
2014 11 10   314   14 38  0     64.57    0.4605E-01     110.9    262.3
2014 11 10   314   14 39  0     64.46    0.4648E-01     110.5    262.3
2014 11 10   314   14 40  0     64.36    0.4692E-01     110.0    262.3
2014 11 10   314   14 41  0     64.26    0.4746E-01     109.6    262.2
2014 11 10   314   14 42  0     64.16    0.4795E-01     109.4    262.3
2014 11 10   314   14 43  0     64.06    0.4844E-01     109.1    262.2
2014 11 10   314   14 44  0     63.97    0.4898E-01     109.1    262.3
2014 11 10   314   14 45  0     63.87    0.4953E-01     109.3    262.4
2014 11 10   314   14 46  0     63.77    0.4996E-01     108.6    262.3
2014 11 10   314   14 47  0     63.68    0.5042E-01     108.1    262.3
2014 11 10   314   14 48  0     63.58    0.5097E-01     107.9    262.3
2014 11 10   314   14 49  0     63.49    0.5153E-01     108.0    262.4
2014 11 10   314   14 50  0     63.39    0.5229E-01     109.1    262.6
2014 11 10   314   14 51  0     63.30    0.5278E-01     108.5    262.5
2014 11 10   314   14 52  0     63.21    0.5337E-01     108.6    262.6
2014 11 10   314   14 53  0     63.12    0.5387E-01     108.7    262.7
2014 11 10   314   14 54  0     63.02    0.5453E-01     109.4    262.8
2014 11 10   314   14 55  0     62.93    0.5532E-01     110.5    263.0
2014 11 10   314   14 56  0     62.84    0.5588E-01     110.1    263.0
2014 11 10   314   14 57  0     62.75    0.5647E-01     109.9    263.0
2014 11 10   314   14 58  0     62.67    0.5700E-01     109.5    263.0
2014 11 10   314   14 59  0     62.58    0.5776E-01     110.1    263.1
2014 11 10   314   15  0  0     62.49    0.5861E-01     111.0    263.2
2014 11 10   314   15  1  0     62.41    0.5921E-01     111.2    263.3
2014 11 10   314   15  2  0     62.32    0.5971E-01     110.8    263.4
2014 11 10   314   15  3  0     62.24    0.6029E-01     110.9    263.4
2014 11 10   314   15  4  0     62.15    0.6100E-01     111.5    263.6
2014 11 10   314   15  5  0     62.07    0.6177E-01     112.0    263.6
2014 11 10   314   15  6  0     61.99    0.6267E-01     113.0    263.8
2014 11 10   314   15  7  0     61.91    0.6348E-01     114.2    264.0
2014 11 10   314   15  8  0     61.82    0.6420E-01     115.1    264.2
2014 11 10   314   15  9  0     61.74    0.6462E-01     114.6    264.2
2014 11 10   314   15 10  0     61.66    0.6515E-01     114.7    264.3
2014 11 10   314   15 11  0     61.59    0.6556E-01     114.4    264.4
2014 11 10   314   15 12  0     61.51    0.6604E-01     114.2    264.5
2014 11 10   314   15 13  0     61.43    0.6641E-01     113.5    264.4
2014 11 10   314   15 14  0     61.35    0.6712E-01     114.2    264.5
2014 11 10   314   15 15  0     61.28    0.6773E-01     114.6    264.6
2014 11 10   314   15 16  0     61.21    0.6824E-01     114.9    264.7
2014 11 10   314   15 17  0     61.13    0.6858E-01     114.3    264.6
2014 11 10   314   15 18  0     61.06    0.6899E-01     114.3    264.7
2014 11 10   314   15 19  0     60.99    0.6956E-01     114.8    264.8
2014 11 10   314   15 20  0     60.91    0.6985E-01     114.3    264.9
2014 11 10   314   15 21  0     60.84    0.7008E-01     113.3    264.8
2014 11 10   314   15 22  0     60.77    0.7065E-01     113.9    264.9
2014 11 10   314   15 23  0     60.71    0.7081E-01     112.7    264.8
2014 11 10   314   15 24  0     60.64    0.7104E-01     111.9    264.7
2014 11 10   314   15 25  0     60.57    0.7147E-01     111.9    264.7
2014 11 10   314   15 26  0     60.50    0.7193E-01     112.0    264.7
2014 11 10   314   15 27  0     60.44    0.7240E-01     112.0    264.7
2014 11 10   314   15 28  0     60.37    0.7284E-01     111.8    264.7
2014 11 10   314   15 29  0     60.31    0.7324E-01     111.5    264.6
2014 11 10   314   15 30  0     60.24    0.7380E-01     112.0    264.7
2014 11 10   314   15 31  0     60.18    0.7406E-01     111.3    264.5
2014 11 10   314   15 32  0     60.12    0.7441E-01     111.0    264.6
2014 11 10   314   15 33  0     60.06    0.7471E-01     110.6    264.5
2014 11 10   314   15 34  0     60.00    0.7532E-01     111.1    264.5
2014 11 10   314   15 35  0     59.94    0.7583E-01     110.7    264.3
2014 11 10   314   15 36  0     59.88    0.7608E-01     109.7    264.1
2014 11 10   314   15 37  0     59.82    0.7641E-01     109.3    264.1
2014 11 10   314   15 38  0     59.77    0.7695E-01     109.7    264.2
2014 11 10   314   15 39  0     59.71    0.7765E-01     110.3    264.2
2014 11 10   314   15 40  0     59.66    0.7831E-01     110.7    264.2
2014 11 10   314   15 41  0     59.60    0.7896E-01     111.2    264.2
2014 11 10   314   15 42  0     59.55    0.7898E-01     109.9    264.0
2014 11 10   314   15 43  0     59.50    0.7929E-01     109.9    264.1
2014 11 10   314   15 44  0     59.45    0.7942E-01     109.0    263.8
2014 11 10   314   15 45  0     59.40    0.8011E-01     110.2    264.0
2014 11 10   314   15 46  0     59.35    0.8077E-01     110.9    264.0
2014 11 10   314   15 47  0     59.30    0.8125E-01     111.0    263.9
2014 11 10   314   15 48  0     59.25    0.8159E-01     110.7    263.9
2014 11 10   314   15 49  0     59.20    0.8194E-01     110.4    263.7
2014 11 10   314   15 50  0     59.16    0.8251E-01     110.8    263.7
2014 11 10   314   15 51  0     59.11    0.8302E-01     111.0    263.7
2014 11 10   314   15 52  0     59.07    0.8343E-01     111.0    263.6
2014 11 10   314   15 53  0     59.02    0.8398E-01     111.2    263.5
2014 11 10   314   15 54  0     58.98    0.8469E-01     112.1    263.5
2014 11 10   314   15 55  0     58.94    0.8496E-01     111.7    263.4
2014 11 10   314   15 56  0     58.90    0.8504E-01     111.2    263.5
2014 11 10   314   15 57  0     58.86    0.8595E-01     113.1    263.7
2014 11 10   314   15 58  0     58.82    0.8637E-01     113.2    263.7
2014 11 10   314   15 59  0     58.78    0.8671E-01     113.3    263.9
2014 11 10   314   16  0  0     58.74    0.8716E-01     113.2    263.8
2014 11 10   314   16  1  0     58.70    0.8686E-01     111.3    263.5
2014 11 10   314   16  2  0     58.67    0.8709E-01     111.0    263.5
2014 11 10   314   16  3  0     58.63    0.8731E-01     111.0    263.4
2014 11 10   314   16  4  0     58.60    0.8737E-01     110.6    263.4
2014 11 10   314   16  5  0     58.57    0.8789E-01     111.2    263.4
2014 11 10   314   16  6  0     58.54    0.8854E-01     112.2    263.5
2014 11 10   314   16  7  0     58.50    0.8856E-01     111.4    263.3
2014 11 10   314   16  8  0     58.47    0.8838E-01     110.3    263.2
2014 11 10   314   16  9  0     58.44    0.8841E-01     110.1    263.2
2014 11 10   314   16 10  0     58.42    0.8846E-01     109.8    263.2
2014 11 10   314   16 11  0     58.39    0.8854E-01     109.5    263.1
2014 11 10   314   16 12  0     58.36    0.8910E-01     110.3    263.1
2014 11 10   314   16 13  0     58.34    0.8975E-01     111.0    263.2
2014 11 10   314   16 14  0     58.31    0.9036E-01     111.6    263.2
2014 11 10   314   16 15  0     58.29    0.9105E-01     112.3    263.2
2014 11 10   314   16 16  0     58.26    0.9155E-01     112.6    263.2
2014 11 10   314   16 17  0     58.24    0.9202E-01     112.7    263.2
2014 11 10   314   16 18  0     58.22    0.9220E-01     112.6    263.1
2014 11 10   314   16 19  0     58.20    0.9229E-01     112.1    263.1
2014 11 10   314   16 20  0     58.18    0.9291E-01     113.6    263.2
2014 11 10   314   16 21  0     58.16    0.9317E-01     113.6    263.1
2014 11 10   314   16 22  0     58.14    0.9305E-01     112.8    263.0
2014 11 10   314   16 23  0     58.13    0.9339E-01     113.2    263.0
2014 11 10   314   16 24  0     58.11    0.9325E-01     112.5    263.0
2014 11 10   314   16 25  0     58.10    0.9328E-01     112.5    263.0
2014 11 10   314   16 26  0     58.08    0.9337E-01     112.5    263.0
2014 11 10   314   16 27  0     58.07    0.9359E-01     113.1    263.1
2014 11 10   314   16 28  0     58.06    0.9374E-01     113.3    263.2
2014 11 10   314   16 29  0     58.05    0.9380E-01     113.1    263.1
2014 11 10   314   16 30  0     58.04    0.9418E-01     113.8    263.2
2014 11 10   314   16 31  0     58.03    0.9456E-01     114.2    263.2
2014 11 10   314   16 32  0     58.02    0.9476E-01     114.4    263.2
2014 11 10   314   16 33  0     58.01    0.9458E-01     113.5    263.1
2014 11 10   314   16 34  0     58.01    0.9477E-01     113.8    263.0
2014 11 10   314   16 35  0     58.00    0.9493E-01     114.0    263.0
2014 11 10   314   16 36  0     58.00    0.9504E-01     114.2    263.1
2014 11 10   314   16 37  0     57.99    0.9515E-01     114.2    263.0
2014 11 10   314   16 38  0     57.99    0.9513E-01     113.9    263.0
2014 11 10   314   16 39  0     57.99    0.9531E-01     114.4    263.0
2014 11 10   314   16 40  0     57.99    0.9522E-01     114.0    262.9
2014 11 10   314   16 41  0     57.99    0.9515E-01     113.9    262.9
2014 11 10   314   16 42  0     57.99    0.9529E-01     114.2    262.9
2014 11 10   314   16 43  0     57.99    0.9521E-01     113.9    262.8
2014 11 10   314   16 44  0     58.00    0.9511E-01     113.6    262.7
2014 11 10   314   16 45  0     58.00    0.9553E-01     114.9    262.9
2014 11 10   314   16 46  0     58.01    0.9551E-01     114.9    263.0
2014 11 10   314   16 47  0     58.01    0.9529E-01     114.3    262.9
2014 11 10   314   16 48  0     58.02    0.9519E-01     114.0    262.8
2014 11 10   314   16 49  0     58.02    0.9511E-01     113.7    262.7
2014 11 10   314   16 50  0     58.03    0.9534E-01     114.3    262.7
2014 11 10   314   16 51  0     58.04    0.9520E-01     114.0    262.7
2014 11 10   314   16 52  0     58.05    0.9494E-01     113.5    262.6
2014 11 10   314   16 53  0     58.06    0.9511E-01     114.8    262.8
2014 11 10   314   16 54  0     58.08    0.9524E-01     115.3    262.8
2014 11 10   314   16 55  0     58.09    0.9505E-01     115.0    262.8
2014 11 10   314   16 56  0     58.10    0.9477E-01     114.6    262.8
2014 11 10   314   16 57  0     58.12    0.9472E-01     114.7    262.7
2014 11 10   314   16 58  0     58.13    0.9455E-01     114.8    262.8
2014 11 10   314   16 59  0     58.15    0.9428E-01     114.3    262.7
2014 11 10   314   17  0  0     58.17    0.9403E-01     114.0    262.7
2014 11 10   314   17  1  0     58.19    0.9387E-01     114.1    262.6
2014 11 10   314   17  2  0     58.21    0.9366E-01     114.2    262.7
2014 11 10   314   17  3  0     58.23    0.9401E-01     115.5    262.8
2014 11 10   314   17  4  0     58.25    0.9406E-01     116.0    262.8
2014 11 10   314   17  5  0     58.27    0.9373E-01     115.5    262.8
2014 11 10   314   17  6  0     58.30    0.9338E-01     114.6    262.7
2014 11 10   314   17  7  0     58.32    0.9313E-01     114.4    262.6
2014 11 10   314   17  8  0     58.35    0.9265E-01     113.5    262.4
2014 11 10   314   17  9  0     58.37    0.9242E-01     113.5    262.4
2014 11 10   314   17 10  0     58.40    0.9256E-01     114.8    262.6
2014 11 10   314   17 11  0     58.43    0.9246E-01     115.2    262.6
2014 11 10   314   17 12  0     58.45    0.9210E-01     115.0    262.7
2014 11 10   314   17 13  0     58.49    0.9198E-01     115.6    262.7
2014 11 10   314   17 14  0     58.52    0.9197E-01     116.0    262.7
2014 11 10   314   17 15  0     58.55    0.9188E-01     116.4    262.7
2014 11 10   314   17 16  0     58.58    0.9161E-01     116.4    262.7
2014 11 10   314   17 17  0     58.61    0.9121E-01     116.1    262.7
2014 11 10   314   17 18  0     58.65    0.9075E-01     115.7    262.6
2014 11 10   314   17 19  0     58.68    0.9039E-01     115.6    262.6
2014 11 10   314   17 20  0     58.72    0.8994E-01     115.0    262.5
2014 11 10   314   17 21  0     58.76    0.8946E-01     114.5    262.4
2014 11 10   314   17 22  0     58.79    0.8936E-01     115.0    262.4
2014 11 10   314   17 23  0     58.83    0.8903E-01     114.8    262.4
2014 11 10   314   17 24  0     58.87    0.8891E-01     115.0    262.3
2014 11 10   314   17 25  0     58.91    0.8858E-01     114.9    262.2
2014 11 10   314   17 26  0     58.95    0.8787E-01     114.0    262.1
2014 11 10   314   17 27  0     59.00    0.8751E-01     114.2    262.1
2014 11 10   314   17 28  0     59.04    0.8745E-01     115.1    262.2
2014 11 10   314   17 29  0     59.08    0.8720E-01     115.5    262.2
2014 11 10   314   17 30  0     59.13    0.8680E-01     115.3    262.1
2014 11 10   314   17 31  0     59.17    0.8650E-01     115.6    262.2
2014 11 10   314   17 32  0     59.22    0.8594E-01     115.1    262.1
2014 11 10   314   17 33  0     59.27    0.8548E-01     114.9    262.0
2014 11 10   314   17 34  0     59.32    0.8489E-01     114.6    262.1
2014 11 10   314   17 35  0     59.36    0.8440E-01     114.5    262.2
2014 11 10   314   17 36  0     59.42    0.8415E-01     115.3    262.3
2014 11 10   314   17 37  0     59.47    0.8376E-01     115.3    262.3
2014 11 10   314   17 38  0     59.52    0.8312E-01     114.7    262.3
2014 11 10   314   17 39  0     59.57    0.8260E-01     114.5    262.3
2014 11 10   314   17 40  0     59.62    0.8230E-01     115.0    262.4
2014 11 10   314   17 41  0     59.68    0.8194E-01     115.4    262.4
2014 11 10   314   17 42  0     59.73    0.8140E-01     115.3    262.5
2014 11 10   314   17 43  0     59.79    0.8015E-01     112.6    262.2
2014 11 10   314   17 44  0     59.85    0.8000E-01     113.7    262.4
2014 11 10   314   17 45  0     59.90    0.8011E-01     115.3    262.5
2014 11 10   314   17 46  0     59.96    0.7992E-01     115.9    262.4
2014 11 10   314   17 47  0     60.02    0.7952E-01     116.0    262.4
2014 11 10   314   17 48  0     60.08    0.7910E-01     116.4    262.5
2014 11 10   314   17 49  0     60.14    0.7861E-01     116.4    262.4
2014 11 10   314   17 50  0     60.21    0.7805E-01     116.1    262.3
2014 11 10   314   17 51  0     60.27    0.7741E-01     115.6    262.3
2014 11 10   314   17 52  0     60.33    0.7686E-01     115.6    262.4
2014 11 10   314   17 53  0     60.40    0.7653E-01     116.2    262.4
2014 11 10   314   17 54  0     60.46    0.7594E-01     116.0    262.4
2014 11 10   314   17 55  0     60.53    0.7547E-01     116.1    262.4
2014 11 10   314   17 56  0     60.59    0.7515E-01     116.5    262.4
2014 11 10   314   17 57  0     60.66    0.7468E-01     116.6    262.4
2014 11 10   314   17 58  0     60.73    0.7422E-01     116.7    262.4
2014 11 10   314   17 59  0     60.80    0.7364E-01     116.4    262.3
2014 11 10   314   18  0  0     60.87    0.7303E-01     116.3    262.3
2014 11 10   314   18  1  0     60.94    0.7267E-01     116.9    262.4
2014 11 10   314   18  2  0     61.01    0.7208E-01     116.5    262.3
2014 11 10   314   18  3  0     61.09    0.7145E-01     116.2    262.3
2014 11 10   314   18  4  0     61.16    0.7073E-01     115.4    262.2
2014 11 10   314   18  5  0     61.23    0.7018E-01     115.5    262.2
2014 11 10   314   18  6  0     61.31    0.6979E-01     116.1    262.3
2014 11 10   314   18  7  0     61.39    0.6941E-01     116.5    262.3
2014 11 10   314   18  8  0     61.46    0.6912E-01     117.3    262.3
2014 11 10   314   18  9  0     61.54    0.6879E-01     117.9    262.3
2014 11 10   314   18 10  0     61.62    0.6838E-01     118.4    262.3
2014 11 10   314   18 11  0     61.70    0.6779E-01     118.2    262.3
2014 11 10   314   18 12  0     61.78    0.6714E-01     117.9    262.2
2014 11 10   314   18 13  0     61.86    0.6648E-01     118.0    262.3
2014 11 10   314   18 14  0     61.94    0.6569E-01     117.4    262.3
2014 11 10   314   18 15  0     62.02    0.6491E-01     116.7    262.0
2014 11 10   314   18 16  0     62.10    0.6425E-01     116.5    262.0
2014 11 10   314   18 17  0     62.18    0.6339E-01     115.7    261.9
2014 11 10   314   18 18  0     62.27    0.6259E-01     114.7    261.8
2014 11 10   314   18 19  0     62.35    0.6195E-01     114.4    261.8
2014 11 10   314   18 20  0     62.44    0.6136E-01     114.3    261.6
2014 11 10   314   18 21  0     62.53    0.6067E-01     113.7    261.5
2014 11 10   314   18 22  0     62.61    0.6020E-01     114.1    261.5
2014 11 10   314   18 23  0     62.70    0.5959E-01     113.9    261.3
2014 11 10   314   18 24  0     62.79    0.5905E-01     114.2    261.3
2014 11 10   314   18 25  0     62.88    0.5861E-01     115.0    261.3
2014 11 10   314   18 26  0     62.97    0.5801E-01     115.0    261.3
2014 11 10   314   18 27  0     63.06    0.5719E-01     114.1    261.2
2014 11 10   314   18 28  0     63.15    0.5671E-01     114.7    261.3
2014 11 10   314   18 29  0     63.24    0.5621E-01     115.0    261.3
2014 11 10   314   18 30  0     63.34    0.5573E-01     115.3    261.2
2014 11 10   314   18 31  0     63.43    0.5515E-01     115.4    261.2
2014 11 10   314   18 32  0     63.52    0.5457E-01     115.5    261.2
2014 11 10   314   18 33  0     63.62    0.5401E-01     115.5    261.1
2014 11 10   314   18 34  0     63.71    0.5333E-01     115.0    261.0
2014 11 10   314   18 35  0     63.81    0.5271E-01     114.6    260.8
2014 11 10   314   18 36  0     63.91    0.5217E-01     114.8    260.8
2014 11 10   314   18 37  0     64.01    0.5166E-01     115.2    260.8
2014 11 10   314   18 38  0     64.10    0.5106E-01     114.9    260.6
2014 11 10   314   18 39  0     64.20    0.5041E-01     114.8    260.6
2014 11 10   314   18 40  0     64.30    0.4981E-01     114.5    260.5
2014 11 10   314   18 41  0     64.40    0.4920E-01     114.4    260.5
2014 11 10   314   18 42  0     64.50    0.4861E-01     114.4    260.4
2014 11 10   314   18 43  0     64.61    0.4801E-01     114.3    260.4
2014 11 10   314   18 44  0     64.71    0.4735E-01     114.1    260.4
2014 11 10   314   18 45  0     64.81    0.4664E-01     113.5    260.3
2014 11 10   314   18 46  0     64.91    0.4600E-01     113.0    260.1
2014 11 10   314   18 47  0     65.02    0.4533E-01     112.6    260.0
2014 11 10   314   18 48  0     65.12    0.4475E-01     112.5    260.0
2014 11 10   314   18 49  0     65.23    0.4419E-01     112.7    260.0
2014 11 10   314   18 50  0     65.34    0.4364E-01     112.7    260.0
2014 11 10   314   18 51  0     65.44    0.4303E-01     112.6    260.0
2014 11 10   314   18 52  0     65.55    0.4246E-01     112.4    259.9
2014 11 10   314   18 53  0     65.66    0.4189E-01     112.5    260.0
2014 11 10   314   18 54  0     65.77    0.4147E-01     113.6    260.0
2014 11 10   314   18 55  0     65.88    0.4092E-01     113.6    260.0
2014 11 10   314   18 56  0     65.99    0.4040E-01     113.8    260.0
2014 11 10   314   18 57  0     66.10    0.3989E-01     113.8    259.9
2014 11 10   314   18 58  0     66.21    0.3936E-01     114.1    259.9
2014 11 10   314   18 59  0     66.32    0.3886E-01     114.7    259.9
2014 11 10   314   19  0  0     66.44    0.3826E-01     114.5    259.9
2014 11 10   314   19  1  0     66.55    0.3770E-01     114.5    259.8
2014 11 10   314   19  2  0     66.66    0.3716E-01     114.8    259.7
2014 11 10   314   19  3  0     66.78    0.3656E-01     114.7    259.7
2014 11 10   314   19  4  0     66.89    0.3600E-01     114.8    259.6
2014 11 10   314   19  5  0     67.01    0.3544E-01     114.9    259.4
2014 11 10   314   19  6  0     67.13    0.3489E-01     114.8    259.4
2014 11 10   314   19  7  0     67.24    0.3436E-01     114.8    259.3
2014 11 10   314   19  8  0     67.36    0.3376E-01     114.1    259.1
2014 11 10   314   19  9  0     67.48    0.3317E-01     113.6    259.0
2014 11 10   314   19 10  0     67.60    0.3264E-01     113.4    258.9
2014 11 10   314   19 11  0     67.72    0.3211E-01     113.4    258.8
2014 11 10   314   19 12  0     67.84    0.3162E-01     113.5    258.6
2014 11 10   314   19 13  0     67.96    0.3112E-01     113.9    258.5
2014 11 10   314   19 14  0     68.08    0.3061E-01     113.9    258.1
2014 11 10   314   19 15  0     68.20    0.3010E-01     113.9    258.0
2014 11 10   314   19 16  0     68.32    0.2960E-01     113.9    258.2
2014 11 10   314   19 17  0     68.44    0.2904E-01     113.3    258.1
2014 11 10   314   19 18  0     68.57    0.2854E-01     113.0    257.8
2014 11 10   314   19 19  0     68.69    0.2802E-01     112.6    257.5
2014 11 10   314   19 20  0     68.81    0.2758E-01     112.8    257.2
2014 11 10   314   19 21  0     68.94    0.2709E-01     112.7    257.1
2014 11 10   314   19 22  0     69.06    0.2661E-01     112.7    256.4
2014 11 10   314   19 23  0     69.19    0.2611E-01     112.2    256.1
2014 11 10   314   19 24  0     69.32    0.2564E-01     112.1    255.9
2014 11 10   314   19 25  0     69.44    0.2516E-01     112.1    256.5
2014 11 10   314   19 26  0     69.57    0.2469E-01     111.8    256.2
2014 11 10   314   19 27  0     69.70    0.2423E-01     111.6    256.0
2014 11 10   314   19 28  0     69.83    0.2379E-01     111.5    255.6
2014 11 10   314   19 29  0     69.96    0.2335E-01     111.6    255.4
2014 11 10   314   19 30  0     70.09    0.2291E-01     111.7    254.4
2014 11 10   314   19 31  0     70.22    0.2250E-01     111.5    254.1
2014 11 10   314   19 32  0     70.35    0.2206E-01     111.4    253.8
2014 11 10   314   19 33  0     70.48    0.2163E-01     111.6    253.6
2014 11 10   314   19 34  0     70.61    0.2122E-01     111.4    253.2
2014 11 10   314   19 35  0     70.74    0.2078E-01     111.3    254.1
2014 11 10   314   19 36  0     70.87    0.2038E-01     111.5    253.9
2014 11 10   314   19 37  0     71.01    0.1998E-01     111.5    252.3
2014 11 10   314   19 38  0     71.14    0.1955E-01     111.2    252.1
2014 11 10   314   19 39  0     71.27    0.1912E-01     111.0    252.1
2014 11 10   314   19 40  0     71.41    0.1874E-01     110.9    251.6
2014 11 10   314   19 41  0     71.54    0.1836E-01     111.0    251.3
2014 11 10   314   19 42  0     71.68    0.1799E-01     110.9    250.7
2014 11 10   314   19 43  0     71.81    0.1761E-01     110.8    250.4
2014 11 10   314   19 44  0     71.95    0.1726E-01     111.1    250.0
2014 11 10   314   19 45  0     72.09    0.1692E-01     111.4    249.6
2014 11 10   314   19 46  0     72.23    0.1653E-01     111.5    249.8
2014 11 10   314   19 47  0     72.36    0.1619E-01     111.3    249.3
2014 11 10   314   19 48  0     72.50    0.1584E-01     111.6    248.9
2014 11 10   314   19 49  0     72.64    0.1549E-01     111.1    248.2
2014 11 10   314   19 50  0     72.78    0.1514E-01     111.1    248.0
2014 11 10   314   19 51  0     72.92    0.1481E-01     111.5    247.6
2014 11 10   314   19 52  0     73.06    0.1447E-01     111.5    247.3
2014 11 10   314   19 53  0     73.20    0.1417E-01     111.7    246.8
2014 11 10   314   19 54  0     73.34    0.1385E-01     111.8    246.4
2014 11 10   314   19 55  0     73.48    0.1355E-01     112.1    245.9
2014 11 10   314   19 56  0     73.62    0.1322E-01     112.4    245.8
2014 11 10   314   19 57  0     73.77    0.1291E-01     112.2    244.9
2014 11 10   314   19 58  0     73.91    0.1261E-01     112.3    244.3
2014 11 10   314   19 59  0     74.05    0.1231E-01     112.4    243.9
2014 11 10   314   20  0  0     74.20    0.1200E-01     111.6    243.4
2014 11 10   314   20  1  0     74.34    0.1170E-01     111.8    243.0
2014 11 10   314   20  2  0     74.48    0.1141E-01     112.1    242.5
2014 11 10   314   20  3  0     74.63    0.1112E-01     112.0    241.9
2014 11 10   314   20  4  0     74.77    0.1083E-01     111.9    241.3
2014 11 10   314   20  5  0     74.92    0.1056E-01     111.9    240.8
2014 11 10   314   20  6  0     75.07    0.1031E-01     112.0    239.8
2014 11 10   314   20  7  0     75.21    0.1005E-01     111.6    239.0
2014 11 10   314   20  8  0     75.36    0.9757E-02     111.3    238.9
2014 11 10   314   20  9  0     75.51    0.9521E-02     111.7    238.2
2014 11 10   314   20 10  0     75.66    0.9264E-02     111.9    237.7
2014 11 10   314   20 11  0     75.80    0.9017E-02     111.8    237.0
2014 11 10   314   20 12  0     75.95    0.8771E-02     112.0    236.3
2014 11 10   314   20 13  0     76.10    0.8532E-02     112.0    234.8
2014 11 10   314   20 14  0     76.25    0.8301E-02     111.6    233.7
2014 11 10   314   20 15  0     76.40    0.8075E-02     111.6    232.6
2014 11 10   314   20 16  0     76.55    0.7842E-02     111.4    231.9
2014 11 10   314   20 17  0     76.70    0.7633E-02     111.4    230.5
2014 11 10   314   20 18  0     76.85    0.7409E-02     111.4    229.6
2014 11 10   314   20 19  0     77.00    0.7194E-02     111.4    228.6
2014 11 10   314   20 20  0     77.16    0.6997E-02     111.5    227.3
2014 11 10   314   20 21  0     77.31    0.6807E-02     111.5    225.9
2014 11 10   314   20 22  0     77.46    0.6598E-02     111.7    225.4
2014 11 10   314   20 23  0     77.61    0.6396E-02     111.9    224.6
2014 11 10   314   20 24  0     77.77    0.6220E-02     112.1    223.3
2014 11 10   314   20 25  0     77.92    0.6049E-02     112.3    221.8
2014 11 10   314   20 26  0     78.07    0.5855E-02     112.3    221.2
2014 11 10   314   20 27  0     78.23    0.5678E-02     112.6    220.1
2014 11 10   314   20 28  0     78.38    0.5496E-02     112.7    219.2
2014 11 10   314   20 29  0     78.54    0.5338E-02     112.8    217.6
2014 11 10   314   20 30  0     78.69    0.5168E-02     113.0    216.5
2014 11 10   314   20 31  0     78.85    0.5023E-02     113.1    214.6
2014 11 10   314   20 32  0     79.00    0.4882E-02     113.3    212.1
2014 11 10   314   20 33  0     79.16    0.4720E-02     113.5    211.2
2014 11 10   314   20 34  0     79.32    0.4578E-02     113.7    209.8
2014 11 10   314   20 35  0     79.47    0.4427E-02     114.0    208.7
2014 11 10   314   20 36  0     79.63    0.4302E-02     114.0    206.3
2014 11 10   314   20 37  0     79.79    0.4159E-02     114.1    204.9
2014 11 10   314   20 38  0     79.95    0.4027E-02     114.3    203.2
2014 11 10   314   20 39  0     80.10    0.3885E-02     114.4    201.9
2014 11 10   314   20 40  0     80.26    0.3765E-02     114.2    199.7
2014 11 10   314   20 41  0     80.42    0.3646E-02     114.3    197.8
2014 11 10   314   20 42  0     80.58    0.3535E-02     114.6    195.6
2014 11 10   314   20 43  0     80.74    0.3407E-02     114.7    194.6
2014 11 10   314   20 44  0     80.90    0.3302E-02     114.8    191.4
2014 11 10   314   20 45  0     81.06    0.3194E-02     114.9    189.2
2014 11 10   314   20 46  0     81.22    0.3105E-02     115.3    186.6
2014 11 10   314   20 47  0     81.38    0.2991E-02     115.5    185.3
2014 11 10   314   20 48  0     81.54    0.2898E-02     115.6    182.8
2014 11 10   314   20 49  0     81.71    0.2808E-02     115.4    179.9
2014 11 10   314   20 50  0     81.87    0.2706E-02     115.3    178.1
2014 11 10   314   20 51  0     82.03    0.2616E-02     115.1    175.1
2014 11 10   314   20 52  0     82.19    0.2536E-02     115.0    172.2
2014 11 10   314   20 53  0     82.36    0.2444E-02     114.9    170.1
2014 11 10   314   20 54  0     82.52    0.2354E-02     115.0    168.3
2014 11 10   314   20 55  0     82.68    0.2285E-02     115.0    165.1
2014 11 10   314   20 56  0     82.84    0.2222E-02     115.2    161.4
2014 11 10   314   20 57  0     83.01    0.2168E-02     115.3    157.2
2014 11 10   314   20 58  0     83.17    0.2098E-02     115.1    154.6
2014 11 10   314   20 59  0     83.34    0.2025E-02     114.9    152.0
2014 11 10   314   21  0  0     83.50    0.1947E-02     114.8    150.1
2014 11 10   314   21  1  0     83.67    0.1898E-02     114.8    146.2
2014 11 10   314   21  2  0     83.83    0.1832E-02     114.7    143.4
2014 11 10   314   21  3  0     84.00    0.1770E-02     114.5    140.5
2014 11 10   314   21  4  0     84.16    0.1708E-02     114.8    138.4
2014 11 10   314   21  5  0     84.33    0.1664E-02     115.1    135.0
2014 11 10   314   21  6  0     84.50    0.1626E-02     115.3    131.0
2014 11 10   314   21  7  0     84.66    0.1590E-02     115.6    127.1
2014 11 10   314   21  8  0     84.83    0.1544E-02     116.0    124.1
2014 11 10   314   21  9  0     85.00    0.1495E-02     116.6    121.3
2014 11 10   314   21 10  0     85.17    0.1462E-02     116.6    118.1
2014 11 10   314   21 11  0     85.33    0.1422E-02     116.6    115.6
2014 11 10   314   21 12  0     85.50    0.1377E-02     116.5    113.5
2014 11 10   314   21 13  0     85.67    0.1353E-02     116.5    109.9
2014 11 10   314   21 14  0     85.84    0.1307E-02     116.5    107.8
2014 11 10   314   21 15  0     86.01    0.1262E-02     116.5    105.8
2014 11 10   314   21 16  0     86.18    0.1244E-02     116.3    102.6
2014 11 10   314   21 17  0     86.35    0.1209E-02     116.2    100.6
2014 11 10   314   21 18  0     86.52    0.1182E-02     116.0     97.7
2014 11 10   314   21 19  0     86.69    0.1150E-02     116.0     95.1
2014 11 10   314   21 20  0     86.86    0.1130E-02     116.0     91.7
2014 11 10   314   21 21  0     87.03    0.1090E-02     116.1     89.8
2014 11 10   314   21 22  0     87.20    0.1072E-02     115.9     87.2
2014 11 10   314   21 23  0     87.37    0.1040E-02     115.6     85.4
2014 11 10   314   21 24  0     87.54    0.1036E-02     115.2     81.3
2014 11 10   314   21 25  0     87.71    0.1029E-02     115.3     77.3
2014 11 10   314   21 26  0     87.88    0.9970E-03     115.5     75.2
2014 11 10   314   21 27  0     88.05    0.9532E-03     115.4     74.2
2014 11 10   314   21 28  0     88.22    0.9443E-03     114.9     71.2
2014 11 10   314   21 29  0     88.40    0.9342E-03     114.5     68.1
2014 11 10   314   21 30  0     88.57    0.9163E-03     114.2     65.4
2014 11 10   314   21 31  0     88.74    0.8895E-03     114.2     63.2
2014 11 10   314   21 32  0     88.91    0.8750E-03     114.3     59.9
2014 11 10   314   21 33  0     89.09    0.8635E-03     113.8     57.0
2014 11 10   314   21 34  0     89.26    0.8525E-03     112.7     54.3
2014 11 10   314   21 35  0     89.43    0.8172E-03     112.0     53.4
2014 11 10   314   21 36  0     89.61    0.8031E-03     111.5     50.7
2014 11 10   314   21 37  0     89.78    0.7859E-03     111.4     48.0
2014 11 10   314   21 38  0     89.96    0.7701E-03     111.4     44.9
