                            NILUUV 115

Uvpro Version 2.0
Latitude :   40.74 (North)
Longitude:  -74.03  (West)
Calibration file: cf100603a.115
Height above sea level:    40.0  m
CLT derived from channel 4
CLT scale factor used:   1.0
Ozone derived from channel pair ch3/ch1
Ozone scale factor used:   1.0
Drift factors ch1-ch6:   3.000154.000  1.000  1.000  1.000  1.000
Ozone profile climatology: Mid  Latitude
Dose type:    CLW    Caldwell Plant 1971           

yyyy mm dd   jul   hh mm ss      SZA     dose rate       clt     Ozone
                              [degrees]   [W/m^2]        [%]     [DU]
2015 11 24   328   11 59  0     89.92    0.6133E-04      13.8     43.4
2015 11 24   328   12  0  0     89.75    0.6410E-04      14.1     45.3
2015 11 24   328   12  1  0     89.58    0.6337E-04      14.5     49.4
2015 11 24   328   12  2  0     89.42    0.5966E-04      15.0     55.6
2015 11 24   328   12  3  0     89.25    0.6192E-04      15.5     57.0
2015 11 24   328   12  4  0     89.08    0.6105E-04      16.1     60.7
2015 11 24   328   12  5  0     88.92    0.5974E-04      16.7     65.5
2015 11 24   328   12  6  0     88.75    0.5982E-04      17.3     69.9
2015 11 24   328   12  7  0     88.59    0.5795E-04      18.0     76.1
2015 11 24   328   12  8  0     88.42    0.5695E-04      18.8     81.3
2015 11 24   328   12  9  0     88.26    0.5392E-04      19.5     88.3
2015 11 24   328   12 10  0     88.09    0.5278E-04      20.1     92.2
2015 11 24   328   12 11  0     87.93    0.5083E-04      20.6     97.0
2015 11 24   328   12 12  0     87.76    0.4913E-04      21.1    102.6
2015 11 24   328   12 13  0     87.60    0.4838E-04      21.6    107.0
2015 11 24   328   12 14  0     87.43    0.4576E-04      22.1    112.9
2015 11 24   328   12 15  0     87.27    0.4075E-04      22.4    121.2
2015 11 24   328   12 16  0     87.11    0.4049E-04      22.8    124.2
2015 11 24   328   12 17  0     86.95    0.3876E-04      23.3    129.6
2015 11 24   328   12 18  0     86.78    0.3410E-04      23.6    141.8
2015 11 24   328   12 19  0     86.62    0.3347E-04      23.9    145.4
2015 11 24   328   12 20  0     86.46    0.3239E-04      24.3    151.1
2015 11 24   328   12 21  0     86.30    0.3120E-04      24.3    154.1
2015 11 24   328   12 22  0     86.13    0.2991E-04      24.1    156.0
2015 11 24   328   12 23  0     85.97    0.2808E-04      24.0    158.9
2015 11 24   328   12 24  0     85.81    0.2548E-04      23.9    165.4
2015 11 24   328   12 25  0     85.65    0.1764E-04      24.1    184.9
2015 11 24   328   12 26  0     85.49    0.1239E-04      24.9    198.4
2015 11 24   328   12 27  0     85.33    0.1098E-04      25.9    200.9
2015 11 24   328   12 28  0     85.17    0.2933E-05      26.9    219.3
2015 11 24   328   12 29  0     85.01   -0.3429E-05      27.9    231.6
2015 11 24   328   12 30  0     84.85   -0.9132E-05      28.8    243.1
2015 11 24   328   12 31  0     84.69   -0.1295E-04      29.6    247.9
2015 11 24   328   12 32  0     84.54   -0.1908E-04      30.1    257.7
2015 11 24   328   12 33  0     84.38   -0.2840E-04      30.7    276.2
2015 11 24   328   12 34  0     84.22   -0.3412E-04      31.2    283.3
2015 11 24   328   12 35  0     84.06   -0.4131E-04      31.6    294.3
2015 11 24   328   12 36  0     83.90   -0.4968E-04      32.2    308.6
2015 11 24   328   12 37  0     83.75   -0.5730E-04      33.0    317.8
2015 11 24   328   12 38  0     83.59   -0.6733E-04      34.0    333.0
2015 11 24   328   12 39  0     83.43   -0.7834E-04      35.3    348.1
2015 11 24   328   12 40  0     83.28   -0.8926E-04      36.6    358.5
2015 11 24   328   12 41  0     83.12   -0.1013E-03      37.8    372.9
2015 11 24   328   12 42  0     82.97   -0.1123E-03      38.6    385.3
2015 11 24   328   12 43  0     82.81   -0.1247E-03      39.4    399.9
2015 11 24   328   12 44  0     82.66   -0.1409E-03      40.5    425.7
2015 11 24   328   12 45  0     82.50   -0.1524E-03      41.5    430.3
2015 11 24   328   12 46  0     82.35   -0.1668E-03      42.4    446.3
2015 11 24   328   12 47  0     82.20   -0.1794E-03      43.3    451.5
2015 11 24   328   12 48  0     82.04   -0.1954E-03      44.1    469.8
2015 11 24   328   12 49  0     81.89   -0.2113E-03      44.9    488.6
2015 11 24   328   12 50  0     81.74   -0.2268E-03      45.7    500.9
2015 11 24   328   12 51  0     81.59   -0.2415E-03      46.6    502.5
2015 11 24   328   12 52  0     81.43   -0.2578E-03      47.5    511.6
2015 11 24   328   12 53  0     81.28   -0.2731E-03      48.1    520.4
2015 11 24   328   12 54  0     81.13   -0.2889E-03      48.7    527.1
2015 11 24   328   12 55  0     80.98   -0.3054E-03      49.3    539.6
2015 11 24   328   12 56  0     80.83   -0.3183E-03      49.5    545.9
2015 11 24   328   12 57  0     80.68   -0.3347E-03      49.9    557.9
2015 11 24   328   12 58  0     80.53   -0.3534E-03      50.7    568.3
2015 11 24   328   12 59  0     80.38   -0.3735E-03      51.5    579.4
2015 11 24   328   13  0  0     80.23   -0.3955E-03      52.2    588.4
2015 11 24   328   13  1  0     80.08   -0.4098E-03      52.5    581.1
2015 11 24   328   13  2  0     79.94   -0.4251E-03      52.4    586.4
2015 11 24   328   13  3  0     79.79   -0.4433E-03      52.5    596.3
2015 11 24   328   13  4  0     79.64   -0.4592E-03      52.7    599.9
2015 11 24   328   13  5  0     79.49   -0.4738E-03      52.7    603.4
2015 11 24   328   13  6  0     79.35   -0.4884E-03      52.6    607.0
2015 11 24   328   13  7  0     79.20   -0.5043E-03      52.6    614.3
2015 11 24   328   13  8  0     79.05   -0.5146E-03      52.4    607.2
2015 11 24   328   13  9  0     78.91   -0.5230E-03      51.9    607.9
2015 11 24   328   13 10  0     78.76   -0.5308E-03      51.0    613.2
2015 11 24   328   13 11  0     78.62   -0.5366E-03      50.3    608.8
2015 11 24   328   13 12  0     78.47   -0.5452E-03      49.8    604.9
2015 11 24   328   13 13  0     78.33   -0.5551E-03      49.3    603.1
2015 11 24   328   13 14  0     78.19   -0.5663E-03      48.8    610.4
2015 11 24   328   13 15  0     78.04   -0.5721E-03      48.2    604.0
2015 11 24   328   13 16  0     77.90   -0.5826E-03      47.7    605.3
2015 11 24   328   13 17  0     77.76   -0.5917E-03      47.3    602.8
2015 11 24   328   13 18  0     77.62   -0.6054E-03      47.0    606.0
2015 11 24   328   13 19  0     77.48   -0.6163E-03      46.8    598.7
2015 11 24   328   13 20  0     77.33   -0.6321E-03      46.7    602.7
2015 11 24   328   13 21  0     77.19   -0.6499E-03      46.8    602.2
2015 11 24   328   13 22  0     77.05   -0.6684E-03      47.2    596.6
2015 11 24   328   13 23  0     76.92   -0.6861E-03      47.4    595.6
2015 11 24   328   13 24  0     76.78   -0.7011E-03      47.4    599.0
2015 11 24   328   13 25  0     76.64   -0.7131E-03      47.1    600.9
2015 11 24   328   13 26  0     76.50   -0.7253E-03      46.8    603.1
2015 11 24   328   13 27  0     76.36   -0.7388E-03      46.7    602.9
2015 11 24   328   13 28  0     76.22   -0.7518E-03      46.5    601.7
2015 11 24   328   13 29  0     76.09   -0.7644E-03      46.3    599.1
2015 11 24   328   13 30  0     75.95   -0.7780E-03      46.3    590.5
2015 11 24   328   13 31  0     75.81   -0.7988E-03      46.5    595.5
2015 11 24   328   13 32  0     75.68   -0.8158E-03      46.7    592.5
2015 11 24   328   13 33  0     75.54   -0.8324E-03      46.7    591.7
2015 11 24   328   13 34  0     75.41   -0.8533E-03      46.9    593.5
2015 11 24   328   13 35  0     75.27   -0.8792E-03      47.5    589.9
2015 11 24   328   13 36  0     75.14   -0.9112E-03      48.3    590.1
2015 11 24   328   13 37  0     75.01   -0.9423E-03      49.0    591.0
2015 11 24   328   13 38  0     74.87   -0.9718E-03      49.7    588.4
2015 11 24   328   13 39  0     74.74   -0.1005E-02      50.4    589.3
2015 11 24   328   13 40  0     74.61   -0.1040E-02      51.2    591.0
2015 11 24   328   13 41  0     74.48   -0.1073E-02      52.0    589.7
2015 11 24   328   13 42  0     74.35   -0.1105E-02      52.7    586.0
2015 11 24   328   13 43  0     74.22   -0.1142E-02      53.5    589.7
2015 11 24   328   13 44  0     74.08   -0.1173E-02      54.0    588.3
2015 11 24   328   13 45  0     73.96   -0.1194E-02      54.1    583.1
2015 11 24   328   13 46  0     73.83   -0.1215E-02      54.2    581.3
2015 11 24   328   13 47  0     73.70   -0.1233E-02      54.1    579.4
2015 11 24   328   13 48  0     73.57   -0.1248E-02      54.1    574.2
2015 11 24   328   13 49  0     73.44   -0.1271E-02      54.2    576.9
2015 11 24   328   13 50  0     73.31   -0.1287E-02      54.4    568.1
2015 11 24   328   13 51  0     73.19   -0.1313E-02      54.8    569.8
2015 11 24   328   13 52  0     73.06   -0.1337E-02      55.1    570.8
2015 11 24   328   13 53  0     72.94   -0.1348E-02      55.1    568.0
2015 11 24   328   13 54  0     72.81   -0.1357E-02      54.7    574.7
2015 11 24   328   13 55  0     72.69   -0.1353E-02      54.0    567.5
2015 11 24   328   13 56  0     72.56   -0.1351E-02      53.2    561.7
2015 11 24   328   13 57  0     72.44   -0.1349E-02      52.6    556.4
2015 11 24   328   13 58  0     72.32   -0.1355E-02      52.2    557.0
2015 11 24   328   13 59  0     72.19   -0.1361E-02      52.2    553.4
2015 11 24   328   14  0  0     72.07   -0.1342E-02      50.4    544.8
2015 11 24   328   14  1  0     71.95   -0.1352E-02      49.9    542.9
2015 11 24   328   14  2  0     71.83   -0.1364E-02      49.9    539.9
2015 11 24   328   14  3  0     71.71   -0.1381E-02      49.9    540.3
2015 11 24   328   14  4  0     71.59   -0.1392E-02      49.9    538.5
2015 11 24   328   14  5  0     71.47   -0.1399E-02      49.7    537.4
2015 11 24   328   14  6  0     71.35   -0.1397E-02      49.2    534.1
2015 11 24   328   14  7  0     71.23   -0.1395E-02      48.7    533.8
2015 11 24   328   14  8  0     71.12   -0.1391E-02      48.1    532.2
2015 11 24   328   14  9  0     71.00   -0.1394E-02      47.7    529.7
2015 11 24   328   14 10  0     70.88   -0.1407E-02      47.7    528.4
2015 11 24   328   14 11  0     70.77   -0.1421E-02      47.7    528.4
2015 11 24   328   14 12  0     70.65   -0.1430E-02      47.6    526.0
2015 11 24   328   14 13  0     70.54   -0.1438E-02      47.5    523.7
2015 11 24   328   14 14  0     70.42   -0.1455E-02      47.5    523.9
2015 11 24   328   14 15  0     70.31   -0.1475E-02      47.8    523.7
2015 11 24   328   14 16  0     70.19   -0.1496E-02      48.2    522.4
2015 11 24   328   14 17  0     70.08   -0.1514E-02      48.4    521.3
2015 11 24   328   14 18  0     69.97   -0.1528E-02      48.5    521.5
2015 11 24   328   14 19  0     69.86   -0.1539E-02      48.5    520.8
2015 11 24   328   14 20  0     69.75   -0.1557E-02      48.6    519.1
2015 11 24   328   14 21  0     69.64   -0.1586E-02      49.1    518.6
2015 11 24   328   14 22  0     69.53   -0.1611E-02      49.6    517.3
2015 11 24   328   14 23  0     69.42   -0.1631E-02      49.9    517.8
2015 11 24   328   14 24  0     69.31   -0.1643E-02      49.9    517.2
2015 11 24   328   14 25  0     69.20   -0.1652E-02      49.8    516.0
2015 11 24   328   14 26  0     69.10   -0.1658E-02      49.7    514.2
2015 11 24   328   14 27  0     68.99   -0.1673E-02      49.6    515.2
2015 11 24   328   14 28  0     68.88   -0.1688E-02      49.8    514.2
2015 11 24   328   14 29  0     68.78   -0.1701E-02      49.9    513.4
2015 11 24   328   14 30  0     68.67   -0.1710E-02      49.8    512.4
2015 11 24   328   14 31  0     68.57   -0.1718E-02      49.8    510.7
2015 11 24   328   14 32  0     68.47   -0.1727E-02      49.8    509.4
2015 11 24   328   14 33  0     68.36   -0.1742E-02      49.9    509.5
2015 11 24   328   14 34  0     68.26   -0.1756E-02      50.1    508.9
2015 11 24   328   14 35  0     68.16   -0.1768E-02      50.3    508.1
2015 11 24   328   14 36  0     68.06   -0.1786E-02      50.5    509.7
2015 11 24   328   14 37  0     67.96   -0.1803E-02      50.8    510.1
2015 11 24   328   14 38  0     67.86   -0.1813E-02      50.9    509.4
2015 11 24   328   14 39  0     67.76   -0.1831E-02      51.1    508.2
2015 11 24   328   14 40  0     67.66   -0.1849E-02      51.3    507.6
2015 11 24   328   14 41  0     67.56   -0.1861E-02      51.4    506.7
2015 11 24   328   14 42  0     67.47   -0.1875E-02      51.6    507.1
2015 11 24   328   14 43  0     67.37   -0.1882E-02      51.6    506.5
2015 11 24   328   14 44  0     67.27   -0.1890E-02      51.4    506.3
2015 11 24   328   14 45  0     67.18   -0.1897E-02      51.4    505.9
2015 11 24   328   14 46  0     67.08   -0.1903E-02      51.4    504.8
2015 11 24   328   14 47  0     66.99   -0.1911E-02      51.4    504.5
2015 11 24   328   14 48  0     66.90   -0.1920E-02      51.5    503.6
2015 11 24   328   14 49  0     66.81   -0.1937E-02      51.7    503.9
2015 11 24   328   14 50  0     66.71   -0.1953E-02      51.9    504.0
2015 11 24   328   14 51  0     66.62   -0.1979E-02      52.3    504.2
2015 11 24   328   14 52  0     66.53   -0.2002E-02      52.8    503.7
2015 11 24   328   14 53  0     66.44   -0.2027E-02      53.3    503.0
2015 11 24   328   14 54  0     66.35   -0.2058E-02      54.0    502.4
2015 11 24   328   14 55  0     66.26   -0.2081E-02      54.4    502.5
2015 11 24   328   14 56  0     66.18   -0.2098E-02      54.6    502.4
2015 11 24   328   14 57  0     66.09   -0.2117E-02      55.1    502.1
2015 11 24   328   14 58  0     66.00   -0.2116E-02      54.8    501.4
2015 11 24   328   14 59  0     65.92   -0.2130E-02      55.1    501.3
2015 11 24   328   15  0  0     65.83   -0.2117E-02      54.8    500.3
2015 11 24   328   15  1  0     65.75   -0.2111E-02      54.6    500.0
2015 11 24   328   15  2  0     65.67   -0.2111E-02      54.5    500.5
2015 11 24   328   15  3  0     65.58   -0.2116E-02      54.6    501.5
2015 11 24   328   15  4  0     65.50   -0.2114E-02      54.5    502.1
2015 11 24   328   15  5  0     65.42   -0.2122E-02      54.7    502.8
2015 11 24   328   15  6  0     65.34   -0.2121E-02      54.7    502.1
2015 11 24   328   15  7  0     65.26   -0.2098E-02      53.8    500.6
2015 11 24   328   15  8  0     65.18   -0.2075E-02      53.1    499.0
2015 11 24   328   15  9  0     65.10   -0.2030E-02      51.8    496.4
2015 11 24   328   15 10  0     65.02   -0.2009E-02      51.2    495.1
2015 11 24   328   15 11  0     64.95   -0.1998E-02      50.9    494.4
2015 11 24   328   15 12  0     64.87   -0.1991E-02      50.6    493.3
2015 11 24   328   15 13  0     64.80   -0.2015E-02      51.0    492.9
2015 11 24   328   15 14  0     64.72   -0.2049E-02      51.8    492.7
2015 11 24   328   15 15  0     64.65   -0.2087E-02      52.8    493.0
2015 11 24   328   15 16  0     64.57   -0.2120E-02      53.6    493.8
2015 11 24   328   15 17  0     64.50   -0.2143E-02      54.1    494.3
2015 11 24   328   15 18  0     64.43   -0.2163E-02      54.7    494.8
2015 11 24   328   15 19  0     64.36   -0.2188E-02      55.4    494.8
2015 11 24   328   15 20  0     64.29   -0.2218E-02      56.1    495.6
2015 11 24   328   15 21  0     64.22   -0.2247E-02      57.0    495.9
2015 11 24   328   15 22  0     64.15   -0.2270E-02      57.7    495.6
2015 11 24   328   15 23  0     64.08   -0.2292E-02      58.2    495.8
2015 11 24   328   15 24  0     64.01   -0.2304E-02      58.7    495.4
2015 11 24   328   15 25  0     63.95   -0.2303E-02      58.6    495.8
2015 11 24   328   15 26  0     63.88   -0.2268E-02      57.7    494.9
2015 11 24   328   15 27  0     63.82   -0.2254E-02      57.4    494.4
2015 11 24   328   15 28  0     63.75   -0.2263E-02      57.5    494.7
2015 11 24   328   15 29  0     63.69   -0.2290E-02      58.2    495.0
2015 11 24   328   15 30  0     63.63   -0.2329E-02      59.3    495.1
2015 11 24   328   15 31  0     63.57   -0.2361E-02      60.2    495.1
2015 11 24   328   15 32  0     63.51   -0.2361E-02      60.1    494.4
2015 11 24   328   15 33  0     63.45   -0.2396E-02      60.9    494.5
2015 11 24   328   15 34  0     63.39   -0.2419E-02      61.6    493.7
2015 11 24   328   15 35  0     63.33   -0.2445E-02      62.4    493.6
2015 11 24   328   15 36  0     63.27   -0.2460E-02      62.8    493.4
2015 11 24   328   15 37  0     63.21   -0.2456E-02      62.7    493.0
2015 11 24   328   15 38  0     63.16   -0.2478E-02      63.4    493.2
2015 11 24   328   15 39  0     63.10   -0.2518E-02      64.6    493.9
2015 11 24   328   15 40  0     63.05   -0.2502E-02      64.3    493.3
2015 11 24   328   15 41  0     62.99   -0.2463E-02      63.2    493.2
2015 11 24   328   15 42  0     62.94   -0.2452E-02      62.8    493.3
2015 11 24   328   15 43  0     62.89   -0.2452E-02      62.8    493.3
2015 11 24   328   15 44  0     62.84   -0.2412E-02      61.6    492.9
2015 11 24   328   15 45  0     62.79   -0.2364E-02      60.4    492.1
2015 11 24   328   15 46  0     62.74   -0.2326E-02      59.3    491.3
2015 11 24   328   15 47  0     62.69   -0.2300E-02      58.8    489.6
2015 11 24   328   15 48  0     62.64   -0.2289E-02      58.5    489.2
2015 11 24   328   15 49  0     62.60   -0.2295E-02      58.7    489.2
2015 11 24   328   15 50  0     62.55   -0.2303E-02      59.1    489.0
2015 11 24   328   15 51  0     62.50   -0.2329E-02      59.8    489.5
2015 11 24   328   15 52  0     62.46   -0.2365E-02      60.8    490.0
2015 11 24   328   15 53  0     62.41   -0.2389E-02      61.7    490.0
2015 11 24   328   15 54  0     62.37   -0.2443E-02      63.3    490.9
2015 11 24   328   15 55  0     62.33   -0.2480E-02      64.4    491.7
2015 11 24   328   15 56  0     62.29   -0.2434E-02      63.1    491.1
2015 11 24   328   15 57  0     62.25   -0.2369E-02      61.3    490.5
2015 11 24   328   15 58  0     62.21   -0.2340E-02      60.4    490.6
2015 11 24   328   15 59  0     62.17   -0.2317E-02      59.8    490.5
2015 11 24   328   16  0  0     62.13   -0.2330E-02      60.3    490.7
2015 11 24   328   16  1  0     62.09   -0.2348E-02      60.9    491.1
2015 11 24   328   16  2  0     62.06   -0.2334E-02      60.5    490.8
2015 11 24   328   16  3  0     62.02   -0.2374E-02      61.7    491.2
2015 11 24   328   16  4  0     61.99   -0.2407E-02      62.8    491.9
2015 11 24   328   16  5  0     61.95   -0.2451E-02      64.3    492.1
2015 11 24   328   16  6  0     61.92   -0.2516E-02      66.2    492.8
2015 11 24   328   16  7  0     61.89   -0.2559E-02      67.6    493.0
2015 11 24   328   16  8  0     61.86   -0.2554E-02      67.5    492.9
2015 11 24   328   16  9  0     61.83   -0.2470E-02      65.1    491.7
2015 11 24   328   16 10  0     61.80   -0.2479E-02      65.2    491.9
2015 11 24   328   16 11  0     61.77   -0.2469E-02      64.9    491.7
2015 11 24   328   16 12  0     61.74   -0.2455E-02      64.5    491.4
2015 11 24   328   16 13  0     61.72   -0.2415E-02      63.5    489.4
2015 11 24   328   16 14  0     61.69   -0.2413E-02      63.6    488.9
2015 11 24   328   16 15  0     61.66   -0.2340E-02      61.9    486.7
2015 11 24   328   16 16  0     61.64   -0.2630E-02      70.2    490.4
2015 11 24   328   16 17  0     61.62   -0.2908E-02      78.7    493.8
2015 11 24   328   16 18  0     61.59   -0.2882E-02      78.2    493.0
2015 11 24   328   16 19  0     61.57   -0.2575E-02      69.5    487.7
2015 11 24   328   16 20  0     61.55   -0.2653E-02      71.3    489.5
2015 11 24   328   16 21  0     61.53   -0.2788E-02      75.1    491.5
2015 11 24   328   16 22  0     61.51   -0.2926E-02      78.9    494.1
2015 11 24   328   16 23  0     61.50   -0.2946E-02      79.5    494.5
2015 11 24   328   16 24  0     61.48   -0.2822E-02      76.0    492.2
2015 11 24   328   16 25  0     61.46   -0.2786E-02      74.7    492.0
2015 11 24   328   16 26  0     61.45   -0.2932E-02      79.3    493.3
2015 11 24   328   16 27  0     61.43   -0.2897E-02      78.7    492.3
2015 11 24   328   16 28  0     61.42   -0.2869E-02      78.3    491.4
2015 11 24   328   16 29  0     61.41   -0.2808E-02      76.8    490.3
2015 11 24   328   16 30  0     61.39   -0.2791E-02      76.5    489.6
2015 11 24   328   16 31  0     61.38   -0.2768E-02      75.9    489.1
2015 11 24   328   16 32  0     61.37   -0.2768E-02      76.0    488.8
2015 11 24   328   16 33  0     61.36   -0.2760E-02      75.9    488.5
2015 11 24   328   16 34  0     61.35   -0.2745E-02      75.6    488.0
2015 11 24   328   16 35  0     61.35   -0.2740E-02      75.5    487.9
2015 11 24   328   16 36  0     61.34   -0.2746E-02      75.8    487.9
2015 11 24   328   16 37  0     61.33   -0.2749E-02      75.8    487.9
2015 11 24   328   16 38  0     61.33   -0.2737E-02      75.7    487.4
2015 11 24   328   16 39  0     61.33   -0.2742E-02      75.9    487.4
2015 11 24   328   16 40  0     61.32   -0.2721E-02      75.4    486.9
2015 11 24   328   16 41  0     61.32   -0.2726E-02      75.6    486.9
2015 11 24   328   16 42  0     61.32   -0.2713E-02      75.4    486.5
2015 11 24   328   16 43  0     61.32   -0.2718E-02      75.6    486.3
2015 11 24   328   16 44  0     61.32   -0.2730E-02      76.1    486.2
2015 11 24   328   16 45  0     61.32   -0.2741E-02      76.3    486.2
2015 11 24   328   16 46  0     61.32   -0.2735E-02      76.3    485.9
2015 11 24   328   16 47  0     61.32   -0.2741E-02      76.6    485.8
2015 11 24   328   16 48  0     61.33   -0.2744E-02      76.9    485.6
2015 11 24   328   16 49  0     61.33   -0.2741E-02      76.9    485.5
2015 11 24   328   16 50  0     61.34   -0.2756E-02      77.3    485.7
2015 11 24   328   16 51  0     61.35   -0.2750E-02      77.2    485.5
2015 11 24   328   16 52  0     61.35   -0.2734E-02      76.8    485.1
2015 11 24   328   16 53  0     61.36   -0.2736E-02      76.9    485.1
2015 11 24   328   16 54  0     61.37   -0.2733E-02      76.8    484.9
2015 11 24   328   16 55  0     61.38   -0.2735E-02      77.0    484.6
2015 11 24   328   16 56  0     61.39   -0.2743E-02      77.2    484.7
2015 11 24   328   16 57  0     61.40   -0.2728E-02      76.8    484.4
2015 11 24   328   16 58  0     61.42   -0.2726E-02      76.9    484.2
2015 11 24   328   16 59  0     61.43   -0.2732E-02      77.1    484.0
2015 11 24   328   17  0  0     61.44   -0.2727E-02      77.0    483.9
2015 11 24   328   17  1  0     61.46   -0.2719E-02      76.8    483.6
2015 11 24   328   17  2  0     61.47   -0.2726E-02      77.1    483.4
2015 11 24   328   17  3  0     61.49   -0.2732E-02      77.3    483.2
2015 11 24   328   17  4  0     61.51   -0.2728E-02      77.1    483.1
2015 11 24   328   17  5  0     61.53   -0.2725E-02      77.2    482.8
2015 11 24   328   17  6  0     61.55   -0.2728E-02      77.3    482.7
2015 11 24   328   17  7  0     61.57   -0.2715E-02      77.0    482.4
2015 11 24   328   17  8  0     61.59   -0.2712E-02      76.9    482.2
2015 11 24   328   17  9  0     61.61   -0.2698E-02      76.5    481.8
2015 11 24   328   17 10  0     61.64   -0.2699E-02      76.6    481.6
2015 11 24   328   17 11  0     61.66   -0.2693E-02      76.4    481.3
2015 11 24   328   17 12  0     61.68   -0.2702E-02      76.7    481.1
2015 11 24   328   17 13  0     61.71   -0.2696E-02      76.7    480.8
2015 11 24   328   17 14  0     61.74   -0.2674E-02      76.2    480.3
2015 11 24   328   17 15  0     61.76   -0.2663E-02      75.9    480.0
2015 11 24   328   17 16  0     61.79   -0.2651E-02      75.6    479.7
2015 11 24   328   17 17  0     61.82   -0.2656E-02      75.7    479.6
2015 11 24   328   17 18  0     61.85   -0.2646E-02      75.5    479.2
2015 11 24   328   17 19  0     61.88   -0.2638E-02      75.3    478.9
2015 11 24   328   17 20  0     61.91   -0.2644E-02      75.2    479.0
2015 11 24   328   17 21  0     61.95   -0.2635E-02      75.1    478.5
2015 11 24   328   17 22  0     61.98   -0.2625E-02      75.0    478.1
2015 11 24   328   17 23  0     62.01   -0.2626E-02      74.9    477.7
2015 11 24   328   17 24  0     62.05   -0.2613E-02      74.5    477.4
2015 11 24   328   17 25  0     62.09   -0.2616E-02      74.5    477.2
2015 11 24   328   17 26  0     62.12   -0.2643E-02      75.3    477.5
2015 11 24   328   17 27  0     62.16   -0.2647E-02      75.4    477.3
2015 11 24   328   17 28  0     62.20   -0.2673E-02      76.1    477.7
2015 11 24   328   17 29  0     62.24   -0.2685E-02      76.5    477.6
2015 11 24   328   17 30  0     62.28   -0.2695E-02      76.7    477.4
2015 11 24   328   17 31  0     62.32   -0.2718E-02      77.4    477.4
2015 11 24   328   17 32  0     62.36   -0.2710E-02      77.1    477.1
2015 11 24   328   17 33  0     62.40   -0.2722E-02      77.4    477.0
2015 11 24   328   17 34  0     62.45   -0.2718E-02      77.5    476.6
2015 11 24   328   17 35  0     62.49   -0.2714E-02      77.3    476.3
2015 11 24   328   17 36  0     62.54   -0.2713E-02      77.2    476.0
2015 11 24   328   17 37  0     62.59   -0.2717E-02      77.4    475.7
2015 11 24   328   17 38  0     62.63   -0.2722E-02      77.5    475.5
2015 11 24   328   17 39  0     62.68   -0.2721E-02      77.6    475.1
2015 11 24   328   17 40  0     62.73   -0.2749E-02      78.2    475.3
2015 11 24   328   17 41  0     62.78   -0.2759E-02      78.6    475.0
2015 11 24   328   17 42  0     62.83   -0.2768E-02      78.9    474.8
2015 11 24   328   17 43  0     62.88   -0.2779E-02      79.2    474.6
2015 11 24   328   17 44  0     62.93   -0.2778E-02      79.1    474.4
2015 11 24   328   17 45  0     62.98   -0.2765E-02      78.7    473.9
2015 11 24   328   17 46  0     63.04   -0.2762E-02      78.8    472.8
2015 11 24   328   17 47  0     63.09   -0.2752E-02      78.6    472.3
2015 11 24   328   17 48  0     63.15   -0.2741E-02      78.3    471.7
2015 11 24   328   17 49  0     63.20   -0.2742E-02      78.3    471.5
2015 11 24   328   17 50  0     63.26   -0.2746E-02      78.3    471.5
2015 11 24   328   17 51  0     63.32   -0.2752E-02      78.6    471.1
2015 11 24   328   17 52  0     63.37   -0.2765E-02      79.0    470.9
2015 11 24   328   17 53  0     63.43   -0.2759E-02      78.9    470.5
2015 11 24   328   17 54  0     63.49   -0.2761E-02      78.9    470.3
2015 11 24   328   17 55  0     63.55   -0.2763E-02      79.0    469.9
2015 11 24   328   17 56  0     63.62   -0.2780E-02      79.4    470.1
2015 11 24   328   17 57  0     63.68   -0.2789E-02      79.7    469.8
2015 11 24   328   17 58  0     63.74   -0.2795E-02      79.9    469.6
2015 11 24   328   17 59  0     63.80   -0.2788E-02      79.7    470.1
2015 11 24   328   18  0  0     63.87   -0.2798E-02      80.0    470.0
2015 11 24   328   18  1  0     63.93   -0.2804E-02      80.2    469.8
2015 11 24   328   18  2  0     64.00   -0.2805E-02      80.3    468.4
2015 11 24   328   18  3  0     64.07   -0.2799E-02      80.1    468.2
2015 11 24   328   18  4  0     64.14   -0.2783E-02      79.6    467.6
2015 11 24   328   18  5  0     64.20   -0.2784E-02      79.8    467.3
2015 11 24   328   18  6  0     64.27   -0.2793E-02      80.0    467.2
2015 11 24   328   18  7  0     64.34   -0.2793E-02      80.1    467.0
2015 11 24   328   18  8  0     64.41   -0.2778E-02      79.7    466.4
2015 11 24   328   18  9  0     64.49   -0.2779E-02      79.7    466.3
2015 11 24   328   18 10  0     64.56   -0.2785E-02      79.9    466.1
2015 11 24   328   18 11  0     64.63   -0.2771E-02      79.6    465.5
2015 11 24   328   18 12  0     64.70   -0.2774E-02      79.8    465.4
2015 11 24   328   18 13  0     64.78   -0.2780E-02      80.0    465.1
2015 11 24   328   18 14  0     64.85   -0.2784E-02      80.1    464.9
2015 11 24   328   18 15  0     64.93   -0.2789E-02      80.3    464.6
2015 11 24   328   18 16  0     65.01   -0.2793E-02      80.6    464.3
2015 11 24   328   18 17  0     65.08   -0.2802E-02      80.9    464.3
2015 11 24   328   18 18  0     65.16   -0.2798E-02      80.8    464.0
2015 11 24   328   18 19  0     65.24   -0.2615E-02      75.1    460.3
2015 11 24   328   18 20  0     65.32   -0.2273E-02      63.9    453.3
2015 11 24   328   18 21  0     65.40   -0.2215E-02      62.0    452.0
2015 11 24   328   18 22  0     65.48   -0.2239E-02      62.8    452.5
2015 11 24   328   18 23  0     65.56   -0.2213E-02      62.0    451.6
2015 11 24   328   18 24  0     65.65   -0.2207E-02      61.9    452.0
2015 11 24   328   18 25  0     65.73   -0.2260E-02      63.7    452.9
2015 11 24   328   18 26  0     65.81   -0.2319E-02      65.8    453.7
2015 11 24   328   18 27  0     65.90   -0.2450E-02      70.1    455.8
2015 11 24   328   18 28  0     65.98   -0.2706E-02      78.7    460.5
2015 11 24   328   18 29  0     66.07   -0.2794E-02      81.7    461.8
2015 11 24   328   18 30  0     66.16   -0.2801E-02      82.2    461.4
2015 11 24   328   18 31  0     66.24   -0.2806E-02      82.5    461.3
2015 11 24   328   18 32  0     66.33   -0.2812E-02      82.8    461.2
2015 11 24   328   18 33  0     66.42   -0.2797E-02      82.6    460.6
2015 11 24   328   18 34  0     66.51   -0.2773E-02      82.1    459.6
2015 11 24   328   18 35  0     66.60   -0.2748E-02      81.6    458.9
2015 11 24   328   18 36  0     66.69   -0.2731E-02      81.3    458.3
2015 11 24   328   18 37  0     66.78   -0.2716E-02      81.0    457.8
2015 11 24   328   18 38  0     66.88   -0.2694E-02      80.6    457.0
2015 11 24   328   18 39  0     66.97   -0.2691E-02      80.8    456.5
2015 11 24   328   18 40  0     67.06   -0.2696E-02      81.3    456.1
2015 11 24   328   18 41  0     67.16   -0.2698E-02      81.7    455.8
2015 11 24   328   18 42  0     67.25   -0.2699E-02      81.8    456.0
2015 11 24   328   18 43  0     67.35   -0.2687E-02      81.8    455.9
2015 11 24   328   18 44  0     67.45   -0.2681E-02      81.7    455.7
2015 11 24   328   18 45  0     67.54   -0.2681E-02      82.0    455.7
2015 11 24   328   18 46  0     67.64   -0.2681E-02      82.4    455.7
2015 11 24   328   18 47  0     67.74   -0.2676E-02      82.5    455.8
2015 11 24   328   18 48  0     67.84   -0.2668E-02      82.5    455.8
2015 11 24   328   18 49  0     67.94   -0.2649E-02      82.3    455.4
2015 11 24   328   18 50  0     68.04   -0.2633E-02      82.1    454.8
2015 11 24   328   18 51  0     68.14   -0.2632E-02      82.3    454.7
2015 11 24   328   18 52  0     68.24   -0.2623E-02      82.4    454.5
2015 11 24   328   18 53  0     68.34   -0.2578E-02      81.0    453.5
2015 11 24   328   18 54  0     68.44   -0.2521E-02      79.3    452.2
2015 11 24   328   18 55  0     68.55   -0.2412E-02      75.6    449.2
2015 11 24   328   18 56  0     68.65   -0.2163E-02      66.1    441.8
2015 11 24   328   18 57  0     68.76   -0.2132E-02      65.2    441.2
2015 11 24   328   18 58  0     68.86   -0.2138E-02      65.6    441.9
2015 11 24   328   18 59  0     68.97   -0.2159E-02      66.7    442.9
2015 11 24   328   19  0  0     69.07   -0.2162E-02      67.0    443.5
2015 11 24   328   19  1  0     69.18   -0.2178E-02      67.7    444.4
2015 11 24   328   19  2  0     69.29   -0.2190E-02      68.7    444.4
2015 11 24   328   19  3  0     69.40   -0.2247E-02      71.3    446.9
2015 11 24   328   19  4  0     69.50   -0.2324E-02      75.3    449.4
2015 11 24   328   19  5  0     69.61   -0.2271E-02      73.5    448.1
2015 11 24   328   19  6  0     69.72   -0.2346E-02      77.0    451.9
2015 11 24   328   19  7  0     69.83   -0.2345E-02      77.7    451.3
2015 11 24   328   19  8  0     69.95   -0.2357E-02      78.4    452.3
2015 11 24   328   19  9  0     70.06   -0.2405E-02      81.2    453.6
2015 11 24   328   19 10  0     70.17   -0.2400E-02      81.6    454.0
2015 11 24   328   19 11  0     70.28   -0.2393E-02      81.9    454.5
2015 11 24   328   19 12  0     70.40   -0.2400E-02      82.9    455.9
2015 11 24   328   19 13  0     70.51   -0.2389E-02      83.0    456.0
2015 11 24   328   19 14  0     70.63   -0.2359E-02      82.4    455.5
2015 11 24   328   19 15  0     70.74   -0.2350E-02      82.7    456.5
2015 11 24   328   19 16  0     70.86   -0.2330E-02      82.5    456.4
2015 11 24   328   19 17  0     70.97   -0.2317E-02      82.5    457.3
2015 11 24   328   19 18  0     71.09   -0.2311E-02      82.7    459.1
2015 11 24   328   19 19  0     71.21   -0.2313E-02      83.5    459.8
2015 11 24   328   19 20  0     71.33   -0.2309E-02      83.8    461.0
2015 11 24   328   19 21  0     71.44   -0.2284E-02      83.4    460.6
2015 11 24   328   19 22  0     71.56   -0.2280E-02      83.9    461.7
2015 11 24   328   19 23  0     71.68   -0.2256E-02      83.8    461.7
2015 11 24   328   19 24  0     71.80   -0.2225E-02      83.2    461.6
2015 11 24   328   19 25  0     71.92   -0.2185E-02      82.3    460.8
2015 11 24   328   19 26  0     72.05   -0.2045E-02      75.9    453.7
2015 11 24   328   19 27  0     72.17   -0.2076E-02      78.4    457.2
2015 11 24   328   19 28  0     72.29   -0.2151E-02      83.1    463.0
2015 11 24   328   19 29  0     72.41   -0.2150E-02      83.9    463.1
2015 11 24   328   19 30  0     72.54   -0.2151E-02      84.6    464.1
2015 11 24   328   19 31  0     72.66   -0.2141E-02      84.9    464.5
2015 11 24   328   19 32  0     72.78   -0.2133E-02      85.2    465.9
2015 11 24   328   19 33  0     72.91   -0.2122E-02      85.6    467.2
2015 11 24   328   19 34  0     73.03   -0.2109E-02      85.8    468.8
2015 11 24   328   19 35  0     73.16   -0.2094E-02      86.1    470.2
2015 11 24   328   19 36  0     73.29   -0.2080E-02      86.4    471.7
2015 11 24   328   19 37  0     73.41   -0.2069E-02      86.8    473.0
2015 11 24   328   19 38  0     73.54   -0.2050E-02      87.1    474.0
2015 11 24   328   19 39  0     73.67   -0.2041E-02      87.6    476.9
2015 11 24   328   19 40  0     73.80   -0.2016E-02      87.6    477.1
2015 11 24   328   19 41  0     73.93   -0.1991E-02      87.3    478.3
2015 11 24   328   19 42  0     74.06   -0.1967E-02      87.1    480.4
2015 11 24   328   19 43  0     74.19   -0.1939E-02      86.9    480.6
2015 11 24   328   19 44  0     74.32   -0.1911E-02      86.4    481.9
2015 11 24   328   19 45  0     74.45   -0.1882E-02      86.1    482.2
2015 11 24   328   19 46  0     74.58   -0.1852E-02      85.6    482.9
2015 11 24   328   19 47  0     74.71   -0.1828E-02      85.6    484.1
2015 11 24   328   19 48  0     74.84   -0.1807E-02      85.9    486.5
2015 11 24   328   19 49  0     74.98   -0.1780E-02      85.5    489.0
2015 11 24   328   19 50  0     75.11   -0.1760E-02      85.4    492.2
2015 11 24   328   19 51  0     75.24   -0.1740E-02      85.5    494.5
2015 11 24   328   19 52  0     75.38   -0.1720E-02      86.0    496.3
2015 11 24   328   19 53  0     75.51   -0.1702E-02      86.4    501.3
2015 11 24   328   19 54  0     75.65   -0.1683E-02      86.9    503.2
2015 11 24   328   19 55  0     75.78   -0.1665E-02      87.2    508.4
2015 11 24   328   19 56  0     75.92   -0.1644E-02      87.6    511.8
2015 11 24   328   19 57  0     76.06   -0.1622E-02      87.8    514.4
2015 11 24   328   19 58  0     76.19   -0.1597E-02      88.1    515.0
2015 11 24   328   19 59  0     76.33   -0.1576E-02      88.3    519.9
2015 11 24   328   20  0  0     76.47   -0.1555E-02      88.4    524.7
2015 11 24   328   20  1  0     76.61   -0.1534E-02      88.6    529.6
2015 11 24   328   20  2  0     76.75   -0.1508E-02      88.7    530.0
2015 11 24   328   20  3  0     76.88   -0.1490E-02      88.8    536.9
2015 11 24   328   20  4  0     77.02   -0.1465E-02      89.0    537.9
2015 11 24   328   20  5  0     77.16   -0.1444E-02      89.3    542.3
2015 11 24   328   20  6  0     77.30   -0.1418E-02      89.4    541.3
2015 11 24   328   20  7  0     77.45   -0.1397E-02      89.7    546.2
2015 11 24   328   20  8  0     77.59   -0.1378E-02      90.1    552.3
2015 11 24   328   20  9  0     77.73   -0.1353E-02      90.3    555.3
2015 11 24   328   20 10  0     77.87   -0.1330E-02      90.5    558.3
2015 11 24   328   20 11  0     78.01   -0.1307E-02      90.8    561.2
2015 11 24   328   20 12  0     78.16   -0.1285E-02      91.1    564.3
2015 11 24   328   20 13  0     78.30   -0.1267E-02      91.5    572.7
2015 11 24   328   20 14  0     78.44   -0.1245E-02      92.0    574.4
2015 11 24   328   20 15  0     78.59   -0.1226E-02      92.4    577.6
2015 11 24   328   20 16  0     78.73   -0.1204E-02      92.9    581.1
2015 11 24   328   20 17  0     78.88   -0.1181E-02      93.3    584.2
2015 11 24   328   20 18  0     79.02   -0.1158E-02      93.6    585.0
2015 11 24   328   20 19  0     79.17   -0.1137E-02      93.6    591.4
2015 11 24   328   20 20  0     79.31   -0.1114E-02      94.1    591.9
2015 11 24   328   20 21  0     79.46   -0.1093E-02      94.4    595.8
2015 11 24   328   20 22  0     79.61   -0.1071E-02      94.8    599.5
2015 11 24   328   20 23  0     79.76   -0.1047E-02      95.2    600.1
2015 11 24   328   20 24  0     79.90   -0.1024E-02      95.5    601.1
2015 11 24   328   20 25  0     80.05   -0.1004E-02      95.9    606.0
2015 11 24   328   20 26  0     80.20   -0.9784E-03      96.5    603.0
2015 11 24   328   20 27  0     80.35   -0.9567E-03      96.8    606.9
2015 11 24   328   20 28  0     80.50   -0.9370E-03      97.2    614.7
2015 11 24   328   20 29  0     80.65   -0.9125E-03      97.5    613.8
2015 11 24   328   20 30  0     80.80   -0.8886E-03      97.7    613.7
2015 11 24   328   20 31  0     80.95   -0.8617E-03      97.9    609.5
2015 11 24   328   20 32  0     81.10   -0.8411E-03      98.0    615.6
2015 11 24   328   20 33  0     81.25   -0.8154E-03      98.2    611.6
2015 11 24   328   20 34  0     81.40   -0.7943E-03      98.7    613.4
2015 11 24   328   20 35  0     81.55   -0.7734E-03      99.2    615.3
2015 11 24   328   20 36  0     81.70   -0.7518E-03      99.7    615.3
2015 11 24   328   20 37  0     81.86   -0.7329E-03     100.1    622.0
2015 11 24   328   20 38  0     82.01   -0.7111E-03     100.7    619.9
2015 11 24   328   20 39  0     82.16   -0.6875E-03     101.0    615.0
2015 11 24   328   20 40  0     82.32   -0.6630E-03     101.3    608.8
2015 11 24   328   20 41  0     82.47   -0.6394E-03     101.6    604.1
2015 11 24   328   20 42  0     82.62   -0.6177E-03     101.8    603.9
2015 11 24   328   20 43  0     82.78   -0.6016E-03     102.1    613.7
2015 11 24   328   20 44  0     82.93   -0.5800E-03     102.7    609.0
2015 11 24   328   20 45  0     83.09   -0.5569E-03     103.1    600.5
2015 11 24   328   20 46  0     83.24   -0.5367E-03     103.4    599.3
2015 11 24   328   20 47  0     83.40   -0.5177E-03     103.7    601.0
2015 11 24   328   20 48  0     83.56   -0.4975E-03     103.9    599.0
2015 11 24   328   20 49  0     83.71   -0.4782E-03     104.3    597.3
2015 11 24   328   20 50  0     83.87   -0.4579E-03     104.6    595.3
2015 11 24   328   20 51  0     84.03   -0.4400E-03     105.1    591.6
2015 11 24   328   20 52  0     84.19   -0.4200E-03     105.8    584.6
2015 11 24   328   20 53  0     84.34   -0.4040E-03     106.6    587.2
2015 11 24   328   20 54  0     84.50   -0.3874E-03     107.4    585.9
2015 11 24   328   20 55  0     84.66   -0.3719E-03     108.1    587.6
2015 11 24   328   20 56  0     84.82   -0.3490E-03     109.1    566.6
2015 11 24   328   20 57  0     84.98   -0.3370E-03     110.0    578.1
2015 11 24   328   20 58  0     85.14   -0.3214E-03     110.7    575.1
2015 11 24   328   20 59  0     85.30   -0.3018E-03     111.3    561.2
2015 11 24   328   21  0  0     85.46   -0.2842E-03     111.9    552.1
2015 11 24   328   21  1  0     85.62   -0.2693E-03     112.7    549.0
2015 11 24   328   21  2  0     85.78   -0.2555E-03     113.6    547.1
2015 11 24   328   21  3  0     85.94   -0.2425E-03     114.6    546.8
2015 11 24   328   21  4  0     86.10   -0.2260E-03     115.3    534.9
2015 11 24   328   21  5  0     86.26   -0.2116E-03     116.0    529.0
2015 11 24   328   21  6  0     86.42   -0.1977E-03     116.9    523.1
2015 11 24   328   21  7  0     86.59   -0.1809E-03     118.1    507.3
2015 11 24   328   21  8  0     86.75   -0.1697E-03     119.2    506.2
2015 11 24   328   21  9  0     86.91   -0.1560E-03     120.5    498.0
2015 11 24   328   21 10  0     87.07   -0.1455E-03     121.7    495.1
2015 11 24   328   21 11  0     87.24   -0.1328E-03     122.8    486.9
2015 11 24   328   21 12  0     87.40   -0.1223E-03     124.0    483.3
2015 11 24   328   21 13  0     87.56   -0.1105E-03     125.5    475.8
2015 11 24   328   21 14  0     87.73   -0.9930E-04     127.3    467.2
2015 11 24   328   21 15  0     87.89   -0.8828E-04     129.2    460.2
2015 11 24   328   21 16  0     88.06   -0.7819E-04     131.0    451.6
2015 11 24   328   21 17  0     88.22   -0.7086E-04     132.6    450.4
2015 11 24   328   21 18  0     88.39   -0.5901E-04     134.4    437.7
2015 11 24   328   21 19  0     88.55   -0.4570E-04     136.6    421.3
2015 11 24   328   21 20  0     88.72   -0.4290E-04     139.1    427.7
2015 11 24   328   21 21  0     88.88   -0.3598E-04     142.2    425.1
2015 11 24   328   21 22  0     89.05   -0.2486E-04     145.1    408.2
2015 11 24   328   21 23  0     89.22   -0.2121E-04     147.2    410.0
2015 11 24   328   21 24  0     89.38   -0.1269E-04     149.5    400.2
2015 11 24   328   21 25  0     89.55   -0.3680E-05     152.4    389.0
2015 11 24   328   21 26  0     89.72   -0.8431E-07     156.4    387.9
2015 11 24   328   21 27  0     89.88    0.8658E-05     161.0    375.8
