                            NILUUV 115

Uvpro Version 2.0
Latitude :   40.74 (North)
Longitude:  -74.03  (West)
Calibration file: cf100603a.115
Height above sea level:    40.0  m
CLT derived from channel 4
CLT scale factor used:   1.0
Ozone derived from channel pair ch3/ch1
Ozone scale factor used:   1.0
Drift factors ch1-ch6:   3.000154.000  1.000  1.000  1.000  1.000
Ozone profile climatology: Mid  Latitude
Dose type:    CLW    Caldwell Plant 1971           

yyyy mm dd   jul   hh mm ss      SZA     dose rate       clt     Ozone
                              [degrees]   [W/m^2]        [%]     [DU]
2015 10 26   299   11 25  0     89.88    0.7830E-04      20.3     52.5
2015 10 26   299   11 26  0     89.69    0.7699E-04      21.3     58.6
2015 10 26   299   11 27  0     89.51    0.7381E-04      22.5     66.6
2015 10 26   299   11 28  0     89.33    0.7424E-04      23.8     71.3
2015 10 26   299   11 29  0     89.15    0.7137E-04      25.1     77.8
2015 10 26   299   11 30  0     88.97    0.7324E-04      26.5     79.9
2015 10 26   299   11 31  0     88.79    0.7175E-04      27.6     86.4
2015 10 26   299   11 32  0     88.61    0.7079E-04      28.7     92.7
2015 10 26   299   11 33  0     88.43    0.6789E-04      29.9     99.8
2015 10 26   299   11 34  0     88.25    0.6720E-04      31.2    104.0
2015 10 26   299   11 35  0     88.07    0.6179E-04      32.5    112.3
2015 10 26   299   11 36  0     87.89    0.6043E-04      33.6    117.0
2015 10 26   299   11 37  0     87.71    0.5672E-04      34.7    124.9
2015 10 26   299   11 38  0     87.53    0.5587E-04      35.7    133.0
2015 10 26   299   11 39  0     87.35    0.5141E-04      36.8    143.4
2015 10 26   299   11 40  0     87.17    0.4804E-04      38.0    152.7
2015 10 26   299   11 41  0     87.00    0.4609E-04      39.1    154.4
2015 10 26   299   11 42  0     86.82    0.3926E-04      40.0    174.4
2015 10 26   299   11 43  0     86.64    0.3538E-04      40.9    183.7
2015 10 26   299   11 44  0     86.46    0.2762E-04      41.8    199.5
2015 10 26   299   11 45  0     86.28    0.2492E-04      42.7    203.2
2015 10 26   299   11 46  0     86.10    0.1761E-04      43.6    214.6
2015 10 26   299   11 47  0     85.93    0.1106E-04      44.3    224.5
2015 10 26   299   11 48  0     85.75    0.1392E-05      45.0    240.3
2015 10 26   299   11 49  0     85.57   -0.3600E-05      45.7    245.2
2015 10 26   299   11 50  0     85.39   -0.1267E-04      46.4    256.5
2015 10 26   299   11 51  0     85.22   -0.2136E-04      47.1    266.4
2015 10 26   299   11 52  0     85.04   -0.2709E-04      47.8    267.7
2015 10 26   299   11 53  0     84.86   -0.4042E-04      48.4    286.2
2015 10 26   299   11 54  0     84.69   -0.4799E-04      48.9    290.8
2015 10 26   299   11 55  0     84.51   -0.5957E-04      49.3    302.9
2015 10 26   299   11 56  0     84.34   -0.6870E-04      49.8    308.2
2015 10 26   299   11 57  0     84.16   -0.7952E-04      50.3    315.0
2015 10 26   299   11 58  0     83.99   -0.9459E-04      50.9    330.8
2015 10 26   299   11 59  0     83.81   -0.1073E-03      51.4    339.9
2015 10 26   299   12  0  0     83.63   -0.1226E-03      51.9    354.0
2015 10 26   299   12  1  0     83.46   -0.1342E-03      52.3    358.3
2015 10 26   299   12  2  0     83.28   -0.1447E-03      52.8    358.0
2015 10 26   299   12  3  0     83.11   -0.1600E-03      53.2    368.0
2015 10 26   299   12  4  0     82.94   -0.1788E-03      53.4    385.4
2015 10 26   299   12  5  0     82.76   -0.1932E-03      53.6    391.5
2015 10 26   299   12  6  0     82.59   -0.2093E-03      53.8    399.5
2015 10 26   299   12  7  0     82.41   -0.2236E-03      54.1    402.3
2015 10 26   299   12  8  0     82.24   -0.2414E-03      54.4    411.3
2015 10 26   299   12  9  0     82.07   -0.2575E-03      54.7    415.1
2015 10 26   299   12 10  0     81.90   -0.2754E-03      55.0    421.8
2015 10 26   299   12 11  0     81.72   -0.2948E-03      55.3    430.8
2015 10 26   299   12 12  0     81.55   -0.3121E-03      55.6    433.5
2015 10 26   299   12 13  0     81.38   -0.3334E-03      55.9    444.2
2015 10 26   299   12 14  0     81.21   -0.3562E-03      56.3    455.8
2015 10 26   299   12 15  0     81.04   -0.3747E-03      56.7    455.8
2015 10 26   299   12 16  0     80.86   -0.3970E-03      57.1    463.2
2015 10 26   299   12 17  0     80.69   -0.4198E-03      57.4    470.8
2015 10 26   299   12 18  0     80.52   -0.4418E-03      57.6    476.4
2015 10 26   299   12 19  0     80.35   -0.4591E-03      57.7    473.1
2015 10 26   299   12 20  0     80.18   -0.4816E-03      57.7    481.2
2015 10 26   299   12 21  0     80.01   -0.5018E-03      57.9    481.5
2015 10 26   299   12 22  0     79.84   -0.5209E-03      57.9    481.1
2015 10 26   299   12 23  0     79.67   -0.5420E-03      57.9    483.7
2015 10 26   299   12 24  0     79.50   -0.5628E-03      57.8    484.2
2015 10 26   299   12 25  0     79.33   -0.5856E-03      57.8    487.3
2015 10 26   299   12 26  0     79.17   -0.6075E-03      57.8    488.4
2015 10 26   299   12 27  0     79.00   -0.6295E-03      57.9    487.9
2015 10 26   299   12 28  0     78.83   -0.6519E-03      57.9    488.7
2015 10 26   299   12 29  0     78.66   -0.6759E-03      57.8    491.9
2015 10 26   299   12 30  0     78.49   -0.6945E-03      57.7    486.2
2015 10 26   299   12 31  0     78.33   -0.7216E-03      57.9    491.3
2015 10 26   299   12 32  0     78.16   -0.7480E-03      58.1    492.4
2015 10 26   299   12 33  0     77.99   -0.7733E-03      58.4    490.2
2015 10 26   299   12 34  0     77.83   -0.8013E-03      58.5    492.0
2015 10 26   299   12 35  0     77.66   -0.8280E-03      58.9    490.0
2015 10 26   299   12 36  0     77.49   -0.8580E-03      59.4    491.3
2015 10 26   299   12 37  0     77.33   -0.8874E-03      59.8    492.5
2015 10 26   299   12 38  0     77.16   -0.9160E-03      60.2    493.7
2015 10 26   299   12 39  0     77.00   -0.9372E-03      60.1    489.7
2015 10 26   299   12 40  0     76.83   -0.9612E-03      59.7    491.1
2015 10 26   299   12 41  0     76.67   -0.9784E-03      59.4    485.0
2015 10 26   299   12 42  0     76.50   -0.9946E-03      59.0    480.3
2015 10 26   299   12 43  0     76.34   -0.1012E-02      58.7    476.6
2015 10 26   299   12 44  0     76.18   -0.1032E-02      58.8    472.7
2015 10 26   299   12 45  0     76.01   -0.1056E-02      58.8    472.5
2015 10 26   299   12 46  0     75.85   -0.1081E-02      58.9    472.2
2015 10 26   299   12 47  0     75.69   -0.1096E-02      58.2    467.2
2015 10 26   299   12 48  0     75.53   -0.1128E-02      59.3    467.7
2015 10 26   299   12 49  0     75.36   -0.1136E-02      58.2    461.6
2015 10 26   299   12 50  0     75.20   -0.1155E-02      57.8    460.3
2015 10 26   299   12 51  0     75.04   -0.1178E-02      57.9    457.4
2015 10 26   299   12 52  0     74.88   -0.1207E-02      58.3    456.9
2015 10 26   299   12 53  0     74.72   -0.1234E-02      58.9    455.1
2015 10 26   299   12 54  0     74.56   -0.1262E-02      59.2    454.1
2015 10 26   299   12 55  0     74.40   -0.1301E-02      60.6    455.3
2015 10 26   299   12 56  0     74.24   -0.1321E-02      60.5    453.1
2015 10 26   299   12 57  0     74.08   -0.1341E-02      60.4    451.9
2015 10 26   299   12 58  0     73.92   -0.1345E-02      59.6    446.6
2015 10 26   299   12 59  0     73.76   -0.1389E-02      61.2    449.4
2015 10 26   299   13  0  0     73.60   -0.1375E-02      59.0    442.5
2015 10 26   299   13  1  0     73.45   -0.1382E-02      58.1    439.4
2015 10 26   299   13  2  0     73.29   -0.1418E-02      58.9    440.2
2015 10 26   299   13  3  0     73.13   -0.1429E-02      58.3    437.0
2015 10 26   299   13  4  0     72.97   -0.1473E-02      59.9    439.0
2015 10 26   299   13  5  0     72.82   -0.1486E-02      59.8    437.0
2015 10 26   299   13  6  0     72.66   -0.1491E-02      59.0    435.1
2015 10 26   299   13  7  0     72.51   -0.1505E-02      59.0    432.9
2015 10 26   299   13  8  0     72.35   -0.1549E-02      60.8    434.4
2015 10 26   299   13  9  0     72.20   -0.1517E-02      58.3    429.8
2015 10 26   299   13 10  0     72.04   -0.1568E-02      60.6    431.6
2015 10 26   299   13 11  0     71.89   -0.1579E-02      60.5    431.1
2015 10 26   299   13 12  0     71.73   -0.1553E-02      58.5    426.8
2015 10 26   299   13 13  0     71.58   -0.1562E-02      58.4    425.9
2015 10 26   299   13 14  0     71.43   -0.1554E-02      57.2    423.9
2015 10 26   299   13 15  0     71.27   -0.1602E-02      59.1    425.3
2015 10 26   299   13 16  0     71.12   -0.1619E-02      59.4    424.6
2015 10 26   299   13 17  0     70.97   -0.1569E-02      56.2    420.7
2015 10 26   299   13 18  0     70.82   -0.1612E-02      57.8    422.1
2015 10 26   299   13 19  0     70.67   -0.1615E-02      57.6    420.5
2015 10 26   299   13 20  0     70.52   -0.1694E-02      60.8    423.8
2015 10 26   299   13 21  0     70.37   -0.1615E-02      56.7    418.9
2015 10 26   299   13 22  0     70.22   -0.1588E-02      55.2    416.4
2015 10 26   299   13 23  0     70.07   -0.1667E-02      58.3    419.7
2015 10 26   299   13 24  0     69.92   -0.1762E-02      62.2    423.4
2015 10 26   299   13 25  0     69.77   -0.1747E-02      61.3    421.7
2015 10 26   299   13 26  0     69.62   -0.1764E-02      61.7    421.4
2015 10 26   299   13 27  0     69.47   -0.1836E-02      64.6    423.8
2015 10 26   299   13 28  0     69.33   -0.1770E-02      61.6    420.6
2015 10 26   299   13 29  0     69.18   -0.1875E-02      66.0    423.9
2015 10 26   299   13 30  0     69.03   -0.1783E-02      61.8    420.2
2015 10 26   299   13 31  0     68.89   -0.1857E-02      65.0    422.2
2015 10 26   299   13 32  0     68.74   -0.1888E-02      66.0    422.6
2015 10 26   299   13 33  0     68.60   -0.1870E-02      65.1    421.6
2015 10 26   299   13 34  0     68.45   -0.1849E-02      64.2    420.5
2015 10 26   299   13 35  0     68.31   -0.1785E-02      61.5    418.2
2015 10 26   299   13 36  0     68.17   -0.1922E-02      67.0    422.0
2015 10 26   299   13 37  0     68.02   -0.1754E-02      60.4    416.1
2015 10 26   299   13 38  0     67.88   -0.1851E-02      64.1    419.1
2015 10 26   299   13 39  0     67.74   -0.1796E-02      62.0    417.4
2015 10 26   299   13 40  0     67.60   -0.1971E-02      69.2    422.0
2015 10 26   299   13 41  0     67.45   -0.1910E-02      66.9    420.1
2015 10 26   299   13 42  0     67.31   -0.1897E-02      66.4    420.0
2015 10 26   299   13 43  0     67.17   -0.2014E-02      71.2    422.9
2015 10 26   299   13 44  0     67.03   -0.2001E-02      71.0    422.4
2015 10 26   299   13 45  0     66.89   -0.1992E-02      70.9    422.3
2015 10 26   299   13 46  0     66.75   -0.1985E-02      70.8    422.3
2015 10 26   299   13 47  0     66.62   -0.1977E-02      70.9    422.1
2015 10 26   299   13 48  0     66.48   -0.1970E-02      71.0    422.1
2015 10 26   299   13 49  0     66.34   -0.1964E-02      70.9    422.1
2015 10 26   299   13 50  0     66.20   -0.1963E-02      71.2    422.1
2015 10 26   299   13 51  0     66.07   -0.1943E-02      71.0    421.7
2015 10 26   299   13 52  0     65.93   -0.1936E-02      71.3    421.7
2015 10 26   299   13 53  0     65.79   -0.1916E-02      71.2    421.5
2015 10 26   299   13 54  0     65.66   -0.1909E-02      71.4    421.7
2015 10 26   299   13 55  0     65.52   -0.1897E-02      71.6    421.7
2015 10 26   299   13 56  0     65.39   -0.1791E-02      68.5    419.8
2015 10 26   299   13 57  0     65.26   -0.1850E-02      71.3    421.2
2015 10 26   299   13 58  0     65.12   -0.1805E-02      70.4    420.6
2015 10 26   299   13 59  0     64.99   -0.1837E-02      72.2    421.6
2015 10 26   299   14  0  0     64.86   -0.1823E-02      72.5    421.7
2015 10 26   299   14  1  0     64.73   -0.1812E-02      72.7    421.9
2015 10 26   299   14  2  0     64.60   -0.1788E-02      72.8    421.8
2015 10 26   299   14  3  0     64.47   -0.1775E-02      73.0    422.1
2015 10 26   299   14  4  0     64.34   -0.1752E-02      73.2    422.0
2015 10 26   299   14  5  0     64.21   -0.1726E-02      73.0    421.9
2015 10 26   299   14  6  0     64.08   -0.1700E-02      73.3    421.8
2015 10 26   299   14  7  0     63.95   -0.1675E-02      73.1    422.0
2015 10 26   299   14  8  0     63.83   -0.1612E-02      71.8    421.3
2015 10 26   299   14  9  0     63.70   -0.1621E-02      73.4    422.0
2015 10 26   299   14 10  0     63.57   -0.1604E-02      73.7    422.3
2015 10 26   299   14 11  0     63.45   -0.1579E-02      73.7    422.4
2015 10 26   299   14 12  0     63.32   -0.1545E-02      73.6    422.4
2015 10 26   299   14 13  0     63.20   -0.1520E-02      73.8    422.5
2015 10 26   299   14 14  0     63.07   -0.1500E-02      74.0    422.8
2015 10 26   299   14 15  0     62.95   -0.1469E-02      74.0    422.9
2015 10 26   299   14 16  0     62.83   -0.1372E-02      71.4    422.0
2015 10 26   299   14 17  0     62.70   -0.1415E-02      74.4    423.4
2015 10 26   299   14 18  0     62.58   -0.1394E-02      74.8    423.7
2015 10 26   299   14 19  0     62.46   -0.1353E-02      74.6    423.6
2015 10 26   299   14 20  0     62.34   -0.1309E-02      74.3    423.6
2015 10 26   299   14 21  0     62.22   -0.1284E-02      74.8    423.8
2015 10 26   299   14 22  0     62.10   -0.1257E-02      75.1    424.0
2015 10 26   299   14 23  0     61.98   -0.1218E-02      75.0    424.1
2015 10 26   299   14 24  0     61.87   -0.1182E-02      75.0    424.3
2015 10 26   299   14 25  0     61.75   -0.1149E-02      75.2    424.6
2015 10 26   299   14 26  0     61.63   -0.1114E-02      75.3    424.8
2015 10 26   299   14 27  0     61.52   -0.1077E-02      75.4    425.0
2015 10 26   299   14 28  0     61.40   -0.1039E-02      75.4    425.1
2015 10 26   299   14 29  0     61.29   -0.1002E-02      75.5    425.3
2015 10 26   299   14 30  0     61.17   -0.9827E-03      76.3    425.7
2015 10 26   299   14 31  0     61.06   -0.9501E-03      76.7    426.0
2015 10 26   299   14 32  0     60.95   -0.9055E-03      76.5    426.2
2015 10 26   299   14 33  0     60.84   -0.8545E-03      75.7    426.3
2015 10 26   299   14 34  0     60.72   -0.7952E-03      75.1    426.2
2015 10 26   299   14 35  0     60.61   -0.7796E-03      76.5    426.8
2015 10 26   299   14 36  0     60.50   -0.7531E-03      77.3    427.2
2015 10 26   299   14 37  0     60.39   -0.7150E-03      77.4    427.4
2015 10 26   299   14 38  0     60.29   -0.6646E-03      77.6    427.4
2015 10 26   299   14 39  0     60.18   -0.6190E-03      77.7    427.6
2015 10 26   299   14 40  0     60.07   -0.5728E-03      77.7    427.7
2015 10 26   299   14 41  0     59.96   -0.5252E-03      77.6    427.8
2015 10 26   299   14 42  0     59.86   -0.4796E-03      77.7    428.1
2015 10 26   299   14 43  0     59.75   -0.4353E-03      77.8    428.3
2015 10 26   299   14 44  0     59.65   -0.3935E-03      77.9    428.6
2015 10 26   299   14 45  0     59.54   -0.3525E-03      78.2    428.9
2015 10 26   299   14 46  0     59.44   -0.3041E-03      78.3    429.1
2015 10 26   299   14 47  0     59.34   -0.2501E-03      78.3    429.2
2015 10 26   299   14 48  0     59.24   -0.1967E-03      78.4    429.3
2015 10 26   299   14 49  0     59.14   -0.1550E-03      78.8    429.6
2015 10 26   299   14 50  0     59.03   -0.9917E-04      78.7    429.6
2015 10 26   299   14 51  0     58.94   -0.2896E-04      78.4    430.6
2015 10 26   299   14 52  0     58.84    0.3382E-04      78.2    429.4
2015 10 26   299   14 53  0     58.74    0.8457E-04      78.3    429.6
2015 10 26   299   14 54  0     58.64    0.1349E-03      78.6    429.8
2015 10 26   299   14 55  0     58.54    0.1847E-03      78.7    430.0
2015 10 26   299   14 56  0     58.45    0.2396E-03      78.5    430.1
2015 10 26   299   14 57  0     58.35    0.2956E-03      78.5    430.2
2015 10 26   299   14 58  0     58.26    0.3493E-03      78.6    430.3
2015 10 26   299   14 59  0     58.17    0.4073E-03      78.6    430.4
2015 10 26   299   15  0  0     58.07    0.4684E-03      78.5    430.4
2015 10 26   299   15  1  0     57.98    0.5240E-03      78.5    431.6
2015 10 26   299   15  2  0     57.89    0.5780E-03      78.6    431.8
2015 10 26   299   15  3  0     57.80    0.6359E-03      78.7    430.8
2015 10 26   299   15  4  0     57.71    0.6954E-03      78.5    430.9
2015 10 26   299   15  5  0     57.62    0.7431E-03      78.7    431.2
2015 10 26   299   15  6  0     57.53    0.8021E-03      78.9    431.3
2015 10 26   299   15  7  0     57.45    0.8667E-03      78.9    431.3
2015 10 26   299   15  8  0     57.36    0.9270E-03      78.8    431.4
2015 10 26   299   15  9  0     57.27    0.9781E-03      79.1    431.6
2015 10 26   299   15 10  0     57.19    0.1034E-02      79.0    431.7
2015 10 26   299   15 11  0     57.10    0.1096E-02      79.0    431.7
2015 10 26   299   15 12  0     57.02    0.1149E-02      79.0    431.9
2015 10 26   299   15 13  0     56.94    0.1209E-02      79.1    432.9
2015 10 26   299   15 14  0     56.86    0.1263E-02      79.2    433.1
2015 10 26   299   15 15  0     56.78    0.1320E-02      79.1    433.2
2015 10 26   299   15 16  0     56.70    0.1375E-02      79.2    433.3
2015 10 26   299   15 17  0     56.62    0.1434E-02      79.2    432.6
2015 10 26   299   15 18  0     56.54    0.1492E-02      79.3    432.7
2015 10 26   299   15 19  0     56.46    0.1557E-02      79.2    432.7
2015 10 26   299   15 20  0     56.38    0.1617E-02      79.4    432.8
2015 10 26   299   15 21  0     56.31    0.1679E-02      79.4    432.8
2015 10 26   299   15 22  0     56.23    0.1733E-02      79.4    432.9
2015 10 26   299   15 23  0     56.16    0.1783E-02      79.5    433.1
2015 10 26   299   15 24  0     56.09    0.1838E-02      79.4    433.2
2015 10 26   299   15 25  0     56.01    0.1895E-02      79.7    433.3
2015 10 26   299   15 26  0     55.94    0.1955E-02      79.7    434.2
2015 10 26   299   15 27  0     55.87    0.2009E-02      79.7    434.3
2015 10 26   299   15 28  0     55.80    0.2068E-02      79.7    434.3
2015 10 26   299   15 29  0     55.73    0.2126E-02      79.8    434.4
2015 10 26   299   15 30  0     55.66    0.2180E-02      79.7    434.5
2015 10 26   299   15 31  0     55.60    0.2241E-02      79.7    434.5
2015 10 26   299   15 32  0     55.53    0.2299E-02      79.8    433.9
2015 10 26   299   15 33  0     55.47    0.2351E-02      79.8    434.0
2015 10 26   299   15 34  0     55.40    0.2411E-02      79.9    434.0
2015 10 26   299   15 35  0     55.34    0.2471E-02      80.0    434.1
2015 10 26   299   15 36  0     55.28    0.2523E-02      79.8    434.1
2015 10 26   299   15 37  0     55.21    0.2576E-02      79.9    434.2
2015 10 26   299   15 38  0     55.15    0.2634E-02      80.3    434.3
2015 10 26   299   15 39  0     55.09    0.2683E-02      80.2    434.4
2015 10 26   299   15 40  0     55.03    0.2735E-02      80.2    434.5
2015 10 26   299   15 41  0     54.98    0.2786E-02      80.4    435.2
2015 10 26   299   15 42  0     54.92    0.2834E-02      80.4    435.3
2015 10 26   299   15 43  0     54.86    0.2885E-02      80.3    435.4
2015 10 26   299   15 44  0     54.81    0.2935E-02      80.2    435.4
2015 10 26   299   15 45  0     54.75    0.2990E-02      80.4    435.5
2015 10 26   299   15 46  0     54.70    0.3042E-02      80.7    435.6
2015 10 26   299   15 47  0     54.64    0.3088E-02      80.7    435.7
2015 10 26   299   15 48  0     54.59    0.3131E-02      80.8    435.8
2015 10 26   299   15 49  0     54.54    0.3178E-02      80.7    435.9
2015 10 26   299   15 50  0     54.49    0.3208E-02      80.7    436.1
2015 10 26   299   15 51  0     54.44    0.3259E-02      80.8    436.1
2015 10 26   299   15 52  0     54.39    0.3309E-02      80.6    435.5
2015 10 26   299   15 53  0     54.35    0.3352E-02      80.7    435.7
2015 10 26   299   15 54  0     54.30    0.3404E-02      80.6    435.6
2015 10 26   299   15 55  0     54.26    0.3440E-02      80.6    435.7
2015 10 26   299   15 56  0     54.21    0.3486E-02      80.9    435.8
2015 10 26   299   15 57  0     54.17    0.3533E-02      80.9    435.8
2015 10 26   299   15 58  0     54.13    0.3576E-02      80.9    435.8
2015 10 26   299   15 59  0     54.08    0.3611E-02      81.0    436.0
2015 10 26   299   16  0  0     54.04    0.3659E-02      80.9    435.9
2015 10 26   299   16  1  0     54.00    0.3689E-02      80.9    436.0
2015 10 26   299   16  2  0     53.97    0.3735E-02      81.0    436.4
2015 10 26   299   16  3  0     53.93    0.3761E-02      80.9    436.6
2015 10 26   299   16  4  0     53.89    0.3812E-02      81.0    436.5
2015 10 26   299   16  5  0     53.86    0.3848E-02      81.0    436.6
2015 10 26   299   16  6  0     53.82    0.3900E-02      81.0    436.4
2015 10 26   299   16  7  0     53.79    0.3939E-02      80.9    436.4
2015 10 26   299   16  8  0     53.75    0.3981E-02      81.1    436.4
2015 10 26   299   16  9  0     53.72    0.4033E-02      81.4    436.4
2015 10 26   299   16 10  0     53.69    0.4054E-02      81.3    436.5
2015 10 26   299   16 11  0     53.66    0.4093E-02      81.3    436.5
2015 10 26   299   16 12  0     53.63    0.4120E-02      81.2    436.5
2015 10 26   299   16 13  0     53.61    0.4149E-02      81.4    436.6
2015 10 26   299   16 14  0     53.58    0.4183E-02      81.3    436.5
2015 10 26   299   16 15  0     53.55    0.4222E-02      81.3    436.5
2015 10 26   299   16 16  0     53.53    0.4257E-02      81.5    436.5
2015 10 26   299   16 17  0     53.50    0.4293E-02      81.5    436.4
2015 10 26   299   16 18  0     53.48    0.4316E-02      81.5    436.5
2015 10 26   299   16 19  0     53.46    0.4351E-02      81.4    436.3
2015 10 26   299   16 20  0     53.44    0.4374E-02      81.3    436.3
2015 10 26   299   16 21  0     53.42    0.4396E-02      81.1    435.8
2015 10 26   299   16 22  0     53.40    0.4422E-02      81.4    435.9
2015 10 26   299   16 23  0     53.38    0.4445E-02      81.8    436.0
2015 10 26   299   16 24  0     53.37    0.4465E-02      81.8    436.0
2015 10 26   299   16 25  0     53.35    0.4501E-02      81.9    435.9
2015 10 26   299   16 26  0     53.33    0.4528E-02      82.2    436.0
2015 10 26   299   16 27  0     53.32    0.4556E-02      82.2    435.9
2015 10 26   299   16 28  0     53.31    0.4577E-02      82.2    435.8
2015 10 26   299   16 29  0     53.30    0.4598E-02      82.2    435.7
2015 10 26   299   16 30  0     53.28    0.4600E-02      82.3    435.9
2015 10 26   299   16 31  0     53.27    0.4603E-02      82.2    435.9
2015 10 26   299   16 32  0     53.27    0.4610E-02      82.2    436.0
2015 10 26   299   16 33  0     53.26    0.4628E-02      82.2    435.9
2015 10 26   299   16 34  0     53.25    0.4647E-02      82.5    435.9
2015 10 26   299   16 35  0     53.25    0.4659E-02      82.6    435.9
2015 10 26   299   16 36  0     53.24    0.4669E-02      82.7    435.9
2015 10 26   299   16 37  0     53.24    0.4670E-02      82.6    435.9
2015 10 26   299   16 38  0     53.23    0.4663E-02      82.0    435.7
2015 10 26   299   16 39  0     53.23    0.4698E-02      82.6    435.7
2015 10 26   299   16 40  0     53.23    0.4706E-02      82.6    435.6
2015 10 26   299   16 41  0     53.23    0.4706E-02      82.6    435.6
2015 10 26   299   16 42  0     53.23    0.4719E-02      82.6    435.5
2015 10 26   299   16 43  0     53.23    0.4737E-02      82.7    435.3
2015 10 26   299   16 44  0     53.24    0.4739E-02      82.8    435.3
2015 10 26   299   16 45  0     53.24    0.4752E-02      82.8    435.2
2015 10 26   299   16 46  0     53.25    0.4758E-02      82.7    435.0
2015 10 26   299   16 47  0     53.25    0.4757E-02      82.9    435.0
2015 10 26   299   16 48  0     53.26    0.4755E-02      82.8    434.9
2015 10 26   299   16 49  0     53.27    0.4757E-02      82.9    434.9
2015 10 26   299   16 50  0     53.28    0.4748E-02      83.0    434.9
2015 10 26   299   16 51  0     53.29    0.4750E-02      83.1    434.8
2015 10 26   299   16 52  0     53.30    0.4742E-02      83.2    434.8
2015 10 26   299   16 53  0     53.31    0.4740E-02      83.1    434.7
2015 10 26   299   16 54  0     53.33    0.4739E-02      83.3    434.6
2015 10 26   299   16 55  0     53.34    0.4733E-02      83.4    434.6
2015 10 26   299   16 56  0     53.36    0.4739E-02      83.4    434.3
2015 10 26   299   16 57  0     53.37    0.4721E-02      83.4    434.3
2015 10 26   299   16 58  0     53.39    0.4706E-02      83.3    434.3
2015 10 26   299   16 59  0     53.41    0.4698E-02      83.4    434.1
2015 10 26   299   17  0  0     53.43    0.4682E-02      83.5    434.1
2015 10 26   299   17  1  0     53.45    0.4664E-02      83.4    434.0
2015 10 26   299   17  2  0     53.47    0.4656E-02      83.6    433.9
2015 10 26   299   17  3  0     53.49    0.4655E-02      83.8    433.8
2015 10 26   299   17  4  0     53.51    0.4639E-02      83.9    433.7
2015 10 26   299   17  5  0     53.54    0.4625E-02      83.8    433.5
2015 10 26   299   17  6  0     53.56    0.4598E-02      83.9    433.5
2015 10 26   299   17  7  0     53.59    0.4595E-02      84.0    433.3
2015 10 26   299   17  8  0     53.62    0.4570E-02      84.0    433.2
2015 10 26   299   17  9  0     53.64    0.4547E-02      83.9    433.1
2015 10 26   299   17 10  0     53.67    0.4526E-02      84.0    433.0
2015 10 26   299   17 11  0     53.70    0.4513E-02      84.1    432.8
2015 10 26   299   17 12  0     53.73    0.4496E-02      84.0    432.6
2015 10 26   299   17 13  0     53.77    0.4480E-02      84.1    433.3
2015 10 26   299   17 14  0     53.80    0.4454E-02      84.1    433.2
2015 10 26   299   17 15  0     53.83    0.4437E-02      84.0    432.9
2015 10 26   299   17 16  0     53.87    0.4417E-02      84.0    432.7
2015 10 26   299   17 17  0     53.90    0.4376E-02      84.1    432.7
2015 10 26   299   17 18  0     53.94    0.4358E-02      84.1    432.5
2015 10 26   299   17 19  0     53.98    0.4332E-02      84.1    432.4
2015 10 26   299   17 20  0     54.02    0.4322E-02      84.2    431.1
2015 10 26   299   17 21  0     54.06    0.4290E-02      84.2    431.0
2015 10 26   299   17 22  0     54.10    0.4273E-02      84.3    430.8
2015 10 26   299   17 23  0     54.14    0.4250E-02      84.3    430.5
2015 10 26   299   17 24  0     54.18    0.4209E-02      84.3    430.4
2015 10 26   299   17 25  0     54.23    0.4183E-02      84.4    430.3
2015 10 26   299   17 26  0     54.27    0.4154E-02      84.5    430.1
2015 10 26   299   17 27  0     54.32    0.4118E-02      84.6    429.9
2015 10 26   299   17 28  0     54.36    0.4093E-02      84.6    429.7
2015 10 26   299   17 29  0     54.41    0.4063E-02      84.9    429.5
2015 10 26   299   17 30  0     54.46    0.4025E-02      84.8    429.3
2015 10 26   299   17 31  0     54.51    0.3990E-02      84.7    429.1
2015 10 26   299   17 32  0     54.56    0.3949E-02      84.8    429.0
2015 10 26   299   17 33  0     54.61    0.3918E-02      84.8    428.7
2015 10 26   299   17 34  0     54.66    0.3887E-02      85.0    428.5
2015 10 26   299   17 35  0     54.71    0.3849E-02      84.9    428.2
2015 10 26   299   17 36  0     54.77    0.3809E-02      84.9    428.0
2015 10 26   299   17 37  0     54.82    0.3767E-02      85.0    427.8
2015 10 26   299   17 38  0     54.88    0.3729E-02      85.0    427.6
2015 10 26   299   17 39  0     54.94    0.3678E-02      85.0    427.4
2015 10 26   299   17 40  0     54.99    0.3629E-02      85.0    427.3
2015 10 26   299   17 41  0     55.05    0.3588E-02      85.1    427.0
2015 10 26   299   17 42  0     55.11    0.3555E-02      85.1    426.8
2015 10 26   299   17 43  0     55.17    0.3514E-02      85.2    426.5
2015 10 26   299   17 44  0     55.23    0.3455E-02      85.1    426.4
2015 10 26   299   17 45  0     55.30    0.3404E-02      85.1    426.2
2015 10 26   299   17 46  0     55.36    0.3356E-02      85.1    426.0
2015 10 26   299   17 47  0     55.42    0.3310E-02      85.1    425.8
2015 10 26   299   17 48  0     55.49    0.3265E-02      85.0    425.5
2015 10 26   299   17 49  0     55.56    0.3205E-02      85.1    425.4
2015 10 26   299   17 50  0     55.62    0.3170E-02      85.1    425.0
2015 10 26   299   17 51  0     55.69    0.3120E-02      85.0    424.8
2015 10 26   299   17 52  0     55.76    0.3074E-02      85.1    424.5
2015 10 26   299   17 53  0     55.83    0.3020E-02      85.2    424.3
2015 10 26   299   17 54  0     55.90    0.2977E-02      85.1    424.0
2015 10 26   299   17 55  0     55.97    0.2920E-02      85.2    423.8
2015 10 26   299   17 56  0     56.04    0.2871E-02      85.4    423.6
2015 10 26   299   17 57  0     56.11    0.2820E-02      85.4    423.4
2015 10 26   299   17 58  0     56.19    0.2780E-02      85.3    422.9
2015 10 26   299   17 59  0     56.26    0.2733E-02      85.3    422.6
2015 10 26   299   18  0  0     56.34    0.2682E-02      85.4    422.4
2015 10 26   299   18  1  0     56.41    0.2626E-02      85.4    422.2
2015 10 26   299   18  2  0     56.49    0.2570E-02      85.4    422.0
2015 10 26   299   18  3  0     56.57    0.2517E-02      85.5    421.7
2015 10 26   299   18  4  0     56.65    0.2469E-02      85.6    421.4
2015 10 26   299   18  5  0     56.73    0.2413E-02      85.6    421.1
2015 10 26   299   18  6  0     56.81    0.2358E-02      85.6    420.9
2015 10 26   299   18  7  0     56.89    0.2303E-02      85.7    420.6
2015 10 26   299   18  8  0     56.97    0.2244E-02      85.6    420.3
2015 10 26   299   18  9  0     57.05    0.2186E-02      85.5    420.1
2015 10 26   299   18 10  0     57.14    0.2124E-02      85.6    419.9
2015 10 26   299   18 11  0     57.22    0.2064E-02      85.7    419.7
2015 10 26   299   18 12  0     57.30    0.2001E-02      85.7    419.5
2015 10 26   299   18 13  0     57.39    0.1940E-02      85.8    419.3
2015 10 26   299   18 14  0     57.48    0.1880E-02      85.9    419.1
2015 10 26   299   18 15  0     57.57    0.1832E-02      85.8    418.7
2015 10 26   299   18 16  0     57.65    0.1778E-02      85.6    418.3
2015 10 26   299   18 17  0     57.74    0.1723E-02      85.5    418.0
2015 10 26   299   18 18  0     57.83    0.1667E-02      85.6    417.7
2015 10 26   299   18 19  0     57.92    0.1607E-02      85.6    417.5
2015 10 26   299   18 20  0     58.01    0.1553E-02      85.7    416.7
2015 10 26   299   18 21  0     58.11    0.1490E-02      85.9    416.5
2015 10 26   299   18 22  0     58.20    0.1439E-02      85.7    416.1
2015 10 26   299   18 23  0     58.29    0.1383E-02      85.6    415.8
2015 10 26   299   18 24  0     58.39    0.1324E-02      85.7    415.5
2015 10 26   299   18 25  0     58.48    0.1261E-02      85.7    415.8
2015 10 26   299   18 26  0     58.58    0.1205E-02      85.8    415.5
2015 10 26   299   18 27  0     58.68    0.1152E-02      85.7    415.1
2015 10 26   299   18 28  0     58.77    0.1099E-02      85.4    414.7
2015 10 26   299   18 29  0     58.87    0.1045E-02      85.3    414.4
2015 10 26   299   18 30  0     58.97    0.9864E-03      85.8    414.1
2015 10 26   299   18 31  0     59.07    0.9267E-03      85.8    413.1
2015 10 26   299   18 32  0     59.17    0.8658E-03      85.9    412.8
2015 10 26   299   18 33  0     59.27    0.8099E-03      85.8    412.5
2015 10 26   299   18 34  0     59.37    0.7539E-03      85.6    412.1
2015 10 26   299   18 35  0     59.48    0.6955E-03      85.7    411.8
2015 10 26   299   18 36  0     59.58    0.6358E-03      85.8    411.6
2015 10 26   299   18 37  0     59.68    0.5879E-03      86.0    411.1
2015 10 26   299   18 38  0     59.79    0.5335E-03      85.8    410.7
2015 10 26   299   18 39  0     59.89    0.4790E-03      85.9    411.5
2015 10 26   299   18 40  0     60.00    0.4203E-03      86.1    410.0
2015 10 26   299   18 41  0     60.11    0.3718E-03      86.1    409.6
2015 10 26   299   18 42  0     60.21    0.3141E-03      86.0    409.3
2015 10 26   299   18 43  0     60.32    0.2621E-03      85.9    408.9
2015 10 26   299   18 44  0     60.43    0.2110E-03      85.9    408.6
2015 10 26   299   18 45  0     60.54    0.1530E-03      86.2    408.3
2015 10 26   299   18 46  0     60.65    0.1056E-03      86.2    407.8
2015 10 26   299   18 47  0     60.76    0.5395E-04      86.3    407.5
2015 10 26   299   18 48  0     60.88    0.5359E-05      86.3    407.0
2015 10 26   299   18 49  0     60.99   -0.4569E-04      86.3    406.6
2015 10 26   299   18 50  0     61.10   -0.9021E-04      86.0    406.1
2015 10 26   299   18 51  0     61.21   -0.1479E-03      86.3    405.9
2015 10 26   299   18 52  0     61.33   -0.2031E-03      86.4    405.7
2015 10 26   299   18 53  0     61.44   -0.2502E-03      86.3    405.3
2015 10 26   299   18 54  0     61.56   -0.3022E-03      86.3    404.9
2015 10 26   299   18 55  0     61.68   -0.3493E-03      86.3    404.5
2015 10 26   299   18 56  0     61.79   -0.3994E-03      86.4    404.2
2015 10 26   299   18 57  0     61.91   -0.4409E-03      86.3    403.7
2015 10 26   299   18 58  0     62.03   -0.4865E-03      86.3    403.2
2015 10 26   299   18 59  0     62.15   -0.5300E-03      86.4    402.9
2015 10 26   299   19  0  0     62.27   -0.5762E-03      86.5    402.5
2015 10 26   299   19  1  0     62.39   -0.6329E-03      86.9    402.3
2015 10 26   299   19  2  0     62.51   -0.6692E-03      86.9    401.8
2015 10 26   299   19  3  0     62.63   -0.7079E-03      86.8    401.3
2015 10 26   299   19  4  0     62.75   -0.7482E-03      86.7    400.9
2015 10 26   299   19  5  0     62.87   -0.7842E-03      86.7    400.3
2015 10 26   299   19  6  0     63.00   -0.8273E-03      86.7    399.9
2015 10 26   299   19  7  0     63.12   -0.8686E-03      86.7    399.6
2015 10 26   299   19  8  0     63.24   -0.9084E-03      86.5    399.2
2015 10 26   299   19  9  0     63.37   -0.9499E-03      86.5    398.9
2015 10 26   299   19 10  0     63.49   -0.9910E-03      86.6    398.5
2015 10 26   299   19 11  0     63.62   -0.1030E-02      86.7    398.1
2015 10 26   299   19 12  0     63.75   -0.1067E-02      86.8    397.6
2015 10 26   299   19 13  0     63.87   -0.1105E-02      86.7    397.3
2015 10 26   299   19 14  0     64.00   -0.1155E-02      86.9    397.0
2015 10 26   299   19 15  0     64.13   -0.1196E-02      87.1    396.3
2015 10 26   299   19 16  0     64.26   -0.1236E-02      87.2    396.1
2015 10 26   299   19 17  0     64.39   -0.1274E-02      87.3    396.2
2015 10 26   299   19 18  0     64.52   -0.1304E-02      87.4    395.7
2015 10 26   299   19 19  0     64.65   -0.1338E-02      87.5    395.4
2015 10 26   299   19 20  0     64.78   -0.1377E-02      87.5    395.1
2015 10 26   299   19 21  0     64.91   -0.1412E-02      87.6    394.8
2015 10 26   299   19 22  0     65.04   -0.1443E-02      87.6    393.6
2015 10 26   299   19 23  0     65.17   -0.1477E-02      87.7    393.3
2015 10 26   299   19 24  0     65.31   -0.1499E-02      87.6    392.8
2015 10 26   299   19 25  0     65.44   -0.1529E-02      87.5    392.4
2015 10 26   299   19 26  0     65.57   -0.1555E-02      87.4    391.9
2015 10 26   299   19 27  0     65.71   -0.1586E-02      87.5    392.6
2015 10 26   299   19 28  0     65.84   -0.1617E-02      87.6    392.2
2015 10 26   299   19 29  0     65.98   -0.1647E-02      87.8    391.9
2015 10 26   299   19 30  0     66.11   -0.1669E-02      87.9    390.4
2015 10 26   299   19 31  0     66.25   -0.1696E-02      87.9    390.1
2015 10 26   299   19 32  0     66.39   -0.1723E-02      88.0    389.8
2015 10 26   299   19 33  0     66.53   -0.1747E-02      88.0    389.5
2015 10 26   299   19 34  0     66.67   -0.1773E-02      88.2    389.3
2015 10 26   299   19 35  0     66.80   -0.1798E-02      88.3    388.9
2015 10 26   299   19 36  0     66.94   -0.1819E-02      88.4    389.8
2015 10 26   299   19 37  0     67.08   -0.1839E-02      88.4    388.2
2015 10 26   299   19 38  0     67.22   -0.1853E-02      88.3    387.8
2015 10 26   299   19 39  0     67.36   -0.1871E-02      88.4    387.4
2015 10 26   299   19 40  0     67.50   -0.1888E-02      88.3    387.2
2015 10 26   299   19 41  0     67.65   -0.1905E-02      88.2    387.0
2015 10 26   299   19 42  0     67.79   -0.1923E-02      88.3    386.6
2015 10 26   299   19 43  0     67.93   -0.1937E-02      88.5    386.2
2015 10 26   299   19 44  0     68.07   -0.1954E-02      88.7    385.9
2015 10 26   299   19 45  0     68.22   -0.1969E-02      88.8    385.7
2015 10 26   299   19 46  0     68.36   -0.1983E-02      88.8    385.5
2015 10 26   299   19 47  0     68.51   -0.1994E-02      88.8    385.2
2015 10 26   299   19 48  0     68.65   -0.2004E-02      88.9    384.8
2015 10 26   299   19 49  0     68.80   -0.2017E-02      89.0    384.6
2015 10 26   299   19 50  0     68.94   -0.2029E-02      89.2    384.3
2015 10 26   299   19 51  0     69.09   -0.2041E-02      89.3    384.1
2015 10 26   299   19 52  0     69.24   -0.2051E-02      89.4    384.0
2015 10 26   299   19 53  0     69.38   -0.2055E-02      89.5    383.7
2015 10 26   299   19 54  0     69.53   -0.2068E-02      89.6    383.7
2015 10 26   299   19 55  0     69.68   -0.2070E-02      89.8    383.3
2015 10 26   299   19 56  0     69.83   -0.2084E-02      90.0    383.5
2015 10 26   299   19 57  0     69.98   -0.2085E-02      90.1    383.1
2015 10 26   299   19 58  0     70.12   -0.2088E-02      90.1    383.1
2015 10 26   299   19 59  0     70.27   -0.2088E-02      90.1    382.9
2015 10 26   299   20  0  0     70.42   -0.2090E-02      90.2    382.8
2015 10 26   299   20  1  0     70.57   -0.2091E-02      90.2    382.8
2015 10 26   299   20  2  0     70.73   -0.2094E-02      90.3    382.9
2015 10 26   299   20  3  0     70.88   -0.2093E-02      90.3    382.8
2015 10 26   299   20  4  0     71.03   -0.2091E-02      90.4    382.7
2015 10 26   299   20  5  0     71.18   -0.2092E-02      90.6    382.9
2015 10 26   299   20  6  0     71.33   -0.2091E-02      90.6    383.1
2015 10 26   299   20  7  0     71.48   -0.2084E-02      90.7    383.0
2015 10 26   299   20  8  0     71.64   -0.2083E-02      90.8    383.2
2015 10 26   299   20  9  0     71.79   -0.2075E-02      91.0    383.0
2015 10 26   299   20 10  0     71.95   -0.2070E-02      91.2    383.1
2015 10 26   299   20 11  0     72.10   -0.2065E-02      91.5    383.2
2015 10 26   299   20 12  0     72.26   -0.2063E-02      91.7    383.7
2015 10 26   299   20 13  0     72.41   -0.2055E-02      91.9    383.8
2015 10 26   299   20 14  0     72.57   -0.2040E-02      92.0    383.7
2015 10 26   299   20 15  0     72.72   -0.2035E-02      92.0    384.3
2015 10 26   299   20 16  0     72.88   -0.2023E-02      92.1    384.5
2015 10 26   299   20 17  0     73.03   -0.2008E-02      92.1    384.6
2015 10 26   299   20 18  0     73.19   -0.1998E-02      92.1    385.3
2015 10 26   299   20 19  0     73.35   -0.1988E-02      92.3    385.9
2015 10 26   299   20 20  0     73.51   -0.1975E-02      92.5    386.1
2015 10 26   299   20 21  0     73.66   -0.1969E-02      92.8    387.4
2015 10 26   299   20 22  0     73.82   -0.1957E-02      93.0    388.3
2015 10 26   299   20 23  0     73.98   -0.1942E-02      93.1    389.4
2015 10 26   299   20 24  0     74.14   -0.1923E-02      93.3    389.1
2015 10 26   299   20 25  0     74.30   -0.1909E-02      93.4    390.6
2015 10 26   299   20 26  0     74.46   -0.1891E-02      93.5    391.4
2015 10 26   299   20 27  0     74.62   -0.1876E-02      93.7    392.2
2015 10 26   299   20 28  0     74.78   -0.1857E-02      93.9    393.3
2015 10 26   299   20 29  0     74.94   -0.1838E-02      94.0    394.3
2015 10 26   299   20 30  0     75.10   -0.1822E-02      94.1    396.1
2015 10 26   299   20 31  0     75.26   -0.1802E-02      94.2    397.1
2015 10 26   299   20 32  0     75.43   -0.1781E-02      94.4    398.5
2015 10 26   299   20 33  0     75.59   -0.1765E-02      94.5    400.8
2015 10 26   299   20 34  0     75.75   -0.1739E-02      94.7    401.2
2015 10 26   299   20 35  0     75.91   -0.1722E-02      94.9    403.8
2015 10 26   299   20 36  0     76.08   -0.1700E-02      95.1    405.4
2015 10 26   299   20 37  0     76.24   -0.1679E-02      95.2    407.8
2015 10 26   299   20 38  0     76.40   -0.1654E-02      95.5    408.9
2015 10 26   299   20 39  0     76.57   -0.1632E-02      95.5    411.6
2015 10 26   299   20 40  0     76.73   -0.1610E-02      95.8    414.3
2015 10 26   299   20 41  0     76.90   -0.1587E-02      96.1    416.6
2015 10 26   299   20 42  0     77.06   -0.1565E-02      96.5    419.6
2015 10 26   299   20 43  0     77.23   -0.1543E-02      96.7    423.2
2015 10 26   299   20 44  0     77.39   -0.1516E-02      96.8    425.3
2015 10 26   299   20 45  0     77.56   -0.1489E-02      96.9    427.5
2015 10 26   299   20 46  0     77.72   -0.1465E-02      97.4    430.3
2015 10 26   299   20 47  0     77.89   -0.1445E-02      97.8    435.7
2015 10 26   299   20 48  0     78.06   -0.1420E-02      98.2    439.0
2015 10 26   299   20 49  0     78.22   -0.1395E-02      98.4    443.2
2015 10 26   299   20 50  0     78.39   -0.1368E-02      98.6    446.7
2015 10 26   299   20 51  0     78.56   -0.1339E-02      98.6    449.6
2015 10 26   299   20 52  0     78.73   -0.1316E-02      99.1    455.0
2015 10 26   299   20 53  0     78.90   -0.1290E-02      99.3    459.5
2015 10 26   299   20 54  0     79.06   -0.1264E-02      99.7    464.1
2015 10 26   299   20 55  0     79.23   -0.1236E-02      99.8    467.5
2015 10 26   299   20 56  0     79.40   -0.1209E-02     100.0    471.8
2015 10 26   299   20 57  0     79.57   -0.1181E-02     100.4    475.2
2015 10 26   299   20 58  0     79.74   -0.1153E-02     100.7    477.0
2015 10 26   299   20 59  0     79.91   -0.1128E-02     101.0    482.9
2015 10 26   299   21  0  0     80.08   -0.1099E-02     101.3    484.3
2015 10 26   299   21  1  0     80.25   -0.1074E-02     101.6    489.5
2015 10 26   299   21  2  0     80.42   -0.1048E-02     102.0    495.0
2015 10 26   299   21  3  0     80.59   -0.1020E-02     102.4    497.6
2015 10 26   299   21  4  0     80.76   -0.9934E-03     102.7    501.9
2015 10 26   299   21  5  0     80.93   -0.9670E-03     103.3    505.1
2015 10 26   299   21  6  0     81.11   -0.9400E-03     103.7    508.1
2015 10 26   299   21  7  0     81.28   -0.9152E-03     104.1    514.1
2015 10 26   299   21  8  0     81.45   -0.8868E-03     104.5    514.9
2015 10 26   299   21  9  0     81.62   -0.8591E-03     105.0    515.5
2015 10 26   299   21 10  0     81.79   -0.8307E-03     105.5    514.8
2015 10 26   299   21 11  0     81.97   -0.8064E-03     106.1    519.6
2015 10 26   299   21 12  0     82.14   -0.7794E-03     106.6    519.6
2015 10 26   299   21 13  0     82.31   -0.7540E-03     107.1    522.6
2015 10 26   299   21 14  0     82.48   -0.7294E-03     107.6    525.8
2015 10 26   299   21 15  0     82.66   -0.7016E-03     108.2    523.2
2015 10 26   299   21 16  0     82.83   -0.6743E-03     108.9    519.9
2015 10 26   299   21 17  0     83.01   -0.6498E-03     109.5    521.4
2015 10 26   299   21 18  0     83.18   -0.6247E-03     110.0    521.5
2015 10 26   299   21 19  0     83.36   -0.6041E-03     110.5    528.2
2015 10 26   299   21 20  0     83.53   -0.5802E-03     111.0    529.5
2015 10 26   299   21 21  0     83.71   -0.5540E-03     111.6    524.7
2015 10 26   299   21 22  0     83.88   -0.5310E-03     112.3    524.5
2015 10 26   299   21 23  0     84.06   -0.5101E-03     112.9    527.7
2015 10 26   299   21 24  0     84.23   -0.4824E-03     113.7    518.0
2015 10 26   299   21 25  0     84.41   -0.4614E-03     114.6    519.0
2015 10 26   299   21 26  0     84.58   -0.4378E-03     115.6    514.7
2015 10 26   299   21 27  0     84.76   -0.4172E-03     116.6    515.9
2015 10 26   299   21 28  0     84.94   -0.3946E-03     117.7    511.2
2015 10 26   299   21 29  0     85.11   -0.3700E-03     118.6    501.3
2015 10 26   299   21 30  0     85.29   -0.3492E-03     119.6    498.2
2015 10 26   299   21 31  0     85.47   -0.3310E-03     120.8    499.0
2015 10 26   299   21 32  0     85.64   -0.3079E-03     121.9    490.1
2015 10 26   299   21 33  0     85.82   -0.2880E-03     123.1    485.1
2015 10 26   299   21 34  0     86.00   -0.2674E-03     124.5    478.8
2015 10 26   299   21 35  0     86.18   -0.2498E-03     125.6    475.7
2015 10 26   299   21 36  0     86.35   -0.2328E-03     126.8    473.2
2015 10 26   299   21 37  0     86.53   -0.2126E-03     128.1    464.2
2015 10 26   299   21 38  0     86.71   -0.1934E-03     129.6    457.2
2015 10 26   299   21 39  0     86.89   -0.1780E-03     131.0    454.8
2015 10 26   299   21 40  0     87.07   -0.1615E-03     132.4    447.8
2015 10 26   299   21 41  0     87.25   -0.1456E-03     133.9    442.7
2015 10 26   299   21 42  0     87.43   -0.1311E-03     135.6    438.0
2015 10 26   299   21 43  0     87.61   -0.1179E-03     137.7    436.6
2015 10 26   299   21 44  0     87.79   -0.1040E-03     140.1    430.0
2015 10 26   299   21 45  0     87.97   -0.8965E-04     142.9    423.4
2015 10 26   299   21 46  0     88.15   -0.7753E-04     145.1    416.9
2015 10 26   299   21 47  0     88.33   -0.6668E-04     147.6    413.3
2015 10 26   299   21 48  0     88.51   -0.5528E-04     150.4    408.5
2015 10 26   299   21 49  0     88.69   -0.4512E-04     153.5    403.8
2015 10 26   299   21 50  0     88.87   -0.3529E-04     157.2    400.7
2015 10 26   299   21 51  0     89.05   -0.2037E-04     161.2    384.5
2015 10 26   299   21 52  0     89.23   -0.1203E-04     164.0    380.6
2015 10 26   299   21 53  0     89.41   -0.2321E-05     167.3    374.3
2015 10 26   299   21 54  0     89.59    0.4227E-05     171.7    370.7
2015 10 26   299   21 55  0     89.77    0.1323E-04     177.1    364.0
2015 10 26   299   21 56  0     89.95    0.2152E-04     183.3    355.0
