                            NILUUV 115

Uvpro Version 2.0
Latitude :   40.74 (North)
Longitude:  -74.03  (West)
Calibration file: cf100603a.115
Height above sea level:    40.0  m
CLT derived from channel 4
CLT scale factor used:   1.0
Ozone derived from channel pair ch3/ch1
Ozone scale factor used:   1.0
Drift factors ch1-ch6:   3.000154.000  1.000  1.000  1.000  1.000
Ozone profile climatology: Mid  Latitude
Dose type:    CLW    Caldwell Plant 1971           

yyyy mm dd   jul   hh mm ss      SZA     dose rate       clt     Ozone
                              [degrees]   [W/m^2]        [%]     [DU]
2015  1 21    21   12 21  0     89.93    0.1748E-04      71.3    320.0
2015  1 21    21   12 22  0     89.76    0.1618E-04      71.1    325.5
2015  1 21    21   12 23  0     89.59    0.1117E-04      71.0    342.3
2015  1 21    21   12 24  0     89.42    0.1282E-04      71.1    334.3
2015  1 21    21   12 25  0     89.25    0.5966E-05      71.3    358.5
2015  1 21    21   12 26  0     89.08    0.3121E-05      71.3    366.2
2015  1 21    21   12 27  0     88.92    0.2136E-05      70.9    368.0
2015  1 21    21   12 28  0     88.75   -0.3687E-05      70.3    388.3
2015  1 21    21   12 29  0     88.58   -0.5996E-05      69.8    389.4
2015  1 21    21   12 30  0     88.41   -0.1253E-04      69.4    412.4
2015  1 21    21   12 31  0     88.25   -0.1393E-04      69.0    408.5
2015  1 21    21   12 32  0     88.08   -0.1789E-04      68.8    416.3
2015  1 21    21   12 33  0     87.91   -0.2458E-04      68.5    440.3
2015  1 21    21   12 34  0     87.75   -0.2450E-04      68.1    425.9
2015  1 21    21   12 35  0     87.58   -0.3099E-04      67.7    442.0
2015  1 21    21   12 36  0     87.42   -0.3513E-04      67.5    447.4
2015  1 21    21   12 37  0     87.25   -0.4068E-04      67.3    458.3
2015  1 21    21   12 38  0     87.09   -0.4965E-04      67.1    488.8
2015  1 21    21   12 39  0     86.92   -0.5068E-04      66.8    472.1
2015  1 21    21   12 40  0     86.76   -0.5735E-04      66.5    486.0
2015  1 21    21   12 41  0     86.59   -0.6664E-04      66.4    516.2
2015  1 21    21   12 42  0     86.43   -0.6892E-04      66.3    499.5
2015  1 21    21   12 43  0     86.27   -0.7608E-04      66.3    512.6
2015  1 21    21   12 44  0     86.10   -0.8364E-04      66.3    526.7
2015  1 21    21   12 45  0     85.94   -0.8977E-04      66.3    529.8
2015  1 21    21   12 46  0     85.78   -0.9916E-04      66.1    551.8
2015  1 21    21   12 47  0     85.61   -0.1039E-03      66.0    540.0
2015  1 21    21   12 48  0     85.45   -0.1156E-03      65.8    574.3
2015  1 21    21   12 49  0     85.29   -0.1250E-03      65.6    590.7
2015  1 21    21   12 50  0     85.13   -0.1314E-03      65.5    585.0
2015  1 21    21   12 51  0     84.97   -0.1398E-03      65.4    591.3
2015  1 21    21   12 52  0     84.81   -0.1521E-03      65.3    616.8
2015  1 21    21   12 53  0     84.65   -0.1595E-03      65.4    606.4
2015  1 21    21   12 54  0     84.49   -0.1705E-03      65.8    614.4
2015  1 21    21   12 55  0     84.33   -0.1841E-03      66.2    636.9
2015  1 21    21   12 56  0     84.17   -0.1977E-03      66.6    657.1
2015  1 21    21   12 57  0     84.01   -0.2077E-03      67.0    649.5
2015  1 21    21   12 58  0     83.85   -0.2158E-03      67.3    630.1
2015  1 21    21   12 59  0     83.69   -0.2320E-03      67.6    659.3
2015  1 21    21   13  0  0     83.53   -0.2488E-03      68.0    695.1
2015  1 21    21   13  1  0     83.37   -0.2611E-03      68.3    696.4
2015  1 21    21   13  2  0     83.21   -0.2752E-03      68.5    -99.9
2015  1 21    21   13  3  0     83.06   -0.2913E-03      68.7    -99.9
2015  1 21    21   13  4  0     82.90   -0.3031E-03      68.9    -99.9
2015  1 21    21   13  5  0     82.74   -0.3184E-03      68.9    -99.9
2015  1 21    21   13  6  0     82.59   -0.3311E-03      69.0    -99.9
2015  1 21    21   13  7  0     82.43   -0.3434E-03      69.0    -99.9
2015  1 21    21   13  8  0     82.27   -0.3622E-03      68.9    -99.9
2015  1 21    21   13  9  0     82.12   -0.3771E-03      68.9    -99.9
2015  1 21    21   13 10  0     81.96   -0.3889E-03      68.8    -99.9
2015  1 21    21   13 11  0     81.81   -0.3992E-03      68.3    -99.9
2015  1 21    21   13 12  0     81.65   -0.4154E-03      67.8    -99.9
2015  1 21    21   13 13  0     81.50   -0.4237E-03      67.0    -99.9
2015  1 21    21   13 14  0     81.35   -0.4318E-03      66.3    -99.9
2015  1 21    21   13 15  0     81.19   -0.4425E-03      65.7    -99.9
2015  1 21    21   13 16  0     81.04   -0.4547E-03      64.7    -99.9
2015  1 21    21   13 17  0     80.89   -0.4624E-03      63.5    -99.9
2015  1 21    21   13 18  0     80.73   -0.4765E-03      62.9    -99.9
2015  1 21    21   13 19  0     80.58   -0.4912E-03      62.8    -99.9
2015  1 21    21   13 20  0     80.43   -0.5011E-03      62.2    -99.9
2015  1 21    21   13 21  0     80.28   -0.5163E-03      61.7    -99.9
2015  1 21    21   13 22  0     80.13   -0.5342E-03      61.2    -99.9
2015  1 21    21   13 23  0     79.98   -0.5478E-03      61.0    -99.9
2015  1 21    21   13 24  0     79.83   -0.5621E-03      60.7    -99.9
2015  1 21    21   13 25  0     79.68   -0.5816E-03      60.7    -99.9
2015  1 21    21   13 26  0     79.53   -0.5992E-03      60.6    -99.9
2015  1 21    21   13 27  0     79.38   -0.6204E-03      60.8    -99.9
2015  1 21    21   13 28  0     79.23   -0.6399E-03      61.1    -99.9
2015  1 21    21   13 29  0     79.08   -0.6650E-03      61.6    -99.9
2015  1 21    21   13 30  0     78.93   -0.6907E-03      62.1    -99.9
2015  1 21    21   13 31  0     78.79   -0.7112E-03      62.6    -99.9
2015  1 21    21   13 32  0     78.64   -0.7317E-03      62.7    -99.9
2015  1 21    21   13 33  0     78.49   -0.7557E-03      62.8    -99.9
2015  1 21    21   13 34  0     78.35   -0.7742E-03      62.9    -99.9
2015  1 21    21   13 35  0     78.20   -0.7895E-03      62.9    -99.9
2015  1 21    21   13 36  0     78.05   -0.8096E-03      62.7    -99.9
2015  1 21    21   13 37  0     77.91   -0.8310E-03      62.5    -99.9
2015  1 21    21   13 38  0     77.76   -0.8434E-03      62.2    -99.9
2015  1 21    21   13 39  0     77.62   -0.8608E-03      61.8    -99.9
2015  1 21    21   13 40  0     77.48   -0.8733E-03      61.4    -99.9
2015  1 21    21   13 41  0     77.33   -0.8911E-03      61.2    -99.9
2015  1 21    21   13 42  0     77.19   -0.9057E-03      60.9    -99.9
2015  1 21    21   13 43  0     77.05   -0.9234E-03      60.8    -99.9
2015  1 21    21   13 44  0     76.90   -0.9419E-03      60.7    -99.9
2015  1 21    21   13 45  0     76.76   -0.9578E-03      60.6    -99.9
2015  1 21    21   13 46  0     76.62   -0.9787E-03      60.5    -99.9
2015  1 21    21   13 47  0     76.48   -0.9934E-03      60.3    -99.9
2015  1 21    21   13 48  0     76.34   -0.1004E-02      60.0    -99.9
2015  1 21    21   13 49  0     76.20   -0.1021E-02      59.7    -99.9
2015  1 21    21   13 50  0     76.06   -0.1039E-02      59.5    -99.9
2015  1 21    21   13 51  0     75.92   -0.1056E-02      59.4    -99.9
2015  1 21    21   13 52  0     75.78   -0.1081E-02      59.6    -99.9
2015  1 21    21   13 53  0     75.64   -0.1103E-02      59.8    -99.9
2015  1 21    21   13 54  0     75.50   -0.1123E-02      60.1    -99.9
2015  1 21    21   13 55  0     75.37   -0.1143E-02      60.2    -99.9
2015  1 21    21   13 56  0     75.23   -0.1157E-02      60.1    -99.9
2015  1 21    21   13 57  0     75.09   -0.1175E-02      59.8    -99.9
2015  1 21    21   13 58  0     74.96   -0.1182E-02      59.4    693.4
2015  1 21    21   13 59  0     74.82   -0.1195E-02      59.0    697.7
2015  1 21    21   14  0  0     74.68   -0.1210E-02      58.7    -99.9
2015  1 21    21   14  1  0     74.55   -0.1224E-02      58.6    692.3
2015  1 21    21   14  2  0     74.41   -0.1239E-02      58.7    678.6
2015  1 21    21   14  3  0     74.28   -0.1259E-02      58.5    679.0
2015  1 21    21   14  4  0     74.15   -0.1277E-02      58.5    668.9
2015  1 21    21   14  5  0     74.01   -0.1297E-02      58.7    663.8
2015  1 21    21   14  6  0     73.88   -0.1313E-02      58.7    653.0
2015  1 21    21   14  7  0     73.75   -0.1335E-02      58.6    654.0
2015  1 21    21   14  8  0     73.62   -0.1354E-02      58.6    646.0
2015  1 21    21   14  9  0     73.49   -0.1369E-02      58.4    635.6
2015  1 21    21   14 10  0     73.36   -0.1395E-02      58.5    638.0
2015  1 21    21   14 11  0     73.23   -0.1410E-02      58.4    627.9
2015  1 21    21   14 12  0     73.10   -0.1427E-02      58.2    626.4
2015  1 21    21   14 13  0     72.97   -0.1433E-02      57.8    615.5
2015  1 21    21   14 14  0     72.84   -0.1444E-02      57.2    616.9
2015  1 21    21   14 15  0     72.71   -0.1437E-02      56.3    605.1
2015  1 21    21   14 16  0     72.58   -0.1439E-02      55.4    603.7
2015  1 21    21   14 17  0     72.46   -0.1437E-02      54.7    598.6
2015  1 21    21   14 18  0     72.33   -0.1437E-02      54.0    594.9
2015  1 21    21   14 19  0     72.20   -0.1433E-02      53.2    590.7
2015  1 21    21   14 20  0     72.08   -0.1427E-02      52.3    585.7
2015  1 21    21   14 21  0     71.95   -0.1423E-02      51.6    581.8
2015  1 21    21   14 22  0     71.83   -0.1421E-02      50.9    581.0
2015  1 21    21   14 23  0     71.71   -0.1417E-02      50.2    578.8
2015  1 21    21   14 24  0     71.58   -0.1411E-02      49.5    576.6
2015  1 21    21   14 25  0     71.46   -0.1404E-02      48.8    573.4
2015  1 21    21   14 26  0     71.34   -0.1392E-02      47.9    568.3
2015  1 21    21   14 27  0     71.21   -0.1388E-02      47.2    568.6
2015  1 21    21   14 28  0     71.09   -0.1387E-02      46.7    567.5
2015  1 21    21   14 29  0     70.97   -0.1388E-02      46.4    564.6
2015  1 21    21   14 30  0     70.85   -0.1397E-02      46.2    564.7
2015  1 21    21   14 31  0     70.73   -0.1408E-02      46.1    564.8
2015  1 21    21   14 32  0     70.61   -0.1421E-02      46.1    563.2
2015  1 21    21   14 33  0     70.49   -0.1438E-02      46.2    563.2
2015  1 21    21   14 34  0     70.38   -0.1452E-02      46.3    559.9
2015  1 21    21   14 35  0     70.26   -0.1470E-02      46.4    558.1
2015  1 21    21   14 36  0     70.14   -0.1486E-02      46.5    555.9
2015  1 21    21   14 37  0     70.03   -0.1502E-02      46.6    555.9
2015  1 21    21   14 38  0     69.91   -0.1515E-02      46.6    555.4
2015  1 21    21   14 39  0     69.79   -0.1523E-02      46.5    553.8
2015  1 21    21   14 40  0     69.68   -0.1528E-02      46.3    553.0
2015  1 21    21   14 41  0     69.57   -0.1535E-02      46.1    551.7
2015  1 21    21   14 42  0     69.45   -0.1549E-02      46.1    549.9
2015  1 21    21   14 43  0     69.34   -0.1570E-02      46.4    547.3
2015  1 21    21   14 44  0     69.23   -0.1598E-02      46.9    544.8
2015  1 21    21   14 45  0     69.12   -0.1630E-02      47.5    542.1
2015  1 21    21   14 46  0     69.00   -0.1667E-02      48.2    540.2
2015  1 21    21   14 47  0     68.89   -0.1701E-02      48.8    538.3
2015  1 21    21   14 48  0     68.78   -0.1734E-02      49.4    537.3
2015  1 21    21   14 49  0     68.67   -0.1764E-02      50.0    535.3
2015  1 21    21   14 50  0     68.57   -0.1795E-02      50.6    534.7
2015  1 21    21   14 51  0     68.46   -0.1836E-02      51.5    534.5
2015  1 21    21   14 52  0     68.35   -0.1882E-02      52.4    535.7
2015  1 21    21   14 53  0     68.24   -0.1934E-02      53.7    535.2
2015  1 21    21   14 54  0     68.14   -0.1995E-02      55.2    537.3
2015  1 21    21   14 55  0     68.03   -0.2032E-02      55.9    536.3
2015  1 21    21   14 56  0     67.93   -0.2089E-02      57.5    536.9
2015  1 21    21   14 57  0     67.82   -0.2147E-02      58.9    538.1
2015  1 21    21   14 58  0     67.72   -0.2146E-02      58.4    537.2
2015  1 21    21   14 59  0     67.61   -0.2126E-02      57.4    534.6
2015  1 21    21   15  0  0     67.51   -0.2127E-02      57.1    534.1
2015  1 21    21   15  1  0     67.41   -0.2128E-02      56.9    533.3
2015  1 21    21   15  2  0     67.31   -0.2096E-02      55.7    531.6
2015  1 21    21   15  3  0     67.21   -0.2068E-02      54.6    530.3
2015  1 21    21   15  4  0     67.11   -0.2034E-02      53.3    529.4
2015  1 21    21   15  5  0     67.01   -0.2006E-02      52.3    528.5
2015  1 21    21   15  6  0     66.91   -0.1985E-02      51.5    528.4
2015  1 21    21   15  7  0     66.81   -0.1965E-02      50.6    527.2
2015  1 21    21   15  8  0     66.72   -0.1948E-02      50.0    526.3
2015  1 21    21   15  9  0     66.62   -0.1948E-02      49.9    525.8
2015  1 21    21   15 10  0     66.52   -0.1962E-02      50.1    525.6
2015  1 21    21   15 11  0     66.43   -0.1980E-02      50.3    526.1
2015  1 21    21   15 12  0     66.33   -0.1989E-02      50.5    525.2
2015  1 21    21   15 13  0     66.24   -0.2013E-02      50.8    526.1
2015  1 21    21   15 14  0     66.15   -0.2016E-02      50.6    526.8
2015  1 21    21   15 15  0     66.05   -0.2007E-02      50.2    526.4
2015  1 21    21   15 16  0     65.96   -0.1991E-02      49.6    527.6
2015  1 21    21   15 17  0     65.87   -0.1972E-02      48.9    528.4
2015  1 21    21   15 18  0     65.78   -0.1943E-02      48.1    527.4
2015  1 21    21   15 19  0     65.69   -0.1904E-02      46.9    528.0
2015  1 21    21   15 20  0     65.60   -0.1874E-02      46.0    528.3
2015  1 21    21   15 21  0     65.51   -0.1840E-02      45.1    527.8
2015  1 21    21   15 22  0     65.42   -0.1815E-02      44.2    527.7
2015  1 21    21   15 23  0     65.34   -0.1800E-02      43.7    526.8
2015  1 21    21   15 24  0     65.25   -0.1782E-02      43.2    525.6
2015  1 21    21   15 25  0     65.16   -0.1767E-02      42.7    525.3
2015  1 21    21   15 26  0     65.08   -0.1753E-02      42.3    524.5
2015  1 21    21   15 27  0     65.00   -0.1744E-02      41.9    524.3
2015  1 21    21   15 28  0     64.91   -0.1735E-02      41.6    524.6
2015  1 21    21   15 29  0     64.83   -0.1712E-02      41.1    523.0
2015  1 21    21   15 30  0     64.75   -0.1697E-02      40.4    524.2
2015  1 21    21   15 31  0     64.67   -0.1672E-02      39.7    523.8
2015  1 21    21   15 32  0     64.58   -0.1634E-02      38.8    523.5
2015  1 21    21   15 33  0     64.50   -0.1576E-02      37.3    522.6
2015  1 21    21   15 34  0     64.42   -0.1502E-02      35.3    521.9
2015  1 21    21   15 35  0     64.35   -0.1426E-02      33.4    520.9
2015  1 21    21   15 36  0     64.27   -0.1371E-02      32.0    520.3
2015  1 21    21   15 37  0     64.19   -0.1345E-02      31.2    520.7
2015  1 21    21   15 38  0     64.12   -0.1344E-02      31.1    521.4
2015  1 21    21   15 39  0     64.04   -0.1361E-02      31.4    522.0
2015  1 21    21   15 40  0     63.97   -0.1394E-02      32.1    523.4
2015  1 21    21   15 41  0     63.89   -0.1429E-02      32.9    524.0
2015  1 21    21   15 42  0     63.82   -0.1464E-02      33.7    524.3
2015  1 21    21   15 43  0     63.75   -0.1501E-02      34.5    525.1
2015  1 21    21   15 44  0     63.67   -0.1531E-02      35.2    524.9
2015  1 21    21   15 45  0     63.60   -0.1561E-02      35.9    525.1
2015  1 21    21   15 46  0     63.53   -0.1583E-02      36.3    525.5
2015  1 21    21   15 47  0     63.46   -0.1597E-02      36.6    525.1
2015  1 21    21   15 48  0     63.40   -0.1603E-02      36.7    524.8
2015  1 21    21   15 49  0     63.33   -0.1617E-02      36.8    525.3
2015  1 21    21   15 50  0     63.26   -0.1631E-02      37.2    525.0
2015  1 21    21   15 51  0     63.19   -0.1652E-02      37.5    525.4
2015  1 21    21   15 52  0     63.13   -0.1670E-02      37.9    525.2
2015  1 21    21   15 53  0     63.06   -0.1689E-02      38.3    525.0
2015  1 21    21   15 54  0     63.00   -0.1711E-02      38.7    525.2
2015  1 21    21   15 55  0     62.94   -0.1727E-02      39.1    524.7
2015  1 21    21   15 56  0     62.87   -0.1743E-02      39.5    524.5
2015  1 21    21   15 57  0     62.81   -0.1755E-02      39.7    524.5
2015  1 21    21   15 58  0     62.75   -0.1763E-02      39.8    524.8
2015  1 21    21   15 59  0     62.69   -0.1768E-02      39.8    525.1
2015  1 21    21   16  0  0     62.63   -0.1777E-02      39.9    525.8
2015  1 21    21   16  1  0     62.57   -0.1795E-02      40.2    526.5
2015  1 21    21   16  2  0     62.52   -0.1827E-02      41.0    526.6
2015  1 21    21   16  3  0     62.46   -0.1897E-02      42.4    527.8
2015  1 21    21   16  4  0     62.41   -0.2000E-02      44.8    528.7
2015  1 21    21   16  5  0     62.35   -0.2142E-02      48.3    529.1
2015  1 21    21   16  6  0     62.30   -0.2282E-02      51.7    529.7
2015  1 21    21   16  7  0     62.24   -0.2447E-02      55.6    531.2
2015  1 21    21   16  8  0     62.19   -0.2576E-02      58.8    531.4
2015  1 21    21   16  9  0     62.14   -0.2707E-02      61.8    532.6
2015  1 21    21   16 10  0     62.09   -0.2830E-02      64.6    533.2
2015  1 21    21   16 11  0     62.04   -0.2892E-02      66.1    533.0
2015  1 21    21   16 12  0     61.99   -0.2982E-02      68.3    534.2
2015  1 21    21   16 13  0     61.94   -0.2899E-02      66.1    532.7
2015  1 21    21   16 14  0     61.89   -0.2818E-02      64.1    531.3
2015  1 21    21   16 15  0     61.85   -0.2701E-02      61.1    529.1
2015  1 21    21   16 16  0     61.80   -0.2641E-02      59.6    527.0
2015  1 21    21   16 17  0     61.75   -0.2595E-02      58.3    526.5
2015  1 21    21   16 18  0     61.71   -0.2633E-02      59.2    527.4
2015  1 21    21   16 19  0     61.67   -0.2748E-02      61.9    529.9
2015  1 21    21   16 20  0     61.62   -0.2704E-02      60.7    529.3
2015  1 21    21   16 21  0     61.58   -0.2695E-02      60.4    529.4
2015  1 21    21   16 22  0     61.54   -0.2727E-02      61.1    530.6
2015  1 21    21   16 23  0     61.50   -0.2631E-02      58.6    529.6
2015  1 21    21   16 24  0     61.46   -0.2599E-02      57.8    529.7
2015  1 21    21   16 25  0     61.42   -0.2632E-02      58.8    530.7
2015  1 21    21   16 26  0     61.39   -0.2771E-02      62.4    533.3
2015  1 21    21   16 27  0     61.35   -0.2615E-02      58.4    530.7
2015  1 21    21   16 28  0     61.31   -0.2575E-02      57.3    530.6
2015  1 21    21   16 29  0     61.28   -0.2678E-02      59.9    532.1
2015  1 21    21   16 30  0     61.25   -0.2657E-02      59.4    531.6
2015  1 21    21   16 31  0     61.21   -0.2614E-02      58.3    531.0
2015  1 21    21   16 32  0     61.18   -0.2528E-02      56.3    529.7
2015  1 21    21   16 33  0     61.15   -0.2496E-02      55.4    530.1
2015  1 21    21   16 34  0     61.12   -0.2462E-02      54.5    530.2
2015  1 21    21   16 35  0     61.09   -0.2448E-02      54.0    531.1
2015  1 21    21   16 36  0     61.06   -0.2418E-02      53.4    531.3
2015  1 21    21   16 37  0     61.03   -0.2391E-02      52.8    531.7
2015  1 21    21   16 38  0     61.00   -0.2349E-02      51.7    531.9
2015  1 21    21   16 39  0     60.98   -0.2336E-02      51.3    533.2
2015  1 21    21   16 40  0     60.95   -0.2343E-02      51.6    533.5
2015  1 21    21   16 41  0     60.93   -0.2336E-02      51.4    533.6
2015  1 21    21   16 42  0     60.90   -0.2343E-02      51.5    534.2
2015  1 21    21   16 43  0     60.88   -0.2396E-02      52.7    535.6
2015  1 21    21   16 44  0     60.86   -0.2413E-02      53.1    535.9
2015  1 21    21   16 45  0     60.84   -0.2521E-02      55.6    538.3
2015  1 21    21   16 46  0     60.82   -0.2612E-02      57.7    539.9
2015  1 21    21   16 47  0     60.80   -0.2699E-02      59.7    541.5
2015  1 21    21   16 48  0     60.78   -0.2803E-02      62.1    542.5
2015  1 21    21   16 49  0     60.76   -0.2849E-02      63.1    542.0
2015  1 21    21   16 50  0     60.75   -0.2983E-02      66.4    542.4
2015  1 21    21   16 51  0     60.73   -0.3014E-02      67.2    541.5
2015  1 21    21   16 52  0     60.72   -0.3064E-02      68.3    541.5
2015  1 21    21   16 53  0     60.70   -0.3042E-02      67.8    540.5
2015  1 21    21   16 54  0     60.69   -0.2854E-02      63.2    537.5
2015  1 21    21   16 55  0     60.68   -0.2740E-02      60.4    535.9
2015  1 21    21   16 56  0     60.67   -0.2746E-02      60.6    535.7
2015  1 21    21   16 57  0     60.66   -0.2730E-02      60.4    535.2
2015  1 21    21   16 58  0     60.65   -0.2643E-02      58.1    534.3
2015  1 21    21   16 59  0     60.64   -0.2567E-02      56.2    533.5
2015  1 21    21   17  0  0     60.63   -0.2514E-02      55.0    533.2
2015  1 21    21   17  1  0     60.62   -0.2510E-02      54.8    533.8
2015  1 21    21   17  2  0     60.62   -0.2543E-02      55.5    534.9
2015  1 21    21   17  3  0     60.61   -0.2668E-02      58.6    537.1
2015  1 21    21   17  4  0     60.61   -0.2569E-02      56.1    536.0
2015  1 21    21   17  5  0     60.61   -0.2515E-02      54.8    535.7
2015  1 21    21   17  6  0     60.60   -0.2498E-02      54.3    535.8
2015  1 21    21   17  7  0     60.60   -0.2529E-02      55.0    536.5
2015  1 21    21   17  8  0     60.60   -0.2619E-02      57.2    538.1
2015  1 21    21   17  9  0     60.60   -0.2631E-02      57.4    538.5
2015  1 21    21   17 10  0     60.60   -0.2623E-02      57.3    537.8
2015  1 21    21   17 11  0     60.61   -0.2643E-02      57.8    537.8
2015  1 21    21   17 12  0     60.61   -0.2593E-02      56.4    537.7
2015  1 21    21   17 13  0     60.61   -0.2574E-02      56.1    537.5
2015  1 21    21   17 14  0     60.62   -0.2491E-02      54.2    536.5
2015  1 21    21   17 15  0     60.62   -0.2456E-02      53.3    536.9
2015  1 21    21   17 16  0     60.63   -0.2442E-02      52.9    537.8
2015  1 21    21   17 17  0     60.64   -0.2494E-02      54.1    539.5
2015  1 21    21   17 18  0     60.65   -0.2461E-02      53.2    539.5
2015  1 21    21   17 19  0     60.65   -0.2471E-02      53.4    540.3
2015  1 21    21   17 20  0     60.66   -0.2464E-02      53.2    540.4
2015  1 21    21   17 21  0     60.68   -0.2468E-02      53.4    540.5
2015  1 21    21   17 22  0     60.69   -0.2446E-02      52.9    540.1
2015  1 21    21   17 23  0     60.70   -0.2444E-02      52.9    539.8
2015  1 21    21   17 24  0     60.71   -0.2484E-02      53.9    540.2
2015  1 21    21   17 25  0     60.73   -0.2515E-02      54.5    540.4
2015  1 21    21   17 26  0     60.74   -0.2601E-02      56.5    541.6
2015  1 21    21   17 27  0     60.76   -0.2614E-02      56.9    541.3
2015  1 21    21   17 28  0     60.78   -0.2693E-02      58.8    542.4
2015  1 21    21   17 29  0     60.80   -0.2730E-02      59.7    542.8
2015  1 21    21   17 30  0     60.81   -0.2743E-02      60.1    542.6
2015  1 21    21   17 31  0     60.83   -0.2749E-02      60.2    542.5
2015  1 21    21   17 32  0     60.86   -0.2734E-02      59.7    542.2
2015  1 21    21   17 33  0     60.88   -0.2729E-02      59.4    541.9
2015  1 21    21   17 34  0     60.90   -0.2745E-02      59.9    541.4
2015  1 21    21   17 35  0     60.92   -0.2774E-02      60.6    541.5
2015  1 21    21   17 36  0     60.95   -0.2778E-02      60.7    541.1
2015  1 21    21   17 37  0     60.97   -0.2780E-02      60.8    540.8
2015  1 21    21   17 38  0     61.00   -0.2759E-02      60.2    540.4
2015  1 21    21   17 39  0     61.03   -0.2701E-02      58.8    539.2
2015  1 21    21   17 40  0     61.05   -0.2766E-02      60.4    540.1
2015  1 21    21   17 41  0     61.08   -0.2836E-02      62.2    540.8
2015  1 21    21   17 42  0     61.11   -0.2962E-02      65.3    541.9
2015  1 21    21   17 43  0     61.14   -0.2946E-02      65.0    540.6
2015  1 21    21   17 44  0     61.17   -0.2973E-02      65.7    540.5
2015  1 21    21   17 45  0     61.21   -0.2820E-02      62.2    537.6
2015  1 21    21   17 46  0     61.24   -0.2691E-02      59.0    535.7
2015  1 21    21   17 47  0     61.27   -0.2621E-02      57.3    534.6
2015  1 21    21   17 48  0     61.31   -0.2837E-02      62.7    538.7
2015  1 21    21   17 49  0     61.34   -0.3023E-02      67.3    540.8
2015  1 21    21   17 50  0     61.38   -0.3118E-02      69.7    540.9
2015  1 21    21   17 51  0     61.42   -0.3173E-02      70.9    540.9
2015  1 21    21   17 52  0     61.45   -0.3202E-02      71.7    540.7
2015  1 21    21   17 53  0     61.49   -0.3214E-02      71.9    540.7
2015  1 21    21   17 54  0     61.53   -0.3184E-02      71.2    539.8
2015  1 21    21   17 55  0     61.57   -0.3186E-02      71.3    539.6
2015  1 21    21   17 56  0     61.62   -0.3228E-02      72.4    539.8
2015  1 21    21   17 57  0     61.66   -0.3248E-02      72.7    539.8
2015  1 21    21   17 58  0     61.70   -0.3243E-02      72.7    539.5
2015  1 21    21   17 59  0     61.75   -0.3229E-02      72.5    538.7
2015  1 21    21   18  0  0     61.79   -0.3199E-02      71.9    537.8
2015  1 21    21   18  1  0     61.84   -0.3198E-02      72.0    537.7
2015  1 21    21   18  2  0     61.88   -0.3197E-02      72.1    537.1
2015  1 21    21   18  3  0     61.93   -0.3219E-02      72.6    537.4
2015  1 21    21   18  4  0     61.98   -0.3216E-02      72.7    536.8
2015  1 21    21   18  5  0     62.03   -0.3210E-02      72.6    536.3
2015  1 21    21   18  6  0     62.08   -0.3225E-02      73.0    536.5
2015  1 21    21   18  7  0     62.13   -0.3239E-02      73.5    536.5
2015  1 21    21   18  8  0     62.18   -0.3245E-02      73.8    536.5
2015  1 21    21   18  9  0     62.23   -0.3230E-02      73.5    536.1
2015  1 21    21   18 10  0     62.29   -0.3128E-02      71.0    534.4
2015  1 21    21   18 11  0     62.34   -0.2858E-02      64.1    529.0
2015  1 21    21   18 12  0     62.40   -0.2757E-02      61.2    528.2
2015  1 21    21   18 13  0     62.45   -0.2717E-02      60.4    527.2
2015  1 21    21   18 14  0     62.51   -0.2643E-02      58.7    525.7
2015  1 21    21   18 15  0     62.56   -0.2729E-02      60.9    527.9
2015  1 21    21   18 16  0     62.62   -0.2997E-02      68.1    533.7
2015  1 21    21   18 17  0     62.68   -0.3131E-02      71.5    535.8
2015  1 21    21   18 18  0     62.74   -0.3249E-02      74.7    537.0
2015  1 21    21   18 19  0     62.80   -0.3283E-02      75.7    537.1
2015  1 21    21   18 20  0     62.86   -0.3248E-02      74.8    535.9
2015  1 21    21   18 21  0     62.93   -0.3324E-02      76.9    537.2
2015  1 21    21   18 22  0     62.99   -0.3304E-02      76.3    537.1
2015  1 21    21   18 23  0     63.05   -0.3238E-02      74.9    535.3
2015  1 21    21   18 24  0     63.12   -0.2792E-02      63.0    526.3
2015  1 21    21   18 25  0     63.18   -0.2764E-02      62.5    526.4
2015  1 21    21   18 26  0     63.25   -0.2955E-02      68.0    531.0
2015  1 21    21   18 27  0     63.32   -0.2952E-02      68.3    531.0
2015  1 21    21   18 28  0     63.38   -0.2860E-02      66.0    529.7
2015  1 21    21   18 29  0     63.45   -0.2794E-02      64.4    528.6
2015  1 21    21   18 30  0     63.52   -0.2693E-02      61.7    526.8
2015  1 21    21   18 31  0     63.59   -0.2544E-02      57.8    523.6
2015  1 21    21   18 32  0     63.66   -0.2513E-02      57.0    523.0
2015  1 21    21   18 33  0     63.73   -0.2583E-02      59.1    524.8
2015  1 21    21   18 34  0     63.81   -0.2527E-02      57.8    523.5
2015  1 21    21   18 35  0     63.88   -0.2469E-02      56.5    522.6
2015  1 21    21   18 36  0     63.95   -0.2426E-02      55.4    522.7
2015  1 21    21   18 37  0     64.03   -0.2397E-02      54.9    523.1
2015  1 21    21   18 38  0     64.10   -0.2356E-02      54.1    523.1
2015  1 21    21   18 39  0     64.18   -0.2328E-02      53.4    524.4
2015  1 21    21   18 40  0     64.25   -0.2290E-02      52.6    524.9
2015  1 21    21   18 41  0     64.33   -0.2243E-02      51.6    525.2
2015  1 21    21   18 42  0     64.41   -0.2217E-02      51.2    525.7
2015  1 21    21   18 43  0     64.49   -0.2203E-02      51.2    526.2
2015  1 21    21   18 44  0     64.57   -0.2184E-02      51.0    526.6
2015  1 21    21   18 45  0     64.65   -0.2157E-02      50.6    527.0
2015  1 21    21   18 46  0     64.73   -0.2119E-02      50.1    526.9
2015  1 21    21   18 47  0     64.81   -0.2106E-02      50.0    529.0
2015  1 21    21   18 48  0     64.90   -0.2113E-02      50.3    530.0
2015  1 21    21   18 49  0     64.98   -0.2161E-02      51.8    532.3
2015  1 21    21   18 50  0     65.06   -0.2203E-02      53.0    533.7
2015  1 21    21   18 51  0     65.15   -0.2250E-02      54.3    535.8
2015  1 21    21   18 52  0     65.23   -0.2274E-02      55.1    537.1
2015  1 21    21   18 53  0     65.32   -0.2275E-02      55.1    537.8
2015  1 21    21   18 54  0     65.41   -0.2274E-02      55.3    537.9
2015  1 21    21   18 55  0     65.49   -0.2276E-02      55.4    539.0
2015  1 21    21   18 56  0     65.58   -0.2275E-02      55.5    539.5
2015  1 21    21   18 57  0     65.67   -0.2275E-02      55.8    540.1
2015  1 21    21   18 58  0     65.76   -0.2263E-02      55.6    540.6
2015  1 21    21   18 59  0     65.85   -0.2237E-02      55.2    540.7
2015  1 21    21   19  0  0     65.94   -0.2220E-02      54.9    541.6
2015  1 21    21   19  1  0     66.04   -0.2217E-02      55.1    542.5
2015  1 21    21   19  2  0     66.13   -0.2212E-02      55.3    543.2
2015  1 21    21   19  3  0     66.22   -0.2210E-02      55.6    543.2
2015  1 21    21   19  4  0     66.32   -0.2189E-02      55.5    541.9
2015  1 21    21   19  5  0     66.41   -0.2161E-02      55.1    540.4
2015  1 21    21   19  6  0     66.50   -0.2144E-02      55.0    540.3
2015  1 21    21   19  7  0     66.60   -0.2133E-02      54.9    541.0
2015  1 21    21   19  8  0     66.70   -0.2088E-02      53.8    539.1
2015  1 21    21   19  9  0     66.79   -0.2025E-02      52.3    536.6
2015  1 21    21   19 10  0     66.89   -0.1954E-02      50.4    533.9
2015  1 21    21   19 11  0     66.99   -0.1869E-02      48.3    530.1
2015  1 21    21   19 12  0     67.09   -0.1780E-02      45.9    526.4
2015  1 21    21   19 20  0     67.91    0.1001E-03      -0.0    526.4
2015  1 21    21   19 21  0     68.01    0.1848E-04      -0.0    526.4
2015  1 21    21   19 22  0     68.12   -0.4406E-04      -0.0    526.4
2015  1 21    21   19 23  0     68.22   -0.3694E-04      -0.0    526.4
2015  1 21    21   19 24  0     68.33   -0.1445E-04      -0.0    526.4
2015  1 21    21   19 25  0     68.44    0.5676E-05      -0.0    526.4
2015  1 21    21   19 26  0     68.55    0.2594E-04      -0.0    526.4
2015  1 21    21   19 27  0     68.65    0.4371E-04      -0.0    526.4
2015  1 21    21   19 28  0     68.76    0.5702E-04      -0.0    526.4
2015  1 21    21   19 29  0     68.87    0.6906E-04      -0.0    526.4
2015  1 21    21   19 30  0     68.98    0.7543E-04      -0.0    526.4
2015  1 21    21   19 31  0     69.09    0.8169E-04      -0.0    -99.9
2015  1 21    21   19 32  0     69.21    0.8862E-04      -0.0    -99.9
2015  1 21    21   19 33  0     69.32    0.9108E-04      -0.0    -99.9
2015  1 21    21   19 34  0     69.43    0.9156E-04      -0.0    -99.9
2015  1 21    21   19 35  0     69.54    0.9229E-04      -0.0    -99.9
2015  1 21    21   19 36  0     69.66    0.9572E-04      -0.0    -99.9
2015  1 21    21   19 37  0     69.77    0.9700E-04      -0.0    -99.9
2015  1 21    21   19 38  0     69.89    0.9816E-04      -0.0    -99.9
2015  1 21    21   19 39  0     70.00    0.1026E-03      -0.0    -99.9
2015  1 21    21   19 40  0     70.12    0.1030E-03      -0.0    -99.9
2015  1 21    21   19 41  0     70.24    0.1029E-03      -0.0    -99.9
2015  1 21    21   19 42  0     70.35    0.1050E-03      -0.0    -99.9
2015  1 21    21   19 43  0     70.47    0.1009E-03      -0.0    -99.9
2015  1 21    21   19 44  0     70.59    0.1043E-03      -0.0    -99.9
2015  1 21    21   19 45  0     70.71    0.1052E-03      -0.0    -99.9
2015  1 21    21   19 46  0     70.83    0.1056E-03      -0.0    -99.9
2015  1 21    21   19 47  0     70.95    0.1062E-03      -0.0    -99.9
2015  1 21    21   19 48  0     71.07    0.1099E-03      -0.0    -99.9
2015  1 21    21   19 49  0     71.19    0.1098E-03      -0.0    -99.9
2015  1 21    21   19 50  0     71.31    0.1100E-03      -0.0    -99.9
2015  1 21    21   19 51  0     71.44    0.1108E-03      -0.0    -99.9
2015  1 21    21   19 52  0     71.56    0.1133E-03      -0.0    -99.9
2015  1 21    21   19 53  0     71.68    0.1111E-03      -0.0    -99.9
2015  1 21    21   19 54  0     71.81    0.1144E-03      -0.0    -99.9
2015  1 21    21   19 55  0     71.93    0.1100E-03      -0.0    -99.9
2015  1 21    21   19 56  0     72.05    0.1103E-03      -0.0    -99.9
2015  1 21    21   19 57  0     72.18    0.1090E-03      -0.0    -99.9
2015  1 21    21   19 58  0     72.31    0.1129E-03      -0.0    -99.9
2015  1 21    21   19 59  0     72.43    0.1146E-03      -0.0    -99.9
2015  1 21    21   20  0  0     72.56    0.1166E-03      -0.0    -99.9
2015  1 21    21   20  1  0     72.69    0.1157E-03      -0.0    -99.9
2015  1 21    21   20  2  0     72.81    0.1154E-03      -0.0    -99.9
2015  1 21    21   20  3  0     72.94    0.1137E-03      -0.0    -99.9
2015  1 21    21   20  4  0     73.07    0.1139E-03      -0.0    -99.9
2015  1 21    21   20  5  0     73.20    0.1188E-03      -0.0    -99.9
2015  1 21    21   20  6  0     73.33    0.1168E-03      -0.0    -99.9
2015  1 21    21   20  7  0     73.46    0.1158E-03      -0.0    -99.9
2015  1 21    21   20  8  0     73.59    0.1158E-03      -0.0    -99.9
2015  1 21    21   20  9  0     73.73    0.2492E-02       2.2     57.1
2015  1 21    21   20 10  0     73.86    0.7077E-02       6.0     54.8
2015  1 21    21   20 11  0     73.99    0.7049E-02       6.1     54.3
2015  1 21    21   20 12  0     74.12    0.7028E-02       6.1     54.0
2015  1 21    21   20 13  0     74.26    0.7017E-02       6.2     53.5
2015  1 21    21   20 14  0     74.39    0.7014E-02       6.3     53.2
2015  1 21    21   20 15  0     74.52    0.7013E-02       6.3     52.8
2015  1 21    21   20 16  0     74.66    0.5640E-02       5.0     50.9
2015  1 21    21   20 17  0     74.79    0.1522E-03       0.0      1.3
2015  1 21    21   20 18  0     74.93    0.4703E-02       4.7     53.1
2015  1 21    21   20 19  0     75.07    0.6767E-02       6.5     51.3
2015  1 21    21   20 20  0     75.20    0.6811E-02       6.6     50.9
2015  1 21    21   20 21  0     75.34    0.6860E-02       6.7     50.4
2015  1 21    21   20 22  0     75.48    0.6879E-02       6.8     50.0
2015  1 21    21   20 23  0     75.62    0.6915E-02       6.9     49.7
2015  1 21    21   20 24  0     75.75    0.6925E-02       7.0     49.3
2015  1 21    21   20 25  0     75.89    0.6935E-02       7.1     48.9
2015  1 21    21   20 26  0     76.03    0.4380E-02       4.3     46.7
2015  1 21    21   20 27  0     76.17    0.1520E-03      -0.0    -99.9
2015  1 21    21   20 28  0     76.31    0.2570E-02       2.9     49.5
2015  1 21    21   20 29  0     76.45    0.7741E-02       8.2     47.1
2015  1 21    21   20 30  0     76.59    0.7704E-02       8.3     46.7
2015  1 21    21   20 31  0     76.73    0.7722E-02       8.5     46.4
2015  1 21    21   20 32  0     76.88    0.7745E-02       8.6     45.9
2015  1 21    21   20 33  0     77.02    0.7755E-02       8.7     45.6
2015  1 21    21   20 34  0     77.16    0.7762E-02       8.9     45.2
2015  1 21    21   20 35  0     77.30    0.7767E-02       9.0     44.9
2015  1 21    21   20 36  0     77.45    0.7769E-02       9.1     44.5
2015  1 21    21   21 47  0     88.55   -0.1578E-03      35.4     44.5
2015  1 21    21   21 48  0     88.72   -0.1940E-04      46.0    642.0
2015  1 21    21   21 49  0     88.88   -0.8431E-04      45.0    642.0
2015  1 21    21   21 50  0     89.05   -0.1327E-03      44.6    642.0
2015  1 21    21   21 51  0     89.22   -0.1479E-03      44.3    642.0
2015  1 21    21   21 52  0     89.39   -0.1493E-03      44.1    642.0
2015  1 21    21   21 53  0     89.55   -0.1421E-03      43.9    642.0
2015  1 21    21   21 54  0     89.72   -0.1353E-03      43.5    642.0
2015  1 21    21   21 55  0     89.89   -0.1266E-03      43.2    642.0
