                            NILUUV 115

Uvpro Version 2.0
Latitude :   40.74 (North)
Longitude:  -74.03  (West)
Calibration file: cf100603a.115
Height above sea level:    40.0  m
CLT derived from channel 4
CLT scale factor used:   1.0
Ozone derived from channel pair ch3/ch1
Ozone scale factor used:   1.0
Drift factors ch1-ch6:   3.000154.000  1.000  1.000  1.000  1.000
Ozone profile climatology: Mid  Latitude
Dose type:    CLW    Caldwell Plant 1971           

yyyy mm dd   jul   hh mm ss      SZA     dose rate       clt     Ozone
                              [degrees]   [W/m^2]        [%]     [DU]
2015  9 18   261   10 45  0     89.88    0.1101E-03      19.6     36.7
2015  9 18   261   10 46  0     89.69    0.1124E-03      20.6     39.9
2015  9 18   261   10 47  0     89.50    0.1102E-03      21.7     44.8
2015  9 18   261   10 48  0     89.31    0.1104E-03      23.0     48.5
2015  9 18   261   10 49  0     89.12    0.1085E-03      24.2     52.7
2015  9 18   261   10 50  0     88.94    0.1098E-03      25.5     55.8
2015  9 18   261   10 51  0     88.75    0.1067E-03      26.6     61.4
2015  9 18   261   10 52  0     88.56    0.1048E-03      27.7     66.6
2015  9 18   261   10 53  0     88.37    0.1035E-03      29.0     71.1
2015  9 18   261   10 54  0     88.18    0.1002E-03      30.2     76.3
2015  9 18   261   10 55  0     87.99    0.9903E-04      31.5     80.2
2015  9 18   261   10 56  0     87.80    0.9677E-04      32.6     85.7
2015  9 18   261   10 57  0     87.61    0.9203E-04      33.7     92.4
2015  9 18   261   10 58  0     87.42    0.8941E-04      34.8     97.6
2015  9 18   261   10 59  0     87.23    0.8718E-04      36.0    102.2
2015  9 18   261   11  0  0     87.04    0.8262E-04      37.1    107.5
2015  9 18   261   11  1  0     86.85    0.7483E-04      38.1    115.7
2015  9 18   261   11  2  0     86.66    0.7152E-04      39.0    121.2
2015  9 18   261   11  3  0     86.47    0.7032E-04      40.0    126.9
2015  9 18   261   11  4  0     86.29    0.6475E-04      41.0    135.1
2015  9 18   261   11  5  0     86.10    0.5740E-04      42.0    145.0
2015  9 18   261   11  6  0     85.91    0.5191E-04      42.9    153.8
2015  9 18   261   11  7  0     85.72    0.4422E-04      43.8    165.8
2015  9 18   261   11  8  0     85.53    0.4186E-04      44.6    170.4
2015  9 18   261   11  9  0     85.34    0.3333E-04      45.5    181.4
2015  9 18   261   11 10  0     85.15    0.2412E-04      46.3    192.1
2015  9 18   261   11 11  0     84.96    0.1547E-04      47.1    201.3
2015  9 18   261   11 12  0     84.77    0.5082E-05      47.8    213.7
2015  9 18   261   11 13  0     84.58   -0.3822E-05      48.5    222.9
2015  9 18   261   11 14  0     84.39   -0.1414E-04      49.2    232.6
2015  9 18   261   11 15  0     84.20   -0.2703E-04      49.9    245.0
2015  9 18   261   11 16  0     84.01   -0.3903E-04      50.5    254.9
2015  9 18   261   11 17  0     83.83   -0.5256E-04      51.2    268.0
2015  9 18   261   11 18  0     83.64   -0.6247E-04      51.7    273.9
2015  9 18   261   11 19  0     83.45   -0.7812E-04      52.4    288.3
2015  9 18   261   11 20  0     83.26   -0.9100E-04      53.0    296.8
2015  9 18   261   11 21  0     83.07   -0.1023E-03      53.6    301.3
2015  9 18   261   11 22  0     82.88   -0.1155E-03      54.0    308.9
2015  9 18   261   11 23  0     82.69   -0.1320E-03      54.4    321.1
2015  9 18   261   11 24  0     82.50   -0.1461E-03      54.8    327.8
2015  9 18   261   11 25  0     82.32   -0.1617E-03      55.2    335.8
2015  9 18   261   11 26  0     82.13   -0.1791E-03      55.6    345.3
2015  9 18   261   11 27  0     81.94   -0.1951E-03      56.0    351.2
2015  9 18   261   11 28  0     81.75   -0.2167E-03      56.5    366.6
2015  9 18   261   11 29  0     81.56   -0.2358E-03      56.9    375.1
2015  9 18   261   11 30  0     81.37   -0.2545E-03      57.3    383.0
2015  9 18   261   11 31  0     81.18   -0.2748E-03      57.7    391.8
2015  9 18   261   11 32  0     80.99   -0.2946E-03      58.0    398.3
2015  9 18   261   11 33  0     80.81   -0.3158E-03      58.3    406.4
2015  9 18   261   11 34  0     80.62   -0.3391E-03      58.7    417.3
2015  9 18   261   11 35  0     80.43   -0.3618E-03      59.0    425.9
2015  9 18   261   11 36  0     80.24   -0.3834E-03      59.4    430.6
2015  9 18   261   11 37  0     80.05   -0.4053E-03      59.6    435.9
2015  9 18   261   11 38  0     79.86   -0.4294E-03      59.9    444.5
2015  9 18   261   11 39  0     79.68   -0.4526E-03      60.1    449.7
2015  9 18   261   11 40  0     79.49   -0.4779E-03      60.4    457.8
2015  9 18   261   11 41  0     79.30   -0.5044E-03      60.7    466.2
2015  9 18   261   11 42  0     79.11   -0.5270E-03      60.9    467.4
2015  9 18   261   11 43  0     78.92   -0.5534E-03      61.1    474.2
2015  9 18   261   11 44  0     78.74   -0.5779E-03      61.3    476.4
2015  9 18   261   11 45  0     78.55   -0.6047E-03      61.5    482.5
2015  9 18   261   11 46  0     78.36   -0.6290E-03      61.7    482.4
2015  9 18   261   11 47  0     78.17   -0.6526E-03      61.9    481.0
2015  9 18   261   11 48  0     77.99   -0.6823E-03      62.0    489.1
2015  9 18   261   11 49  0     77.80   -0.7113E-03      62.0    496.3
2015  9 18   261   11 50  0     77.61   -0.7373E-03      62.1    497.8
2015  9 18   261   11 51  0     77.42   -0.7638E-03      62.2    498.0
2015  9 18   261   11 52  0     77.24   -0.7940E-03      62.4    502.7
2015  9 18   261   11 53  0     77.05   -0.8232E-03      62.5    505.5
2015  9 18   261   11 54  0     76.86   -0.8475E-03      62.6    503.4
2015  9 18   261   11 55  0     76.68   -0.8762E-03      62.6    505.2
2015  9 18   261   11 56  0     76.49   -0.9021E-03      62.7    503.4
2015  9 18   261   11 57  0     76.30   -0.9330E-03      62.7    507.7
2015  9 18   261   11 58  0     76.12   -0.9621E-03      62.8    508.8
2015  9 18   261   11 59  0     75.93   -0.9882E-03      62.9    505.7
2015  9 18   261   12  0  0     75.74   -0.1020E-02      63.0    508.4
2015  9 18   261   12  1  0     75.56   -0.1047E-02      63.1    507.0
2015  9 18   261   12  2  0     75.37   -0.1075E-02      63.1    505.0
2015  9 18   261   12  3  0     75.18   -0.1107E-02      63.3    505.5
2015  9 18   261   12  4  0     75.00   -0.1142E-02      63.6    508.2
2015  9 18   261   12  5  0     74.81   -0.1173E-02      63.8    505.4
2015  9 18   261   12  6  0     74.63   -0.1199E-02      63.9    503.5
2015  9 18   261   12  7  0     74.44   -0.1231E-02      63.9    505.0
2015  9 18   261   12  8  0     74.25   -0.1259E-02      64.1    503.1
2015  9 18   261   12  9  0     74.07   -0.1287E-02      64.1    499.9
2015  9 18   261   12 10  0     73.88   -0.1319E-02      64.3    500.1
2015  9 18   261   12 11  0     73.70   -0.1348E-02      64.4    498.8
2015  9 18   261   12 12  0     73.51   -0.1378E-02      64.5    496.9
2015  9 18   261   12 13  0     73.33   -0.1410E-02      64.7    495.6
2015  9 18   261   12 14  0     73.14   -0.1444E-02      64.8    495.8
2015  9 18   261   12 15  0     72.96   -0.1474E-02      65.0    494.4
2015  9 18   261   12 16  0     72.77   -0.1502E-02      65.1    492.4
2015  9 18   261   12 17  0     72.59   -0.1534E-02      65.2    491.8
2015  9 18   261   12 18  0     72.41   -0.1567E-02      65.5    491.6
2015  9 18   261   12 19  0     72.22   -0.1591E-02      65.6    488.0
2015  9 18   261   12 20  0     72.04   -0.1623E-02      65.7    488.3
2015  9 18   261   12 21  0     71.85   -0.1651E-02      65.8    487.1
2015  9 18   261   12 22  0     71.67   -0.1678E-02      65.9    485.2
2015  9 18   261   12 23  0     71.49   -0.1714E-02      66.2    486.0
2015  9 18   261   12 24  0     71.30   -0.1743E-02      66.4    484.5
2015  9 18   261   12 25  0     71.12   -0.1773E-02      66.6    484.0
2015  9 18   261   12 26  0     70.94   -0.1798E-02      66.7    482.2
2015  9 18   261   12 27  0     70.75   -0.1825E-02      66.6    482.0
2015  9 18   261   12 28  0     70.57   -0.1848E-02      66.7    480.3
2015  9 18   261   12 29  0     70.39   -0.1876E-02      66.7    480.5
2015  9 18   261   12 30  0     70.20   -0.1897E-02      66.8    479.4
2015  9 18   261   12 31  0     70.02   -0.1917E-02      66.7    478.0
2015  9 18   261   12 32  0     69.84   -0.1945E-02      66.8    478.3
2015  9 18   261   12 33  0     69.66   -0.1970E-02      67.0    477.7
2015  9 18   261   12 34  0     69.48   -0.1991E-02      67.1    476.9
2015  9 18   261   12 35  0     69.29   -0.2019E-02      67.2    476.8
2015  9 18   261   12 36  0     69.11   -0.2041E-02      67.4    475.5
2015  9 18   261   12 37  0     68.93   -0.2063E-02      67.6    475.0
2015  9 18   261   12 38  0     68.75   -0.2085E-02      67.6    474.7
2015  9 18   261   12 39  0     68.57   -0.2108E-02      67.8    474.9
2015  9 18   261   12 40  0     68.39   -0.2126E-02      67.9    473.6
2015  9 18   261   12 41  0     68.21   -0.2146E-02      68.0    473.1
2015  9 18   261   12 42  0     68.03   -0.2163E-02      68.1    472.6
2015  9 18   261   12 43  0     67.85   -0.2178E-02      68.0    472.9
2015  9 18   261   12 44  0     67.67   -0.2191E-02      68.1    472.3
2015  9 18   261   12 45  0     67.49   -0.2200E-02      68.1    471.0
2015  9 18   261   12 46  0     67.31   -0.2218E-02      68.1    471.3
2015  9 18   261   12 47  0     67.13   -0.2230E-02      68.0    470.8
2015  9 18   261   12 48  0     66.95   -0.2240E-02      68.1    471.2
2015  9 18   261   12 49  0     66.77   -0.2249E-02      68.0    470.8
2015  9 18   261   12 50  0     66.59   -0.2260E-02      68.0    469.9
2015  9 18   261   12 51  0     66.41   -0.2272E-02      68.1    469.9
2015  9 18   261   12 52  0     66.23   -0.2289E-02      68.2    470.2
2015  9 18   261   12 53  0     66.05   -0.2299E-02      68.3    469.8
2015  9 18   261   12 54  0     65.87   -0.2309E-02      68.4    470.8
2015  9 18   261   12 55  0     65.70   -0.2316E-02      68.5    469.7
2015  9 18   261   12 56  0     65.52   -0.2321E-02      68.6    469.5
2015  9 18   261   12 57  0     65.34   -0.2328E-02      68.8    469.3
2015  9 18   261   12 58  0     65.16   -0.2333E-02      68.9    469.3
2015  9 18   261   12 59  0     64.99   -0.2339E-02      69.1    470.4
2015  9 18   261   13  0  0     64.81   -0.2347E-02      69.2    470.8
2015  9 18   261   13  1  0     64.63   -0.2349E-02      69.3    469.8
2015  9 18   261   13  2  0     64.46   -0.2352E-02      69.4    469.8
2015  9 18   261   13  3  0     64.28   -0.2350E-02      69.4    469.8
2015  9 18   261   13  4  0     64.10   -0.2346E-02      69.5    469.7
2015  9 18   261   13  5  0     63.93   -0.2340E-02      69.5    470.7
2015  9 18   261   13  6  0     63.75   -0.2339E-02      69.6    470.9
2015  9 18   261   13  7  0     63.58   -0.2334E-02      69.7    470.0
2015  9 18   261   13  8  0     63.40   -0.2329E-02      69.8    470.0
2015  9 18   261   13  9  0     63.23   -0.2319E-02      69.8    470.0
2015  9 18   261   13 10  0     63.05   -0.2316E-02      70.0    470.2
2015  9 18   261   13 11  0     62.88   -0.2309E-02      70.1    471.4
2015  9 18   261   13 12  0     62.71   -0.2291E-02      70.1    470.2
2015  9 18   261   13 13  0     62.53   -0.2286E-02      70.2    470.7
2015  9 18   261   13 14  0     62.36   -0.2269E-02      70.3    470.6
2015  9 18   261   13 15  0     62.19   -0.2253E-02      70.2    470.7
2015  9 18   261   13 16  0     62.01   -0.2238E-02      70.3    470.9
2015  9 18   261   13 17  0     61.84   -0.2225E-02      70.5    472.1
2015  9 18   261   13 18  0     61.67   -0.2211E-02      70.5    472.4
2015  9 18   261   13 19  0     61.50   -0.2187E-02      70.5    471.6
2015  9 18   261   13 20  0     61.32   -0.2166E-02      70.4    471.8
2015  9 18   261   13 21  0     61.15   -0.2148E-02      70.6    472.0
2015  9 18   261   13 22  0     60.98   -0.2125E-02      70.7    472.9
2015  9 18   261   13 23  0     60.81   -0.2105E-02      70.9    473.1
2015  9 18   261   13 24  0     60.64   -0.2083E-02      71.1    473.4
2015  9 18   261   13 25  0     60.47   -0.2062E-02      71.2    473.0
2015  9 18   261   13 26  0     60.30   -0.2033E-02      71.2    473.2
2015  9 18   261   13 27  0     60.13   -0.2004E-02      71.3    473.3
2015  9 18   261   13 28  0     59.96   -0.1973E-02      71.4    474.1
2015  9 18   261   13 29  0     59.79   -0.1942E-02      71.3    474.5
2015  9 18   261   13 30  0     59.63   -0.1908E-02      71.4    474.7
2015  9 18   261   13 31  0     59.46   -0.1874E-02      71.4    474.9
2015  9 18   261   13 32  0     59.29   -0.1833E-02      71.3    474.4
2015  9 18   261   13 33  0     59.12   -0.1797E-02      71.4    474.6
2015  9 18   261   13 34  0     58.95   -0.1758E-02      71.6    475.3
2015  9 18   261   13 35  0     58.79   -0.1722E-02      71.6    475.7
2015  9 18   261   13 36  0     58.62   -0.1676E-02      71.7    475.8
2015  9 18   261   13 37  0     58.45   -0.1638E-02      71.8    476.1
2015  9 18   261   13 38  0     58.29   -0.1594E-02      71.7    475.9
2015  9 18   261   13 39  0     58.12   -0.1546E-02      71.8    476.0
2015  9 18   261   13 40  0     57.96   -0.1504E-02      71.8    476.7
2015  9 18   261   13 41  0     57.79   -0.1454E-02      72.0    476.9
2015  9 18   261   13 42  0     57.63   -0.1407E-02      71.9    477.2
2015  9 18   261   13 43  0     57.46   -0.1360E-02      72.0    477.5
2015  9 18   261   13 44  0     57.30   -0.1314E-02      72.2    477.9
2015  9 18   261   13 45  0     57.14   -0.1255E-02      72.1    477.7
2015  9 18   261   13 46  0     56.97   -0.1201E-02      72.1    478.2
2015  9 18   261   13 47  0     56.81   -0.1152E-02      72.4    478.5
2015  9 18   261   13 48  0     56.65   -0.1095E-02      72.3    478.8
2015  9 18   261   13 49  0     56.49   -0.1050E-02      72.5    479.3
2015  9 18   261   13 50  0     56.32   -0.9865E-03      72.6    479.4
2015  9 18   261   13 51  0     56.16   -0.9286E-03      72.6    479.7
2015  9 18   261   13 52  0     56.00   -0.8621E-03      72.6    479.8
2015  9 18   261   13 53  0     55.84   -0.8129E-03      72.8    480.3
2015  9 18   261   13 54  0     55.68   -0.7536E-03      72.9    480.7
2015  9 18   261   13 55  0     55.52   -0.6967E-03      72.9    481.1
2015  9 18   261   13 56  0     55.36   -0.6342E-03      73.1    481.4
2015  9 18   261   13 57  0     55.21   -0.5700E-03      73.2    481.7
2015  9 18   261   13 58  0     55.05   -0.5018E-03      73.3    481.9
2015  9 18   261   13 59  0     54.89   -0.4334E-03      73.3    482.2
2015  9 18   261   14  0  0     54.73   -0.3684E-03      73.5    482.6
2015  9 18   261   14  1  0     54.57   -0.2959E-03      73.6    482.8
2015  9 18   261   14  2  0     54.42   -0.2269E-03      73.6    483.2
2015  9 18   261   14  3  0     54.26   -0.1573E-03      73.6    483.5
2015  9 18   261   14  4  0     54.11   -0.9600E-04      73.5    484.0
2015  9 18   261   14  5  0     53.95   -0.2609E-04      73.6    484.3
2015  9 18   261   14  6  0     53.80    0.5324E-04      73.6    484.6
2015  9 18   261   14  7  0     53.64    0.1354E-03      73.6    484.8
2015  9 18   261   14  8  0     53.49    0.2259E-03      73.5    484.8
2015  9 18   261   14  9  0     53.34    0.3077E-03      73.5    485.1
2015  9 18   261   14 10  0     53.18    0.3802E-03      74.2    485.5
2015  9 18   261   14 11  0     53.03    0.4548E-03      74.5    485.9
2015  9 18   261   14 12  0     52.88    0.5406E-03      74.5    486.1
2015  9 18   261   14 13  0     52.73    0.6312E-03      74.4    486.3
2015  9 18   261   14 14  0     52.58    0.7166E-03      74.5    486.6
2015  9 18   261   14 15  0     52.43    0.7980E-03      74.6    486.9
2015  9 18   261   14 16  0     52.28    0.8876E-03      74.5    487.1
2015  9 18   261   14 17  0     52.13    0.9792E-03      74.5    487.3
2015  9 18   261   14 18  0     51.98    0.1069E-02      74.3    487.5
2015  9 18   261   14 19  0     51.83    0.1158E-02      74.1    487.8
2015  9 18   261   14 20  0     51.68    0.1242E-02      74.1    488.1
2015  9 18   261   14 21  0     51.54    0.1325E-02      74.2    488.6
2015  9 18   261   14 22  0     51.39    0.1412E-02      74.3    488.9
2015  9 18   261   14 23  0     51.24    0.1504E-02      74.2    489.2
2015  9 18   261   14 24  0     51.10    0.1595E-02      74.2    489.4
2015  9 18   261   14 25  0     50.95    0.1690E-02      74.2    489.6
2015  9 18   261   14 26  0     50.81    0.1783E-02      74.2    490.0
2015  9 18   261   14 27  0     50.66    0.1884E-02      74.4    490.2
2015  9 18   261   14 28  0     50.52    0.1978E-02      74.6    490.6
2015  9 18   261   14 29  0     50.38    0.2071E-02      74.9    491.0
2015  9 18   261   14 30  0     50.24    0.2166E-02      75.0    491.3
2015  9 18   261   14 31  0     50.09    0.2270E-02      75.3    491.6
2015  9 18   261   14 32  0     49.95    0.2391E-02      75.5    492.5
2015  9 18   261   14 33  0     49.81    0.2490E-02      75.5    492.7
2015  9 18   261   14 34  0     49.67    0.2584E-02      75.9    492.4
2015  9 18   261   14 35  0     49.53    0.2674E-02      76.1    492.9
2015  9 18   261   14 36  0     49.40    0.2788E-02      76.3    493.1
2015  9 18   261   14 37  0     49.26    0.2885E-02      76.4    493.4
2015  9 18   261   14 38  0     49.12    0.2983E-02      76.2    493.7
2015  9 18   261   14 39  0     48.98    0.3077E-02      76.3    494.7
2015  9 18   261   14 40  0     48.85    0.3173E-02      76.0    494.9
2015  9 18   261   14 41  0     48.71    0.3274E-02      75.9    495.1
2015  9 18   261   14 42  0     48.58    0.3386E-02      75.7    495.2
2015  9 18   261   14 43  0     48.44    0.3475E-02      75.7    495.1
2015  9 18   261   14 44  0     48.31    0.3564E-02      75.1    495.2
2015  9 18   261   14 45  0     48.18    0.3654E-02      75.0    495.6
2015  9 18   261   14 46  0     48.04    0.3775E-02      75.3    495.8
2015  9 18   261   14 47  0     47.91    0.3890E-02      75.1    496.3
2015  9 18   261   14 48  0     47.78    0.3993E-02      75.3    496.6
2015  9 18   261   14 49  0     47.65    0.4092E-02      75.5    497.0
2015  9 18   261   14 50  0     47.52    0.4178E-02      75.2    497.3
2015  9 18   261   14 51  0     47.40    0.4283E-02      75.2    497.6
2015  9 18   261   14 52  0     47.27    0.4394E-02      75.1    497.4
2015  9 18   261   14 53  0     47.14    0.4490E-02      75.0    497.7
2015  9 18   261   14 54  0     47.01    0.4610E-02      75.1    497.8
2015  9 18   261   14 55  0     46.89    0.4726E-02      75.4    498.4
2015  9 18   261   14 56  0     46.76    0.4820E-02      75.1    498.6
2015  9 18   261   14 57  0     46.64    0.4919E-02      75.3    499.0
2015  9 18   261   14 58  0     46.52    0.5029E-02      75.5    499.2
2015  9 18   261   14 59  0     46.39    0.5138E-02      75.7    499.5
2015  9 18   261   15  0  0     46.27    0.5248E-02      75.4    499.5
2015  9 18   261   15  1  0     46.15    0.5330E-02      75.0    499.7
2015  9 18   261   15  2  0     46.03    0.5419E-02      74.5    499.8
2015  9 18   261   15  3  0     45.91    0.5480E-02      73.9    500.0
2015  9 18   261   15  4  0     45.79    0.5612E-02      73.9    500.0
2015  9 18   261   15  5  0     45.67    0.5727E-02      74.0    500.2
2015  9 18   261   15  6  0     45.55    0.5852E-02      74.2    500.3
2015  9 18   261   15  7  0     45.44    0.5945E-02      74.1    500.6
2015  9 18   261   15  8  0     45.32    0.6055E-02      74.3    500.9
2015  9 18   261   15  9  0     45.21    0.6169E-02      74.4    501.1
2015  9 18   261   15 10  0     45.09    0.6305E-02      74.3    500.9
2015  9 18   261   15 11  0     44.98    0.6417E-02      74.1    500.9
2015  9 18   261   15 12  0     44.87    0.6511E-02      74.0    501.2
2015  9 18   261   15 13  0     44.76    0.6595E-02      73.8    501.4
2015  9 18   261   15 14  0     44.65    0.6693E-02      73.4    501.4
2015  9 18   261   15 15  0     44.54    0.6802E-02      73.5    501.5
2015  9 18   261   15 16  0     44.43    0.6931E-02      73.8    501.7
2015  9 18   261   15 17  0     44.32    0.7057E-02      73.9    501.8
2015  9 18   261   15 18  0     44.21    0.7164E-02      73.7    501.8
2015  9 18   261   15 19  0     44.10    0.7247E-02      73.3    501.9
2015  9 18   261   15 20  0     44.00    0.7328E-02      73.2    502.1
2015  9 18   261   15 21  0     43.89    0.7431E-02      72.8    501.9
2015  9 18   261   15 22  0     43.79    0.7565E-02      72.7    501.9
2015  9 18   261   15 23  0     43.69    0.7673E-02      72.5    501.9
2015  9 18   261   15 24  0     43.59    0.7742E-02      72.3    502.1
2015  9 18   261   15 25  0     43.48    0.7846E-02      72.2    502.2
2015  9 18   261   15 26  0     43.39    0.7845E-02      70.8    502.0
2015  9 18   261   15 27  0     43.29    0.7942E-02      70.7    501.9
2015  9 18   261   15 28  0     43.19    0.8162E-02      72.0    502.4
2015  9 18   261   15 29  0     43.09    0.8275E-02      72.2    502.5
2015  9 18   261   15 30  0     42.99    0.8391E-02      72.3    502.6
2015  9 18   261   15 31  0     42.90    0.8457E-02      71.7    502.5
2015  9 18   261   15 32  0     42.81    0.8539E-02      71.5    502.7
2015  9 18   261   15 33  0     42.71    0.8624E-02      71.5    502.9
2015  9 18   261   15 34  0     42.62    0.8689E-02      71.2    503.0
2015  9 18   261   15 35  0     42.53    0.8879E-02      72.2    503.2
2015  9 18   261   15 36  0     42.44    0.8852E-02      71.2    503.3
2015  9 18   261   15 37  0     42.35    0.9000E-02      71.2    503.1
2015  9 18   261   15 38  0     42.26    0.8931E-02      70.5    503.8
2015  9 18   261   15 39  0     42.17    0.9089E-02      70.6    503.6
2015  9 18   261   15 40  0     42.09    0.9261E-02      70.7    503.2
2015  9 18   261   15 41  0     42.00    0.9383E-02      71.2    503.5
2015  9 18   261   15 42  0     41.92    0.9525E-02      71.7    503.6
2015  9 18   261   15 43  0     41.84    0.9595E-02      71.6    503.6
2015  9 18   261   15 44  0     41.75    0.9777E-02      72.5    504.0
2015  9 18   261   15 45  0     41.67    0.9918E-02      73.1    504.1
2015  9 18   261   15 46  0     41.59    0.1001E-01      73.4    504.4
2015  9 18   261   15 47  0     41.51    0.1014E-01      73.2    504.1
2015  9 18   261   15 48  0     41.44    0.1016E-01      72.4    504.0
2015  9 18   261   15 49  0     41.36    0.1012E-01      70.9    503.7
2015  9 18   261   15 50  0     41.28    0.1015E-01      69.8    503.2
2015  9 18   261   15 51  0     41.21    0.1024E-01      69.6    503.1
2015  9 18   261   15 52  0     41.14    0.1034E-01      69.7    503.1
2015  9 18   261   15 53  0     41.06    0.1033E-01      68.9    503.1
2015  9 18   261   15 54  0     40.99    0.1039E-01      68.8    503.2
2015  9 18   261   15 55  0     40.92    0.1046E-01      69.1    503.6
2015  9 18   261   15 56  0     40.85    0.1063E-01      69.8    503.7
2015  9 18   261   15 57  0     40.79    0.1077E-01      70.1    503.6
2015  9 18   261   15 58  0     40.72    0.1083E-01      69.5    503.3
2015  9 18   261   15 59  0     40.65    0.1093E-01      70.4    504.0
2015  9 18   261   16  0  0     40.59    0.1111E-01      71.3    504.2
2015  9 18   261   16  1  0     40.53    0.1131E-01      72.5    504.4
2015  9 18   261   16  2  0     40.46    0.1138E-01      72.1    504.2
2015  9 18   261   16  3  0     40.40    0.1161E-01      73.7    504.7
2015  9 18   261   16  4  0     40.34    0.1199E-01      76.0    504.8
2015  9 18   261   16  5  0     40.28    0.1208E-01      75.5    504.4
2015  9 18   261   16  6  0     40.23    0.1225E-01      75.9    504.3
2015  9 18   261   16  7  0     40.17    0.1207E-01      74.6    504.7
2015  9 18   261   16  8  0     40.12    0.1225E-01      74.1    503.7
2015  9 18   261   16  9  0     40.06    0.1226E-01      73.1    503.2
2015  9 18   261   16 10  0     40.01    0.1229E-01      72.9    503.2
2015  9 18   261   16 11  0     39.96    0.1246E-01      73.4    503.0
2015  9 18   261   16 12  0     39.91    0.1231E-01      71.8    502.7
2015  9 18   261   16 13  0     39.86    0.1222E-01      70.6    502.8
2015  9 18   261   16 14  0     39.81    0.1222E-01      70.0    502.6
2015  9 18   261   16 15  0     39.77    0.1219E-01      69.4    502.6
2015  9 18   261   16 16  0     39.72    0.1219E-01      68.9    502.5
2015  9 18   261   16 17  0     39.68    0.1230E-01      69.6    502.9
2015  9 18   261   16 18  0     39.63    0.1236E-01      69.3    502.6
2015  9 18   261   16 19  0     39.59    0.1222E-01      68.1    502.6
2015  9 18   261   16 20  0     39.55    0.1227E-01      68.0    502.5
2015  9 18   261   16 21  0     39.51    0.1221E-01      67.8    503.0
2015  9 18   261   16 22  0     39.47    0.1239E-01      68.1    502.5
2015  9 18   261   16 23  0     39.44    0.1224E-01      66.8    502.5
2015  9 18   261   16 24  0     39.40    0.1219E-01      66.1    502.3
2015  9 18   261   16 25  0     39.37    0.1229E-01      66.3    502.2
2015  9 18   261   16 26  0     39.34    0.1215E-01      65.0    502.0
2015  9 18   261   16 27  0     39.30    0.1231E-01      65.9    502.2
2015  9 18   261   16 28  0     39.28    0.1260E-01      67.8    502.5
2015  9 18   261   16 29  0     39.25    0.1300E-01      70.3    502.7
2015  9 18   261   16 30  0     39.22    0.1302E-01      70.4    502.8
2015  9 18   261   16 31  0     39.19    0.1298E-01      69.5    502.5
2015  9 18   261   16 32  0     39.17    0.1283E-01      68.3    502.5
2015  9 18   261   16 33  0     39.14    0.1294E-01      68.9    502.5
2015  9 18   261   16 34  0     39.12    0.1288E-01      68.3    502.5
2015  9 18   261   16 35  0     39.10    0.1280E-01      67.7    502.6
2015  9 18   261   16 36  0     39.08    0.1258E-01      66.2    502.6
2015  9 18   261   16 37  0     39.06    0.1272E-01      67.1    502.8
2015  9 18   261   16 38  0     39.04    0.1291E-01      68.4    503.0
2015  9 18   261   16 39  0     39.03    0.1287E-01      67.6    502.6
2015  9 18   261   16 40  0     39.02    0.1306E-01      69.3    503.2
2015  9 18   261   16 41  0     39.00    0.1329E-01      70.9    503.5
2015  9 18   261   16 42  0     38.99    0.1336E-01      71.4    503.7
2015  9 18   261   16 43  0     38.98    0.1325E-01      70.5    503.6
2015  9 18   261   16 44  0     38.97    0.1307E-01      69.1    503.5
2015  9 18   261   16 45  0     38.96    0.1312E-01      69.3    503.4
2015  9 18   261   16 46  0     38.96    0.1294E-01      68.6    503.5
2015  9 18   261   16 47  0     38.95    0.1310E-01      69.1    503.4
2015  9 18   261   16 48  0     38.95    0.1321E-01      69.9    503.7
2015  9 18   261   16 49  0     38.94    0.1334E-01      70.8    503.8
2015  9 18   261   16 50  0     38.94    0.1343E-01      71.3    503.8
2015  9 18   261   16 51  0     38.94    0.1354E-01      71.9    503.8
2015  9 18   261   16 52  0     38.94    0.1362E-01      72.4    503.7
2015  9 18   261   16 53  0     38.95    0.1356E-01      72.1    503.6
2015  9 18   261   16 54  0     38.95    0.1357E-01      72.2    503.8
2015  9 18   261   16 55  0     38.95    0.1361E-01      72.4    503.8
2015  9 18   261   16 56  0     38.96    0.1361E-01      72.3    503.6
2015  9 18   261   16 57  0     38.97    0.1364E-01      72.5    503.6
2015  9 18   261   16 58  0     38.98    0.1369E-01      72.8    503.5
2015  9 18   261   16 59  0     38.99    0.1376E-01      73.4    503.6
2015  9 18   261   17  0  0     39.00    0.1386E-01      74.1    503.6
2015  9 18   261   17  1  0     39.01    0.1378E-01      73.8    503.7
2015  9 18   261   17  2  0     39.03    0.1383E-01      74.1    503.6
2015  9 18   261   17  3  0     39.04    0.1392E-01      74.7    503.5
2015  9 18   261   17  4  0     39.06    0.1400E-01      75.3    503.4
2015  9 18   261   17  5  0     39.08    0.1402E-01      75.6    503.4
2015  9 18   261   17  6  0     39.10    0.1391E-01      74.0    502.2
2015  9 18   261   17  7  0     39.12    0.1402E-01      75.9    503.4
2015  9 18   261   17  8  0     39.14    0.1398E-01      75.9    503.4
2015  9 18   261   17  9  0     39.16    0.1343E-01      73.7    504.5
2015  9 18   261   17 10  0     39.19    0.1388E-01      75.6    503.5
2015  9 18   261   17 11  0     39.21    0.1376E-01      74.8    503.2
2015  9 18   261   17 12  0     39.24    0.1387E-01      75.8    503.3
2015  9 18   261   17 13  0     39.27    0.1386E-01      76.0    503.2
2015  9 18   261   17 14  0     39.30    0.1376E-01      75.6    503.2
2015  9 18   261   17 15  0     39.33    0.1381E-01      76.4    503.3
2015  9 18   261   17 16  0     39.36    0.1369E-01      76.1    503.5
2015  9 18   261   17 17  0     39.40    0.1398E-01      77.8    503.1
2015  9 18   261   17 18  0     39.43    0.1387E-01      76.8    502.6
2015  9 18   261   17 19  0     39.47    0.1393E-01      78.0    503.0
2015  9 18   261   17 20  0     39.50    0.1387E-01      78.1    503.1
2015  9 18   261   17 21  0     39.54    0.1386E-01      78.5    503.2
2015  9 18   261   17 22  0     39.58    0.1374E-01      77.7    502.9
2015  9 18   261   17 23  0     39.62    0.1356E-01      77.1    502.9
2015  9 18   261   17 24  0     39.67    0.1349E-01      77.1    503.1
2015  9 18   261   17 25  0     39.71    0.1358E-01      78.3    503.2
2015  9 18   261   17 26  0     39.76    0.1362E-01      78.7    502.9
2015  9 18   261   17 27  0     39.80    0.1346E-01      77.3    502.3
2015  9 18   261   17 28  0     39.85    0.1309E-01      74.5    501.4
2015  9 18   261   17 29  0     39.90    0.1310E-01      76.0    502.4
2015  9 18   261   17 30  0     39.95    0.1307E-01      76.2    502.3
2015  9 18   261   17 31  0     40.00    0.1307E-01      75.8    501.4
2015  9 18   261   17 32  0     40.05    0.1285E-01      74.2    500.5
2015  9 18   261   17 33  0     40.10    0.1306E-01      77.2    501.8
2015  9 18   261   17 34  0     40.16    0.1313E-01      78.3    501.9
2015  9 18   261   17 35  0     40.21    0.1304E-01      78.2    501.8
2015  9 18   261   17 36  0     40.27    0.1305E-01      78.4    501.4
2015  9 18   261   17 37  0     40.33    0.1305E-01      78.8    501.2
2015  9 18   261   17 38  0     40.39    0.1296E-01      78.6    501.2
2015  9 18   261   17 39  0     40.45    0.1275E-01      77.8    501.2
2015  9 18   261   17 40  0     40.51    0.1267E-01      77.9    501.2
2015  9 18   261   17 41  0     40.58    0.1261E-01      78.0    501.0
2015  9 18   261   17 42  0     40.64    0.1264E-01      78.3    500.7
2015  9 18   261   17 43  0     40.71    0.1260E-01      78.4    500.3
2015  9 18   261   17 44  0     40.77    0.1251E-01      78.7    500.5
2015  9 18   261   17 45  0     40.84    0.1228E-01      77.4    500.1
2015  9 18   261   17 46  0     40.91    0.1231E-01      78.4    500.3
2015  9 18   261   17 47  0     40.98    0.1224E-01      78.4    500.1
2015  9 18   261   17 48  0     41.05    0.1214E-01      78.3    500.0
2015  9 18   261   17 49  0     41.12    0.1211E-01      78.6    499.6
2015  9 18   261   17 50  0     41.19    0.1182E-01      77.3    499.7
2015  9 18   261   17 51  0     41.27    0.1181E-01      77.6    499.5
2015  9 18   261   17 52  0     41.34    0.1181E-01      78.3    499.4
2015  9 18   261   17 53  0     41.42    0.1181E-01      79.1    499.4
2015  9 18   261   17 54  0     41.50    0.1173E-01      79.4    499.4
2015  9 18   261   17 55  0     41.58    0.1164E-01      79.4    499.2
2015  9 18   261   17 56  0     41.66    0.1161E-01      79.4    498.8
2015  9 18   261   17 57  0     41.74    0.1160E-01      80.3    498.8
2015  9 18   261   17 58  0     41.82    0.1155E-01      80.8    498.7
2015  9 18   261   17 59  0     41.90    0.1155E-01      81.3    498.4
2015  9 18   261   18  0  0     41.99    0.1142E-01      81.1    498.3
2015  9 18   261   18  1  0     42.07    0.1136E-01      81.2    497.8
2015  9 18   261   18  2  0     42.16    0.1132E-01      81.3    497.3
2015  9 18   261   18  3  0     42.24    0.1129E-01      81.8    497.0
2015  9 18   261   18  4  0     42.33    0.1123E-01      81.8    496.7
2015  9 18   261   18  5  0     42.42    0.1118E-01      82.0    496.3
2015  9 18   261   18  6  0     42.51    0.1108E-01      82.2    496.6
2015  9 18   261   18  7  0     42.60    0.1099E-01      82.2    496.3
2015  9 18   261   18  8  0     42.69    0.1092E-01      82.7    496.3
2015  9 18   261   18  9  0     42.79    0.1090E-01      83.3    496.0
2015  9 18   261   18 10  0     42.88    0.1075E-01      82.7    495.7
2015  9 18   261   18 11  0     42.98    0.1059E-01      81.9    495.3
2015  9 18   261   18 12  0     43.07    0.1037E-01      80.9    494.6
2015  9 18   261   18 13  0     43.17    0.1046E-01      82.7    494.4
2015  9 18   261   18 14  0     43.27    0.1040E-01      83.5    494.3
2015  9 18   261   18 15  0     43.37    0.1021E-01      83.0    494.3
2015  9 18   261   18 16  0     43.46    0.1016E-01      83.4    494.0
2015  9 18   261   18 17  0     43.57    0.1018E-01      84.4    493.6
2015  9 18   261   18 18  0     43.67    0.9959E-02      84.1    493.8
2015  9 18   261   18 19  0     43.77    0.9899E-02      83.9    493.1
2015  9 18   261   18 20  0     43.87    0.9843E-02      84.4    493.6
2015  9 18   261   18 21  0     43.98    0.9783E-02      84.3    493.0
2015  9 18   261   18 22  0     44.08    0.9698E-02      84.4    491.8
2015  9 18   261   18 23  0     44.19    0.9689E-02      85.4    491.5
2015  9 18   261   18 24  0     44.30    0.9552E-02      85.0    491.1
2015  9 18   261   18 25  0     44.40    0.9469E-02      85.1    490.7
2015  9 18   261   18 26  0     44.51    0.9359E-02      85.0    490.3
2015  9 18   261   18 27  0     44.62    0.9292E-02      85.3    489.9
2015  9 18   261   18 28  0     44.73    0.9278E-02      85.9    489.3
2015  9 18   261   18 29  0     44.84    0.9132E-02      85.9    489.2
2015  9 18   261   18 30  0     44.96    0.8991E-02      85.5    488.8
2015  9 18   261   18 31  0     45.07    0.8913E-02      85.9    488.5
2015  9 18   261   18 32  0     45.18    0.8892E-02      86.5    487.9
2015  9 18   261   18 33  0     45.30    0.8751E-02      85.9    487.4
2015  9 18   261   18 34  0     45.41    0.8708E-02      86.6    487.0
2015  9 18   261   18 35  0     45.53    0.8571E-02      86.4    486.7
2015  9 18   261   18 36  0     45.65    0.8543E-02      87.1    486.2
2015  9 18   261   18 37  0     45.76    0.8470E-02      87.3    485.7
2015  9 18   261   18 38  0     45.88    0.8345E-02      86.9    485.1
2015  9 18   261   18 39  0     46.00    0.8241E-02      86.8    484.6
2015  9 18   261   18 40  0     46.12    0.8191E-02      87.3    484.0
2015  9 18   261   18 41  0     46.25    0.8036E-02      87.0    483.8
2015  9 18   261   18 42  0     46.37    0.7896E-02      87.1    483.6
2015  9 18   261   18 43  0     46.49    0.7798E-02      86.9    483.0
2015  9 18   261   18 44  0     46.62    0.7678E-02      86.7    482.6
2015  9 18   261   18 45  0     46.74    0.7589E-02      86.7    482.0
2015  9 18   261   18 46  0     46.86    0.7562E-02      87.4    481.3
2015  9 18   261   18 47  0     46.99    0.7452E-02      87.5    480.9
2015  9 18   261   18 48  0     47.12    0.7315E-02      87.1    480.5
2015  9 18   261   18 49  0     47.24    0.7226E-02      87.4    480.1
2015  9 18   261   18 50  0     47.37    0.7054E-02      86.4    479.6
2015  9 18   261   18 51  0     47.50    0.6870E-02      86.2    479.5
2015  9 18   261   18 52  0     47.63    0.6821E-02      86.9    479.0
2015  9 18   261   18 53  0     47.76    0.6702E-02      86.8    478.6
2015  9 18   261   18 54  0     47.89    0.6641E-02      87.7    478.2
2015  9 18   261   18 55  0     48.02    0.6562E-02      87.8    477.2
2015  9 18   261   18 56  0     48.15    0.6483E-02      88.2    476.7
2015  9 18   261   18 57  0     48.29    0.6331E-02      87.8    476.4
2015  9 18   261   18 58  0     48.42    0.6141E-02      86.9    476.1
2015  9 18   261   18 59  0     48.55    0.6065E-02      87.7    476.1
2015  9 18   261   19  0  0     48.69    0.6009E-02      88.4    475.5
2015  9 18   261   19  1  0     48.82    0.5926E-02      88.4    474.8
2015  9 18   261   19  2  0     48.96    0.5823E-02      88.8    474.5
2015  9 18   261   19  3  0     49.09    0.5714E-02      88.7    473.2
2015  9 18   261   19  4  0     49.23    0.5564E-02      88.4    472.9
2015  9 18   261   19  5  0     49.37    0.5476E-02      88.6    472.3
2015  9 18   261   19  6  0     49.51    0.5381E-02      88.8    471.7
2015  9 18   261   19  7  0     49.65    0.5347E-02      89.5    470.9
2015  9 18   261   19  8  0     49.79    0.5199E-02      89.3    470.5
2015  9 18   261   19  9  0     49.93    0.5067E-02      89.2    470.1
2015  9 18   261   19 10  0     50.07    0.4921E-02      88.8    469.7
2015  9 18   261   19 11  0     50.21    0.4824E-02      89.1    469.2
2015  9 18   261   19 12  0     50.35    0.4700E-02      88.6    468.6
2015  9 18   261   19 13  0     50.49    0.4570E-02      88.5    468.2
2015  9 18   261   19 14  0     50.64    0.4452E-02      89.0    467.9
2015  9 18   261   19 15  0     50.78    0.4329E-02      88.7    467.4
2015  9 18   261   19 16  0     50.92    0.4227E-02      89.0    466.9
2015  9 18   261   19 17  0     51.07    0.4104E-02      88.8    466.4
2015  9 18   261   19 18  0     51.22    0.4004E-02      89.1    466.0
2015  9 18   261   19 19  0     51.36    0.3867E-02      88.6    465.6
2015  9 18   261   19 20  0     51.51    0.3762E-02      88.8    465.0
2015  9 18   261   19 21  0     51.65    0.3678E-02      89.2    464.5
2015  9 18   261   19 22  0     51.80    0.3546E-02      89.4    464.2
2015  9 18   261   19 23  0     51.95    0.3462E-02      89.9    463.6
2015  9 18   261   19 24  0     52.10    0.3349E-02      89.9    463.1
2015  9 18   261   19 25  0     52.25    0.3243E-02      89.8    462.6
2015  9 18   261   19 26  0     52.40    0.3128E-02      89.5    462.0
2015  9 18   261   19 27  0     52.55    0.3024E-02      89.8    461.6
2015  9 18   261   19 28  0     52.70    0.2941E-02      90.2    461.0
2015  9 18   261   19 29  0     52.85    0.2850E-02      90.6    460.4
2015  9 18   261   19 30  0     53.00    0.2730E-02      90.7    460.0
2015  9 18   261   19 31  0     53.15    0.2585E-02      90.2    459.8
2015  9 18   261   19 32  0     53.31    0.2480E-02      89.9    459.2
2015  9 18   261   19 33  0     53.46    0.2399E-02      90.0    458.5
2015  9 18   261   19 34  0     53.62    0.2318E-02      90.1    457.8
2015  9 18   261   19 35  0     53.77    0.2205E-02      89.4    457.2
2015  9 18   261   19 36  0     53.92    0.2078E-02      89.4    456.9
2015  9 18   261   19 37  0     54.08    0.1987E-02      89.9    456.0
2015  9 18   261   19 38  0     54.23    0.1885E-02      89.9    455.5
2015  9 18   261   19 39  0     54.39    0.1790E-02      90.1    454.9
2015  9 18   261   19 40  0     54.55    0.1699E-02      90.4    454.9
2015  9 18   261   19 41  0     54.70    0.1593E-02      90.2    454.5
2015  9 18   261   19 42  0     54.86    0.1475E-02      89.5    454.1
2015  9 18   261   19 43  0     55.02    0.1383E-02      89.4    452.7
2015  9 18   261   19 44  0     55.18    0.1291E-02      89.5    452.2
2015  9 18   261   19 45  0     55.34    0.1214E-02      89.3    451.4
2015  9 18   261   19 46  0     55.50    0.1112E-02      88.6    450.8
2015  9 18   261   19 47  0     55.66    0.1028E-02      88.3    450.1
2015  9 18   261   19 48  0     55.82    0.9517E-03      88.7    449.4
2015  9 18   261   19 49  0     55.98    0.8603E-03      88.9    448.9
2015  9 18   261   19 50  0     56.14    0.7747E-03      88.8    448.3
2015  9 18   261   19 51  0     56.30    0.6846E-03      89.1    447.8
2015  9 18   261   19 52  0     56.46    0.6207E-03      89.9    447.0
2015  9 18   261   19 53  0     56.62    0.5576E-03      90.0    446.2
2015  9 18   261   19 54  0     56.78    0.4891E-03      90.2    445.4
2015  9 18   261   19 55  0     56.95    0.4141E-03      90.1    444.6
2015  9 18   261   19 56  0     57.11    0.3442E-03      90.1    443.9
2015  9 18   261   19 57  0     57.27    0.2635E-03      90.0    443.3
2015  9 18   261   19 58  0     57.44    0.1822E-03      89.6    442.8
2015  9 18   261   19 59  0     57.60    0.9091E-04      89.8    442.4
2015  9 18   261   20  0  0     57.76    0.1002E-04      89.5    441.9
2015  9 18   261   20  1  0     57.93   -0.5200E-04      89.3    441.0
2015  9 18   261   20  2  0     58.10   -0.1162E-03      89.3    440.3
2015  9 18   261   20  3  0     58.26   -0.1775E-03      89.0    439.6
2015  9 18   261   20  4  0     58.43   -0.2433E-03      88.8    438.9
2015  9 18   261   20  5  0     58.59   -0.3130E-03      89.3    438.3
2015  9 18   261   20  6  0     58.76   -0.3772E-03      89.3    437.6
2015  9 18   261   20  7  0     58.93   -0.4473E-03      89.2    437.1
2015  9 18   261   20  8  0     59.09   -0.5197E-03      89.3    436.1
2015  9 18   261   20  9  0     59.26   -0.5894E-03      89.4    435.6
2015  9 18   261   20 10  0     59.43   -0.6613E-03      89.1    435.7
2015  9 18   261   20 11  0     59.60   -0.7347E-03      89.6    435.2
2015  9 18   261   20 12  0     59.77   -0.8011E-03      90.1    434.7
2015  9 18   261   20 13  0     59.94   -0.8684E-03      89.7    434.2
2015  9 18   261   20 14  0     60.11   -0.9545E-03      89.7    433.4
2015  9 18   261   20 15  0     60.27   -0.1026E-02      89.4    433.2
2015  9 18   261   20 16  0     60.44   -0.1085E-02      88.7    432.8
2015  9 18   261   20 17  0     60.61   -0.1137E-02      88.1    432.2
2015  9 18   261   20 18  0     60.79   -0.1201E-02      88.8    432.6
2015  9 18   261   20 19  0     60.96   -0.1254E-02      88.8    432.0
2015  9 18   261   20 20  0     61.13   -0.1316E-02      89.0    430.7
2015  9 18   261   20 21  0     61.30   -0.1381E-02      89.2    430.4
2015  9 18   261   20 22  0     61.47   -0.1433E-02      89.3    429.9
2015  9 18   261   20 23  0     61.64   -0.1488E-02      89.9    429.3
2015  9 18   261   20 24  0     61.82   -0.1539E-02      90.1    428.7
2015  9 18   261   20 25  0     61.99   -0.1591E-02      90.4    429.5
2015  9 18   261   20 26  0     62.16   -0.1643E-02      90.4    427.9
2015  9 18   261   20 27  0     62.33   -0.1678E-02      90.2    427.3
2015  9 18   261   20 28  0     62.51   -0.1717E-02      89.9    426.8
2015  9 18   261   20 29  0     62.68   -0.1759E-02      90.0    426.2
2015  9 18   261   20 30  0     62.86   -0.1810E-02      90.2    425.8
2015  9 18   261   20 31  0     63.03   -0.1861E-02      90.7    425.5
2015  9 18   261   20 32  0     63.20   -0.1899E-02      90.8    425.0
2015  9 18   261   20 33  0     63.38   -0.1924E-02      90.3    424.5
2015  9 18   261   20 34  0     63.55   -0.1941E-02      89.8    423.8
2015  9 18   261   20 35  0     63.73   -0.1969E-02      89.5    423.3
2015  9 18   261   20 36  0     63.91   -0.1997E-02      89.2    422.7
2015  9 18   261   20 37  0     64.08   -0.2024E-02      89.3    422.2
2015  9 18   261   20 38  0     64.26   -0.2061E-02      89.4    421.9
2015  9 18   261   20 39  0     64.43   -0.2104E-02      90.0    421.8
2015  9 18   261   20 40  0     64.61   -0.2140E-02      90.1    421.6
2015  9 18   261   20 41  0     64.79   -0.2155E-02      90.0    420.8
2015  9 18   261   20 42  0     64.96   -0.2165E-02      89.6    420.1
2015  9 18   261   20 43  0     65.14   -0.2192E-02      89.7    419.9
2015  9 18   261   20 44  0     65.32   -0.2211E-02      89.6    419.5
2015  9 18   261   20 45  0     65.50   -0.2227E-02      89.2    419.2
2015  9 18   261   20 46  0     65.67   -0.2245E-02      89.2    418.8
2015  9 18   261   20 47  0     65.85   -0.2259E-02      89.2    418.2
2015  9 18   261   20 48  0     66.03   -0.2261E-02      88.7    417.3
2015  9 18   261   20 49  0     66.21   -0.2267E-02      88.4    416.8
2015  9 18   261   20 50  0     66.39   -0.2268E-02      88.1    416.6
2015  9 18   261   20 51  0     66.57   -0.2271E-02      87.8    416.1
2015  9 18   261   20 52  0     66.75   -0.2278E-02      87.6    415.7
2015  9 18   261   20 53  0     66.92   -0.2290E-02      88.0    415.3
2015  9 18   261   20 54  0     67.10   -0.2300E-02      88.1    414.5
2015  9 18   261   20 55  0     67.28   -0.2321E-02      88.4    414.6
2015  9 18   261   20 56  0     67.46   -0.2336E-02      88.9    414.9
2015  9 18   261   20 57  0     67.64   -0.2344E-02      88.9    414.8
2015  9 18   261   20 58  0     67.82   -0.2343E-02      88.9    414.2
2015  9 18   261   20 59  0     68.01   -0.2354E-02      89.3    413.5
2015  9 18   261   21  0  0     68.19   -0.2358E-02      89.2    413.5
2015  9 18   261   21  1  0     68.37   -0.2350E-02      89.1    413.1
2015  9 18   261   21  2  0     68.55   -0.2346E-02      89.0    413.4
2015  9 18   261   21  3  0     68.73   -0.2351E-02      89.2    413.4
2015  9 18   261   21  4  0     68.91   -0.2350E-02      89.4    413.1
2015  9 18   261   21  5  0     69.09   -0.2336E-02      89.0    412.1
2015  9 18   261   21  6  0     69.27   -0.2332E-02      89.1    412.0
2015  9 18   261   21  7  0     69.46   -0.2328E-02      89.4    411.8
2015  9 18   261   21  8  0     69.64   -0.2320E-02      89.2    412.4
2015  9 18   261   21  9  0     69.82   -0.2309E-02      89.2    412.2
2015  9 18   261   21 10  0     70.00   -0.2300E-02      89.2    411.4
2015  9 18   261   21 11  0     70.19   -0.2287E-02      89.2    411.4
2015  9 18   261   21 12  0     70.37   -0.2277E-02      89.3    411.4
2015  9 18   261   21 13  0     70.55   -0.2268E-02      89.5    411.4
2015  9 18   261   21 14  0     70.73   -0.2263E-02      89.7    412.4
2015  9 18   261   21 15  0     70.92   -0.2240E-02      89.5    412.1
2015  9 18   261   21 16  0     71.10   -0.2237E-02      89.9    412.2
2015  9 18   261   21 17  0     71.28   -0.2225E-02      90.2    412.5
2015  9 18   261   21 18  0     71.47   -0.2218E-02      90.7    412.9
2015  9 18   261   21 19  0     71.65   -0.2207E-02      90.9    413.7
2015  9 18   261   21 20  0     71.84   -0.2189E-02      91.0    413.9
2015  9 18   261   21 21  0     72.02   -0.2169E-02      91.0    413.7
2015  9 18   261   21 22  0     72.20   -0.2145E-02      90.7    413.9
2015  9 18   261   21 23  0     72.39   -0.2132E-02      91.2    414.7
2015  9 18   261   21 24  0     72.57   -0.2119E-02      91.5    415.5
2015  9 18   261   21 25  0     72.76   -0.2098E-02      91.8    415.6
2015  9 18   261   21 26  0     72.94   -0.2077E-02      91.8    416.1
2015  9 18   261   21 27  0     73.13   -0.2065E-02      92.2    417.3
2015  9 18   261   21 28  0     73.31   -0.2042E-02      92.6    417.3
2015  9 18   261   21 29  0     73.50   -0.2015E-02      92.6    417.9
2015  9 18   261   21 30  0     73.68   -0.1997E-02      92.8    418.9
2015  9 18   261   21 31  0     73.87   -0.1979E-02      93.2    419.9
2015  9 18   261   21 32  0     74.06   -0.1957E-02      93.6    420.3
2015  9 18   261   21 33  0     74.24   -0.1931E-02      93.7    421.2
2015  9 18   261   21 34  0     74.43   -0.1905E-02      93.7    422.5
2015  9 18   261   21 35  0     74.61   -0.1879E-02      93.9    424.1
2015  9 18   261   21 36  0     74.80   -0.1858E-02      94.3    425.9
2015  9 18   261   21 37  0     74.98   -0.1831E-02      94.7    426.5
2015  9 18   261   21 38  0     75.17   -0.1807E-02      94.9    429.0
2015  9 18   261   21 39  0     75.36   -0.1774E-02      94.7    430.8
2015  9 18   261   21 40  0     75.54   -0.1750E-02      95.1    433.2
2015  9 18   261   21 41  0     75.73   -0.1725E-02      95.5    435.4
2015  9 18   261   21 42  0     75.92   -0.1695E-02      95.8    435.8
2015  9 18   261   21 43  0     76.10   -0.1667E-02      96.0    439.2
2015  9 18   261   21 44  0     76.29   -0.1648E-02      96.7    442.9
2015  9 18   261   21 45  0     76.48   -0.1619E-02      97.0    445.4
2015  9 18   261   21 46  0     76.66   -0.1585E-02      97.3    446.1
2015  9 18   261   21 47  0     76.85   -0.1558E-02      97.6    450.5
2015  9 18   261   21 48  0     77.04   -0.1534E-02      98.2    454.0
2015  9 18   261   21 49  0     77.23   -0.1503E-02      98.4    456.9
2015  9 18   261   21 50  0     77.41   -0.1472E-02      98.8    459.9
2015  9 18   261   21 51  0     77.60   -0.1445E-02      99.0    465.1
2015  9 18   261   21 52  0     77.79   -0.1413E-02      99.3    467.3
2015  9 18   261   21 53  0     77.97   -0.1379E-02      99.3    469.6
2015  9 18   261   21 54  0     78.16   -0.1349E-02      99.6    473.5
2015  9 18   261   21 55  0     78.35   -0.1319E-02      99.9    478.1
2015  9 18   261   21 56  0     78.54   -0.1286E-02     100.2    478.2
2015  9 18   261   21 57  0     78.73   -0.1255E-02     100.5    481.4
2015  9 18   261   21 58  0     78.91   -0.1225E-02     100.8    486.2
2015  9 18   261   21 59  0     79.10   -0.1195E-02     101.2    489.0
2015  9 18   261   22  0  0     79.29   -0.1167E-02     101.6    493.6
2015  9 18   261   22  1  0     79.48   -0.1134E-02     101.9    494.0
2015  9 18   261   22  2  0     79.67   -0.1103E-02     102.3    497.7
2015  9 18   261   22  3  0     79.86   -0.1073E-02     102.4    503.4
2015  9 18   261   22  4  0     80.04   -0.1042E-02     103.1    502.8
2015  9 18   261   22  5  0     80.23   -0.1013E-02     103.6    505.4
2015  9 18   261   22  6  0     80.42   -0.9882E-03     104.2    513.2
2015  9 18   261   22  7  0     80.61   -0.9546E-03     104.7    509.4
2015  9 18   261   22  8  0     80.80   -0.9252E-03     105.4    510.4
2015  9 18   261   22  9  0     80.99   -0.8993E-03     106.1    514.7
2015  9 18   261   22 10  0     81.18   -0.8700E-03     106.7    514.8
2015  9 18   261   22 11  0     81.37   -0.8394E-03     107.3    513.9
2015  9 18   261   22 12  0     81.56   -0.8104E-03     107.9    513.5
2015  9 18   261   22 13  0     81.74   -0.7815E-03     108.6    513.0
2015  9 18   261   22 14  0     81.93   -0.7508E-03     109.2    509.6
2015  9 18   261   22 15  0     82.12   -0.7239E-03     109.7    512.2
2015  9 18   261   22 16  0     82.31   -0.6938E-03     110.3    508.2
2015  9 18   261   22 17  0     82.50   -0.6652E-03     111.0    504.5
2015  9 18   261   22 18  0     82.69   -0.6395E-03     111.7    506.7
2015  9 18   261   22 19  0     82.88   -0.6084E-03     112.2    500.4
2015  9 18   261   22 20  0     83.07   -0.5816E-03     112.8    499.0
2015  9 18   261   22 21  0     83.26   -0.5572E-03     113.5    498.7
2015  9 18   261   22 22  0     83.45   -0.5324E-03     114.4    496.5
2015  9 18   261   22 23  0     83.64   -0.5084E-03     115.2    495.8
2015  9 18   261   22 24  0     83.82   -0.4811E-03     115.7    491.5
2015  9 18   261   22 25  0     84.01   -0.4545E-03     116.3    485.7
2015  9 18   261   22 26  0     84.20   -0.4334E-03     117.2    487.9
2015  9 18   261   22 27  0     84.39   -0.4098E-03     118.3    484.9
2015  9 18   261   22 28  0     84.58   -0.3845E-03     119.4    477.5
2015  9 18   261   22 29  0     84.77   -0.3597E-03     120.5    471.6
2015  9 18   261   22 30  0     84.96   -0.3368E-03     121.9    466.0
2015  9 18   261   22 31  0     85.15   -0.3145E-03     122.8    461.2
2015  9 18   261   22 32  0     85.34   -0.2942E-03     123.7    459.1
2015  9 18   261   22 33  0     85.53   -0.2748E-03     125.0    457.2
2015  9 18   261   22 34  0     85.72   -0.2524E-03     126.3    449.8
2015  9 18   261   22 35  0     85.91   -0.2328E-03     127.8    447.1
2015  9 18   261   22 36  0     86.10   -0.2128E-03     129.1    437.8
2015  9 18   261   22 37  0     86.29   -0.1951E-03     130.3    434.5
2015  9 18   261   22 38  0     86.48   -0.1754E-03     131.6    427.8
2015  9 18   261   22 39  0     86.67   -0.1550E-03     133.2    418.3
2015  9 18   261   22 40  0     86.86   -0.1405E-03     135.2    415.9
2015  9 18   261   22 41  0     87.05   -0.1237E-03     137.0    408.0
2015  9 18   261   22 42  0     87.24   -0.1098E-03     138.8    405.4
2015  9 18   261   22 43  0     87.42   -0.9225E-04     140.8    395.4
2015  9 18   261   22 44  0     87.61   -0.8070E-04     143.0    395.1
2015  9 18   261   22 45  0     87.80   -0.6751E-04     145.7    389.4
2015  9 18   261   22 46  0     87.99   -0.5005E-04     148.6    377.5
2015  9 18   261   22 47  0     88.18   -0.3962E-04     150.3    373.4
2015  9 18   261   22 48  0     88.37   -0.2465E-04     152.6    363.5
2015  9 18   261   22 49  0     88.56   -0.1270E-04     156.0    357.6
2015  9 18   261   22 50  0     88.75   -0.4591E-05     159.7    354.7
2015  9 18   261   22 51  0     88.94    0.1042E-04     164.1    342.8
2015  9 18   261   22 52  0     89.13    0.2089E-04     167.4    333.2
2015  9 18   261   22 53  0     89.32    0.2504E-04     170.7    333.6
2015  9 18   261   22 54  0     89.51    0.3753E-04     175.0    322.6
2015  9 18   261   22 55  0     89.70    0.4384E-04     180.3    319.8
2015  9 18   261   22 56  0     89.89    0.5125E-04     186.8    316.7
