                            NILUUV 115

Uvpro Version 2.0
Latitude :   40.74 (North)
Longitude:  -74.03  (West)
Calibration file: cf100603a.115
Height above sea level:    40.0  m
CLT derived from channel 4
CLT scale factor used:   1.0
Ozone derived from channel pair ch3/ch1
Ozone scale factor used:   1.0
Drift factors ch1-ch6:   3.000154.000  1.000  1.000  1.000  1.000
Ozone profile climatology: Mid  Latitude
Dose type:    CLW    Caldwell Plant 1971           

yyyy mm dd   jul   hh mm ss      SZA     dose rate       clt     Ozone
                              [degrees]   [W/m^2]        [%]     [DU]
2015 12 27   361   12 25  0     89.96    0.9848E-04       9.4     23.2
2015 12 27   361   12 26  0     89.80    0.9928E-04       9.6     25.0
2015 12 27   361   12 27  0     89.64    0.9807E-04       9.8     27.3
2015 12 27   361   12 28  0     89.48    0.9523E-04       9.9     29.8
2015 12 27   361   12 29  0     89.32    0.9510E-04      10.3     32.3
2015 12 27   361   12 30  0     89.16    0.9349E-04      10.4     34.6
2015 12 27   361   12 31  0     89.00    0.9465E-04      10.8     36.5
2015 12 27   361   12 32  0     88.84    0.9681E-04      11.2     39.1
2015 12 27   361   12 33  0     88.68    0.9383E-04      11.1     41.8
2015 12 27   361   12 34  0     88.52    0.9448E-04      11.4     44.3
2015 12 27   361   12 35  0     88.36    0.9355E-04      12.1     48.1
2015 12 27   361   12 36  0     88.20    0.9275E-04      12.8     51.9
2015 12 27   361   12 37  0     88.05    0.9184E-04      13.2     55.3
2015 12 27   361   12 38  0     87.89    0.8915E-04      13.6     59.7
2015 12 27   361   12 39  0     87.73    0.8636E-04      13.8     63.5
2015 12 27   361   12 40  0     87.57    0.8721E-04      14.7     67.8
2015 12 27   361   12 41  0     87.42    0.8357E-04      15.9     74.6
2015 12 27   361   12 42  0     87.26    0.8318E-04      15.0     74.4
2015 12 27   361   12 43  0     87.11    0.8200E-04      15.0     77.1
2015 12 27   361   12 44  0     86.95    0.8285E-04      15.2     79.2
2015 12 27   361   12 45  0     86.79    0.8123E-04      15.2     82.3
2015 12 27   361   12 46  0     86.64    0.7817E-04      15.1     85.9
2015 12 27   361   12 47  0     86.48    0.7577E-04      15.5     90.0
2015 12 27   361   12 48  0     86.33    0.7236E-04      16.1     95.4
2015 12 27   361   12 49  0     86.17    0.6791E-04      16.0     99.7
2015 12 27   361   12 50  0     86.02    0.6920E-04      16.1    100.9
2015 12 27   361   12 51  0     85.87    0.6803E-04      15.8    102.9
2015 12 27   361   12 52  0     85.71    0.6332E-04      16.0    107.9
2015 12 27   361   12 53  0     85.56    0.6184E-04      16.3    111.3
2015 12 27   361   12 54  0     85.41    0.5912E-04      16.9    116.0
2015 12 27   361   12 55  0     85.26    0.5619E-04      16.4    118.5
2015 12 27   361   12 56  0     85.10    0.5641E-04      16.3    119.7
2015 12 27   361   12 57  0     84.95    0.5130E-04      16.7    126.2
2015 12 27   361   12 58  0     84.80    0.4548E-04      17.9    135.8
2015 12 27   361   12 59  0     84.65    0.4402E-04      17.7    138.2
2015 12 27   361   13  0  0     84.50    0.4214E-04      17.6    141.8
2015 12 27   361   13  1  0     84.35    0.3738E-04      18.4    149.6
2015 12 27   361   13  2  0     84.20    0.2847E-04      18.8    160.5
2015 12 27   361   13  3  0     84.05    0.2924E-04      18.0    159.4
2015 12 27   361   13  4  0     83.90    0.2771E-04      17.5    161.3
2015 12 27   361   13  5  0     83.75    0.2942E-04      16.9    160.3
2015 12 27   361   13  6  0     83.60    0.1984E-04      17.1    171.2
2015 12 27   361   13  7  0     83.46    0.1439E-04      17.7    178.3
2015 12 27   361   13  8  0     83.31    0.1356E-04      17.8    179.7
2015 12 27   361   13  9  0     83.16    0.2953E-05      19.3    191.3
2015 12 27   361   13 10  0     83.01   -0.1671E-04      22.3    211.1
2015 12 27   361   13 11  0     82.87   -0.2784E-04      23.4    222.0
2015 12 27   361   13 12  0     82.72   -0.4971E-04      25.4    245.0
2015 12 27   361   13 13  0     82.58   -0.5383E-04      25.6    247.5
2015 12 27   361   13 14  0     82.43   -0.6192E-04      25.9    254.4
2015 12 27   361   13 15  0     82.29   -0.6507E-04      25.5    256.0
2015 12 27   361   13 16  0     82.14   -0.6602E-04      25.3    253.8
2015 12 27   361   13 17  0     82.00   -0.7587E-04      25.2    263.4
2015 12 27   361   13 18  0     81.85   -0.8641E-04      25.7    271.5
2015 12 27   361   13 19  0     81.71   -0.1011E-03      26.6    283.0
2015 12 27   361   13 20  0     81.57   -0.9579E-04      25.6    275.2
2015 12 27   361   13 21  0     81.42   -0.1010E-03      25.1    280.4
2015 12 27   361   13 22  0     81.28   -0.1107E-03      25.3    287.6
2015 12 27   361   13 23  0     81.14   -0.1203E-03      25.7    293.6
2015 12 27   361   13 24  0     81.00   -0.1146E-03      24.4    288.4
2015 12 27   361   13 25  0     80.86   -0.1296E-03      25.2    300.0
2015 12 27   361   13 26  0     80.72   -0.1428E-03      25.8    308.3
2015 12 27   361   13 27  0     80.57   -0.1519E-03      26.2    311.9
2015 12 27   361   13 28  0     80.43   -0.1541E-03      25.6    312.5
2015 12 27   361   13 29  0     80.30   -0.1648E-03      25.9    316.1
2015 12 27   361   13 30  0     80.16   -0.1750E-03      25.9    322.7
2015 12 27   361   13 31  0     80.02   -0.1743E-03      25.1    320.4
2015 12 27   361   13 32  0     79.88   -0.1892E-03      25.8    325.7
2015 12 27   361   13 33  0     79.74   -0.1930E-03      25.4    326.4
2015 12 27   361   13 34  0     79.60   -0.2056E-03      25.8    331.2
2015 12 27   361   13 35  0     79.47   -0.2067E-03      25.2    331.1
2015 12 27   361   13 36  0     79.33   -0.2299E-03      26.6    339.5
2015 12 27   361   13 37  0     79.19   -0.2718E-03      29.1    358.1
2015 12 27   361   13 38  0     79.06   -0.2700E-03      28.3    355.9
2015 12 27   361   13 39  0     78.92   -0.2834E-03      28.5    361.9
2015 12 27   361   13 40  0     78.79   -0.2940E-03      28.6    364.2
2015 12 27   361   13 41  0     78.65   -0.3132E-03      29.3    369.9
2015 12 27   361   13 42  0     78.52   -0.3160E-03      29.0    367.8
2015 12 27   361   13 43  0     78.39   -0.3099E-03      27.9    366.0
2015 12 27   361   13 44  0     78.25   -0.3170E-03      27.9    365.9
2015 12 27   361   13 45  0     78.12   -0.3362E-03      28.8    369.3
2015 12 27   361   13 46  0     77.99   -0.3506E-03      29.3    373.6
2015 12 27   361   13 47  0     77.86   -0.3744E-03      30.1    382.8
2015 12 27   361   13 48  0     77.73   -0.3836E-03      30.2    386.3
2015 12 27   361   13 49  0     77.60   -0.3840E-03      29.5    390.3
2015 12 27   361   13 50  0     77.47   -0.4017E-03      30.1    395.8
2015 12 27   361   13 51  0     77.34   -0.4367E-03      31.8    402.1
2015 12 27   361   13 52  0     77.21   -0.4649E-03      33.0    407.7
2015 12 27   361   13 53  0     77.08   -0.4525E-03      31.6    405.7
2015 12 27   361   13 54  0     76.95   -0.4758E-03      32.4    410.2
2015 12 27   361   13 55  0     76.82   -0.4760E-03      32.2    404.9
2015 12 27   361   13 56  0     76.69   -0.5137E-03      34.0    411.1
2015 12 27   361   13 57  0     76.57   -0.5322E-03      34.7    414.0
2015 12 27   361   13 58  0     76.44   -0.5772E-03      36.5    418.9
2015 12 27   361   13 59  0     76.31   -0.5300E-03      33.7    406.4
2015 12 27   361   14  0  0     76.19   -0.5063E-03      32.1    400.3
2015 12 27   361   14  1  0     76.06   -0.5401E-03      33.2    405.4
2015 12 27   361   14  2  0     75.94   -0.5457E-03      33.0    406.8
2015 12 27   361   14  3  0     75.81   -0.5860E-03      34.7    407.1
2015 12 27   361   14  4  0     75.69   -0.6172E-03      35.6    410.3
2015 12 27   361   14  5  0     75.57   -0.6345E-03      36.3    409.3
2015 12 27   361   14  6  0     75.45   -0.6508E-03      36.4    412.2
2015 12 27   361   14  7  0     75.32   -0.6754E-03      37.1    413.6
2015 12 27   361   14  8  0     75.20   -0.6212E-03      34.0    406.8
2015 12 27   361   14  9  0     75.08   -0.7049E-03      37.0    413.1
2015 12 27   361   14 10  0     74.96   -0.6965E-03      36.3    412.3
2015 12 27   361   14 11  0     74.84   -0.6930E-03      35.7    413.3
2015 12 27   361   14 12  0     74.72   -0.6737E-03      34.7    409.2
2015 12 27   361   14 13  0     74.60   -0.7289E-03      36.6    411.3
2015 12 27   361   14 14  0     74.48   -0.6203E-03      31.5    401.9
2015 12 27   361   14 15  0     74.37   -0.5977E-03      30.2    399.2
2015 12 27   361   14 16  0     74.25   -0.6045E-03      30.0    399.8
2015 12 27   361   14 17  0     74.13   -0.5933E-03      29.2    396.8
2015 12 27   361   14 18  0     74.01   -0.5822E-03      28.5    394.8
2015 12 27   361   14 19  0     73.90   -0.5436E-03      26.8    391.9
2015 12 27   361   14 20  0     73.78   -0.5625E-03      27.5    393.5
2015 12 27   361   14 21  0     73.67   -0.6070E-03      29.2    396.7
2015 12 27   361   14 22  0     73.55   -0.5866E-03      28.2    395.3
2015 12 27   361   14 23  0     73.44   -0.5931E-03      28.1    393.2
2015 12 27   361   14 24  0     73.33   -0.5580E-03      26.4    390.1
2015 12 27   361   14 25  0     73.22   -0.5434E-03      25.6    387.7
2015 12 27   361   14 26  0     73.10   -0.5933E-03      27.2    389.8
2015 12 27   361   14 27  0     72.99   -0.5930E-03      27.1    390.4
2015 12 27   361   14 28  0     72.88   -0.5981E-03      27.1    391.8
2015 12 27   361   14 29  0     72.77   -0.6441E-03      28.8    395.0
2015 12 27   361   14 30  0     72.66   -0.6635E-03      28.9    397.4
2015 12 27   361   14 31  0     72.55   -0.6866E-03      29.7    397.3
2015 12 27   361   14 32  0     72.44   -0.6665E-03      28.7    395.6
2015 12 27   361   14 33  0     72.34   -0.6169E-03      26.5    393.3
2015 12 27   361   14 34  0     72.23   -0.6418E-03      27.5    392.7
2015 12 27   361   14 35  0     72.12   -0.6269E-03      26.6    392.3
2015 12 27   361   14 36  0     72.02   -0.6047E-03      25.7    390.0
2015 12 27   361   14 37  0     71.91   -0.6300E-03      26.3    392.2
2015 12 27   361   14 38  0     71.81   -0.6097E-03      25.5    389.4
2015 12 27   361   14 39  0     71.70   -0.6513E-03      26.8    392.7
2015 12 27   361   14 40  0     71.60   -0.5912E-03      24.7    388.5
2015 12 27   361   14 41  0     71.49   -0.6299E-03      26.2    389.8
2015 12 27   361   14 42  0     71.39   -0.6353E-03      26.2    390.0
2015 12 27   361   14 43  0     71.29   -0.7053E-03      28.7    392.8
2015 12 27   361   14 44  0     71.19   -0.6553E-03      26.7    391.4
2015 12 27   361   14 45  0     71.09   -0.6117E-03      25.2    387.7
2015 12 27   361   14 46  0     70.99   -0.6118E-03      25.1    387.0
2015 12 27   361   14 47  0     70.89   -0.5706E-03      23.5    385.1
2015 12 27   361   14 48  0     70.79   -0.5459E-03      22.4    384.1
2015 12 27   361   14 49  0     70.69   -0.5438E-03      22.4    383.4
2015 12 27   361   14 50  0     70.59   -0.5668E-03      23.4    382.5
2015 12 27   361   14 51  0     70.49   -0.4832E-03      20.6    378.9
2015 12 27   361   14 52  0     70.40   -0.4403E-03      18.9    377.1
2015 12 27   361   14 53  0     70.30   -0.4568E-03      19.5    377.5
2015 12 27   361   14 54  0     70.21   -0.4682E-03      19.8    376.7
2015 12 27   361   14 55  0     70.11   -0.4570E-03      19.4    376.4
2015 12 27   361   14 56  0     70.02   -0.4375E-03      18.8    376.5
2015 12 27   361   14 57  0     69.92   -0.4382E-03      18.8    375.9
2015 12 27   361   14 58  0     69.83   -0.4964E-03      20.7    378.5
2015 12 27   361   14 59  0     69.74   -0.5052E-03      21.1    378.1
2015 12 27   361   15  0  0     69.65   -0.4556E-03      19.4    376.3
2015 12 27   361   15  1  0     69.56   -0.4499E-03      19.1    376.4
2015 12 27   361   15  2  0     69.47   -0.4339E-03      18.6    375.9
2015 12 27   361   15  3  0     69.38   -0.4605E-03      19.5    376.4
2015 12 27   361   15  4  0     69.29   -0.4538E-03      19.2    375.9
2015 12 27   361   15  5  0     69.20   -0.4656E-03      19.6    376.5
2015 12 27   361   15  6  0     69.11   -0.4904E-03      20.6    376.8
2015 12 27   361   15  7  0     69.03   -0.4359E-03      18.8    374.7
2015 12 27   361   15  8  0     68.94   -0.4214E-03      18.2    375.4
2015 12 27   361   15  9  0     68.86   -0.4463E-03      19.1    376.1
2015 12 27   361   15 10  0     68.77   -0.4657E-03      19.8    377.4
2015 12 27   361   15 11  0     68.69   -0.4890E-03      20.7    378.3
2015 12 27   361   15 12  0     68.60   -0.4910E-03      20.8    378.8
2015 12 27   361   15 13  0     68.52   -0.4877E-03      20.6    379.4
2015 12 27   361   15 14  0     68.44   -0.4729E-03      20.2    379.1
2015 12 27   361   15 15  0     68.36   -0.4553E-03      19.6    379.0
2015 12 27   361   15 16  0     68.28   -0.4311E-03      18.9    378.4
2015 12 27   361   15 17  0     68.20   -0.4786E-03      20.8    380.1
2015 12 27   361   15 18  0     68.12   -0.4576E-03      20.1    380.0
2015 12 27   361   15 19  0     68.04   -0.4824E-03      21.3    379.0
2015 12 27   361   15 20  0     67.96   -0.4221E-03      19.2    377.4
2015 12 27   361   15 21  0     67.88   -0.4032E-03      18.5    377.5
2015 12 27   361   15 22  0     67.81   -0.4152E-03      18.9    379.7
2015 12 27   361   15 23  0     67.73   -0.4549E-03      20.6    379.2
2015 12 27   361   15 24  0     67.66   -0.4181E-03      19.3    377.4
2015 12 27   361   15 25  0     67.58   -0.3824E-03      18.0    376.8
2015 12 27   361   15 26  0     67.51   -0.3961E-03      18.6    377.7
2015 12 27   361   15 27  0     67.44   -0.4600E-03      20.9    380.4
2015 12 27   361   15 28  0     67.36   -0.5113E-03      23.0    382.3
2015 12 27   361   15 29  0     67.29   -0.5250E-03      23.8    383.4
2015 12 27   361   15 30  0     67.22   -0.5654E-03      25.3    386.1
2015 12 27   361   15 31  0     67.15   -0.5990E-03      27.0    388.9
2015 12 27   361   15 32  0     67.08   -0.6151E-03      27.5    390.1
2015 12 27   361   15 33  0     67.01   -0.5964E-03      27.1    389.8
2015 12 27   361   15 34  0     66.95   -0.5992E-03      27.1    392.2
2015 12 27   361   15 35  0     66.88   -0.6146E-03      27.8    392.7
2015 12 27   361   15 36  0     66.81   -0.6544E-03      29.4    394.0
2015 12 27   361   15 37  0     66.75   -0.6537E-03      29.5    394.2
2015 12 27   361   15 38  0     66.68   -0.7020E-03      31.4    395.1
2015 12 27   361   15 39  0     66.62   -0.6709E-03      30.4    394.8
2015 12 27   361   15 40  0     66.55   -0.6336E-03      29.0    394.3
2015 12 27   361   15 41  0     66.49   -0.5748E-03      26.7    392.7
2015 12 27   361   15 42  0     66.43   -0.5325E-03      25.0    391.4
2015 12 27   361   15 43  0     66.37   -0.4723E-03      22.7    389.9
2015 12 27   361   15 44  0     66.31   -0.5049E-03      24.0    391.0
2015 12 27   361   15 45  0     66.25   -0.5060E-03      24.3    390.4
2015 12 27   361   15 46  0     66.19   -0.4616E-03      22.7    389.1
2015 12 27   361   15 47  0     66.13   -0.4571E-03      22.8    388.7
2015 12 27   361   15 48  0     66.07   -0.4185E-03      21.2    388.2
2015 12 27   361   15 49  0     66.02   -0.4197E-03      21.5    387.9
2015 12 27   361   15 50  0     65.96   -0.3922E-03      20.5    387.2
2015 12 27   361   15 51  0     65.91   -0.3889E-03      20.5    387.0
2015 12 27   361   15 52  0     65.85   -0.3861E-03      20.6    386.9
2015 12 27   361   15 53  0     65.80   -0.3829E-03      20.8    386.7
2015 12 27   361   15 54  0     65.75   -0.3617E-03      19.7    387.0
2015 12 27   361   15 55  0     65.69   -0.3920E-03      21.2    387.9
2015 12 27   361   15 56  0     65.64   -0.4040E-03      22.0    388.3
2015 12 27   361   15 57  0     65.59   -0.4189E-03      22.8    388.9
2015 12 27   361   15 58  0     65.54   -0.4254E-03      23.4    388.9
2015 12 27   361   15 59  0     65.50   -0.4346E-03      24.1    389.3
2015 12 27   361   16  0  0     65.45   -0.4426E-03      24.9    389.7
2015 12 27   361   16  1  0     65.40   -0.4550E-03      25.8    389.8
2015 12 27   361   16  2  0     65.35   -0.4344E-03      25.2    389.4
2015 12 27   361   16  3  0     65.31   -0.3995E-03      23.7    388.2
2015 12 27   361   16  4  0     65.26   -0.4274E-03      25.0    389.2
2015 12 27   361   16  5  0     65.22   -0.4528E-03      26.4    390.0
2015 12 27   361   16  6  0     65.18   -0.4921E-03      28.5    390.7
2015 12 27   361   16  7  0     65.13   -0.4643E-03      27.5    390.5
2015 12 27   361   16  8  0     65.09   -0.4804E-03      27.9    392.0
2015 12 27   361   16  9  0     65.05   -0.5185E-03      30.0    392.6
2015 12 27   361   16 10  0     65.01   -0.4870E-03      28.5    392.5
2015 12 27   361   16 11  0     64.97   -0.4865E-03      28.9    393.6
2015 12 27   361   16 12  0     64.93   -0.4796E-03      28.6    393.7
2015 12 27   361   16 13  0     64.90   -0.5310E-03      30.8    395.0
2015 12 27   361   16 14  0     64.86   -0.5028E-03      30.0    394.1
2015 12 27   361   16 15  0     64.82   -0.5095E-03      30.2    394.9
2015 12 27   361   16 16  0     64.79   -0.5069E-03      30.2    394.7
2015 12 27   361   16 17  0     64.75   -0.4747E-03      29.5    393.3
2015 12 27   361   16 18  0     64.72   -0.3973E-03      25.4    392.8
2015 12 27   361   16 19  0     64.69   -0.3815E-03      24.7    392.7
2015 12 27   361   16 20  0     64.66   -0.3984E-03      25.8    391.9
2015 12 27   361   16 21  0     64.62   -0.3897E-03      25.7    391.7
2015 12 27   361   16 22  0     64.59   -0.4014E-03      26.7    391.7
2015 12 27   361   16 23  0     64.56   -0.3747E-03      25.5    391.4
2015 12 27   361   16 24  0     64.54   -0.3595E-03      24.8    391.4
2015 12 27   361   16 25  0     64.51   -0.3374E-03      24.0    391.1
2015 12 27   361   16 26  0     64.48   -0.3199E-03      23.2    390.8
2015 12 27   361   16 27  0     64.46   -0.3441E-03      25.3    390.2
2015 12 27   361   16 28  0     64.43   -0.2958E-03      22.9    389.0
2015 12 27   361   16 29  0     64.41   -0.3009E-03      23.4    389.1
2015 12 27   361   16 30  0     64.38   -0.3130E-03      24.6    389.0
2015 12 27   361   16 31  0     64.36   -0.3144E-03      24.9    389.0
2015 12 27   361   16 32  0     64.34   -0.3059E-03      25.0    388.5
2015 12 27   361   16 33  0     64.32   -0.2766E-03      23.7    387.5
2015 12 27   361   16 34  0     64.30   -0.2583E-03      22.6    387.3
2015 12 27   361   16 35  0     64.28   -0.2146E-03      20.1    386.2
2015 12 27   361   16 36  0     64.26   -0.2154E-03      20.1    386.3
2015 12 27   361   16 37  0     64.24   -0.1980E-03      19.4    385.5
2015 12 27   361   16 38  0     64.22   -0.1968E-03      19.1    385.9
2015 12 27   361   16 39  0     64.21   -0.2130E-03      20.2    386.5
2015 12 27   361   16 40  0     64.19   -0.2200E-03      20.7    386.8
2015 12 27   361   16 41  0     64.18   -0.2269E-03      21.8    386.6
2015 12 27   361   16 42  0     64.16   -0.2096E-03      20.9    386.0
2015 12 27   361   16 43  0     64.15   -0.1917E-03      19.9    385.3
2015 12 27   361   16 44  0     64.14   -0.1844E-03      19.8    384.8
2015 12 27   361   16 45  0     64.13   -0.1790E-03      20.0    384.3
2015 12 27   361   16 46  0     64.12   -0.1712E-03      20.0    383.7
2015 12 27   361   16 47  0     64.11   -0.1663E-03      19.9    383.4
2015 12 27   361   16 48  0     64.10   -0.1616E-03      19.8    383.2
2015 12 27   361   16 49  0     64.09   -0.1591E-03      19.9    383.1
2015 12 27   361   16 50  0     64.09   -0.1895E-03      22.3    383.7
2015 12 27   361   16 51  0     64.08   -0.1601E-03      20.9    382.7
2015 12 27   361   16 52  0     64.07   -0.1704E-03      21.0    383.4
2015 12 27   361   16 53  0     64.07   -0.2037E-03      23.9    384.2
2015 12 27   361   16 54  0     64.07   -0.2126E-03      24.2    384.7
2015 12 27   361   16 55  0     64.06   -0.2145E-03      25.2    384.2
2015 12 27   361   16 56  0     64.06   -0.2422E-03      25.8    386.2
2015 12 27   361   16 57  0     64.06   -0.2539E-03      26.9    386.4
2015 12 27   361   16 58  0     64.06   -0.2652E-03      27.7    386.5
2015 12 27   361   16 59  0     64.06   -0.2645E-03      27.6    386.8
2015 12 27   361   17  0  0     64.06   -0.2934E-03      28.9    388.0
2015 12 27   361   17  1  0     64.06   -0.3090E-03      30.8    387.8
2015 12 27   361   17  2  0     64.07   -0.2667E-03      27.5    387.2
2015 12 27   361   17  3  0     64.07   -0.2881E-03      28.7    387.7
2015 12 27   361   17  4  0     64.08   -0.2708E-03      28.0    386.9
2015 12 27   361   17  5  0     64.08   -0.2589E-03      27.4    386.2
2015 12 27   361   17  6  0     64.09   -0.2816E-03      29.0    386.7
2015 12 27   361   17  7  0     64.10   -0.2861E-03      29.4    386.6
2015 12 27   361   17  8  0     64.11   -0.2931E-03      30.1    386.6
2015 12 27   361   17  9  0     64.11   -0.2881E-03      29.1    387.1
2015 12 27   361   17 10  0     64.12   -0.3063E-03      30.0    387.6
2015 12 27   361   17 11  0     64.14   -0.2947E-03      29.3    387.4
2015 12 27   361   17 12  0     64.15   -0.2962E-03      29.6    387.0
2015 12 27   361   17 13  0     64.16   -0.2627E-03      27.5    386.1
2015 12 27   361   17 14  0     64.17   -0.2597E-03      27.2    385.8
2015 12 27   361   17 15  0     64.19   -0.2347E-03      26.3    384.1
2015 12 27   361   17 16  0     64.20   -0.2098E-03      25.6    382.4
2015 12 27   361   17 17  0     64.22   -0.1920E-03      24.5    381.6
2015 12 27   361   17 18  0     64.23   -0.1790E-03      23.9    380.9
2015 12 27   361   17 19  0     64.25   -0.1872E-03      24.1    381.2
2015 12 27   361   17 20  0     64.27   -0.2000E-03      24.7    381.7
2015 12 27   361   17 21  0     64.29   -0.2343E-03      27.3    382.5
2015 12 27   361   17 22  0     64.31   -0.2559E-03      28.2    383.3
2015 12 27   361   17 23  0     64.33   -0.2417E-03      27.6    382.6
2015 12 27   361   17 24  0     64.35   -0.2631E-03      28.6    383.1
2015 12 27   361   17 25  0     64.37   -0.3005E-03      31.8    383.1
2015 12 27   361   17 26  0     64.40   -0.2995E-03      31.7    383.0
2015 12 27   361   17 27  0     64.42   -0.2986E-03      30.5    383.6
2015 12 27   361   17 28  0     64.45   -0.3133E-03      31.3    383.6
2015 12 27   361   17 29  0     64.47   -0.3070E-03      31.3    383.0
2015 12 27   361   17 30  0     64.50   -0.3419E-03      32.8    383.9
2015 12 27   361   17 31  0     64.53   -0.2698E-03      28.7    381.3
2015 12 27   361   17 32  0     64.56   -0.2677E-03      28.4    381.0
2015 12 27   361   17 33  0     64.58   -0.2928E-03      29.0    382.2
2015 12 27   361   17 34  0     64.61   -0.3038E-03      29.8    382.0
2015 12 27   361   17 35  0     64.65   -0.3376E-03      31.0    383.5
2015 12 27   361   17 36  0     64.68   -0.3209E-03      30.0    382.6
2015 12 27   361   17 37  0     64.71   -0.3515E-03      31.8    382.8
2015 12 27   361   17 38  0     64.74   -0.3284E-03      30.3    381.7
2015 12 27   361   17 39  0     64.78   -0.3580E-03      32.1    382.0
2015 12 27   361   17 40  0     64.81   -0.3885E-03      33.1    383.0
2015 12 27   361   17 41  0     64.85   -0.4045E-03      33.9    383.2
2015 12 27   361   17 42  0     64.88   -0.3941E-03      32.6    383.3
2015 12 27   361   17 43  0     64.92   -0.4044E-03      33.0    383.3
2015 12 27   361   17 44  0     64.96   -0.4405E-03      34.5    383.9
2015 12 27   361   17 45  0     65.00   -0.4791E-03      37.0    383.6
2015 12 27   361   17 46  0     65.04   -0.4121E-03      32.7    382.7
2015 12 27   361   17 47  0     65.08   -0.4600E-03      34.7    383.9
2015 12 27   361   17 48  0     65.12   -0.4846E-03      36.5    383.3
2015 12 27   361   17 49  0     65.16   -0.4418E-03      33.7    382.7
2015 12 27   361   17 50  0     65.20   -0.4346E-03      32.6    382.6
2015 12 27   361   17 51  0     65.25   -0.4899E-03      35.5    383.5
2015 12 27   361   17 52  0     65.29   -0.5103E-03      36.5    383.1
2015 12 27   361   17 53  0     65.34   -0.4714E-03      34.1    382.5
2015 12 27   361   17 54  0     65.38   -0.4689E-03      33.2    383.0
2015 12 27   361   17 55  0     65.43   -0.4937E-03      34.3    383.1
2015 12 27   361   17 56  0     65.48   -0.4947E-03      34.0    383.0
2015 12 27   361   17 57  0     65.53   -0.5119E-03      34.2    383.7
2015 12 27   361   17 58  0     65.58   -0.5317E-03      35.4    382.8
2015 12 27   361   17 59  0     65.63   -0.4717E-03      31.4    382.3
2015 12 27   361   18  0  0     65.68   -0.4624E-03      31.2    381.0
2015 12 27   361   18  1  0     65.73   -0.4859E-03      31.9    380.9
2015 12 27   361   18  2  0     65.78   -0.4621E-03      31.0    380.1
2015 12 27   361   18  3  0     65.84   -0.4817E-03      31.3    380.6
2015 12 27   361   18  4  0     65.89   -0.4947E-03      32.3    379.7
2015 12 27   361   18  5  0     65.94   -0.4664E-03      30.8    378.6
2015 12 27   361   18  6  0     66.00   -0.4800E-03      31.4    378.4
2015 12 27   361   18  7  0     66.06   -0.5612E-03      35.2    380.1
2015 12 27   361   18  8  0     66.11   -0.5837E-03      36.2    380.1
2015 12 27   361   18  9  0     66.17   -0.5741E-03      35.8    379.1
2015 12 27   361   18 10  0     66.23   -0.6139E-03      37.5    379.8
2015 12 27   361   18 11  0     66.29   -0.6403E-03      38.4    380.3
2015 12 27   361   18 12  0     66.35   -0.5536E-03      34.2    378.0
2015 12 27   361   18 13  0     66.41   -0.5684E-03      34.5    377.7
2015 12 27   361   18 14  0     66.47   -0.5341E-03      32.9    376.4
2015 12 27   361   18 15  0     66.53   -0.5663E-03      33.5    377.9
2015 12 27   361   18 16  0     66.60   -0.6293E-03      37.1    376.4
2015 12 27   361   18 17  0     66.66   -0.5318E-03      31.8    375.4
2015 12 27   361   18 18  0     66.72   -0.4969E-03      30.0    374.1
2015 12 27   361   18 19  0     66.79   -0.5250E-03      30.9    374.7
2015 12 27   361   18 20  0     66.86   -0.5275E-03      31.1    373.9
2015 12 27   361   18 21  0     66.92   -0.5259E-03      30.9    373.4
2015 12 27   361   18 22  0     66.99   -0.4900E-03      29.0    372.3
2015 12 27   361   18 23  0     67.06   -0.5017E-03      29.3    371.8
2015 12 27   361   18 24  0     67.13   -0.5289E-03      30.3    371.7
2015 12 27   361   18 25  0     67.20   -0.5243E-03      29.8    371.7
2015 12 27   361   18 26  0     67.27   -0.6382E-03      34.7    373.9
2015 12 27   361   18 27  0     67.34   -0.6918E-03      37.0    374.4
2015 12 27   361   18 28  0     67.41   -0.7775E-03      40.6    376.7
2015 12 27   361   18 29  0     67.48   -0.7441E-03      39.7    374.8
2015 12 27   361   18 30  0     67.56   -0.6768E-03      35.9    375.2
2015 12 27   361   18 31  0     67.63   -0.7997E-03      41.7    374.2
2015 12 27   361   18 32  0     67.71   -0.6702E-03      36.0    370.4
2015 12 27   361   18 33  0     67.78   -0.5773E-03      31.4    368.5
2015 12 27   361   18 34  0     67.86   -0.5616E-03      30.6    367.4
2015 12 27   361   18 35  0     67.93   -0.6059E-03      32.0    370.0
2015 12 27   361   18 36  0     68.01   -0.6159E-03      32.8    366.7
2015 12 27   361   18 37  0     68.09   -0.4864E-03      26.8    364.5
2015 12 27   361   18 38  0     68.17   -0.5447E-03      29.2    364.4
2015 12 27   361   18 39  0     68.25   -0.5526E-03      29.3    365.0
2015 12 27   361   18 40  0     68.33   -0.5475E-03      29.1    365.0
2015 12 27   361   18 41  0     68.41   -0.4866E-03      26.1    362.7
2015 12 27   361   18 42  0     68.49   -0.5574E-03      29.0    362.8
2015 12 27   361   18 43  0     68.58   -0.5985E-03      30.7    363.5
2015 12 27   361   18 44  0     68.66   -0.6325E-03      31.6    366.6
2015 12 27   361   18 45  0     68.74   -0.7497E-03      36.9    365.6
2015 12 27   361   18 46  0     68.83   -0.7248E-03      35.3    367.2
2015 12 27   361   18 47  0     68.91   -0.6821E-03      33.5    365.8
2015 12 27   361   18 48  0     69.00   -0.6490E-03      31.8    364.9
2015 12 27   361   18 49  0     69.08   -0.6072E-03      30.1    363.6
2015 12 27   361   18 50  0     69.17   -0.5842E-03      28.9    363.0
2015 12 27   361   18 51  0     69.26   -0.6185E-03      30.2    363.4
2015 12 27   361   18 52  0     69.35   -0.6210E-03      30.4    362.4
2015 12 27   361   18 53  0     69.44   -0.5884E-03      28.8    362.0
2015 12 27   361   18 54  0     69.53   -0.6099E-03      29.6    361.8
2015 12 27   361   18 55  0     69.62   -0.5984E-03      28.9    361.2
2015 12 27   361   18 56  0     69.71   -0.6418E-03      30.7    361.4
2015 12 27   361   18 57  0     69.80   -0.5926E-03      28.7    361.9
2015 12 27   361   18 58  0     69.89   -0.5947E-03      28.5    361.1
2015 12 27   361   18 59  0     69.99   -0.5772E-03      27.7    359.8
2015 12 27   361   19  0  0     70.08   -0.6223E-03      29.6    360.2
2015 12 27   361   19  1  0     70.17   -0.6743E-03      31.6    362.2
2015 12 27   361   19  2  0     70.27   -0.7653E-03      35.2    361.4
2015 12 27   361   19  3  0     70.37   -0.5848E-03      27.9    357.7
2015 12 27   361   19  4  0     70.46   -0.5558E-03      26.4    358.3
2015 12 27   361   19  5  0     70.56   -0.5927E-03      28.0    359.1
2015 12 27   361   19  6  0     70.66   -0.6377E-03      29.8    360.5
2015 12 27   361   19  7  0     70.75   -0.6527E-03      30.4    360.4
2015 12 27   361   19  8  0     70.85   -0.6162E-03      28.9    358.9
2015 12 27   361   19  9  0     70.95   -0.6499E-03      30.3    360.2
2015 12 27   361   19 10  0     71.05   -0.6805E-03      31.5    361.1
2015 12 27   361   19 11  0     71.15   -0.7126E-03      32.9    361.9
2015 12 27   361   19 12  0     71.25   -0.7330E-03      33.8    363.5
2015 12 27   361   19 13  0     71.36   -0.7951E-03      36.4    364.6
2015 12 27   361   19 14  0     71.46   -0.8007E-03      36.5    364.9
2015 12 27   361   19 15  0     71.56   -0.7937E-03      36.1    365.4
2015 12 27   361   19 16  0     71.67   -0.7792E-03      35.6    365.6
2015 12 27   361   19 17  0     71.77   -0.7834E-03      35.6    366.4
2015 12 27   361   19 18  0     71.87   -0.8088E-03      36.7    367.7
2015 12 27   361   19 19  0     71.98   -0.8298E-03      37.6    367.6
2015 12 27   361   19 20  0     72.09   -0.7407E-03      34.1    365.3
2015 12 27   361   19 21  0     72.19   -0.6556E-03      30.5    360.3
2015 12 27   361   19 22  0     72.30   -0.6602E-03      30.6    360.7
2015 12 27   361   19 23  0     72.41   -0.6281E-03      29.7    358.8
2015 12 27   361   19 24  0     72.52   -0.5289E-03      25.7    354.3
2015 12 27   361   19 25  0     72.62   -0.5354E-03      26.1    352.1
2015 12 27   361   19 26  0     72.73   -0.5468E-03      26.7    353.3
2015 12 27   361   19 27  0     72.84   -0.5309E-03      26.3    352.6
2015 12 27   361   19 28  0     72.95   -0.5052E-03      25.5    351.8
2015 12 27   361   19 29  0     73.07   -0.4961E-03      25.5    351.4
2015 12 27   361   19 30  0     73.18   -0.5108E-03      26.1    353.0
2015 12 27   361   19 31  0     73.29   -0.5028E-03      26.0    351.6
2015 12 27   361   19 32  0     73.40   -0.5197E-03      26.8    353.7
2015 12 27   361   19 33  0     73.52   -0.5986E-03      30.3    358.2
2015 12 27   361   19 34  0     73.63   -0.6096E-03      31.1    357.9
2015 12 27   361   19 35  0     73.74   -0.5830E-03      30.0    357.1
2015 12 27   361   19 36  0     73.86   -0.5881E-03      30.5    358.6
2015 12 27   361   19 37  0     73.98   -0.6126E-03      31.4    360.0
2015 12 27   361   19 38  0     74.09   -0.6393E-03      32.7    359.8
2015 12 27   361   19 39  0     74.21   -0.6131E-03      31.8    357.2
2015 12 27   361   19 40  0     74.33   -0.5926E-03      31.1    356.1
2015 12 27   361   19 41  0     74.44   -0.5687E-03      29.9    353.2
2015 12 27   361   19 42  0     74.56   -0.5752E-03      30.3    352.9
2015 12 27   361   19 43  0     74.68   -0.5730E-03      30.4    353.0
2015 12 27   361   19 44  0     74.80   -0.5667E-03      30.2    352.4
2015 12 27   361   19 45  0     74.92   -0.5250E-03      28.9    349.3
2015 12 27   361   19 46  0     75.04   -0.5132E-03      28.9    348.2
2015 12 27   361   19 47  0     75.16   -0.5954E-03      32.7    356.1
2015 12 27   361   19 48  0     75.28   -0.6029E-03      33.6    356.6
2015 12 27   361   19 49  0     75.40   -0.5459E-03      31.4    353.5
2015 12 27   361   19 50  0     75.53   -0.5642E-03      32.5    354.1
2015 12 27   361   19 51  0     75.65   -0.5389E-03      31.4    351.6
2015 12 27   361   19 52  0     75.77   -0.4657E-03      28.2    346.8
2015 12 27   361   19 53  0     75.90   -0.4660E-03      28.3    347.9
2015 12 27   361   19 54  0     76.02   -0.5394E-03      32.2    356.8
2015 12 27   361   19 55  0     76.15   -0.6271E-03      37.0    363.8
2015 12 27   361   19 56  0     76.27   -0.5696E-03      34.8    360.4
2015 12 27   361   19 57  0     76.40   -0.5715E-03      35.3    362.3
2015 12 27   361   19 58  0     76.52   -0.5348E-03      33.9    360.6
2015 12 27   361   19 59  0     76.65   -0.5124E-03      33.1    357.9
2015 12 27   361   20  0  0     76.78   -0.5435E-03      34.7    361.3
2015 12 27   361   20  1  0     76.91   -0.5309E-03      34.2    361.6
2015 12 27   361   20  2  0     77.03   -0.5470E-03      35.8    363.8
2015 12 27   361   20  3  0     77.16   -0.5422E-03      36.0    364.5
2015 12 27   361   20  4  0     77.29   -0.5286E-03      35.7    361.9
2015 12 27   361   20  5  0     77.42   -0.5481E-03      37.2    364.5
2015 12 27   361   20  6  0     77.55   -0.5938E-03      40.3    367.2
2015 12 27   361   20  7  0     77.68   -0.5977E-03      41.0    369.5
2015 12 27   361   20  8  0     77.81   -0.6348E-03      43.9    375.0
2015 12 27   361   20  9  0     77.94   -0.6361E-03      44.6    378.5
2015 12 27   361   20 10  0     78.08   -0.5867E-03      42.5    371.3
2015 12 27   361   20 11  0     78.21   -0.5491E-03      41.3    363.6
2015 12 27   361   20 12  0     78.34   -0.5256E-03      40.3    364.7
2015 12 27   361   20 13  0     78.47   -0.5090E-03      40.2    364.0
2015 12 27   361   20 14  0     78.61   -0.4625E-03      37.6    359.9
2015 12 27   361   20 15  0     78.74   -0.3699E-03      32.1    342.0
2015 12 27   361   20 16  0     78.88   -0.3552E-03      31.3    339.6
2015 12 27   361   20 17  0     79.01   -0.3707E-03      32.6    344.6
2015 12 27   361   20 18  0     79.15   -0.4036E-03      35.4    352.2
2015 12 27   361   20 19  0     79.28   -0.4055E-03      36.2    352.6
2015 12 27   361   20 20  0     79.42   -0.3686E-03      34.1    347.1
2015 12 27   361   20 21  0     79.56   -0.3415E-03      33.1    342.2
2015 12 27   361   20 22  0     79.69   -0.2971E-03      30.5    331.9
2015 12 27   361   20 23  0     79.83   -0.3452E-03      34.6    346.5
2015 12 27   361   20 24  0     79.97   -0.3722E-03      37.4    353.3
2015 12 27   361   20 25  0     80.11   -0.3115E-03      33.4    337.3
2015 12 27   361   20 26  0     80.25   -0.2776E-03      31.5    326.1
2015 12 27   361   20 27  0     80.39   -0.2262E-03      27.6    311.4
2015 12 27   361   20 28  0     80.53   -0.2256E-03      28.1    312.3
2015 12 27   361   20 29  0     80.67   -0.2610E-03      31.9    325.4
2015 12 27   361   20 30  0     80.81   -0.2480E-03      31.4    321.7
2015 12 27   361   20 31  0     80.95   -0.2390E-03      31.2    319.7
2015 12 27   361   20 32  0     81.09   -0.2810E-03      35.8    335.6
2015 12 27   361   20 33  0     81.23   -0.2824E-03      36.9    337.4
2015 12 27   361   20 34  0     81.37   -0.2712E-03      37.0    333.8
2015 12 27   361   20 35  0     81.52   -0.3070E-03      41.6    348.4
2015 12 27   361   20 36  0     81.66   -0.2851E-03      40.6    345.1
2015 12 27   361   20 37  0     81.80   -0.2594E-03      39.3    337.8
2015 12 27   361   20 38  0     81.95   -0.2554E-03      40.3    338.5
2015 12 27   361   20 39  0     82.09   -0.2488E-03      40.9    337.7
2015 12 27   361   20 40  0     82.24   -0.2012E-03      36.4    320.1
2015 12 27   361   20 41  0     82.38   -0.1876E-03      36.0    316.1
2015 12 27   361   20 42  0     82.53   -0.2313E-03      42.6    343.7
2015 12 27   361   20 43  0     82.67   -0.2323E-03      43.9    347.1
2015 12 27   361   20 44  0     82.82   -0.2398E-03      46.5    352.5
2015 12 27   361   20 45  0     82.96   -0.2274E-03      46.7    347.6
2015 12 27   361   20 46  0     83.11   -0.2103E-03      45.8    342.1
2015 12 27   361   20 47  0     83.26   -0.1686E-03      40.9    321.5
2015 12 27   361   20 48  0     83.41   -0.1514E-03      40.0    313.1
2015 12 27   361   20 49  0     83.55   -0.1802E-03      45.7    338.2
2015 12 27   361   20 50  0     83.70   -0.1475E-03      42.8    316.5
2015 12 27   361   20 51  0     83.85   -0.1197E-03      39.0    302.2
2015 12 27   361   20 52  0     84.00   -0.1030E-03      38.0    289.6
2015 12 27   361   20 53  0     84.15   -0.9796E-04      38.5    290.3
2015 12 27   361   20 54  0     84.30   -0.7158E-04      35.5    268.6
2015 12 27   361   20 55  0     84.45   -0.5598E-04      34.7    255.2
2015 12 27   361   20 56  0     84.60   -0.3552E-04      31.5    238.1
2015 12 27   361   20 57  0     84.75   -0.1980E-04      29.4    222.8
2015 12 27   361   20 58  0     84.90   -0.1773E-04      30.4    222.6
2015 12 27   361   20 59  0     85.05   -0.7681E-06      27.9    203.4
2015 12 27   361   21  0  0     85.20    0.3586E-04      20.5    155.1
2015 12 27   361   21  1  0     85.36    0.5556E-04      16.3    127.7
2015 12 27   361   21  2  0     85.51    0.6504E-04      14.7    115.8
2015 12 27   361   21  3  0     85.66    0.7410E-04      12.5    104.1
2015 12 27   361   21  4  0     85.81    0.7815E-04      11.6     98.0
2015 12 27   361   21  5  0     85.97    0.7534E-04      12.6    100.0
2015 12 27   361   21  6  0     86.12    0.7591E-04      13.9    101.3
2015 12 27   361   21  7  0     86.28    0.7033E-04      16.9    109.9
2015 12 27   361   21  8  0     86.43    0.6368E-04      19.9    119.0
2015 12 27   361   21  9  0     86.59    0.6859E-04      19.5    113.7
2015 12 27   361   21 10  0     86.74    0.7236E-04      20.0    110.7
2015 12 27   361   21 11  0     86.90    0.7406E-04      18.5    104.2
2015 12 27   361   21 12  0     87.05    0.7526E-04      20.7    106.7
2015 12 27   361   21 13  0     87.21    0.7398E-04      22.9    111.4
2015 12 27   361   21 14  0     87.36    0.7611E-04      23.6    110.4
2015 12 27   361   21 15  0     87.52    0.7790E-04      25.5    111.8
2015 12 27   361   21 16  0     87.68    0.7857E-04      26.3    111.1
2015 12 27   361   21 17  0     87.84    0.7905E-04      27.6    111.5
2015 12 27   361   21 18  0     87.99    0.7721E-04      29.3    113.9
2015 12 27   361   21 19  0     88.15    0.7804E-04      31.9    118.6
2015 12 27   361   21 20  0     88.31    0.7836E-04      33.9    122.3
2015 12 27   361   21 21  0     88.47    0.8047E-04      34.8    121.5
2015 12 27   361   21 22  0     88.63    0.8162E-04      37.5    124.7
2015 12 27   361   21 23  0     88.79    0.7806E-04      42.4    136.0
2015 12 27   361   21 24  0     88.95    0.7543E-04      46.5    144.6
2015 12 27   361   21 25  0     89.10    0.7677E-04      49.8    161.3
2015 12 27   361   21 26  0     89.26    0.8505E-04      45.6    135.7
2015 12 27   361   21 27  0     89.42    0.8753E-04      45.1    127.8
2015 12 27   361   21 28  0     89.59    0.8740E-04      52.0    140.7
2015 12 27   361   21 29  0     89.75    0.8724E-04      57.8    149.9
2015 12 27   361   21 30  0     89.91    0.9104E-04      54.4    133.3
