                            NILUUV 115

Uvpro Version 2.0
Latitude :   40.74 (North)
Longitude:  -74.03  (West)
Calibration file: cf100603a.115
Height above sea level:    40.0  m
CLT derived from channel 4
CLT scale factor used:   1.0
Ozone derived from channel pair ch3/ch1
Ozone scale factor used:   1.0
Drift factors ch1-ch6:   3.000154.000  1.000  1.000  1.000  1.000
Ozone profile climatology: Mid  Latitude
Dose type:    CLW    Caldwell Plant 1971           

yyyy mm dd   jul   hh mm ss      SZA     dose rate       clt     Ozone
                              [degrees]   [W/m^2]        [%]     [DU]
2015  7 31   212    0  0  0     88.33    0.1165E-03      25.4     60.1
2015  7 31   212    0  1  0     88.51    0.1181E-03      24.9     56.4
2015  7 31   212    0  2  0     88.68    0.1197E-03      25.2     53.9
2015  7 31   212    0  3  0     88.86    0.1208E-03      26.1     52.1
2015  7 31   212    0  4  0     89.03    0.1198E-03      27.0     51.1
2015  7 31   212    0  5  0     89.20    0.1207E-03      27.5     50.1
2015  7 31   212    0  6  0     89.38    0.1218E-03      28.3     48.8
2015  7 31   212    0  7  0     89.55    0.1235E-03      29.4     47.6
2015  7 31   212    0  8  0     89.72    0.1234E-03      31.3     47.5
2015  7 31   212    0  9  0     89.90    0.1229E-03      33.8     48.0
2015  7 31   212    9 57  0     89.98    0.1000E-03      92.0    144.3
2015  7 31   212    9 58  0     89.81    0.9819E-04      91.1    149.9
2015  7 31   212    9 59  0     89.64    0.9293E-04      90.7    168.1
2015  7 31   212   10  0  0     89.46    0.9006E-04      90.4    174.5
2015  7 31   212   10  1  0     89.29    0.8619E-04      90.5    180.5
2015  7 31   212   10  2  0     89.12    0.8184E-04      90.8    187.7
2015  7 31   212   10  3  0     88.94    0.7670E-04      90.8    201.5
2015  7 31   212   10  4  0     88.77    0.7267E-04      90.4    207.5
2015  7 31   212   10  5  0     88.60    0.6438E-04      90.1    221.2
2015  7 31   212   10  6  0     88.42    0.6432E-04      90.1    219.9
2015  7 31   212   10  7  0     88.25    0.5777E-04      90.1    228.0
2015  7 31   212   10  8  0     88.07    0.4866E-04      90.3    238.0
2015  7 31   212   10  9  0     87.90    0.4478E-04      90.2    246.4
2015  7 31   212   10 10  0     87.72    0.4082E-04      89.9    250.8
2015  7 31   212   10 11  0     87.55    0.2717E-04      89.7    265.4
2015  7 31   212   10 12  0     87.37    0.2213E-04      89.7    265.8
2015  7 31   212   10 13  0     87.20    0.1655E-04      89.7    268.8
2015  7 31   212   10 14  0     87.02    0.7678E-05      89.8    275.5
2015  7 31   212   10 15  0     86.84   -0.4271E-05      89.6    291.4
2015  7 31   212   10 16  0     86.67   -0.1544E-04      89.3    301.1
2015  7 31   212   10 17  0     86.49   -0.2339E-04      89.2    304.0
2015  7 31   212   10 18  0     86.32   -0.3646E-04      89.2    316.0
2015  7 31   212   10 19  0     86.14   -0.4551E-04      89.2    320.0
2015  7 31   212   10 20  0     85.96   -0.5893E-04      89.2    331.8
2015  7 31   212   10 21  0     85.78   -0.7215E-04      89.0    343.5
2015  7 31   212   10 22  0     85.61   -0.8614E-04      88.9    353.1
2015  7 31   212   10 23  0     85.43   -0.9609E-04      88.9    353.8
2015  7 31   212   10 24  0     85.25   -0.1095E-03      88.8    361.3
2015  7 31   212   10 25  0     85.07   -0.1231E-03      88.8    367.6
2015  7 31   212   10 26  0     84.90   -0.1374E-03      88.6    375.5
2015  7 31   212   10 27  0     84.72   -0.1530E-03      88.3    383.7
2015  7 31   212   10 28  0     84.54   -0.1713E-03      88.1    396.3
2015  7 31   212   10 29  0     84.36   -0.1870E-03      87.9    402.6
2015  7 31   212   10 30  0     84.18   -0.2031E-03      87.8    408.7
2015  7 31   212   10 31  0     84.00   -0.2192E-03      87.7    413.3
2015  7 31   212   10 32  0     83.82   -0.2383E-03      87.7    423.6
2015  7 31   212   10 33  0     83.64   -0.2546E-03      87.7    427.1
2015  7 31   212   10 34  0     83.47   -0.2774E-03      87.6    441.2
2015  7 31   212   10 35  0     83.29   -0.2954E-03      87.6    445.2
2015  7 31   212   10 36  0     83.11   -0.3167E-03      87.6    454.1
2015  7 31   212   10 37  0     82.93   -0.3378E-03      87.6    462.6
2015  7 31   212   10 38  0     82.75   -0.3590E-03      87.5    470.4
2015  7 31   212   10 39  0     82.57   -0.3795E-03      87.4    474.8
2015  7 31   212   10 40  0     82.39   -0.4006E-03      87.3    479.2
2015  7 31   212   10 41  0     82.21   -0.4234E-03      87.2    486.0
2015  7 31   212   10 42  0     82.03   -0.4487E-03      87.2    496.7
2015  7 31   212   10 43  0     81.84   -0.4712E-03      87.1    500.5
2015  7 31   212   10 44  0     81.66   -0.4921E-03      86.9    500.0
2015  7 31   212   10 45  0     81.48   -0.5146E-03      86.8    501.6
2015  7 31   212   10 46  0     81.30   -0.5382E-03      86.7    504.6
2015  7 31   212   10 47  0     81.12   -0.5675E-03      86.7    517.5
2015  7 31   212   10 48  0     80.94   -0.5943E-03      86.7    524.2
2015  7 31   212   10 49  0     80.76   -0.6179E-03      86.5    523.4
2015  7 31   212   10 50  0     80.57   -0.6453E-03      86.4    529.2
2015  7 31   212   10 51  0     80.39   -0.6729E-03      86.3    534.9
2015  7 31   212   10 52  0     80.21   -0.6956E-03      86.2    529.1
2015  7 31   212   10 53  0     80.03   -0.7291E-03      86.2    543.5
2015  7 31   212   10 54  0     79.85   -0.7542E-03      86.1    540.6
2015  7 31   212   10 55  0     79.66   -0.7812E-03      86.0    540.9
2015  7 31   212   10 56  0     79.48   -0.8090E-03      85.9    541.9
2015  7 31   212   10 57  0     79.30   -0.8384E-03      85.8    544.2
2015  7 31   212   10 58  0     79.11   -0.8706E-03      85.7    550.6
2015  7 31   212   10 59  0     78.93   -0.8959E-03      85.6    544.5
2015  7 31   212   11  0  0     78.75   -0.9257E-03      85.5    545.7
2015  7 31   212   11  1  0     78.56   -0.9574E-03      85.3    548.9
2015  7 31   212   11  2  0     78.38   -0.9857E-03      85.3    545.1
2015  7 31   212   11  3  0     78.20   -0.1017E-02      85.2    545.1
2015  7 31   212   11  4  0     78.01   -0.1047E-02      85.2    543.8
2015  7 31   212   11  5  0     77.83   -0.1082E-02      85.0    550.3
2015  7 31   212   11  6  0     77.65   -0.1108E-02      85.0    542.0
2015  7 31   212   11  7  0     77.46   -0.1137E-02      84.9    536.1
2015  7 31   212   11  8  0     77.28   -0.1171E-02      84.8    539.2
2015  7 31   212   11  9  0     77.09   -0.1199E-02      84.8    534.1
2015  7 31   212   11 10  0     76.91   -0.1234E-02      84.7    536.9
2015  7 31   212   11 11  0     76.72   -0.1264E-02      84.6    532.5
2015  7 31   212   11 12  0     76.54   -0.1299E-02      84.6    533.5
2015  7 31   212   11 13  0     76.36   -0.1329E-02      84.5    529.2
2015  7 31   212   11 14  0     76.17   -0.1359E-02      84.4    524.9
2015  7 31   212   11 15  0     75.99   -0.1394E-02      84.4    524.8
2015  7 31   212   11 16  0     75.80   -0.1425E-02      84.3    520.5
2015  7 31   212   11 17  0     75.61   -0.1457E-02      84.3    518.4
2015  7 31   212   11 18  0     75.43   -0.1484E-02      84.1    512.1
2015  7 31   212   11 19  0     75.24   -0.1517E-02      84.1    510.5
2015  7 31   212   11 20  0     75.06   -0.1548E-02      84.0    508.2
2015  7 31   212   11 21  0     74.87   -0.1580E-02      83.8    506.3
2015  7 31   212   11 22  0     74.69   -0.1611E-02      83.8    502.9
2015  7 31   212   11 23  0     74.50   -0.1644E-02      83.7    501.6
2015  7 31   212   11 24  0     74.32   -0.1671E-02      83.7    496.9
2015  7 31   212   11 25  0     74.13   -0.1706E-02      83.6    496.5
2015  7 31   212   11 26  0     73.94   -0.1734E-02      83.5    493.2
2015  7 31   212   11 27  0     73.76   -0.1767E-02      83.4    492.3
2015  7 31   212   11 28  0     73.57   -0.1796E-02      83.4    488.9
2015  7 31   212   11 29  0     73.38   -0.1829E-02      83.4    488.0
2015  7 31   212   11 30  0     73.20   -0.1857E-02      83.3    485.4
2015  7 31   212   11 31  0     73.01   -0.1884E-02      83.1    483.6
2015  7 31   212   11 32  0     72.83   -0.1913E-02      83.0    482.4
2015  7 31   212   11 33  0     72.64   -0.1941E-02      82.9    480.2
2015  7 31   212   11 34  0     72.45   -0.1974E-02      82.9    479.6
2015  7 31   212   11 35  0     72.26   -0.2003E-02      82.8    478.4
2015  7 31   212   11 36  0     72.08   -0.2029E-02      82.8    475.7
2015  7 31   212   11 37  0     71.89   -0.2060E-02      82.9    475.5
2015  7 31   212   11 38  0     71.70   -0.2089E-02      82.8    474.5
2015  7 31   212   11 39  0     71.52   -0.2116E-02      82.9    472.6
2015  7 31   212   11 40  0     71.33   -0.2144E-02      82.8    471.9
2015  7 31   212   11 41  0     71.14   -0.2175E-02      82.9    470.9
2015  7 31   212   11 42  0     70.96   -0.2198E-02      82.8    470.1
2015  7 31   212   11 43  0     70.77   -0.2227E-02      82.9    469.0
2015  7 31   212   11 44  0     70.58   -0.2252E-02      82.9    468.2
2015  7 31   212   11 45  0     70.39   -0.2275E-02      82.8    467.5
2015  7 31   212   11 46  0     70.20   -0.2301E-02      82.9    466.9
2015  7 31   212   11 47  0     70.02   -0.2325E-02      82.8    466.3
2015  7 31   212   11 48  0     69.83   -0.2345E-02      82.8    465.1
2015  7 31   212   11 49  0     69.64   -0.2374E-02      82.9    465.4
2015  7 31   212   11 50  0     69.45   -0.2391E-02      82.9    464.5
2015  7 31   212   11 51  0     69.27   -0.2414E-02      82.7    464.6
2015  7 31   212   11 52  0     69.08   -0.2435E-02      82.8    464.1
2015  7 31   212   11 53  0     68.89   -0.2454E-02      82.7    463.7
2015  7 31   212   11 54  0     68.70   -0.2474E-02      82.7    463.4
2015  7 31   212   11 55  0     68.51   -0.2491E-02      82.7    463.0
2015  7 31   212   11 56  0     68.32   -0.2514E-02      82.8    463.1
2015  7 31   212   11 57  0     68.14   -0.2527E-02      82.7    462.6
2015  7 31   212   11 58  0     67.95   -0.2540E-02      82.6    462.3
2015  7 31   212   11 59  0     67.76   -0.2550E-02      82.6    462.0
2015  7 31   212   12  0  0     67.57   -0.2565E-02      82.6    461.9
2015  7 31   212   12  1  0     67.38   -0.2581E-02      82.6    462.0
2015  7 31   212   12  2  0     67.19   -0.2593E-02      82.6    461.9
2015  7 31   212   12  3  0     67.00   -0.2605E-02      82.7    461.7
2015  7 31   212   12  4  0     66.82   -0.2618E-02      82.7    461.7
2015  7 31   212   12  5  0     66.63   -0.2630E-02      82.7    461.9
2015  7 31   212   12  6  0     66.44   -0.2636E-02      82.6    461.8
2015  7 31   212   12  7  0     66.25   -0.2643E-02      82.6    461.8
2015  7 31   212   12  8  0     66.06   -0.2648E-02      82.4    461.8
2015  7 31   212   12  9  0     65.87   -0.2658E-02      82.5    462.1
2015  7 31   212   12 10  0     65.68   -0.2663E-02      82.6    462.4
2015  7 31   212   12 11  0     65.49   -0.2666E-02      82.6    462.5
2015  7 31   212   12 12  0     65.30   -0.2664E-02      82.6    462.5
2015  7 31   212   12 13  0     65.12   -0.2663E-02      82.7    462.5
2015  7 31   212   12 14  0     64.93   -0.2670E-02      82.8    462.9
2015  7 31   212   12 15  0     64.74   -0.2671E-02      82.8    463.3
2015  7 31   212   12 16  0     64.55   -0.2676E-02      83.0    463.8
2015  7 31   212   12 17  0     64.36   -0.2670E-02      83.0    463.9
2015  7 31   212   12 18  0     64.17   -0.2666E-02      83.0    464.2
2015  7 31   212   12 19  0     63.98   -0.2656E-02      82.9    464.2
2015  7 31   212   12 20  0     63.79   -0.2652E-02      83.0    464.8
2015  7 31   212   12 21  0     63.60   -0.2649E-02      83.0    465.2
2015  7 31   212   12 22  0     63.41   -0.2632E-02      82.9    465.4
2015  7 31   212   12 23  0     63.22   -0.2622E-02      83.0    465.7
2015  7 31   212   12 24  0     63.04   -0.2618E-02      83.0    466.2
2015  7 31   212   12 25  0     62.85   -0.2602E-02      82.9    466.7
2015  7 31   212   12 26  0     62.66   -0.2585E-02      82.8    467.1
2015  7 31   212   12 27  0     62.47   -0.2574E-02      82.9    467.5
2015  7 31   212   12 28  0     62.28   -0.2560E-02      83.2    467.7
2015  7 31   212   12 29  0     62.09   -0.2550E-02      83.4    468.2
2015  7 31   212   12 30  0     61.90   -0.2528E-02      83.4    469.8
2015  7 31   212   12 31  0     61.71   -0.2500E-02      83.3    468.9
2015  7 31   212   12 32  0     61.52   -0.2472E-02      83.2    469.2
2015  7 31   212   12 33  0     61.33   -0.2447E-02      83.2    469.6
2015  7 31   212   12 34  0     61.14   -0.2423E-02      83.3    469.9
2015  7 31   212   12 35  0     60.95   -0.2400E-02      83.4    471.4
2015  7 31   212   12 36  0     60.76   -0.2371E-02      83.4    471.8
2015  7 31   212   12 37  0     60.57   -0.2341E-02      83.5    471.3
2015  7 31   212   12 38  0     60.39   -0.2297E-02      83.2    471.6
2015  7 31   212   12 39  0     60.20   -0.2262E-02      83.1    472.0
2015  7 31   212   12 40  0     60.01   -0.2218E-02      83.0    472.2
2015  7 31   212   12 41  0     59.82   -0.2179E-02      82.9    473.4
2015  7 31   212   12 42  0     59.63   -0.2145E-02      83.1    473.9
2015  7 31   212   12 43  0     59.44   -0.2104E-02      83.1    473.6
2015  7 31   212   12 44  0     59.25   -0.2051E-02      83.0    473.7
2015  7 31   212   12 45  0     59.06   -0.2003E-02      83.0    474.0
2015  7 31   212   12 46  0     58.87   -0.1950E-02      82.8    475.0
2015  7 31   212   12 47  0     58.68   -0.1896E-02      82.7    475.3
2015  7 31   212   12 48  0     58.49   -0.1852E-02      83.0    475.7
2015  7 31   212   12 49  0     58.30   -0.1798E-02      83.2    475.5
2015  7 31   212   12 50  0     58.11   -0.1747E-02      83.2    475.9
2015  7 31   212   12 51  0     57.93   -0.1685E-02      83.1    476.6
2015  7 31   212   12 52  0     57.74   -0.1626E-02      83.2    477.0
2015  7 31   212   12 53  0     57.55   -0.1568E-02      83.3    477.4
2015  7 31   212   12 54  0     57.36   -0.1501E-02      83.2    477.7
2015  7 31   212   12 55  0     57.17   -0.1444E-02      83.3    478.2
2015  7 31   212   12 56  0     56.98   -0.1386E-02      83.7    478.6
2015  7 31   212   12 57  0     56.79   -0.1315E-02      83.6    479.0
2015  7 31   212   12 58  0     56.60   -0.1245E-02      83.6    479.4
2015  7 31   212   12 59  0     56.41   -0.1167E-02      83.5    479.7
2015  7 31   212   13  0  0     56.23   -0.1088E-02      83.4    479.9
2015  7 31   212   13  1  0     56.04   -0.1015E-02      83.2    480.4
2015  7 31   212   13  2  0     55.85   -0.9400E-03      83.1    480.8
2015  7 31   212   13  3  0     55.66   -0.8631E-03      82.9    481.3
2015  7 31   212   13  4  0     55.47   -0.7833E-03      82.8    481.7
2015  7 31   212   13  5  0     55.28   -0.7125E-03      83.0    482.3
2015  7 31   212   13  6  0     55.09   -0.6279E-03      83.1    482.6
2015  7 31   212   13  7  0     54.91   -0.5469E-03      83.1    483.1
2015  7 31   212   13  8  0     54.72   -0.4602E-03      83.2    483.5
2015  7 31   212   13  9  0     54.53   -0.3662E-03      83.2    483.9
2015  7 31   212   13 10  0     54.34   -0.2753E-03      83.4    484.3
2015  7 31   212   13 11  0     54.15   -0.1825E-03      83.3    484.7
2015  7 31   212   13 12  0     53.96   -0.9814E-04      83.5    485.2
2015  7 31   212   13 13  0     53.78   -0.6832E-05      83.5    485.8
2015  7 31   212   13 14  0     53.59    0.8585E-04      83.6    486.3
2015  7 31   212   13 15  0     53.40    0.1816E-03      83.7    486.8
2015  7 31   212   13 16  0     53.21    0.2910E-03      83.4    487.0
2015  7 31   212   13 17  0     53.02    0.3866E-03      83.4    487.5
2015  7 31   212   13 18  0     52.84    0.4935E-03      83.7    488.0
2015  7 31   212   13 19  0     52.65    0.6073E-03      83.5    488.3
2015  7 31   212   13 20  0     52.46    0.7132E-03      83.5    488.8
2015  7 31   212   13 21  0     52.27    0.8170E-03      83.7    489.3
2015  7 31   212   13 22  0     52.09    0.9308E-03      83.5    489.6
2015  7 31   212   13 23  0     51.90    0.1049E-02      83.3    490.0
2015  7 31   212   13 24  0     51.71    0.1156E-02      83.8    490.6
2015  7 31   212   13 25  0     51.53    0.1266E-02      83.8    491.2
2015  7 31   212   13 26  0     51.34    0.1376E-02      83.7    491.7
2015  7 31   212   13 27  0     51.15    0.1492E-02      84.1    492.2
2015  7 31   212   13 28  0     50.97    0.1608E-02      84.2    493.5
2015  7 31   212   13 29  0     50.78    0.1737E-02      84.1    493.8
2015  7 31   212   13 30  0     50.59    0.1847E-02      83.9    493.7
2015  7 31   212   13 31  0     50.41    0.1985E-02      83.8    494.0
2015  7 31   212   13 32  0     50.22    0.2096E-02      83.9    494.6
2015  7 31   212   13 33  0     50.03    0.2223E-02      83.9    495.1
2015  7 31   212   13 34  0     49.85    0.2352E-02      84.0    496.0
2015  7 31   212   13 35  0     49.66    0.2478E-02      84.2    496.6
2015  7 31   212   13 36  0     49.48    0.2594E-02      84.3    497.2
2015  7 31   212   13 37  0     49.29    0.2719E-02      84.3    497.7
2015  7 31   212   13 38  0     49.10    0.2846E-02      84.3    498.0
2015  7 31   212   13 39  0     48.92    0.2981E-02      84.1    498.6
2015  7 31   212   13 40  0     48.73    0.3096E-02      84.2    499.3
2015  7 31   212   13 41  0     48.55    0.3240E-02      84.5    499.8
2015  7 31   212   13 42  0     48.36    0.3363E-02      84.5    500.4
2015  7 31   212   13 43  0     48.18    0.3505E-02      84.3    500.7
2015  7 31   212   13 44  0     47.99    0.3649E-02      84.5    501.2
2015  7 31   212   13 45  0     47.81    0.3762E-02      84.3    501.8
2015  7 31   212   13 46  0     47.62    0.3884E-02      84.1    502.4
2015  7 31   212   13 47  0     47.44    0.4018E-02      84.2    503.0
2015  7 31   212   13 48  0     47.26    0.4133E-02      84.1    503.7
2015  7 31   212   13 49  0     47.07    0.4275E-02      84.3    504.3
2015  7 31   212   13 50  0     46.89    0.4400E-02      84.2    504.9
2015  7 31   212   13 51  0     46.70    0.4540E-02      84.0    505.3
2015  7 31   212   13 52  0     46.52    0.4709E-02      84.4    505.8
2015  7 31   212   13 53  0     46.34    0.4849E-02      84.5    506.4
2015  7 31   212   13 54  0     46.15    0.4986E-02      84.3    506.9
2015  7 31   212   13 55  0     45.97    0.5126E-02      84.3    507.4
2015  7 31   212   13 56  0     45.79    0.5287E-02      84.7    508.0
2015  7 31   212   13 57  0     45.61    0.5451E-02      84.8    508.4
2015  7 31   212   13 58  0     45.42    0.5589E-02      84.6    509.0
2015  7 31   212   13 59  0     45.24    0.5734E-02      84.6    509.5
2015  7 31   212   14  0  0     45.06    0.5883E-02      84.6    510.0
2015  7 31   212   14  1  0     44.88    0.6054E-02      84.9    510.5
2015  7 31   212   14  2  0     44.70    0.6212E-02      84.9    511.0
2015  7 31   212   14  3  0     44.51    0.6368E-02      84.7    511.4
2015  7 31   212   14  4  0     44.33    0.6531E-02      84.8    511.9
2015  7 31   212   14  5  0     44.15    0.6708E-02      85.0    512.3
2015  7 31   212   14  6  0     43.97    0.6877E-02      84.7    513.3
2015  7 31   212   14  7  0     43.79    0.7091E-02      85.1    512.9
2015  7 31   212   14  8  0     43.61    0.7274E-02      85.1    513.1
2015  7 31   212   14  9  0     43.43    0.7419E-02      84.6    513.5
2015  7 31   212   14 10  0     43.25    0.7608E-02      84.5    513.7
2015  7 31   212   14 11  0     43.07    0.7805E-02      84.7    514.1
2015  7 31   212   14 12  0     42.89    0.7963E-02      84.6    515.0
2015  7 31   212   14 13  0     42.71    0.8138E-02      84.6    515.4
2015  7 31   212   14 14  0     42.53    0.8370E-02      85.2    515.4
2015  7 31   212   14 15  0     42.35    0.8617E-02      85.7    515.5
2015  7 31   212   14 16  0     42.17    0.8795E-02      85.4    515.8
2015  7 31   212   14 17  0     42.00    0.8921E-02      85.1    516.7
2015  7 31   212   14 18  0     41.82    0.9089E-02      85.0    517.1
2015  7 31   212   14 19  0     41.64    0.9258E-02      84.9    517.5
2015  7 31   212   14 20  0     41.46    0.9397E-02      84.5    517.8
2015  7 31   212   14 21  0     41.29    0.9598E-02      84.6    518.1
2015  7 31   212   14 22  0     41.11    0.9808E-02      84.8    518.3
2015  7 31   212   14 23  0     40.93    0.1002E-01      85.4    519.0
2015  7 31   212   14 24  0     40.76    0.1020E-01      85.5    519.5
2015  7 31   212   14 25  0     40.58    0.1036E-01      85.5    520.0
2015  7 31   212   14 26  0     40.40    0.1058E-01      85.8    520.4
2015  7 31   212   14 27  0     40.23    0.1073E-01      85.7    520.8
2015  7 31   212   14 28  0     40.05    0.1089E-01      85.4    521.1
2015  7 31   212   14 29  0     39.88    0.1107E-01      85.2    521.4
2015  7 31   212   14 30  0     39.71    0.1128E-01      85.2    521.7
2015  7 31   212   14 31  0     39.53    0.1157E-01      85.9    521.9
2015  7 31   212   14 32  0     39.36    0.1180E-01      86.1    522.2
2015  7 31   212   14 33  0     39.18    0.1202E-01      86.2    522.4
2015  7 31   212   14 34  0     39.01    0.1224E-01      86.4    522.7
2015  7 31   212   14 35  0     38.84    0.1245E-01      86.2    522.8
2015  7 31   212   14 36  0     38.67    0.1268E-01      86.2    523.0
2015  7 31   212   14 37  0     38.49    0.1288E-01      86.3    523.3
2015  7 31   212   14 38  0     38.32    0.1304E-01      86.2    523.8
2015  7 31   212   14 39  0     38.15    0.1317E-01      86.0    524.3
2015  7 31   212   14 40  0     37.98    0.1337E-01      86.1    524.7
2015  7 31   212   14 41  0     37.81    0.1358E-01      86.3    525.1
2015  7 31   212   14 42  0     37.64    0.1376E-01      86.4    525.6
2015  7 31   212   14 43  0     37.47    0.1389E-01      86.1    526.0
2015  7 31   212   14 44  0     37.30    0.1403E-01      85.8    526.4
2015  7 31   212   14 45  0     37.13    0.1423E-01      85.7    526.5
2015  7 31   212   14 46  0     36.96    0.1443E-01      85.7    526.9
2015  7 31   212   14 47  0     36.79    0.1458E-01      85.6    527.4
2015  7 31   212   14 48  0     36.63    0.1475E-01      85.5    527.7
2015  7 31   212   14 49  0     36.46    0.1502E-01      85.7    527.8
2015  7 31   212   14 50  0     36.29    0.1524E-01      85.9    528.2
2015  7 31   212   14 51  0     36.13    0.1546E-01      86.1    528.5
2015  7 31   212   14 52  0     35.96    0.1561E-01      86.0    529.0
2015  7 31   212   14 53  0     35.80    0.1579E-01      86.1    529.4
2015  7 31   212   14 54  0     35.63    0.1600E-01      86.1    529.6
2015  7 31   212   14 55  0     35.47    0.1617E-01      86.0    530.0
2015  7 31   212   14 56  0     35.30    0.1641E-01      86.2    530.2
2015  7 31   212   14 57  0     35.14    0.1660E-01      86.3    530.5
2015  7 31   212   14 58  0     34.98    0.1680E-01      86.4    531.0
2015  7 31   212   14 59  0     34.81    0.1697E-01      86.2    531.2
2015  7 31   212   15  0  0     34.65    0.1707E-01      85.6    531.5
2015  7 31   212   15  1  0     34.49    0.1726E-01      85.7    531.9
2015  7 31   212   15  2  0     34.33    0.1759E-01      86.4    532.1
2015  7 31   212   15  3  0     34.17    0.1778E-01      86.3    532.3
2015  7 31   212   15  4  0     34.01    0.1796E-01      86.0    532.4
2015  7 31   212   15  5  0     33.85    0.1821E-01      86.2    532.6
2015  7 31   212   15  6  0     33.69    0.1856E-01      86.9    532.7
2015  7 31   212   15  7  0     33.53    0.1875E-01      86.9    533.0
2015  7 31   212   15  8  0     33.37    0.1903E-01      87.2    533.2
2015  7 31   212   15  9  0     33.22    0.1918E-01      87.1    533.6
2015  7 31   212   15 10  0     33.06    0.1949E-01      87.6    533.9
2015  7 31   212   15 11  0     32.91    0.1971E-01      87.8    534.1
2015  7 31   212   15 12  0     32.75    0.1989E-01      87.8    534.5
2015  7 31   212   15 13  0     32.60    0.2000E-01      87.6    535.0
2015  7 31   212   15 14  0     32.44    0.2010E-01      87.3    535.3
2015  7 31   212   15 15  0     32.29    0.2023E-01      87.2    535.7
2015  7 31   212   15 16  0     32.14    0.2040E-01      87.1    536.0
2015  7 31   212   15 17  0     31.98    0.2062E-01      87.2    536.5
2015  7 31   212   15 18  0     31.83    0.2081E-01      87.2    536.8
2015  7 31   212   15 19  0     31.68    0.2100E-01      87.5    537.2
2015  7 31   212   15 20  0     31.53    0.2113E-01      87.4    537.6
2015  7 31   212   15 21  0     31.38    0.2125E-01      87.3    538.0
2015  7 31   212   15 22  0     31.24    0.2138E-01      87.3    538.2
2015  7 31   212   15 23  0     31.09    0.2150E-01      87.2    538.6
2015  7 31   212   15 24  0     30.94    0.2164E-01      87.5    539.4
2015  7 31   212   15 25  0     30.80    0.2167E-01      87.1    539.8
2015  7 31   212   15 26  0     30.65    0.2137E-01      85.3    540.3
2015  7 31   212   15 27  0     30.51    0.2192E-01      86.7    540.3
2015  7 31   212   15 28  0     30.36    0.2229E-01      87.5    540.4
2015  7 31   212   15 29  0     30.22    0.2248E-01      87.9    540.9
2015  7 31   212   15 30  0     30.08    0.2279E-01      89.0    541.5
2015  7 31   212   15 31  0     29.94    0.2181E-01      82.1    539.9
2015  7 31   212   15 32  0     29.80    0.2127E-01      83.1    544.0
2015  7 31   212   15 33  0     29.66    0.1938E-01      69.9    539.7
2015  7 31   212   15 34  0     29.52    0.1813E-01      66.7    543.4
2015  7 31   212   15 35  0     29.38    0.2311E-01      87.8    543.3
2015  7 31   212   15 36  0     29.24    0.2373E-01      89.4    543.2
2015  7 31   212   15 37  0     29.11    0.2441E-01      90.9    542.9
2015  7 31   212   15 38  0     28.97    0.2442E-01      90.1    542.9
2015  7 31   212   15 39  0     28.84    0.2436E-01      89.3    543.4
2015  7 31   212   15 40  0     28.70    0.2458E-01      89.5    543.6
2015  7 31   212   15 41  0     28.57    0.2480E-01      89.6    543.7
2015  7 31   212   15 42  0     28.44    0.2497E-01      89.5    543.7
2015  7 31   212   15 43  0     28.31    0.2505E-01      89.4    544.1
2015  7 31   212   15 44  0     28.18    0.2525E-01      89.3    544.1
2015  7 31   212   15 45  0     28.05    0.2566E-01      89.9    543.9
2015  7 31   212   15 46  0     27.93    0.2584E-01      89.7    543.9
2015  7 31   212   15 47  0     27.80    0.2589E-01      89.1    544.1
2015  7 31   212   15 48  0     27.68    0.2588E-01      88.6    544.3
2015  7 31   212   15 49  0     27.55    0.2583E-01      87.9    544.6
2015  7 31   212   15 50  0     27.43    0.2587E-01      87.5    544.8
2015  7 31   212   15 51  0     27.31    0.2603E-01      87.4    544.9
2015  7 31   212   15 52  0     27.19    0.2630E-01      87.6    544.8
2015  7 31   212   15 53  0     27.07    0.2622E-01      86.9    545.1
2015  7 31   212   15 54  0     26.95    0.2651E-01      87.6    545.3
2015  7 31   212   15 55  0     26.83    0.2705E-01      88.6    545.1
2015  7 31   212   15 56  0     26.72    0.2719E-01      88.6    545.2
2015  7 31   212   15 57  0     26.60    0.2758E-01      89.4    545.2
2015  7 31   212   15 58  0     26.49    0.2790E-01      89.8    545.2
2015  7 31   212   15 59  0     26.38    0.2806E-01      90.2    545.5
2015  7 31   212   16  0  0     26.27    0.2827E-01      90.7    545.8
2015  7 31   212   16  1  0     26.16    0.2838E-01      90.9    546.2
2015  7 31   212   16  2  0     26.05    0.2830E-01      90.6    546.8
2015  7 31   212   16  3  0     25.94    0.2801E-01      89.7    547.5
2015  7 31   212   16  4  0     25.84    0.2808E-01      89.5    547.5
2015  7 31   212   16  5  0     25.73    0.2831E-01      89.6    547.4
2015  7 31   212   16  6  0     25.63    0.2858E-01      90.3    547.6
2015  7 31   212   16  7  0     25.53    0.2908E-01      91.2    547.5
2015  7 31   212   16  8  0     25.43    0.2918E-01      90.9    547.5
2015  7 31   212   16  9  0     25.33    0.2917E-01      90.5    547.7
2015  7 31   212   16 10  0     25.23    0.2869E-01      88.3    547.7
2015  7 31   212   16 11  0     25.13    0.2954E-01      90.9    547.9
2015  7 31   212   16 12  0     25.04    0.2966E-01      90.8    548.0
2015  7 31   212   16 13  0     24.95    0.2967E-01      90.5    548.1
2015  7 31   212   16 14  0     24.86    0.2981E-01      90.5    548.1
2015  7 31   212   16 15  0     24.77    0.3015E-01      90.8    547.8
2015  7 31   212   16 16  0     24.68    0.3006E-01      90.4    548.1
2015  7 31   212   16 17  0     24.59    0.3002E-01      90.3    548.6
2015  7 31   212   16 18  0     24.51    0.3013E-01      90.2    548.6
2015  7 31   212   16 19  0     24.42    0.3038E-01      90.6    548.6
2015  7 31   212   16 20  0     24.34    0.3059E-01      90.8    548.6
2015  7 31   212   16 21  0     24.26    0.3051E-01      90.6    549.0
2015  7 31   212   16 22  0     24.18    0.3066E-01      90.7    549.0
2015  7 31   212   16 23  0     24.10    0.3070E-01      90.5    549.1
2015  7 31   212   16 24  0     24.03    0.3090E-01      90.6    549.0
2015  7 31   212   16 25  0     23.95    0.3121E-01      91.0    548.8
2015  7 31   212   16 26  0     23.88    0.3120E-01      90.9    549.1
2015  7 31   212   16 27  0     23.81    0.3112E-01      90.9    549.8
2015  7 31   212   16 28  0     23.74    0.3123E-01      91.0    549.9
2015  7 31   212   16 29  0     23.67    0.3121E-01      90.6    549.9
2015  7 31   212   16 30  0     23.61    0.3111E-01      90.2    550.2
2015  7 31   212   16 31  0     23.55    0.3104E-01      89.8    550.3
2015  7 31   212   16 32  0     23.48    0.3114E-01      89.8    550.3
2015  7 31   212   16 33  0     23.42    0.3150E-01      90.3    549.9
2015  7 31   212   16 34  0     23.37    0.3146E-01      89.8    549.9
2015  7 31   212   16 35  0     23.31    0.3163E-01      89.8    549.6
2015  7 31   212   16 36  0     23.25    0.3147E-01      89.2    549.8
2015  7 31   212   16 37  0     23.20    0.3173E-01      89.8    549.8
2015  7 31   212   16 38  0     23.15    0.3235E-01      91.1    549.3
2015  7 31   212   16 39  0     23.10    0.3224E-01      90.8    549.6
2015  7 31   212   16 40  0     23.06    0.3213E-01      90.5    549.9
2015  7 31   212   16 41  0     23.01    0.3199E-01      90.1    550.3
2015  7 31   212   16 42  0     22.97    0.3203E-01      90.1    550.2
2015  7 31   212   16 43  0     22.93    0.3207E-01      90.1    550.4
2015  7 31   212   16 44  0     22.89    0.3206E-01      90.2    550.6
2015  7 31   212   16 45  0     22.85    0.3210E-01      90.2    550.7
2015  7 31   212   16 46  0     22.82    0.3200E-01      89.9    550.9
2015  7 31   212   16 47  0     22.78    0.3191E-01      89.7    551.1
2015  7 31   212   16 48  0     22.75    0.3171E-01      88.9    551.0
2015  7 31   212   16 49  0     22.72    0.3082E-01      86.5    551.7
2015  7 31   212   16 50  0     22.69    0.3151E-01      88.7    551.7
2015  7 31   212   16 51  0     22.67    0.3076E-01      86.1    551.7
2015  7 31   212   16 52  0     22.65    0.3213E-01      90.3    551.6
2015  7 31   212   16 53  0     22.62    0.3197E-01      89.8    551.7
2015  7 31   212   16 54  0     22.60    0.3226E-01      90.6    551.6
2015  7 31   212   16 55  0     22.59    0.3221E-01      90.4    551.6
2015  7 31   212   16 56  0     22.57    0.3194E-01      89.5    551.6
2015  7 31   212   16 57  0     22.56    0.3191E-01      89.2    551.6
2015  7 31   212   16 58  0     22.55    0.3222E-01      90.0    551.4
2015  7 31   212   16 59  0     22.54    0.3211E-01      89.6    551.5
2015  7 31   212   17  0  0     22.53    0.3185E-01      88.8    551.6
2015  7 31   212   17  1  0     22.53    0.3164E-01      88.2    551.7
2015  7 31   212   17  2  0     22.53    0.3179E-01      88.8    551.9
2015  7 31   212   17  3  0     22.52    0.3196E-01      89.4    551.9
2015  7 31   212   17  4  0     22.53    0.3214E-01      90.1    552.0
2015  7 31   212   17  5  0     22.53    0.3209E-01      90.2    552.2
2015  7 31   212   17  6  0     22.53    0.3220E-01      90.7    552.4
2015  7 31   212   17  7  0     22.54    0.3231E-01      91.2    552.5
2015  7 31   212   17  8  0     22.55    0.3221E-01      91.1    552.6
2015  7 31   212   17  9  0     22.56    0.3206E-01      90.7    552.6
2015  7 31   212   17 10  0     22.58    0.3196E-01      90.4    552.5
2015  7 31   212   17 11  0     22.59    0.3194E-01      90.1    552.3
2015  7 31   212   17 12  0     22.61    0.3188E-01      89.9    552.1
2015  7 31   212   17 13  0     22.63    0.3195E-01      90.2    552.1
2015  7 31   212   17 14  0     22.65    0.3196E-01      90.3    552.2
2015  7 31   212   17 15  0     22.67    0.3189E-01      90.2    552.2
2015  7 31   212   17 16  0     22.70    0.3177E-01      90.1    552.2
2015  7 31   212   17 17  0     22.73    0.3185E-01      90.5    552.3
2015  7 31   212   17 18  0     22.75    0.3188E-01      90.9    552.4
2015  7 31   212   17 19  0     22.79    0.3165E-01      90.6    552.7
2015  7 31   212   17 20  0     22.82    0.3153E-01      90.7    552.9
2015  7 31   212   17 21  0     22.86    0.3160E-01      91.3    553.0
2015  7 31   212   17 22  0     22.89    0.3161E-01      91.7    553.1
2015  7 31   212   17 23  0     22.93    0.3098E-01      90.2    553.4
2015  7 31   212   17 24  0     22.97    0.3091E-01      90.1    553.3
2015  7 31   212   17 25  0     23.02    0.2315E-01      62.1    550.3
2015  7 31   212   17 26  0     23.06    0.2323E-01      64.2    553.0
2015  7 31   212   17 27  0     23.11    0.3103E-01      90.6    553.0
2015  7 31   212   17 28  0     23.16    0.3118E-01      91.4    553.0
2015  7 31   212   17 29  0     23.21    0.3122E-01      91.9    553.0
2015  7 31   212   17 30  0     23.26    0.3103E-01      91.8    553.3
2015  7 31   212   17 31  0     23.32    0.3089E-01      91.6    553.3
2015  7 31   212   17 32  0     23.37    0.3007E-01      88.6    552.9
2015  7 31   212   17 33  0     23.43    0.2928E-01      85.8    552.5
2015  7 31   212   17 34  0     23.49    0.3020E-01      89.3    552.5
2015  7 31   212   17 35  0     23.55    0.2985E-01      88.3    552.5
2015  7 31   212   17 36  0     23.62    0.3064E-01      90.8    552.1
2015  7 31   212   17 37  0     23.68    0.3049E-01      90.4    551.8
2015  7 31   212   17 38  0     23.75    0.3044E-01      90.7    551.9
2015  7 31   212   17 39  0     23.82    0.3026E-01      90.6    552.0
2015  7 31   212   17 40  0     23.89    0.2988E-01      88.5    550.8
2015  7 31   212   17 41  0     23.96    0.2413E-01      69.6    551.6
2015  7 31   212   17 42  0     24.04    0.2908E-01      87.4    551.8
2015  7 31   212   17 43  0     24.11    0.2995E-01      90.5    551.6
2015  7 31   212   17 44  0     24.19    0.2992E-01      90.4    551.2
2015  7 31   212   17 45  0     24.27    0.2965E-01      90.0    551.2
2015  7 31   212   17 46  0     24.35    0.2926E-01      89.1    551.3
2015  7 31   212   17 47  0     24.43    0.2862E-01      86.8    550.9
2015  7 31   212   17 48  0     24.51    0.2819E-01      86.2    551.4
2015  7 31   212   17 49  0     24.60    0.2893E-01      88.9    551.0
2015  7 31   212   17 50  0     24.69    0.2875E-01      88.8    551.1
2015  7 31   212   17 51  0     24.78    0.2861E-01      88.8    551.0
2015  7 31   212   17 52  0     24.87    0.2839E-01      88.6    551.1
2015  7 31   212   17 53  0     24.96    0.2816E-01      88.3    551.1
2015  7 31   212   17 54  0     25.05    0.2825E-01      89.2    551.1
2015  7 31   212   17 55  0     25.15    0.2833E-01      90.2    551.2
2015  7 31   212   17 56  0     25.24    0.2824E-01      90.8    551.5
2015  7 31   212   17 57  0     25.34    0.2826E-01      91.4    551.5
2015  7 31   212   17 58  0     25.44    0.2822E-01      91.9    551.4
2015  7 31   212   17 59  0     25.54    0.2801E-01      92.0    551.7
2015  7 31   212   18  0  0     25.64    0.2770E-01      92.2    552.3
2015  7 31   212   18  1  0     25.74    0.1919E-01      57.5    548.1
2015  7 31   212   18  2  0     25.85    0.2020E-01      63.1    550.5
2015  7 31   212   18  3  0     25.95    0.2652E-01      90.5    553.4
2015  7 31   212   18  4  0     26.06    0.2772E-01      93.7    551.4
2015  7 31   212   18  5  0     26.17    0.2504E-01      83.3    550.8
2015  7 31   212   18  6  0     26.28    0.2645E-01      90.6    551.8
2015  7 31   212   18  7  0     26.39    0.2217E-01      73.9    551.0
2015  7 31   212   18  8  0     26.50    0.1490E-01      44.3    547.4
2015  7 31   212   18  9  0     26.62    0.1456E-01      45.2    550.7
2015  7 31   212   18 10  0     26.73    0.1352E-01      41.6    550.5
2015  7 31   212   18 11  0     26.85    0.1460E-01      46.1    550.8
2015  7 31   212   18 12  0     26.97    0.2303E-01      83.0    553.8
2015  7 31   212   18 13  0     27.08    0.2594E-01      93.0    551.0
2015  7 31   212   18 14  0     27.20    0.2600E-01      92.9    550.1
2015  7 31   212   18 15  0     27.32    0.2591E-01      92.7    549.7
2015  7 31   212   18 16  0     27.45    0.2575E-01      92.3    549.3
2015  7 31   212   18 17  0     27.57    0.2515E-01      90.8    549.4
2015  7 31   212   18 18  0     27.69    0.2420E-01      87.7    549.3
2015  7 31   212   18 19  0     27.82    0.1880E-01      62.0    544.7
2015  7 31   212   18 20  0     27.94    0.1449E-01      45.4    544.8
2015  7 31   212   18 21  0     28.07    0.1383E-01      43.2    544.7
2015  7 31   212   18 22  0     28.20    0.1994E-01      72.8    549.8
2015  7 31   212   18 23  0     28.33    0.2377E-01      89.4    548.9
2015  7 31   212   18 24  0     28.46    0.2403E-01      90.6    548.1
2015  7 31   212   18 25  0     28.59    0.2389E-01      90.7    547.9
2015  7 31   212   18 26  0     28.72    0.2368E-01      90.7    547.8
2015  7 31   212   18 27  0     28.86    0.2363E-01      91.4    547.8
2015  7 31   212   18 28  0     28.99    0.2346E-01      91.8    547.9
2015  7 31   212   18 29  0     29.12    0.2314E-01      91.7    548.1
2015  7 31   212   18 30  0     29.26    0.2298E-01      91.7    548.0
2015  7 31   212   18 31  0     29.40    0.2271E-01      91.4    547.9
2015  7 31   212   18 32  0     29.54    0.2253E-01      91.3    547.6
2015  7 31   212   18 33  0     29.67    0.2230E-01      91.0    547.5
2015  7 31   212   18 34  0     29.81    0.2199E-01      90.5    547.4
2015  7 31   212   18 35  0     29.95    0.2160E-01      89.7    547.4
2015  7 31   212   18 36  0     30.10    0.2139E-01      89.4    547.1
2015  7 31   212   18 37  0     30.24    0.2119E-01      88.9    546.6
2015  7 31   212   18 38  0     30.38    0.2084E-01      87.9    546.2
2015  7 31   212   18 39  0     30.53    0.2078E-01      88.1    545.8
2015  7 31   212   18 40  0     30.67    0.2054E-01      87.5    545.3
2015  7 31   212   18 41  0     30.81    0.2042E-01      87.8    545.1
2015  7 31   212   18 42  0     30.96    0.2020E-01      87.9    545.1
2015  7 31   212   18 43  0     31.11    0.2024E-01      88.9    544.8
2015  7 31   212   18 44  0     31.26    0.1995E-01      88.2    544.4
2015  7 31   212   18 45  0     31.40    0.1992E-01      88.8    544.1
2015  7 31   212   18 46  0     31.55    0.1996E-01      89.9    543.9
2015  7 31   212   18 47  0     31.70    0.1993E-01      90.3    543.4
2015  7 31   212   18 48  0     31.85    0.1972E-01      90.0    543.0
2015  7 31   212   18 49  0     32.01    0.1947E-01      89.4    542.6
2015  7 31   212   18 50  0     32.16    0.1926E-01      89.3    542.4
2015  7 31   212   18 51  0     32.31    0.1905E-01      89.1    542.1
2015  7 31   212   18 52  0     32.46    0.1889E-01      89.3    541.9
2015  7 31   212   18 53  0     32.62    0.1874E-01      89.3    541.6
2015  7 31   212   18 54  0     32.77    0.1853E-01      89.2    541.3
2015  7 31   212   18 55  0     32.93    0.1836E-01      89.1    540.9
2015  7 31   212   18 56  0     33.08    0.1816E-01      89.1    540.7
2015  7 31   212   18 57  0     33.24    0.1805E-01      89.5    540.5
2015  7 31   212   18 58  0     33.40    0.1797E-01      90.0    540.1
2015  7 31   212   18 59  0     33.55    0.1776E-01      89.6    539.6
2015  7 31   212   19  0  0     33.71    0.1673E-01      84.7    539.3
2015  7 31   212   19  1  0     33.87    0.1744E-01      89.8    539.0
2015  7 31   212   19  2  0     34.03    0.1725E-01      89.7    538.4
2015  7 31   212   19  3  0     34.19    0.1709E-01      89.8    538.0
2015  7 31   212   19  4  0     34.35    0.1684E-01      89.3    537.6
2015  7 31   212   19  5  0     34.51    0.1616E-01      86.2    537.5
2015  7 31   212   19  6  0     34.67    0.1612E-01      87.5    537.5
2015  7 31   212   19  7  0     34.84    0.1621E-01      89.1    537.2
2015  7 31   212   19  8  0     35.00    0.1613E-01      89.7    536.8
2015  7 31   212   19  9  0     35.16    0.1589E-01      89.4    536.3
2015  7 31   212   19 10  0     35.33    0.1575E-01      89.7    535.9
2015  7 31   212   19 11  0     35.49    0.1560E-01      89.5    535.3
2015  7 31   212   19 12  0     35.65    0.1534E-01      88.9    534.8
2015  7 31   212   19 13  0     35.82    0.1506E-01      88.3    535.0
2015  7 31   212   19 14  0     35.98    0.1487E-01      88.2    534.6
2015  7 31   212   19 15  0     36.15    0.1467E-01      88.0    533.5
2015  7 31   212   19 16  0     36.32    0.1448E-01      88.0    533.3
2015  7 31   212   19 17  0     36.48    0.1440E-01      88.6    532.8
2015  7 31   212   19 18  0     36.65    0.1422E-01      88.6    532.4
2015  7 31   212   19 19  0     36.82    0.1404E-01      88.5    532.0
2015  7 31   212   19 20  0     36.99    0.1385E-01      88.2    531.4
2015  7 31   212   19 21  0     37.16    0.1367E-01      88.2    531.0
2015  7 31   212   19 22  0     37.32    0.1349E-01      88.2    530.7
2015  7 31   212   19 23  0     37.49    0.1332E-01      88.4    530.3
2015  7 31   212   19 24  0     37.66    0.1315E-01      88.3    529.8
2015  7 31   212   19 25  0     37.83    0.1296E-01      88.3    529.4
2015  7 31   212   19 26  0     38.01    0.1275E-01      88.1    529.0
2015  7 31   212   19 27  0     38.18    0.1251E-01      87.9    528.8
2015  7 31   212   19 28  0     38.35    0.1234E-01      87.9    528.3
2015  7 31   212   19 29  0     38.52    0.1212E-01      87.5    528.0
2015  7 31   212   19 30  0     38.69    0.1190E-01      87.3    527.6
2015  7 31   212   19 31  0     38.86    0.1176E-01      87.6    527.2
2015  7 31   212   19 32  0     39.04    0.1160E-01      87.7    526.8
2015  7 31   212   19 33  0     39.21    0.1139E-01      87.6    526.5
2015  7 31   212   19 34  0     39.38    0.1119E-01      87.3    526.1
2015  7 31   212   19 35  0     39.56    0.1099E-01      87.3    525.7
2015  7 31   212   19 36  0     39.73    0.1075E-01      86.9    525.4
2015  7 31   212   19 37  0     39.91    0.1058E-01      87.0    525.1
2015  7 31   212   19 38  0     40.08    0.1039E-01      86.7    524.6
2015  7 31   212   19 39  0     40.26    0.1021E-01      86.7    524.1
2015  7 31   212   19 40  0     40.43    0.9918E-02      85.7    523.9
2015  7 31   212   19 41  0     40.61    0.9754E-02      86.0    523.5
2015  7 31   212   19 42  0     40.78    0.9601E-02      86.4    523.3
2015  7 31   212   19 43  0     40.96    0.9432E-02      86.5    522.9
2015  7 31   212   19 44  0     41.14    0.9284E-02      86.7    522.4
2015  7 31   212   19 45  0     41.31    0.9122E-02      86.7    521.9
2015  7 31   212   19 46  0     41.49    0.8942E-02      86.6    521.5
2015  7 31   212   19 47  0     41.67    0.8770E-02      86.6    521.1
2015  7 31   212   19 48  0     41.85    0.8613E-02      86.6    520.6
2015  7 31   212   19 49  0     42.02    0.8468E-02      87.0    520.3
2015  7 31   212   19 50  0     42.20    0.8332E-02      87.3    519.8
2015  7 31   212   19 51  0     42.38    0.8171E-02      87.4    519.4
2015  7 31   212   19 52  0     42.56    0.7998E-02      87.6    519.1
2015  7 31   212   19 53  0     42.74    0.7842E-02      87.7    518.6
2015  7 31   212   19 54  0     42.92    0.7676E-02      87.7    518.1
2015  7 31   212   19 55  0     43.10    0.7504E-02      87.7    517.5
2015  7 31   212   19 56  0     43.28    0.7343E-02      87.6    517.0
2015  7 31   212   19 57  0     43.46    0.7139E-02      87.2    516.9
2015  7 31   212   19 58  0     43.64    0.6951E-02      86.9    516.5
2015  7 31   212   19 59  0     43.82    0.6757E-02      86.5    516.0
2015  7 31   212   20  0  0     44.00    0.6572E-02      86.2    515.2
2015  7 31   212   20  1  0     44.18    0.6373E-02      86.0    514.9
2015  7 31   212   20  2  0     44.36    0.6234E-02      86.4    514.5
2015  7 31   212   20  3  0     44.55    0.6070E-02      86.4    514.0
2015  7 31   212   20  4  0     44.73    0.5929E-02      86.7    514.2
2015  7 31   212   20  5  0     44.91    0.5783E-02      86.7    513.7
2015  7 31   212   20  6  0     45.09    0.5612E-02      86.6    512.6
2015  7 31   212   20  7  0     45.27    0.5443E-02      86.5    512.2
2015  7 31   212   20  8  0     45.46    0.5258E-02      86.2    511.9
2015  7 31   212   20  9  0     45.64    0.5133E-02      86.5    511.4
2015  7 31   212   20 10  0     45.82    0.4981E-02      86.6    510.9
2015  7 31   212   20 11  0     46.00    0.4781E-02      85.8    510.5
2015  7 31   212   20 12  0     46.19    0.4663E-02      86.6    510.1
2015  7 31   212   20 13  0     46.37    0.4522E-02      86.6    509.6
2015  7 31   212   20 14  0     46.55    0.4381E-02      86.7    509.1
2015  7 31   212   20 15  0     46.74    0.4254E-02      86.9    508.6
2015  7 31   212   20 16  0     46.92    0.4109E-02      86.8    508.0
2015  7 31   212   20 17  0     47.10    0.3973E-02      86.6    507.4
2015  7 31   212   20 18  0     47.29    0.3830E-02      86.5    506.9
2015  7 31   212   20 19  0     47.47    0.3660E-02      85.7    506.5
2015  7 31   212   20 20  0     47.66    0.3500E-02      85.7    506.2
2015  7 31   212   20 21  0     47.84    0.3373E-02      85.8    505.6
2015  7 31   212   20 22  0     48.03    0.3229E-02      85.9    505.3
2015  7 31   212   20 23  0     48.21    0.3093E-02      85.9    504.8
2015  7 31   212   20 24  0     48.40    0.2945E-02      85.9    504.5
2015  7 31   212   20 25  0     48.58    0.2813E-02      86.1    504.1
2015  7 31   212   20 26  0     48.77    0.2678E-02      86.2    503.7
2015  7 31   212   20 27  0     48.95    0.2545E-02      86.2    503.3
2015  7 31   212   20 28  0     49.14    0.2423E-02      86.2    502.7
2015  7 31   212   20 29  0     49.32    0.2293E-02      86.2    502.3
2015  7 31   212   20 30  0     49.51    0.2174E-02      86.1    501.8
2015  7 31   212   20 31  0     49.70    0.2046E-02      85.5    501.2
2015  7 31   212   20 32  0     49.88    0.1903E-02      85.2    500.9
2015  7 31   212   20 33  0     50.07    0.1778E-02      85.3    500.5
2015  7 31   212   20 34  0     50.25    0.1646E-02      85.5    500.3
2015  7 31   212   20 35  0     50.44    0.1531E-02      85.6    499.8
2015  7 31   212   20 36  0     50.63    0.1408E-02      85.3    499.4
2015  7 31   212   20 37  0     50.81    0.1286E-02      85.4    499.0
2015  7 31   212   20 38  0     51.00    0.1170E-02      84.9    498.3
2015  7 31   212   20 39  0     51.19    0.1044E-02      84.4    498.0
2015  7 31   212   20 40  0     51.38    0.9386E-03      84.9    497.8
2015  7 31   212   20 41  0     51.56    0.8411E-03      82.5    496.9
2015  7 31   212   20 42  0     51.75    0.9025E-03      65.1    490.6
2015  7 31   212   20 43  0     51.94    0.6403E-03      71.3    494.7
2015  7 31   212   20 44  0     52.12    0.4793E-03      84.7    496.1
2015  7 31   212   20 45  0     52.31    0.3907E-03      84.4    495.4
2015  7 31   212   20 46  0     52.50    0.2928E-03      84.0    495.4
2015  7 31   212   20 47  0     52.69    0.1972E-03      84.4    495.0
2015  7 31   212   20 48  0     52.88    0.1141E-03      83.2    494.3
2015  7 31   212   20 49  0     53.06    0.4649E-05      83.9    493.4
2015  7 31   212   20 50  0     53.25   -0.9096E-04      84.1    493.0
2015  7 31   212   20 51  0     53.44   -0.1808E-03      84.2    492.5
2015  7 31   212   20 52  0     53.63   -0.2624E-03      84.4    491.8
2015  7 31   212   20 53  0     53.82   -0.3482E-03      84.4    492.2
2015  7 31   212   20 54  0     54.00   -0.4329E-03      84.5    490.7
2015  7 31   212   20 55  0     54.19   -0.5152E-03      84.7    490.2
2015  7 31   212   20 56  0     54.38   -0.6042E-03      84.9    489.8
2015  7 31   212   20 57  0     54.57   -0.6886E-03      84.9    489.4
2015  7 31   212   20 58  0     54.76   -0.7643E-03      85.0    488.8
2015  7 31   212   20 59  0     54.95   -0.8473E-03      85.1    488.4
2015  7 31   212   21  0  0     55.13   -0.9290E-03      85.2    488.0
2015  7 31   212   21  1  0     55.32   -0.1012E-02      85.4    487.7
2015  7 31   212   21  2  0     55.51   -0.1090E-02      85.4    487.3
2015  7 31   212   21  3  0     55.70   -0.1155E-02      85.2    486.7
2015  7 31   212   21  4  0     55.89   -0.1226E-02      85.3    486.2
2015  7 31   212   21  5  0     56.08   -0.1286E-02      85.1    485.6
2015  7 31   212   21  6  0     56.27   -0.1341E-02      84.5    485.1
2015  7 31   212   21  7  0     56.45   -0.1409E-02      84.4    484.8
2015  7 31   212   21  8  0     56.64   -0.1474E-02      84.3    484.4
2015  7 31   212   21  9  0     56.83   -0.1547E-02      84.6    484.0
2015  7 31   212   21 10  0     57.02   -0.1610E-02      84.7    483.6
2015  7 31   212   21 11  0     57.21   -0.1672E-02      84.8    483.3
2015  7 31   212   21 12  0     57.40   -0.1722E-02      84.5    482.8
2015  7 31   212   21 13  0     57.59   -0.1776E-02      84.4    482.4
2015  7 31   212   21 14  0     57.78   -0.1833E-02      84.5    482.0
2015  7 31   212   21 15  0     57.97   -0.1895E-02      84.6    481.7
2015  7 31   212   21 16  0     58.16   -0.1941E-02      84.4    481.4
2015  7 31   212   21 17  0     58.35   -0.1979E-02      84.2    480.8
2015  7 31   212   21 18  0     58.54   -0.2028E-02      84.2    480.4
2015  7 31   212   21 19  0     58.73   -0.2069E-02      84.2    479.9
2015  7 31   212   21 20  0     58.91   -0.2115E-02      84.3    479.4
2015  7 31   212   21 21  0     59.10   -0.2157E-02      84.4    479.0
2015  7 31   212   21 22  0     59.29   -0.2206E-02      84.5    478.8
2015  7 31   212   21 23  0     59.48   -0.2244E-02      84.5    478.4
2015  7 31   212   21 24  0     59.67   -0.2278E-02      84.4    477.9
2015  7 31   212   21 25  0     59.86   -0.2311E-02      84.2    477.6
2015  7 31   212   21 26  0     60.05   -0.2345E-02      84.2    476.8
2015  7 31   212   21 27  0     60.24   -0.2382E-02      84.3    476.6
2015  7 31   212   21 28  0     60.43   -0.2415E-02      84.2    476.7
2015  7 31   212   21 29  0     60.62   -0.2440E-02      84.0    476.4
2015  7 31   212   21 30  0     60.81   -0.2465E-02      83.9    476.0
2015  7 31   212   21 31  0     61.00   -0.2495E-02      84.0    475.6
2015  7 31   212   21 32  0     61.19   -0.2511E-02      83.9    474.6
2015  7 31   212   21 33  0     61.38   -0.2539E-02      83.9    474.5
2015  7 31   212   21 34  0     61.57   -0.2561E-02      83.8    474.7
2015  7 31   212   21 35  0     61.76   -0.2573E-02      83.6    474.4
2015  7 31   212   21 36  0     61.95   -0.2595E-02      83.6    474.1
2015  7 31   212   21 37  0     62.14   -0.2623E-02      83.8    473.4
2015  7 31   212   21 38  0     62.33   -0.2642E-02      83.9    473.1
2015  7 31   212   21 39  0     62.52   -0.2667E-02      84.2    473.0
2015  7 31   212   21 40  0     62.71   -0.2681E-02      84.3    473.4
2015  7 31   212   21 41  0     62.89   -0.2686E-02      84.1    473.0
2015  7 31   212   21 42  0     63.08   -0.2693E-02      83.9    471.9
2015  7 31   212   21 43  0     63.27   -0.2700E-02      83.8    471.7
2015  7 31   212   21 44  0     63.46   -0.2703E-02      83.7    471.4
2015  7 31   212   21 45  0     63.65   -0.2706E-02      83.6    471.0
2015  7 31   212   21 46  0     63.84   -0.2704E-02      83.4    471.4
2015  7 31   212   21 47  0     64.03   -0.2704E-02      83.2    470.3
2015  7 31   212   21 48  0     64.22   -0.2702E-02      83.1    470.1
2015  7 31   212   21 49  0     64.41   -0.2704E-02      83.1    469.9
2015  7 31   212   21 50  0     64.60   -0.2710E-02      83.1    470.0
2015  7 31   212   21 51  0     64.79   -0.2710E-02      83.2    470.7
2015  7 31   212   21 52  0     64.98   -0.2713E-02      83.4    470.5
2015  7 31   212   21 53  0     65.17   -0.2713E-02      83.4    469.5
2015  7 31   212   21 54  0     65.36   -0.2707E-02      83.4    469.3
2015  7 31   212   21 55  0     65.55   -0.2696E-02      83.2    469.1
2015  7 31   212   21 56  0     65.73   -0.2684E-02      83.0    468.8
2015  7 31   212   21 57  0     65.92   -0.2675E-02      82.8    469.6
2015  7 31   212   21 58  0     66.11   -0.2663E-02      82.7    468.5
2015  7 31   212   21 59  0     66.30   -0.2652E-02      82.8    468.5
2015  7 31   212   22  0  0     66.49   -0.2646E-02      82.9    468.5
2015  7 31   212   22  1  0     66.68   -0.2635E-02      82.9    468.7
2015  7 31   212   22  2  0     66.87   -0.2618E-02      83.0    469.2
2015  7 31   212   22  3  0     67.06   -0.2605E-02      83.0    468.3
2015  7 31   212   22  4  0     67.25   -0.2589E-02      82.9    468.3
2015  7 31   212   22  5  0     67.43   -0.2573E-02      82.9    468.4
2015  7 31   212   22  6  0     67.62   -0.2551E-02      82.8    468.3
2015  7 31   212   22  7  0     67.81   -0.2535E-02      82.6    469.5
2015  7 31   212   22  8  0     68.00   -0.2517E-02      82.6    468.5
2015  7 31   212   22  9  0     68.19   -0.2498E-02      82.6    468.8
2015  7 31   212   22 10  0     68.38   -0.2478E-02      82.7    468.8
2015  7 31   212   22 11  0     68.57   -0.2461E-02      82.7    469.3
2015  7 31   212   22 12  0     68.76   -0.2439E-02      82.7    470.4
2015  7 31   212   22 13  0     68.94   -0.2413E-02      82.6    470.2
2015  7 31   212   22 14  0     69.13   -0.2389E-02      82.5    470.0
2015  7 31   212   22 15  0     69.32   -0.2364E-02      82.4    470.3
2015  7 31   212   22 16  0     69.51   -0.2342E-02      82.5    471.0
2015  7 31   212   22 17  0     69.70   -0.2318E-02      82.6    471.9
2015  7 31   212   22 18  0     69.89   -0.2296E-02      82.6    472.6
2015  7 31   212   22 19  0     70.07   -0.2271E-02      82.6    472.5
2015  7 31   212   22 20  0     70.26   -0.2247E-02      82.6    473.3
2015  7 31   212   22 21  0     70.45   -0.2220E-02      82.6    474.6
2015  7 31   212   22 22  0     70.64   -0.2194E-02      82.4    475.8
2015  7 31   212   22 23  0     70.83   -0.2167E-02      82.4    476.7
2015  7 31   212   22 24  0     71.01   -0.2133E-02      82.4    475.9
2015  7 31   212   22 25  0     71.20   -0.2106E-02      82.4    476.9
2015  7 31   212   22 26  0     71.39   -0.2076E-02      82.4    478.1
2015  7 31   212   22 27  0     71.58   -0.2047E-02      82.3    479.4
2015  7 31   212   22 28  0     71.76   -0.2017E-02      82.3    480.3
2015  7 31   212   22 29  0     71.95   -0.1990E-02      82.3    481.5
2015  7 31   212   22 30  0     72.14   -0.1954E-02      82.3    481.6
2015  7 31   212   22 31  0     72.33   -0.1924E-02      82.2    483.4
2015  7 31   212   22 32  0     72.51   -0.1890E-02      82.1    483.6
2015  7 31   212   22 33  0     72.70   -0.1855E-02      81.9    484.5
2015  7 31   212   22 34  0     72.89   -0.1823E-02      81.9    485.9
2015  7 31   212   22 35  0     73.07   -0.1793E-02      81.8    488.3
2015  7 31   212   22 36  0     73.26   -0.1760E-02      81.7    489.8
2015  7 31   212   22 37  0     73.45   -0.1729E-02      81.7    491.2
2015  7 31   212   22 38  0     73.63   -0.1694E-02      81.8    490.9
2015  7 31   212   22 39  0     73.82   -0.1664E-02      81.9    492.6
2015  7 31   212   22 40  0     74.01   -0.1633E-02      81.9    494.2
2015  7 31   212   22 41  0     74.19   -0.1601E-02      81.9    496.3
2015  7 31   212   22 42  0     74.38   -0.1567E-02      81.8    498.4
2015  7 31   212   22 43  0     74.57   -0.1532E-02      81.6    499.2
2015  7 31   212   22 44  0     74.75   -0.1498E-02      81.6    500.4
2015  7 31   212   22 45  0     74.94   -0.1464E-02      81.5    501.3
2015  7 31   212   22 46  0     75.12   -0.1426E-02      81.4    500.4
2015  7 31   212   22 47  0     75.31   -0.1396E-02      81.4    503.6
2015  7 31   212   22 48  0     75.49   -0.1361E-02      81.3    502.8
2015  7 31   212   22 49  0     75.68   -0.1330E-02      81.3    505.9
2015  7 31   212   22 50  0     75.87   -0.1294E-02      81.3    504.8
2015  7 31   212   22 51  0     76.05   -0.1261E-02      81.2    505.4
2015  7 31   212   22 52  0     76.24   -0.1230E-02      81.2    507.6
2015  7 31   212   22 53  0     76.42   -0.1196E-02      81.1    506.1
2015  7 31   212   22 54  0     76.61   -0.1165E-02      81.1    506.8
2015  7 31   212   22 55  0     76.79   -0.1136E-02      81.0    509.6
2015  7 31   212   22 56  0     76.98   -0.1101E-02      80.9    506.5
2015  7 31   212   22 57  0     77.16   -0.1069E-02      80.9    506.1
2015  7 31   212   22 58  0     77.35   -0.1036E-02      80.9    504.4
2015  7 31   212   22 59  0     77.53   -0.1005E-02      80.9    503.2
2015  7 31   212   23  0  0     77.71   -0.9776E-03      80.9    506.4
2015  7 31   212   23  1  0     77.90   -0.9469E-03      80.9    504.7
2015  7 31   212   23  2  0     78.08   -0.9156E-03      81.0    501.9
2015  7 31   212   23  3  0     78.27   -0.8861E-03      80.9    501.4
2015  7 31   212   23  4  0     78.45   -0.8538E-03      80.9    496.6
2015  7 31   212   23  5  0     78.63   -0.8250E-03      80.8    495.1
2015  7 31   212   23  6  0     78.82   -0.7943E-03      80.8    490.1
2015  7 31   212   23  7  0     79.00   -0.7679E-03      80.8    490.7
2015  7 31   212   23  8  0     79.19   -0.7367E-03      80.7    484.3
2015  7 31   212   23  9  0     79.37   -0.7081E-03      80.7    480.8
2015  7 31   212   23 10  0     79.55   -0.6813E-03      80.6    479.2
2015  7 31   212   23 11  0     79.73   -0.6522E-03      80.6    472.7
2015  7 31   212   23 12  0     79.92   -0.6236E-03      80.6    465.6
2015  7 31   212   23 13  0     80.10   -0.5998E-03      80.6    465.6
2015  7 31   212   23 14  0     80.28   -0.5721E-03      80.5    459.5
2015  7 31   212   23 15  0     80.46   -0.5450E-03      80.4    452.9
2015  7 31   212   23 16  0     80.65   -0.5168E-03      80.3    443.9
2015  7 31   212   23 17  0     80.83   -0.4883E-03      80.3    433.1
2015  7 31   212   23 18  0     81.01   -0.4686E-03      80.3    434.4
2015  7 31   212   23 19  0     81.19   -0.4445E-03      80.3    428.8
2015  7 31   212   23 20  0     81.38   -0.4229E-03      80.2    426.4
2015  7 31   212   23 21  0     81.56   -0.3946E-03      80.1    412.4
2015  7 31   212   23 22  0     81.74   -0.3767E-03      80.1    413.7
2015  7 31   212   23 23  0     81.92   -0.3557E-03      80.0    408.9
2015  7 31   212   23 24  0     82.10   -0.3309E-03      80.0    397.3
2015  7 31   212   23 25  0     82.28   -0.3119E-03      79.9    394.4
2015  7 31   212   23 26  0     82.46   -0.2903E-03      79.9    386.0
2015  7 31   212   23 27  0     82.64   -0.2712E-03      79.8    380.6
2015  7 31   212   23 28  0     82.82   -0.2545E-03      79.7    378.1
2015  7 31   212   23 29  0     83.00   -0.2293E-03      79.8    360.9
2015  7 31   212   23 30  0     83.19   -0.2122E-03      79.6    356.4
2015  7 31   212   23 31  0     83.37   -0.1930E-03      79.4    348.0
2015  7 31   212   23 32  0     83.54   -0.1762E-03      79.2    341.5
2015  7 31   212   23 33  0     83.72   -0.1573E-03      79.0    331.8
2015  7 31   212   23 34  0     83.90   -0.1442E-03      78.8    328.6
2015  7 31   212   23 35  0     84.08   -0.1250E-03      78.7    315.4
2015  7 31   212   23 36  0     84.26   -0.1092E-03      78.6    307.6
2015  7 31   212   23 37  0     84.44   -0.9977E-04      78.6    308.4
2015  7 31   212   23 38  0     84.62   -0.8244E-04      78.5    295.6
2015  7 31   212   23 39  0     84.80   -0.7030E-04      78.5    289.9
2015  7 31   212   23 40  0     84.98   -0.5573E-04      78.6    279.8
2015  7 31   212   23 41  0     85.16   -0.4092E-04      78.5    269.1
2015  7 31   212   23 42  0     85.33   -0.3022E-04      78.3    264.4
2015  7 31   212   23 43  0     85.51   -0.1921E-04      78.0    257.7
2015  7 31   212   23 44  0     85.69   -0.5714E-05      77.8    247.2
2015  7 31   212   23 45  0     85.87    0.4558E-05      77.8    240.8
2015  7 31   212   23 46  0     86.05    0.1517E-04      77.7    230.3
2015  7 31   212   23 47  0     86.22    0.2332E-04      77.4    226.5
2015  7 31   212   23 48  0     86.40    0.3254E-04      77.1    218.8
2015  7 31   212   23 49  0     86.58    0.3644E-04      76.9    218.2
2015  7 31   212   23 50  0     86.75    0.4714E-04      76.6    205.3
2015  7 31   212   23 51  0     86.93    0.5383E-04      76.5    197.8
2015  7 31   212   23 52  0     87.11    0.6485E-04      76.1    184.4
2015  7 31   212   23 53  0     87.28    0.6832E-04      75.7    181.9
2015  7 31   212   23 54  0     87.46    0.7698E-04      75.3    171.5
2015  7 31   212   23 55  0     87.63    0.8305E-04      74.9    162.7
2015  7 31   212   23 56  0     87.81    0.8642E-04      74.6    154.1
2015  7 31   212   23 57  0     87.98    0.9375E-04      74.6    143.2
2015  7 31   212   23 58  0     88.16    0.9671E-04      74.1    140.5
2015  7 31   212   23 59  0     88.34    0.1017E-03      73.6    134.5
