                            NILUUV 115

Uvpro Version 2.0
Latitude :   40.74 (North)
Longitude:  -74.03  (West)
Calibration file: cf100603a.115
Height above sea level:    40.0  m
CLT derived from channel 4
CLT scale factor used:   1.0
Ozone derived from channel pair ch3/ch1
Ozone scale factor used:   1.0
Drift factors ch1-ch6:   3.000154.000  1.000  1.000  1.000  1.000
Ozone profile climatology: Mid  Latitude
Dose type:    CLW    Caldwell Plant 1971           

yyyy mm dd   jul   hh mm ss      SZA     dose rate       clt     Ozone
                              [degrees]   [W/m^2]        [%]     [DU]
2015  3 15    74   11 14  0     89.83    0.6039E-04      30.7     83.5
2015  3 15    74   11 15  0     89.64    0.5970E-04      29.7     85.4
2015  3 15    74   11 16  0     89.45    0.5850E-04      29.2     88.8
2015  3 15    74   11 17  0     89.26    0.5785E-04      28.8     91.1
2015  3 15    74   11 18  0     89.07    0.5737E-04      26.9     87.6
2015  3 15    74   11 19  0     88.88    0.5656E-04      26.0     88.2
2015  3 15    74   11 20  0     88.69    0.5509E-04      25.3     92.4
2015  3 15    74   11 21  0     88.50    0.5322E-04      24.4     94.9
2015  3 15    74   11 22  0     88.31    0.5450E-04      23.3     92.6
2015  3 15    74   11 23  0     88.13    0.5261E-04      22.7     94.8
2015  3 15    74   11 24  0     87.93    0.5064E-04      23.4    100.4
2015  3 15    74   11 25  0     87.75    0.5021E-04      24.5    106.6
2015  3 15    74   11 26  0     87.56    0.4745E-04      26.3    116.4
2015  3 15    74   11 27  0     87.37    0.4127E-04      28.6    136.3
2015  3 15    74   11 28  0     87.18    0.3980E-04      28.2    138.5
2015  3 15    74   11 29  0     86.99    0.3840E-04      26.2    134.9
2015  3 15    74   11 30  0     86.80    0.4030E-04      25.0    130.8
2015  3 15    74   11 31  0     86.61    0.3547E-04      24.0    139.0
2015  3 15    74   11 32  0     86.42    0.3553E-04      23.3    138.5
2015  3 15    74   11 33  0     86.24    0.3664E-04      22.2    134.6
2015  3 15    74   11 34  0     86.05    0.3718E-04      22.2    134.6
2015  3 15    74   11 35  0     85.86    0.3283E-04      20.9    139.9
2015  3 15    74   11 36  0     85.67    0.3416E-04      19.6    136.9
2015  3 15    74   11 37  0     85.48    0.3211E-04      19.4    141.5
2015  3 15    74   11 38  0     85.29    0.2204E-04      19.9    163.4
2015  3 15    74   11 39  0     85.11    0.1751E-04      20.8    174.8
2015  3 15    74   11 40  0     84.92    0.1261E-04      22.2    187.2
2015  3 15    74   11 41  0     84.73    0.5210E-05      23.8    205.2
2015  3 15    74   11 42  0     84.54   -0.1999E-05      24.9    220.7
2015  3 15    74   11 43  0     84.35   -0.1105E-04      26.3    239.2
2015  3 15    74   11 44  0     84.17   -0.2344E-04      28.8    263.1
2015  3 15    74   11 45  0     83.98   -0.3460E-04      30.5    282.7
2015  3 15    74   11 46  0     83.79   -0.3908E-04      31.2    284.8
2015  3 15    74   11 47  0     83.60   -0.5297E-04      32.0    315.1
2015  3 15    74   11 48  0     83.41   -0.5993E-04      32.0    325.5
2015  3 15    74   11 49  0     83.23   -0.7448E-04      34.4    344.7
2015  3 15    74   11 50  0     83.04   -0.9219E-04      35.7    382.0
2015  3 15    74   11 51  0     82.85   -0.9767E-04      35.4    384.8
2015  3 15    74   11 52  0     82.67   -0.1029E-03      34.6    393.2
2015  3 15    74   11 53  0     82.48   -0.1101E-03      35.2    395.4
2015  3 15    74   11 54  0     82.29   -0.1184E-03      35.5    402.5
2015  3 15    74   11 55  0     82.11   -0.1392E-03      37.7    430.5
2015  3 15    74   11 56  0     81.92   -0.1564E-03      38.5    462.5
2015  3 15    74   11 57  0     81.73   -0.1804E-03      41.2    484.9
2015  3 15    74   11 58  0     81.54   -0.1960E-03      42.1    498.5
2015  3 15    74   11 59  0     81.36   -0.1913E-03      40.1    483.8
2015  3 15    74   12  0  0     81.17   -0.1728E-03      35.7    460.4
2015  3 15    74   12  1  0     80.99   -0.1481E-03      31.0    418.3
2015  3 15    74   12  2  0     80.80   -0.1267E-03      26.8    383.8
2015  3 15    74   12  3  0     80.61   -0.1166E-03      24.6    364.1
2015  3 15    74   12  4  0     80.43   -0.1102E-03      22.8    354.7
2015  3 15    74   12  5  0     80.24   -0.1118E-03      22.0    357.2
2015  3 15    74   12  6  0     80.06   -0.1167E-03      21.5    365.4
2015  3 15    74   12  7  0     79.87   -0.1237E-03      21.6    368.7
2015  3 15    74   12  8  0     79.68   -0.1395E-03      22.3    391.5
2015  3 15    74   12  9  0     79.50   -0.1422E-03      22.2    386.7
2015  3 15    74   12 10  0     79.31   -0.1496E-03      22.2    393.2
2015  3 15    74   12 11  0     79.13   -0.1487E-03      21.4    390.4
2015  3 15    74   12 12  0     78.94   -0.1503E-03      20.8    390.9
2015  3 15    74   12 13  0     78.76   -0.1556E-03      20.8    390.7
2015  3 15    74   12 14  0     78.57   -0.1663E-03      20.8    408.6
2015  3 15    74   12 15  0     78.39   -0.1693E-03      20.5    410.5
2015  3 15    74   12 16  0     78.20   -0.1654E-03      19.8    401.5
2015  3 15    74   12 17  0     78.02   -0.1555E-03      18.4    390.6
2015  3 15    74   12 18  0     77.84   -0.1460E-03      17.1    382.3
2015  3 15    74   12 19  0     77.65   -0.1421E-03      16.3    377.4
2015  3 15    74   12 20  0     77.47   -0.1466E-03      16.1    385.4
2015  3 15    74   12 21  0     77.28   -0.1457E-03      15.8    377.6
2015  3 15    74   12 22  0     77.10   -0.1545E-03      15.9    387.8
2015  3 15    74   12 23  0     76.92   -0.1651E-03      16.3    396.0
2015  3 15    74   12 24  0     76.73   -0.1798E-03      16.9    404.8
2015  3 15    74   12 25  0     76.55   -0.1974E-03      17.7    416.1
2015  3 15    74   12 26  0     76.36   -0.2179E-03      18.4    434.2
2015  3 15    74   12 27  0     76.18   -0.2384E-03      19.1    453.6
2015  3 15    74   12 28  0     76.00   -0.2575E-03      19.9    462.8
2015  3 15    74   12 29  0     75.82   -0.2529E-03      19.2    454.1
2015  3 15    74   12 30  0     75.63   -0.2590E-03      19.1    458.8
2015  3 15    74   12 31  0     75.45   -0.2518E-03      18.1    459.9
2015  3 15    74   12 32  0     75.27   -0.2299E-03      16.4    447.5
2015  3 15    74   12 33  0     75.09   -0.2178E-03      15.5    433.4
2015  3 15    74   12 34  0     74.90   -0.2223E-03      15.4    435.6
2015  3 15    74   12 35  0     74.72   -0.2326E-03      15.5    445.1
2015  3 15    74   12 36  0     74.54   -0.2366E-03      15.6    436.6
2015  3 15    74   12 37  0     74.36   -0.2621E-03      16.3    460.5
2015  3 15    74   12 38  0     74.18   -0.3080E-03      17.9    500.0
2015  3 15    74   12 39  0     74.00   -0.3267E-03      18.4    506.3
2015  3 15    74   12 40  0     73.82   -0.3236E-03      18.0    496.5
2015  3 15    74   12 41  0     73.64   -0.3098E-03      16.9    495.7
2015  3 15    74   12 42  0     73.45   -0.3060E-03      16.5    488.7
2015  3 15    74   12 43  0     73.27   -0.3508E-03      18.0    515.9
2015  3 15    74   12 44  0     73.09   -0.4116E-03      20.2    542.8
2015  3 15    74   12 45  0     72.91   -0.4805E-03      22.8    567.2
2015  3 15    74   12 46  0     72.73   -0.5655E-03      25.8    593.1
2015  3 15    74   12 47  0     72.55   -0.5631E-03      25.2    591.2
2015  3 15    74   12 48  0     72.38   -0.5111E-03      22.9    562.8
2015  3 15    74   12 49  0     72.20   -0.4706E-03      20.8    556.3
2015  3 15    74   12 50  0     72.02   -0.5184E-03      22.2    571.1
2015  3 15    74   12 51  0     71.84   -0.5274E-03      22.2    567.0
2015  3 15    74   12 52  0     71.66   -0.5234E-03      21.6    567.0
2015  3 15    74   12 53  0     71.48   -0.5580E-03      22.5    581.2
2015  3 15    74   12 54  0     71.30   -0.5410E-03      21.5    574.4
2015  3 15    74   12 55  0     71.13   -0.5246E-03      20.6    568.9
2015  3 15    74   12 56  0     70.95   -0.5086E-03      19.8    558.1
2015  3 15    74   12 57  0     70.77   -0.4867E-03      18.7    551.8
2015  3 15    74   12 58  0     70.59   -0.4971E-03      18.7    550.7
2015  3 15    74   12 59  0     70.42   -0.4744E-03      17.8    543.3
2015  3 15    74   13  0  0     70.24   -0.4444E-03      16.5    535.7
2015  3 15    74   13  1  0     70.06   -0.3949E-03      14.7    521.4
2015  3 15    74   13  2  0     69.89   -0.3669E-03      13.5    518.6
2015  3 15    74   13  3  0     69.71   -0.3643E-03      13.2    520.0
2015  3 15    74   13  4  0     69.53   -0.3627E-03      13.0    520.4
2015  3 15    74   13  5  0     69.36   -0.3483E-03      12.5    513.0
2015  3 15    74   13  6  0     69.18   -0.3689E-03      12.9    521.5
2015  3 15    74   13  7  0     69.01   -0.4067E-03      13.8    531.2
2015  3 15    74   13  8  0     68.83   -0.4217E-03      14.1    537.2
2015  3 15    74   13  9  0     68.66   -0.4568E-03      14.9    545.2
2015  3 15    74   13 10  0     68.48   -0.4699E-03      15.1    549.8
2015  3 15    74   13 11  0     68.31   -0.4966E-03      15.7    549.5
2015  3 15    74   13 12  0     68.13   -0.5387E-03      16.7    557.2
2015  3 15    74   13 13  0     67.96   -0.5159E-03      15.8    557.1
2015  3 15    74   13 14  0     67.79   -0.4861E-03      14.9    547.5
2015  3 15    74   13 15  0     67.61   -0.4753E-03      14.4    547.3
2015  3 15    74   13 16  0     67.44   -0.4887E-03      14.6    553.4
2015  3 15    74   13 17  0     67.27   -0.5282E-03      15.4    563.6
2015  3 15    74   13 18  0     67.09   -0.5629E-03      16.1    567.8
2015  3 15    74   13 19  0     66.92   -0.5869E-03      16.5    573.3
2015  3 15    74   13 20  0     66.75   -0.6009E-03      16.6    580.0
2015  3 15    74   13 21  0     66.58   -0.6653E-03      18.0    587.2
2015  3 15    74   13 22  0     66.41   -0.7190E-03      19.1    590.4
2015  3 15    74   13 23  0     66.24   -0.7365E-03      19.3    591.6
2015  3 15    74   13 24  0     66.07   -0.6607E-03      17.3    583.4
2015  3 15    74   13 25  0     65.90   -0.5379E-03      14.3    565.8
2015  3 15    74   13 26  0     65.73   -0.4965E-03      13.1    566.8
2015  3 15    74   13 27  0     65.56   -0.5132E-03      13.4    569.1
2015  3 15    74   13 28  0     65.38   -0.5524E-03      14.2    572.0
2015  3 15    74   13 29  0     65.21   -0.6362E-03      16.0    581.0
2015  3 15    74   13 30  0     65.05   -0.7296E-03      17.9    591.4
2015  3 15    74   13 31  0     64.88   -0.7850E-03      18.9    594.6
2015  3 15    74   13 32  0     64.71   -0.8133E-03      19.4    596.6
2015  3 15    74   13 33  0     64.54   -0.8143E-03      19.3    594.1
2015  3 15    74   13 34  0     64.37   -0.7857E-03      18.5    594.0
2015  3 15    74   13 35  0     64.20   -0.7089E-03      16.6    590.6
2015  3 15    74   13 36  0     64.04   -0.6220E-03      14.7    582.2
2015  3 15    74   13 37  0     63.87   -0.5934E-03      14.1    577.9
2015  3 15    74   13 38  0     63.70   -0.6417E-03      14.9    585.5
2015  3 15    74   13 39  0     63.54   -0.7209E-03      16.5    589.0
2015  3 15    74   13 40  0     63.37   -0.8148E-03      18.3    594.0
2015  3 15    74   13 41  0     63.21   -0.8922E-03      19.8    598.5
2015  3 15    74   13 42  0     63.04   -0.9630E-03      21.0    602.2
2015  3 15    74   13 43  0     62.88   -0.9630E-03      20.9    602.3
2015  3 15    74   13 44  0     62.71   -0.9128E-03      19.7    601.0
2015  3 15    74   13 45  0     62.55   -0.9086E-03      19.5    601.5
2015  3 15    74   13 46  0     62.38   -0.9922E-03      21.0    606.8
2015  3 15    74   13 47  0     62.22   -0.1067E-02      22.5    605.0
2015  3 15    74   13 48  0     62.06   -0.1124E-02      23.5    607.1
2015  3 15    74   13 49  0     61.90   -0.1206E-02      25.0    610.8
2015  3 15    74   13 50  0     61.73   -0.1213E-02      25.0    611.9
2015  3 15    74   13 51  0     61.57   -0.1182E-02      24.3    609.1
2015  3 15    74   13 52  0     61.41   -0.1233E-02      25.2    611.7
2015  3 15    74   13 53  0     61.25   -0.1258E-02      25.5    611.6
2015  3 15    74   13 54  0     61.09   -0.1183E-02      24.0    608.6
2015  3 15    74   13 55  0     60.93   -0.1114E-02      22.4    609.4
2015  3 15    74   13 56  0     60.77   -0.1082E-02      21.6    609.4
2015  3 15    74   13 57  0     60.61   -0.1073E-02      21.3    608.2
2015  3 15    74   13 58  0     60.45   -0.1026E-02      20.3    608.8
2015  3 15    74   13 59  0     60.29   -0.1069E-02      21.0    610.6
2015  3 15    74   14  0  0     60.13   -0.1175E-02      23.0    611.8
2015  3 15    74   14  1  0     59.97   -0.1158E-02      22.7    611.8
2015  3 15    74   14  2  0     59.81   -0.1134E-02      22.1    612.1
2015  3 15    74   14  3  0     59.66   -0.1059E-02      20.5    612.5
2015  3 15    74   14  4  0     59.50   -0.9695E-03      18.8    609.5
2015  3 15    74   14  5  0     59.34   -0.8899E-03      17.2    607.8
2015  3 15    74   14  6  0     59.19   -0.8856E-03      17.0    608.5
2015  3 15    74   14  7  0     59.03   -0.9898E-03      18.9    611.1
2015  3 15    74   14  8  0     58.88   -0.1026E-02      19.5    611.4
2015  3 15    74   14  9  0     58.72   -0.9554E-03      18.1    611.5
2015  3 15    74   14 10  0     58.57   -0.9160E-03      17.3    610.1
2015  3 15    74   14 11  0     58.41   -0.8934E-03      16.8    609.4
2015  3 15    74   14 12  0     58.26   -0.8615E-03      16.1    610.3
2015  3 15    74   14 13  0     58.11   -0.9197E-03      17.1    613.0
2015  3 15    74   14 14  0     57.96   -0.9620E-03      17.8    613.0
2015  3 15    74   14 15  0     57.80   -0.9870E-03      18.2    614.4
2015  3 15    74   14 16  0     57.65   -0.9996E-03      18.3    615.4
2015  3 15    74   14 17  0     57.50   -0.1013E-02      18.5    615.6
2015  3 15    74   14 18  0     57.35   -0.1053E-02      19.1    616.3
2015  3 15    74   14 19  0     57.20   -0.1131E-02      20.5    617.4
2015  3 15    74   14 20  0     57.05   -0.1248E-02      22.4    619.8
2015  3 15    74   14 21  0     56.90   -0.1269E-02      22.7    620.3
2015  3 15    74   14 22  0     56.75   -0.1296E-02      23.1    621.6
2015  3 15    74   14 23  0     56.61   -0.1405E-02      24.9    622.8
2015  3 15    74   14 24  0     56.46   -0.1466E-02      26.1    622.5
2015  3 15    74   14 25  0     56.31   -0.1485E-02      26.3    623.2
2015  3 15    74   14 26  0     56.16   -0.1551E-02      27.4    624.1
2015  3 15    74   14 27  0     56.02   -0.1652E-02      29.0    624.4
2015  3 15    74   14 28  0     55.87   -0.1690E-02      29.6    625.0
2015  3 15    74   14 29  0     55.73   -0.1891E-02      33.0    627.1
2015  3 15    74   14 30  0     55.58   -0.2175E-02      37.8    628.0
2015  3 15    74   14 31  0     55.44   -0.2231E-02      39.0    627.5
2015  3 15    74   14 32  0     55.29   -0.2071E-02      36.1    627.7
2015  3 15    74   14 33  0     55.15   -0.1966E-02      34.3    627.0
2015  3 15    74   14 34  0     55.01   -0.1924E-02      33.5    627.6
2015  3 15    74   14 35  0     54.87   -0.1817E-02      31.8    626.4
2015  3 15    74   14 36  0     54.73   -0.1684E-02      29.4    626.3
2015  3 15    74   14 37  0     54.59   -0.1532E-02      26.9    625.1
2015  3 15    74   14 38  0     54.45   -0.1351E-02      23.8    623.6
2015  3 15    74   14 39  0     54.31   -0.1243E-02      22.0    623.5
2015  3 15    74   14 40  0     54.17   -0.1171E-02      20.8    623.0
2015  3 15    74   14 41  0     54.03   -0.1145E-02      20.3    623.9
2015  3 15    74   14 42  0     53.89   -0.1164E-02      20.6    623.9
2015  3 15    74   14 43  0     53.75   -0.1263E-02      22.2    626.2
2015  3 15    74   14 44  0     53.62   -0.1598E-02      27.9    627.4
2015  3 15    74   14 45  0     53.48   -0.1713E-02      30.0    627.3
2015  3 15    74   14 46  0     53.34   -0.1421E-02      25.2    626.4
2015  3 15    74   14 47  0     53.21   -0.1230E-02      21.8    627.4
2015  3 15    74   14 48  0     53.07   -0.1232E-02      21.8    628.1
2015  3 15    74   14 49  0     52.94   -0.1198E-02      21.3    628.4
2015  3 15    74   14 50  0     52.81   -0.1075E-02      19.2    627.1
2015  3 15    74   14 51  0     52.68   -0.9756E-03      17.5    626.9
2015  3 15    74   14 52  0     52.54   -0.9546E-03      17.0    628.3
2015  3 15    74   14 53  0     52.41   -0.9962E-03      17.6    629.7
2015  3 15    74   14 54  0     52.28   -0.1073E-02      19.0    631.3
2015  3 15    74   14 55  0     52.15   -0.1126E-02      19.8    632.2
2015  3 15    74   14 56  0     52.02   -0.1093E-02      19.3    632.1
2015  3 15    74   14 57  0     51.89   -0.1018E-02      18.0    633.3
2015  3 15    74   14 58  0     51.76   -0.9788E-03      17.3    634.4
2015  3 15    74   14 59  0     51.64   -0.9745E-03      17.3    634.3
2015  3 15    74   15  0  0     51.51   -0.9786E-03      17.3    636.3
2015  3 15    74   15  1  0     51.39   -0.9952E-03      17.5    636.6
2015  3 15    74   15  2  0     51.26   -0.1012E-02      17.8    637.3
2015  3 15    74   15  3  0     51.14   -0.1002E-02      17.7    637.2
2015  3 15    74   15  4  0     51.01   -0.9856E-03      17.4    637.6
2015  3 15    74   15  5  0     50.89   -0.1004E-02      17.7    639.2
2015  3 15    74   15  6  0     50.77   -0.9569E-03      16.9    640.1
2015  3 15    74   15  7  0     50.65   -0.8750E-03      15.4    641.4
2015  3 15    74   15  8  0     50.52   -0.8316E-03      14.7    641.4
2015  3 15    74   15  9  0     50.40   -0.8449E-03      14.9    642.0
2015  3 15    74   15 10  0     50.28   -0.8779E-03      15.5    642.0
2015  3 15    74   15 11  0     50.17   -0.9505E-03      16.7    643.1
2015  3 15    74   15 12  0     50.05   -0.9966E-03      17.5    643.8
2015  3 15    74   15 13  0     49.93   -0.1116E-02      19.7    644.5
2015  3 15    74   15 14  0     49.81   -0.1190E-02      20.9    645.5
2015  3 15    74   15 15  0     49.70   -0.1153E-02      20.4    645.2
2015  3 15    74   15 16  0     49.58   -0.1124E-02      20.0    645.2
2015  3 15    74   15 17  0     49.47   -0.1055E-02      18.8    644.5
2015  3 15    74   15 18  0     49.36   -0.1025E-02      18.4    644.2
2015  3 15    74   15 19  0     49.24   -0.1043E-02      18.7    645.0
2015  3 15    74   15 20  0     49.13   -0.9777E-03      17.7    644.3
2015  3 15    74   15 21  0     49.02   -0.9279E-03      16.7    645.2
2015  3 15    74   15 22  0     48.91   -0.9845E-03      17.6    646.0
2015  3 15    74   15 23  0     48.80   -0.1154E-02      20.7    645.9
2015  3 15    74   15 24  0     48.69   -0.1204E-02      21.9    645.2
2015  3 15    74   15 25  0     48.58   -0.1089E-02      19.9    644.8
2015  3 15    74   15 26  0     48.47   -0.1058E-02      19.3    645.7
2015  3 15    74   15 27  0     48.37   -0.1011E-02      18.7    645.0
2015  3 15    74   15 28  0     48.26   -0.9415E-03      17.4    645.7
2015  3 15    74   15 29  0     48.16   -0.8515E-03      15.8    646.1
2015  3 15    74   15 30  0     48.06   -0.7895E-03      14.7    646.1
2015  3 15    74   15 31  0     47.95   -0.7566E-03      14.1    647.0
2015  3 15    74   15 32  0     47.85   -0.7620E-03      14.2    647.6
2015  3 15    74   15 33  0     47.75   -0.7763E-03      14.5    648.1
2015  3 15    74   15 34  0     47.65   -0.7413E-03      13.9    648.2
2015  3 15    74   15 35  0     47.55   -0.6847E-03      12.9    647.9
2015  3 15    74   15 36  0     47.45   -0.6308E-03      11.9    648.5
2015  3 15    74   15 37  0     47.36   -0.6016E-03      11.3    649.9
2015  3 15    74   15 38  0     47.26   -0.5837E-03      11.0    649.6
2015  3 15    74   15 39  0     47.16   -0.5811E-03      11.0    650.7
2015  3 15    74   15 40  0     47.07   -0.6004E-03      11.4    650.3
2015  3 15    74   15 41  0     46.97   -0.5980E-03      11.5    650.7
2015  3 15    74   15 42  0     46.88   -0.5855E-03      11.3    651.2
2015  3 15    74   15 43  0     46.78   -0.5962E-03      11.6    650.3
2015  3 15    74   15 44  0     46.69   -0.6195E-03      12.0    650.5
2015  3 15    74   15 45  0     46.60   -0.6388E-03      12.5    650.3
2015  3 15    74   15 46  0     46.51   -0.6489E-03      12.7    651.0
2015  3 15    74   15 47  0     46.43   -0.6516E-03      12.8    651.2
2015  3 15    74   15 48  0     46.34   -0.6380E-03      12.6    651.3
2015  3 15    74   15 49  0     46.25   -0.6299E-03      12.5    651.5
2015  3 15    74   15 50  0     46.17   -0.6432E-03      12.7    652.1
2015  3 15    74   15 51  0     46.08   -0.6759E-03      13.6    651.2
2015  3 15    74   15 52  0     46.00   -0.6743E-03      13.7    651.4
2015  3 15    74   15 53  0     45.91   -0.6423E-03      13.0    652.1
2015  3 15    74   15 54  0     45.83   -0.6696E-03      13.6    652.6
2015  3 15    74   15 55  0     45.75   -0.6944E-03      14.2    652.2
2015  3 15    74   15 56  0     45.67   -0.6613E-03      13.7    651.1
2015  3 15    74   15 57  0     45.59   -0.6721E-03      13.9    651.2
2015  3 15    74   15 58  0     45.52   -0.7311E-03      15.2    651.5
2015  3 15    74   15 59  0     45.44   -0.7972E-03      16.7    651.3
2015  3 15    74   16  0  0     45.36   -0.7864E-03      16.6    651.8
2015  3 15    74   16  1  0     45.29   -0.7423E-03      15.7    652.2
2015  3 15    74   16  2  0     45.21   -0.7839E-03      16.5    652.9
2015  3 15    74   16  3  0     45.14   -0.7924E-03      16.9    652.6
2015  3 15    74   16  4  0     45.07   -0.9623E-03      20.3    653.9
2015  3 15    74   16  5  0     45.00   -0.1150E-02      24.8    653.0
2015  3 15    74   16  6  0     44.93   -0.1194E-02      26.0    652.5
2015  3 15    74   16  7  0     44.86   -0.1011E-02      22.3    652.0
2015  3 15    74   16  8  0     44.79   -0.8251E-03      18.1    653.3
2015  3 15    74   16  9  0     44.73   -0.7412E-03      16.2    653.9
2015  3 15    74   16 10  0     44.66   -0.7187E-03      15.7    654.5
2015  3 15    74   16 11  0     44.60   -0.6958E-03      15.3    654.6
2015  3 15    74   16 12  0     44.53   -0.7450E-03      16.4    654.9
2015  3 15    74   16 13  0     44.47   -0.9568E-03      21.3    653.8
2015  3 15    74   16 14  0     44.41   -0.1177E-02      26.7    652.4
2015  3 15    74   16 15  0     44.35   -0.1240E-02      28.4    652.1
2015  3 15    74   16 16  0     44.29   -0.1425E-02      32.8    652.5
2015  3 15    74   16 17  0     44.23   -0.1650E-02      38.6    651.6
2015  3 15    74   16 18  0     44.18   -0.1674E-02      39.7    651.1
2015  3 15    74   16 19  0     44.12   -0.1619E-02      38.5    651.0
2015  3 15    74   16 20  0     44.07   -0.1620E-02      38.5    651.4
2015  3 15    74   16 21  0     44.01   -0.1679E-02      40.3    651.1
2015  3 15    74   16 22  0     43.96   -0.1695E-02      40.9    651.8
2015  3 15    74   16 23  0     43.91   -0.1658E-02      40.2    651.9
2015  3 15    74   16 24  0     43.86   -0.1571E-02      38.3    651.9
2015  3 15    74   16 25  0     43.81   -0.1370E-02      33.7    650.9
2015  3 15    74   16 26  0     43.76   -0.1215E-02      29.9    651.4
2015  3 15    74   16 27  0     43.72   -0.1076E-02      26.6    651.7
2015  3 15    74   16 28  0     43.67   -0.9719E-03      23.7    654.0
2015  3 15    74   16 29  0     43.63   -0.9290E-03      22.0    655.9
2015  3 15    74   16 30  0     43.58   -0.8748E-03      20.6    656.5
2015  3 15    74   16 31  0     43.54   -0.8547E-03      20.3    656.2
2015  3 15    74   16 32  0     43.50   -0.8043E-03      19.2    656.1
2015  3 15    74   16 33  0     43.46   -0.7337E-03      17.6    655.7
2015  3 15    74   16 34  0     43.42   -0.6760E-03      16.4    654.7
2015  3 15    74   16 35  0     43.38   -0.7812E-03      19.2    654.0
2015  3 15    74   16 36  0     43.35   -0.8816E-03      22.6    651.7
2015  3 15    74   16 37  0     43.31   -0.8399E-03      21.6    651.9
2015  3 15    74   16 38  0     43.28   -0.8055E-03      20.5    652.8
2015  3 15    74   16 39  0     43.25   -0.7664E-03      19.4    653.6
2015  3 15    74   16 40  0     43.21   -0.6701E-03      16.7    654.9
2015  3 15    74   16 41  0     43.18   -0.6326E-03      15.3    657.5
2015  3 15    74   16 42  0     43.15   -0.7419E-03      17.5    659.5
2015  3 15    74   16 43  0     43.13   -0.8619E-03      20.3    659.7
2015  3 15    74   16 44  0     43.10   -0.8719E-03      20.4    660.5
2015  3 15    74   16 45  0     43.07   -0.8821E-03      20.4    661.9
2015  3 15    74   16 46  0     43.05   -0.9838E-03      22.2    664.2
2015  3 15    74   16 47  0     43.02   -0.1119E-02      25.2    664.9
2015  3 15    74   16 48  0     43.00   -0.1181E-02      26.5    665.1
2015  3 15    74   16 49  0     42.98   -0.1152E-02      26.2    664.3
2015  3 15    74   16 50  0     42.96   -0.1228E-02      27.6    665.3
2015  3 15    74   16 51  0     42.94   -0.1481E-02      33.5    664.9
2015  3 15    74   16 52  0     42.93   -0.1660E-02      38.1    664.0
2015  3 15    74   16 53  0     42.91   -0.1709E-02      39.7    663.3
2015  3 15    74   16 54  0     42.90   -0.1589E-02      37.1    663.0
2015  3 15    74   16 55  0     42.88   -0.1510E-02      35.4    662.8
2015  3 15    74   16 56  0     42.87   -0.1561E-02      36.6    662.9
2015  3 15    74   16 57  0     42.86   -0.1703E-02      40.5    661.9
2015  3 15    74   16 58  0     42.85   -0.1654E-02      40.2    660.7
2015  3 15    74   16 59  0     42.84   -0.1524E-02      37.6    659.9
2015  3 15    74   17  0  0     42.83   -0.1298E-02      32.2    659.4
2015  3 15    74   17  1  0     42.83   -0.1256E-02      30.6    660.6
2015  3 15    74   17  2  0     42.82   -0.1200E-02      29.5    660.1
2015  3 15    74   17  3  0     42.82   -0.1198E-02      29.2    660.6
2015  3 15    74   17  4  0     42.81   -0.1376E-02      34.1    659.7
2015  3 15    74   17  5  0     42.81   -0.1442E-02      36.3    658.7
2015  3 15    74   17  6  0     42.81   -0.1400E-02      35.3    658.8
2015  3 15    74   17  7  0     42.81   -0.1409E-02      35.2    659.3
2015  3 15    74   17  8  0     42.81   -0.1456E-02      36.2    659.5
2015  3 15    74   17  9  0     42.82   -0.1400E-02      34.9    659.1
2015  3 15    74   17 10  0     42.82   -0.1353E-02      33.8    659.0
2015  3 15    74   17 11  0     42.83   -0.1381E-02      34.0    659.6
2015  3 15    74   17 12  0     42.84   -0.1496E-02      36.9    659.6
2015  3 15    74   17 13  0     42.84   -0.1467E-02      36.9    658.6
2015  3 15    74   17 14  0     42.85   -0.1310E-02      32.8    658.8
2015  3 15    74   17 15  0     42.86   -0.1271E-02      31.4    659.2
2015  3 15    74   17 16  0     42.87   -0.1325E-02      32.9    658.6
2015  3 15    74   17 17  0     42.89   -0.1268E-02      31.6    658.3
2015  3 15    74   17 18  0     42.90   -0.1222E-02      30.6    657.9
2015  3 15    74   17 19  0     42.92   -0.1208E-02      30.2    658.0
2015  3 15    74   17 20  0     42.94   -0.1258E-02      31.2    658.3
2015  3 15    74   17 21  0     42.95   -0.1270E-02      31.6    657.9
2015  3 15    74   17 22  0     42.97   -0.1166E-02      28.9    657.9
2015  3 15    74   17 23  0     42.99   -0.1126E-02      27.8    658.0
2015  3 15    74   17 24  0     43.01   -0.1123E-02      27.8    657.9
2015  3 15    74   17 25  0     43.04   -0.1121E-02      27.8    657.9
2015  3 15    74   17 26  0     43.06   -0.1098E-02      26.9    658.3
2015  3 15    74   17 27  0     43.09   -0.1033E-02      25.2    658.0
2015  3 15    74   17 28  0     43.11   -0.9792E-03      23.9    658.0
2015  3 15    74   17 29  0     43.14   -0.1006E-02      24.3    658.5
2015  3 15    74   17 30  0     43.17   -0.1108E-02      27.1    657.6
2015  3 15    74   17 31  0     43.20   -0.1071E-02      26.1    657.3
2015  3 15    74   17 32  0     43.23   -0.1036E-02      25.2    656.8
2015  3 15    74   17 33  0     43.26   -0.1031E-02      25.2    656.2
2015  3 15    74   17 34  0     43.29   -0.1092E-02      27.0    655.5
2015  3 15    74   17 35  0     43.33   -0.1178E-02      29.1    655.5
2015  3 15    74   17 36  0     43.36   -0.1261E-02      31.0    655.4
2015  3 15    74   17 37  0     43.40   -0.1217E-02      30.2    654.3
2015  3 15    74   17 38  0     43.44   -0.1113E-02      27.7    653.5
2015  3 15    74   17 39  0     43.48   -0.1074E-02      26.7    653.0
2015  3 15    74   17 40  0     43.52   -0.1053E-02      26.4    652.3
2015  3 15    74   17 41  0     43.56   -0.1052E-02      26.3    652.3
2015  3 15    74   17 42  0     43.60   -0.1051E-02      26.1    652.4
2015  3 15    74   17 43  0     43.65   -0.1116E-02      27.5    652.6
2015  3 15    74   17 44  0     43.69   -0.1264E-02      31.3    651.9
2015  3 15    74   17 45  0     43.74   -0.1295E-02      32.2    651.1
2015  3 15    74   17 46  0     43.79   -0.1260E-02      31.0    651.3
2015  3 15    74   17 47  0     43.83   -0.1251E-02      30.6    652.2
2015  3 15    74   17 48  0     43.88   -0.1266E-02      30.7    652.5
2015  3 15    74   17 49  0     43.93   -0.1381E-02      33.0    652.7
2015  3 15    74   17 50  0     43.98   -0.1483E-02      35.3    652.3
2015  3 15    74   17 51  0     44.04   -0.1743E-02      41.6    651.3
2015  3 15    74   17 52  0     44.09   -0.2140E-02      52.2    649.8
2015  3 15    74   17 53  0     44.15   -0.2197E-02      53.9    649.9
2015  3 15    74   17 54  0     44.20   -0.1916E-02      45.1    651.1
2015  3 15    74   17 55  0     44.26   -0.1990E-02      46.8    650.4
2015  3 15    74   17 56  0     44.32   -0.1992E-02      46.6    650.8
2015  3 15    74   17 57  0     44.38   -0.1933E-02      44.8    651.6
2015  3 15    74   17 58  0     44.44   -0.2413E-02      56.0    653.0
2015  3 15    74   17 59  0     44.50   -0.2455E-02      56.9    650.5
2015  3 15    74   18  0  0     44.56   -0.2657E-02      61.5    649.3
2015  3 15    74   18  1  0     44.63   -0.3172E-02      74.2    650.0
2015  3 15    74   18  2  0     44.69   -0.2745E-02      62.6    650.4
2015  3 15    74   18  3  0     44.76   -0.2720E-02      60.5    652.6
2015  3 15    74   18  4  0     44.82   -0.2592E-02      57.0    652.2
2015  3 15    74   18  5  0     44.89   -0.2957E-02      62.8    656.0
2015  3 15    74   18  6  0     44.96   -0.3522E-02      78.6    652.0
2015  3 15    74   18  7  0     45.03   -0.3773E-02      87.3    648.1
2015  3 15    74   18  8  0     45.10   -0.2686E-02      57.7    647.9
2015  3 15    74   18  9  0     45.17   -0.3395E-02      71.8    653.2
2015  3 15    74   18 10  0     45.25   -0.4464E-02     100.0    651.6
2015  3 15    74   18 11  0     45.32   -0.3694E-02      82.2    649.7
2015  3 15    74   18 12  0     45.40   -0.3497E-02      74.5    653.5
2015  3 15    74   18 13  0     45.47   -0.2875E-02      59.4    653.4
2015  3 15    74   18 14  0     45.55   -0.3246E-02      67.1    655.4
2015  3 15    74   18 15  0     45.63   -0.3241E-02      67.7    653.6
2015  3 15    74   18 16  0     45.71   -0.4214E-02      88.1    657.5
2015  3 15    74   18 17  0     45.79   -0.3594E-02      76.7    652.1
2015  3 15    74   18 18  0     45.87   -0.2816E-02      57.9    651.7
2015  3 15    74   18 19  0     45.95   -0.2648E-02      54.0    652.8
2015  3 15    74   18 20  0     46.04   -0.2507E-02      51.1    653.2
2015  3 15    74   18 21  0     46.12   -0.2609E-02      53.3    654.7
2015  3 15    74   18 22  0     46.21   -0.2273E-02      45.5    653.7
2015  3 15    74   18 23  0     46.29   -0.2482E-02      49.6    652.7
2015  3 15    74   18 24  0     46.38   -0.2581E-02      51.8    651.1
2015  3 15    74   18 25  0     46.47   -0.2625E-02      52.9    650.4
2015  3 15    74   18 26  0     46.56   -0.3048E-02      61.3    653.4
2015  3 15    74   18 27  0     46.65   -0.2776E-02      56.0    649.0
2015  3 15    74   18 28  0     46.74   -0.2693E-02      53.3    648.7
2015  3 15    74   18 29  0     46.83   -0.2520E-02      49.4    648.9
2015  3 15    74   18 30  0     46.92   -0.2135E-02      41.6    648.9
2015  3 15    74   18 31  0     47.02   -0.1868E-02      36.1    648.3
2015  3 15    74   18 32  0     47.11   -0.1610E-02      31.1    647.8
2015  3 15    74   18 33  0     47.20   -0.1420E-02      27.2    648.9
2015  3 15    74   18 34  0     47.30   -0.1529E-02      29.1    649.4
2015  3 15    74   18 35  0     47.40   -0.1426E-02      27.1    648.3
2015  3 15    74   18 36  0     47.50   -0.1227E-02      23.1    649.0
2015  3 15    74   18 37  0     47.60   -0.1333E-02      25.0    649.5
2015  3 15    74   18 38  0     47.70   -0.1530E-02      28.5    649.6
2015  3 15    74   18 39  0     47.80   -0.1553E-02      28.6    649.4
2015  3 15    74   18 40  0     47.90   -0.1345E-02      24.5    650.0
2015  3 15    74   18 41  0     48.00   -0.1289E-02      23.2    649.4
2015  3 15    74   18 42  0     48.10   -0.1385E-02      24.6    650.0
2015  3 15    74   18 43  0     48.21   -0.1585E-02      28.3    649.1
2015  3 15    74   18 44  0     48.31   -0.1695E-02      30.7    647.9
2015  3 15    74   18 45  0     48.42   -0.1587E-02      28.8    647.5
2015  3 15    74   18 46  0     48.53   -0.1662E-02      29.9    648.9
2015  3 15    74   18 47  0     48.63   -0.1923E-02      34.2    649.8
2015  3 15    74   18 48  0     48.74   -0.2230E-02      39.5    649.6
2015  3 15    74   18 49  0     48.85   -0.2408E-02      42.8    649.2
2015  3 15    74   18 50  0     48.96   -0.2660E-02      47.3    651.1
2015  3 15    74   18 51  0     49.07   -0.2585E-02      46.0    649.2
2015  3 15    74   18 52  0     49.18   -0.2282E-02      40.1    649.3
2015  3 15    74   18 53  0     49.29   -0.2354E-02      40.7    648.8
2015  3 15    74   18 54  0     49.41   -0.2565E-02      44.7    647.8
2015  3 15    74   18 55  0     49.52   -0.2495E-02      43.7    648.8
2015  3 15    74   18 56  0     49.63   -0.2481E-02      43.4    649.1
2015  3 15    74   18 57  0     49.75   -0.2508E-02      43.7    649.4
2015  3 15    74   18 58  0     49.87   -0.2628E-02      45.8    648.7
2015  3 15    74   18 59  0     49.98   -0.2911E-02      50.6    649.2
2015  3 15    74   19  0  0     50.10   -0.2953E-02      51.1    646.7
2015  3 15    74   19  1  0     50.22   -0.3100E-02      53.2    649.9
2015  3 15    74   19  2  0     50.34   -0.3534E-02      62.9    648.3
2015  3 15    74   19  3  0     50.46   -0.2942E-02      50.9    647.5
2015  3 15    74   19  4  0     50.58   -0.2840E-02      48.8    648.0
2015  3 15    74   19  5  0     50.70   -0.3023E-02      52.1    648.0
2015  3 15    74   19  6  0     50.82   -0.3202E-02      55.2    647.6
2015  3 15    74   19  7  0     50.94   -0.3755E-02      65.6    649.2
2015  3 15    74   19  8  0     51.07   -0.3861E-02      67.3    644.9
2015  3 15    74   19  9  0     51.19   -0.3873E-02      67.1    643.7
2015  3 15    74   19 10  0     51.32   -0.4376E-02      76.8    646.3
2015  3 15    74   19 11  0     51.44   -0.3779E-02      65.7    644.4
2015  3 15    74   19 12  0     51.57   -0.3160E-02      54.3    644.6
2015  3 15    74   19 13  0     51.70   -0.3024E-02      52.4    648.0
2015  3 15    74   19 14  0     51.82   -0.2819E-02      49.3    647.8
2015  3 15    74   19 15  0     51.95   -0.2351E-02      40.6    648.3
2015  3 15    74   19 16  0     52.08   -0.1914E-02      32.3    643.1
2015  3 15    74   19 17  0     52.21   -0.1907E-02      32.0    642.4
2015  3 15    74   19 18  0     52.34   -0.1878E-02      31.7    640.5
2015  3 15    74   19 19  0     52.47   -0.1686E-02      28.6    638.7
2015  3 15    74   19 20  0     52.60   -0.1664E-02      28.2    637.5
2015  3 15    74   19 21  0     52.73   -0.1720E-02      29.2    636.7
2015  3 15    74   19 22  0     52.87   -0.2098E-02      35.7    637.1
2015  3 15    74   19 23  0     53.00   -0.2608E-02      45.1    638.2
2015  3 15    74   19 24  0     53.13   -0.2905E-02      51.3    639.5
2015  3 15    74   19 25  0     53.27   -0.2805E-02      49.5    638.5
2015  3 15    74   19 26  0     53.40   -0.2445E-02      42.6    637.3
2015  3 15    74   19 27  0     53.54   -0.2385E-02      41.9    638.1
2015  3 15    74   19 28  0     53.68   -0.2156E-02      37.7    636.9
2015  3 15    74   19 29  0     53.81   -0.2563E-02      45.7    641.7
2015  3 15    74   19 30  0     53.95   -0.2033E-02      35.3    634.7
2015  3 15    74   19 31  0     54.09   -0.1936E-02      33.6    632.9
2015  3 15    74   19 32  0     54.23   -0.1849E-02      32.3    632.2
2015  3 15    74   19 33  0     54.37   -0.1689E-02      29.5    631.5
2015  3 15    74   19 34  0     54.51   -0.1691E-02      29.5    632.4
2015  3 15    74   19 35  0     54.65   -0.1701E-02      29.8    630.7
2015  3 15    74   19 36  0     54.79   -0.1675E-02      29.3    630.9
2015  3 15    74   19 37  0     54.93   -0.1622E-02      28.5    630.0
2015  3 15    74   19 38  0     55.07   -0.1549E-02      27.2    628.1
2015  3 15    74   19 39  0     55.21   -0.1555E-02      27.3    627.5
2015  3 15    74   19 40  0     55.36   -0.1510E-02      26.5    626.4
2015  3 15    74   19 41  0     55.50   -0.1482E-02      26.0    624.9
2015  3 15    74   19 42  0     55.65   -0.1530E-02      26.8    626.0
2015  3 15    74   19 43  0     55.79   -0.1630E-02      28.5    627.1
2015  3 15    74   19 44  0     55.94   -0.1738E-02      30.5    626.1
2015  3 15    74   19 45  0     56.08   -0.1776E-02      31.1    625.3
2015  3 15    74   19 46  0     56.23   -0.1679E-02      29.5    625.8
2015  3 15    74   19 47  0     56.37   -0.1640E-02      28.9    625.6
2015  3 15    74   19 48  0     56.52   -0.1573E-02      27.8    624.4
2015  3 15    74   19 49  0     56.67   -0.1472E-02      26.1    623.6
2015  3 15    74   19 50  0     56.82   -0.1380E-02      24.5    622.8
2015  3 15    74   19 51  0     56.96   -0.1315E-02      23.4    621.9
2015  3 15    74   19 52  0     57.11   -0.1223E-02      21.9    620.5
2015  3 15    74   19 53  0     57.26   -0.1121E-02      20.1    619.5
2015  3 15    74   19 54  0     57.41   -0.1054E-02      18.9    619.4
2015  3 15    74   19 55  0     57.57   -0.1022E-02      18.4    617.5
2015  3 15    74   19 56  0     57.72   -0.1046E-02      18.9    618.3
2015  3 15    74   19 57  0     57.87   -0.1069E-02      19.4    618.6
2015  3 15    74   19 58  0     58.02   -0.1138E-02      20.7    619.7
2015  3 15    74   19 59  0     58.17   -0.1139E-02      20.8    619.1
2015  3 15    74   20  0  0     58.33   -0.1045E-02      19.3    617.2
2015  3 15    74   20  1  0     58.48   -0.9878E-03      18.2    617.2
2015  3 15    74   20  2  0     58.63   -0.9583E-03      17.7    616.2
2015  3 15    74   20  3  0     58.79   -0.9412E-03      17.5    614.6
2015  3 15    74   20  4  0     58.94   -0.9287E-03      17.3    615.3
2015  3 15    74   20  5  0     59.10   -0.8872E-03      16.7    613.0
2015  3 15    74   20  6  0     59.25   -0.8719E-03      16.5    613.8
2015  3 15    74   20  7  0     59.41   -0.8865E-03      16.9    613.2
2015  3 15    74   20  8  0     59.57   -0.9309E-03      17.7    615.9
2015  3 15    74   20  9  0     59.72   -0.9442E-03      18.1    613.3
2015  3 15    74   20 10  0     59.88   -0.9785E-03      18.7    616.4
2015  3 15    74   20 11  0     60.04   -0.1031E-02      19.8    618.3
2015  3 15    74   20 12  0     60.20   -0.1080E-02      20.9    618.1
2015  3 15    74   20 13  0     60.36   -0.1085E-02      21.1    618.3
2015  3 15    74   20 14  0     60.51   -0.1087E-02      21.2    618.0
2015  3 15    74   20 15  0     60.67   -0.1105E-02      21.6    618.4
2015  3 15    74   20 16  0     60.83   -0.1226E-02      23.9    622.2
2015  3 15    74   20 17  0     60.99   -0.1359E-02      26.6    625.9
2015  3 15    74   20 18  0     61.16   -0.1352E-02      26.6    625.3
2015  3 15    74   20 19  0     61.32   -0.1290E-02      25.7    625.5
2015  3 15    74   20 20  0     61.48   -0.1274E-02      25.6    626.4
2015  3 15    74   20 21  0     61.64   -0.1270E-02      25.7    627.1
2015  3 15    74   20 22  0     61.80   -0.1273E-02      26.0    629.3
2015  3 15    74   20 23  0     61.96   -0.1215E-02      25.1    629.3
2015  3 15    74   20 24  0     62.13   -0.1194E-02      25.0    628.6
2015  3 15    74   20 25  0     62.29   -0.1178E-02      24.9    629.8
2015  3 15    74   20 26  0     62.45   -0.1094E-02      23.3    625.9
2015  3 15    74   20 27  0     62.62   -0.1080E-02      23.2    625.2
2015  3 15    74   20 28  0     62.78   -0.1053E-02      22.8    626.3
2015  3 15    74   20 29  0     62.95   -0.9204E-03      20.2    618.6
2015  3 15    74   20 30  0     63.11   -0.7883E-03      17.4    610.4
2015  3 15    74   20 31  0     63.28   -0.7272E-03      16.2    605.6
2015  3 15    74   20 32  0     63.44   -0.7201E-03      16.2    602.3
2015  3 15    74   20 33  0     63.61   -0.7329E-03      16.6    604.2
2015  3 15    74   20 34  0     63.77   -0.7415E-03      16.9    603.3
2015  3 15    74   20 35  0     63.94   -0.7124E-03      16.4    602.5
2015  3 15    74   20 36  0     64.11   -0.6830E-03      16.0    600.9
2015  3 15    74   20 37  0     64.27   -0.6423E-03      15.3    593.7
2015  3 15    74   20 38  0     64.44   -0.6079E-03      14.7    587.8
2015  3 15    74   20 39  0     64.61   -0.5644E-03      13.9    582.7
2015  3 15    74   20 40  0     64.78   -0.5570E-03      13.7    586.7
2015  3 15    74   20 41  0     64.95   -0.5477E-03      13.6    584.3
2015  3 15    74   20 42  0     65.11   -0.5227E-03      13.2    578.2
2015  3 15    74   20 43  0     65.28   -0.5245E-03      13.4    578.0
2015  3 15    74   20 44  0     65.45   -0.5213E-03      13.5    576.3
2015  3 15    74   20 45  0     65.62   -0.5910E-03      15.0    588.1
2015  3 15    74   20 46  0     65.79   -0.7797E-03      19.5    601.9
2015  3 15    74   20 47  0     65.96   -0.8121E-03      20.5    606.4
2015  3 15    74   20 48  0     66.13   -0.8038E-03      20.6    602.2
2015  3 15    74   20 49  0     66.30   -0.8581E-03      22.1    608.8
2015  3 15    74   20 50  0     66.48   -0.9430E-03      24.5    619.1
2015  3 15    74   20 51  0     66.65   -0.1017E-02      26.7    626.7
2015  3 15    74   20 52  0     66.82   -0.9734E-03      26.0    622.6
2015  3 15    74   20 53  0     66.99   -0.8809E-03      23.9    614.8
2015  3 15    74   20 54  0     67.16   -0.7569E-03      21.0    602.0
2015  3 15    74   20 55  0     67.33   -0.6713E-03      19.1    594.4
2015  3 15    74   20 56  0     67.51   -0.5930E-03      17.2    579.7
2015  3 15    74   20 57  0     67.68   -0.5334E-03      15.8    572.1
2015  3 15    74   20 58  0     67.85   -0.4857E-03      14.7    561.0
2015  3 15    74   20 59  0     68.03   -0.5142E-03      15.6    567.5
2015  3 15    74   21  0  0     68.20   -0.4994E-03      15.3    566.8
2015  3 15    74   21  1  0     68.38   -0.4662E-03      14.5    558.1
2015  3 15    74   21  2  0     68.55   -0.4417E-03      14.1    548.0
2015  3 15    74   21  3  0     68.73   -0.4214E-03      13.7    543.5
2015  3 15    74   21  4  0     68.90   -0.4753E-03      15.4    560.9
2015  3 15    74   21  5  0     69.07   -0.5573E-03      18.0    582.2
2015  3 15    74   21  6  0     69.25   -0.5943E-03      19.3    590.9
2015  3 15    74   21  7  0     69.43   -0.6076E-03      20.0    594.0
2015  3 15    74   21  8  0     69.60   -0.5847E-03      19.7    591.6
2015  3 15    74   21  9  0     69.78   -0.5948E-03      20.3    592.7
2015  3 15    74   21 10  0     69.95   -0.6021E-03      20.7    599.3
2015  3 15    74   21 11  0     70.13   -0.5703E-03      20.3    589.2
2015  3 15    74   21 12  0     70.31   -0.6126E-03      22.0    596.1
2015  3 15    74   21 13  0     70.48   -0.7308E-03      26.2    628.2
2015  3 15    74   21 14  0     70.66   -0.8153E-03      29.6    648.4
2015  3 15    74   21 15  0     70.84   -0.8254E-03      30.6    661.4
2015  3 15    74   21 16  0     71.01   -0.8026E-03      30.4    664.2
2015  3 15    74   21 17  0     71.19   -0.7952E-03      30.9    664.0
2015  3 15    74   21 18  0     71.37   -0.6898E-03      27.8    640.4
2015  3 15    74   21 19  0     71.55   -0.6824E-03      28.0    659.0
2015  3 15    74   21 20  0     71.73   -0.6854E-03      28.8    669.6
2015  3 15    74   21 21  0     71.91   -0.6891E-03      29.7    674.1
2015  3 15    74   21 22  0     72.08   -0.6505E-03      28.7    656.5
2015  3 15    74   21 23  0     72.26   -0.6526E-03      29.4    660.1
2015  3 15    74   21 24  0     72.44   -0.6040E-03      27.9    658.8
2015  3 15    74   21 25  0     72.62   -0.5965E-03      28.3    659.1
2015  3 15    74   21 26  0     72.80   -0.5413E-03      26.4    637.5
2015  3 15    74   21 27  0     72.98   -0.4688E-03      23.5    600.6
2015  3 15    74   21 28  0     73.16   -0.4425E-03      22.6    608.3
2015  3 15    74   21 29  0     73.34   -0.4344E-03      22.9    602.8
2015  3 15    74   21 30  0     73.52   -0.4253E-03      23.0    595.8
2015  3 15    74   21 31  0     73.70   -0.3904E-03      21.8    571.0
2015  3 15    74   21 32  0     73.88   -0.3741E-03      21.6    558.6
2015  3 15    74   21 33  0     74.06   -0.3639E-03      21.2    564.0
2015  3 15    74   21 34  0     74.24   -0.3330E-03      20.2    543.3
2015  3 15    74   21 35  0     74.43   -0.3617E-03      23.1    580.1
2015  3 15    74   21 36  0     74.61   -0.3685E-03      23.2    567.6
2015  3 15    74   21 37  0     74.79   -0.3449E-03      22.3    552.6
2015  3 15    74   21 38  0     74.97   -0.3270E-03      21.8    540.6
2015  3 15    74   21 39  0     75.15   -0.3093E-03      21.4    523.2
2015  3 15    74   21 40  0     75.33   -0.3012E-03      21.5    519.0
2015  3 15    74   21 41  0     75.52   -0.2938E-03      21.5    519.7
2015  3 15    74   21 42  0     75.70   -0.3183E-03      23.7    535.0
2015  3 15    74   21 43  0     75.88   -0.3549E-03      26.3    581.5
2015  3 15    74   21 44  0     76.06   -0.3561E-03      27.1    584.4
2015  3 15    74   21 45  0     76.25   -0.3458E-03      27.4    570.2
2015  3 15    74   21 46  0     76.43   -0.3219E-03      26.5    553.0
2015  3 15    74   21 47  0     76.61   -0.2914E-03      25.2    520.4
2015  3 15    74   21 48  0     76.80   -0.2760E-03      24.6    518.7
2015  3 15    74   21 49  0     76.98   -0.2494E-03      23.2    496.6
2015  3 15    74   21 50  0     77.16   -0.2400E-03      23.2    486.0
2015  3 15    74   21 51  0     77.35   -0.2480E-03      24.4    501.0
2015  3 15    74   21 52  0     77.53   -0.2217E-03      23.3    461.4
2015  3 15    74   21 53  0     77.71   -0.2061E-03      22.5    455.0
2015  3 15    74   21 54  0     77.90   -0.2534E-03      27.0    510.9
2015  3 15    74   21 55  0     78.08   -0.2911E-03      31.2    545.6
2015  3 15    74   21 56  0     78.27   -0.2712E-03      30.3    532.3
2015  3 15    74   21 57  0     78.45   -0.2765E-03      31.6    558.2
2015  3 15    74   21 58  0     78.64   -0.2578E-03      31.1    535.2
2015  3 15    74   21 59  0     78.82   -0.2241E-03      28.7    501.2
2015  3 15    74   22  0  0     79.01   -0.1772E-03      25.0    439.3
2015  3 15    74   22  1  0     79.19   -0.1578E-03      23.7    425.4
2015  3 15    74   22  2  0     79.38   -0.1615E-03      25.0    424.9
2015  3 15    74   22  3  0     79.56   -0.1671E-03      26.1    438.8
2015  3 15    74   22  4  0     79.75   -0.1916E-03      29.8    471.7
2015  3 15    74   22  5  0     79.93   -0.2040E-03      32.1    499.1
2015  3 15    74   22  6  0     80.12   -0.1897E-03      31.7    478.1
2015  3 15    74   22  7  0     80.30   -0.2125E-03      35.9    513.8
2015  3 15    74   22  8  0     80.49   -0.2167E-03      37.5    528.5
2015  3 15    74   22  9  0     80.67   -0.2157E-03      38.8    532.8
2015  3 15    74   22 10  0     80.86   -0.2085E-03      39.5    524.3
2015  3 15    74   22 11  0     81.05   -0.2020E-03      40.3    516.5
2015  3 15    74   22 12  0     81.23   -0.1919E-03      40.8    503.3
2015  3 15    74   22 13  0     81.42   -0.1763E-03      39.3    502.5
2015  3 15    74   22 14  0     81.60   -0.1662E-03      38.7    501.8
2015  3 15    74   22 15  0     81.79   -0.1716E-03      41.7    508.9
2015  3 15    74   22 16  0     81.98   -0.1454E-03      39.0    464.8
2015  3 15    74   22 17  0     82.16   -0.1205E-03      36.0    426.3
2015  3 15    74   22 18  0     82.35   -0.1152E-03      36.2    427.1
2015  3 15    74   22 19  0     82.54   -0.1115E-03      36.9    427.2
2015  3 15    74   22 20  0     82.72   -0.8780E-04      33.9    380.7
2015  3 15    74   22 21  0     82.91   -0.7276E-04      32.0    356.0
2015  3 15    74   22 22  0     83.10   -0.8008E-04      34.6    382.4
2015  3 15    74   22 23  0     83.29   -0.7917E-04      36.8    378.0
2015  3 15    74   22 24  0     83.47   -0.6619E-04      36.0    350.9
2015  3 15    74   22 25  0     83.66   -0.6332E-04      35.8    360.1
2015  3 15    74   22 26  0     83.85   -0.4233E-04      32.8    309.0
2015  3 15    74   22 27  0     84.04   -0.3075E-04      30.8    285.5
2015  3 15    74   22 28  0     84.22   -0.3040E-04      31.6    292.8
2015  3 15    74   22 29  0     84.41   -0.3040E-04      33.5    298.8
2015  3 15    74   22 30  0     84.60   -0.3033E-04      35.2    305.0
2015  3 15    74   22 31  0     84.79   -0.3396E-04      38.8    320.5
2015  3 15    74   22 32  0     84.97   -0.4086E-04      43.8    346.2
2015  3 15    74   22 33  0     85.16   -0.4667E-04      48.2    370.9
2015  3 15    74   22 34  0     85.35   -0.3219E-04      46.5    333.3
2015  3 15    74   22 35  0     85.54   -0.2207E-04      42.9    317.8
2015  3 15    74   22 36  0     85.73   -0.1368E-04      41.7    297.8
2015  3 15    74   22 37  0     85.91    0.2386E-05      35.8    250.0
2015  3 15    74   22 38  0     86.10    0.1437E-04      31.4    211.2
2015  3 15    74   22 39  0     86.29    0.1956E-04      32.1    200.4
2015  3 15    74   22 40  0     86.48    0.1504E-04      34.1    222.8
2015  3 15    74   22 41  0     86.67    0.1940E-04      35.1    213.4
2015  3 15    74   22 42  0     86.86    0.2098E-04      36.5    213.1
2015  3 15    74   22 43  0     87.04    0.2208E-04      39.0    216.2
2015  3 15    74   22 44  0     87.23    0.2355E-04      40.3    218.9
2015  3 15    74   22 45  0     87.42    0.2655E-04      37.6    205.9
2015  3 15    74   22 46  0     87.61    0.2713E-04      39.3    210.6
2015  3 15    74   22 47  0     87.80    0.2854E-04      40.2    210.7
2015  3 15    74   22 48  0     87.99    0.3508E-04      40.3    185.8
2015  3 15    74   22 49  0     88.18    0.4113E-04      34.5    146.4
2015  3 15    74   22 50  0     88.36    0.4614E-04      32.9    125.6
2015  3 15    74   22 51  0     88.55    0.4543E-04      34.2    129.2
2015  3 15    74   22 52  0     88.74    0.4828E-04      35.4    124.8
2015  3 15    74   22 53  0     88.93    0.4912E-04      34.4    117.2
2015  3 15    74   22 54  0     89.12    0.5585E-04      29.1     92.0
2015  3 15    74   22 55  0     89.31    0.5902E-04      25.6     77.5
2015  3 15    74   22 56  0     89.50    0.5891E-04      25.1     74.1
2015  3 15    74   22 57  0     89.69    0.6010E-04      26.7     73.5
2015  3 15    74   22 58  0     89.88    0.5830E-04      27.1     72.7
