                            NILUUV 115

Uvpro Version 2.0
Latitude :   40.74 (North)
Longitude:  -74.03  (West)
Calibration file: cf100603a.115
Height above sea level:    40.0  m
CLT derived from channel 4
CLT scale factor used:   1.0
Ozone derived from channel pair ch3/ch1
Ozone scale factor used:   1.0
Drift factors ch1-ch6:   3.000154.000  1.000  1.000  1.000  1.000
Ozone profile climatology: Mid  Latitude
Dose type:    CLW    Caldwell Plant 1971           

yyyy mm dd   jul   hh mm ss      SZA     dose rate       clt     Ozone
                              [degrees]   [W/m^2]        [%]     [DU]
2015  8  4   216    0  0  0     89.07    0.1236E-03      67.0     96.9
2015  8  4   216    0  1  0     89.24    0.1270E-03      66.3     93.7
2015  8  4   216    0  2  0     89.42    0.1273E-03      65.6     91.5
2015  8  4   216    0  3  0     89.59    0.1295E-03      65.1     86.8
2015  8  4   216    0  4  0     89.77    0.1314E-03      64.8     82.5
2015  8  4   216    0  5  0     89.94    0.1348E-03      64.8     76.7
2015  8  4   216   10  1  0     89.94    0.1165E-03      24.6     36.5
2015  8  4   216   10  2  0     89.77    0.1155E-03      23.4     37.9
2015  8  4   216   10  3  0     89.59    0.1165E-03      22.3     38.6
2015  8  4   216   10  4  0     89.42    0.1128E-03      21.4     40.8
2015  8  4   216   10  5  0     89.24    0.1116E-03      20.8     42.4
2015  8  4   216   10  6  0     89.07    0.1121E-03      20.9     44.3
2015  8  4   216   10  7  0     88.89    0.1079E-03      22.0     49.8
2015  8  4   216   10  8  0     88.72    0.1054E-03      24.3     57.2
2015  8  4   216   10  9  0     88.54    0.1023E-03      27.2     66.3
2015  8  4   216   10 10  0     88.36    0.9685E-04      29.5     75.4
2015  8  4   216   10 11  0     88.19    0.9751E-04      31.0     79.4
2015  8  4   216   10 12  0     88.01    0.9419E-04      32.6     85.4
2015  8  4   216   10 13  0     87.84    0.8938E-04      34.7     94.5
2015  8  4   216   10 14  0     87.66    0.8341E-04      37.2    104.8
2015  8  4   216   10 15  0     87.48    0.7751E-04      39.5    114.5
2015  8  4   216   10 16  0     87.30    0.7060E-04      41.5    123.9
2015  8  4   216   10 17  0     87.13    0.6317E-04      43.6    138.5
2015  8  4   216   10 18  0     86.95    0.5676E-04      45.2    148.9
2015  8  4   216   10 19  0     86.77    0.5073E-04      45.4    162.0
2015  8  4   216   10 20  0     86.59    0.5176E-04      44.3    159.2
2015  8  4   216   10 21  0     86.42    0.4769E-04      42.7    162.5
2015  8  4   216   10 22  0     86.24    0.4286E-04      41.2    166.4
2015  8  4   216   10 23  0     86.06    0.4105E-04      39.6    165.1
2015  8  4   216   10 24  0     85.88    0.3934E-04      37.7    164.7
2015  8  4   216   10 25  0     85.70    0.4102E-04      35.9    160.8
2015  8  4   216   10 26  0     85.52    0.3633E-04      34.6    165.8
2015  8  4   216   10 27  0     85.34    0.3389E-04      34.2    168.3
2015  8  4   216   10 28  0     85.17    0.2452E-04      34.8    180.3
2015  8  4   216   10 29  0     84.99    0.1866E-04      35.7    186.9
2015  8  4   216   10 30  0     84.81    0.9348E-05      36.4    199.1
2015  8  4   216   10 31  0     84.63    0.1811E-05      36.7    207.8
2015  8  4   216   10 32  0     84.45   -0.6922E-05      37.1    217.3
2015  8  4   216   10 33  0     84.27   -0.1386E-04      37.4    223.1
2015  8  4   216   10 34  0     84.09   -0.2272E-04      37.9    230.5
2015  8  4   216   10 35  0     83.91   -0.3281E-04      38.6    239.7
2015  8  4   216   10 36  0     83.72   -0.4172E-04      39.2    247.0
2015  8  4   216   10 37  0     83.54   -0.5503E-04      39.6    260.0
2015  8  4   216   10 38  0     83.36   -0.6560E-04      39.8    268.5
2015  8  4   216   10 39  0     83.18   -0.7490E-04      39.9    274.7
2015  8  4   216   10 40  0     83.00   -0.8676E-04      39.9    284.7
2015  8  4   216   10 41  0     82.82   -0.9431E-04      39.9    288.0
2015  8  4   216   10 42  0     82.64   -0.1079E-03      40.0    301.2
2015  8  4   216   10 43  0     82.46   -0.1174E-03      40.2    305.3
2015  8  4   216   10 44  0     82.27   -0.1301E-03      40.5    313.1
2015  8  4   216   10 45  0     82.09   -0.1445E-03      40.9    322.8
2015  8  4   216   10 46  0     81.91   -0.1593E-03      41.5    331.0
2015  8  4   216   10 47  0     81.73   -0.1776E-03      42.1    343.9
2015  8  4   216   10 48  0     81.55   -0.1965E-03      43.1    353.8
2015  8  4   216   10 49  0     81.36   -0.2172E-03      44.2    363.4
2015  8  4   216   10 50  0     81.18   -0.2403E-03      45.4    374.5
2015  8  4   216   10 51  0     81.00   -0.2667E-03      46.6    390.7
2015  8  4   216   10 52  0     80.82   -0.2872E-03      47.5    396.7
2015  8  4   216   10 53  0     80.63   -0.3080E-03      48.0    405.9
2015  8  4   216   10 54  0     80.45   -0.3285E-03      48.4    416.3
2015  8  4   216   10 55  0     80.27   -0.3440E-03      48.5    419.0
2015  8  4   216   10 56  0     80.08   -0.3575E-03      48.5    418.8
2015  8  4   216   10 57  0     79.90   -0.3722E-03      48.2    423.8
2015  8  4   216   10 58  0     79.72   -0.3882E-03      47.9    432.1
2015  8  4   216   10 59  0     79.53   -0.4005E-03      47.4    435.6
2015  8  4   216   11  0  0     79.35   -0.4139E-03      47.0    440.0
2015  8  4   216   11  1  0     79.16   -0.4263E-03      46.7    439.2
2015  8  4   216   11  2  0     78.98   -0.4415E-03      46.6    439.8
2015  8  4   216   11  3  0     78.80   -0.4617E-03      46.8    443.6
2015  8  4   216   11  4  0     78.61   -0.4880E-03      47.4    451.3
2015  8  4   216   11  5  0     78.43   -0.5179E-03      48.3    458.9
2015  8  4   216   11  6  0     78.24   -0.5521E-03      49.2    470.2
2015  8  4   216   11  7  0     78.06   -0.5825E-03      50.1    473.0
2015  8  4   216   11  8  0     77.87   -0.6128E-03      51.0    475.1
2015  8  4   216   11  9  0     77.69   -0.6471E-03      51.7    485.1
2015  8  4   216   11 10  0     77.50   -0.6748E-03      52.2    487.6
2015  8  4   216   11 11  0     77.32   -0.6991E-03      52.5    487.1
2015  8  4   216   11 12  0     77.13   -0.7215E-03      52.6    488.2
2015  8  4   216   11 13  0     76.95   -0.7414E-03      52.5    489.4
2015  8  4   216   11 14  0     76.76   -0.7583E-03      52.2    489.6
2015  8  4   216   11 15  0     76.58   -0.7726E-03      51.8    488.9
2015  8  4   216   11 16  0     76.39   -0.7827E-03      51.2    485.3
2015  8  4   216   11 17  0     76.20   -0.7919E-03      50.6    482.6
2015  8  4   216   11 18  0     76.02   -0.8024E-03      49.9    483.0
2015  8  4   216   11 19  0     75.83   -0.8078E-03      49.1    481.3
2015  8  4   216   11 20  0     75.65   -0.8065E-03      48.0    476.0
2015  8  4   216   11 21  0     75.46   -0.8073E-03      46.9    475.8
2015  8  4   216   11 22  0     75.27   -0.8021E-03      45.7    471.1
2015  8  4   216   11 23  0     75.09   -0.8013E-03      44.5    472.2
2015  8  4   216   11 24  0     74.90   -0.7938E-03      43.2    467.4
2015  8  4   216   11 25  0     74.72   -0.7898E-03      42.1    465.9
2015  8  4   216   11 26  0     74.53   -0.7821E-03      41.0    460.0
2015  8  4   216   11 27  0     74.34   -0.7782E-03      40.0    457.6
2015  8  4   216   11 28  0     74.16   -0.7792E-03      39.2    457.4
2015  8  4   216   11 29  0     73.97   -0.7823E-03      38.6    455.5
2015  8  4   216   11 30  0     73.78   -0.7939E-03      38.3    456.4
2015  8  4   216   11 31  0     73.59   -0.8065E-03      38.3    454.5
2015  8  4   216   11 32  0     73.41   -0.8277E-03      38.5    456.4
2015  8  4   216   11 33  0     73.22   -0.8492E-03      38.7    456.9
2015  8  4   216   11 34  0     73.03   -0.8746E-03      39.2    458.1
2015  8  4   216   11 35  0     72.85   -0.9013E-03      39.7    458.8
2015  8  4   216   11 36  0     72.66   -0.9347E-03      40.2    462.5
2015  8  4   216   11 37  0     72.47   -0.9652E-03      40.9    463.2
2015  8  4   216   11 38  0     72.28   -0.1002E-02      41.6    466.3
2015  8  4   216   11 39  0     72.10   -0.1041E-02      42.5    467.7
2015  8  4   216   11 40  0     71.91   -0.1091E-02      43.6    471.5
2015  8  4   216   11 41  0     71.72   -0.1142E-02      45.1    470.6
2015  8  4   216   11 42  0     71.53   -0.1214E-02      47.0    472.6
2015  8  4   216   11 43  0     71.34   -0.1288E-02      49.0    473.4
2015  8  4   216   11 44  0     71.16   -0.1359E-02      50.9    473.8
2015  8  4   216   11 45  0     70.97   -0.1425E-02      52.5    474.6
2015  8  4   216   11 46  0     70.78   -0.1480E-02      53.8    474.1
2015  8  4   216   11 47  0     70.59   -0.1529E-02      54.8    474.0
2015  8  4   216   11 48  0     70.40   -0.1567E-02      55.6    472.7
2015  8  4   216   11 49  0     70.22   -0.1607E-02      56.3    474.1
2015  8  4   216   11 50  0     70.03   -0.1639E-02      56.7    474.6
2015  8  4   216   11 51  0     69.84   -0.1663E-02      56.9    475.3
2015  8  4   216   11 52  0     69.65   -0.1682E-02      56.9    475.7
2015  8  4   216   11 53  0     69.46   -0.1696E-02      56.7    476.0
2015  8  4   216   11 54  0     69.27   -0.1707E-02      56.5    475.3
2015  8  4   216   11 55  0     69.08   -0.1718E-02      56.3    474.3
2015  8  4   216   11 56  0     68.90   -0.1730E-02      56.2    474.2
2015  8  4   216   11 57  0     68.71   -0.1740E-02      55.9    473.5
2015  8  4   216   11 58  0     68.52   -0.1744E-02      55.7    471.4
2015  8  4   216   11 59  0     68.33   -0.1755E-02      55.5    471.1
2015  8  4   216   12  0  0     68.14   -0.1774E-02      55.9    470.4
2015  8  4   216   12  1  0     67.95   -0.1772E-02      55.4    469.8
2015  8  4   216   12  2  0     67.76   -0.1749E-02      54.2    467.0
2015  8  4   216   12  3  0     67.58   -0.1738E-02      53.4    465.8
2015  8  4   216   12  4  0     67.39   -0.1722E-02      52.6    464.0
2015  8  4   216   12  5  0     67.20   -0.1715E-02      52.0    463.2
2015  8  4   216   12  6  0     67.01   -0.1715E-02      51.6    462.6
2015  8  4   216   12  7  0     66.82   -0.1721E-02      51.5    462.5
2015  8  4   216   12  8  0     66.63   -0.1728E-02      51.4    462.1
2015  8  4   216   12  9  0     66.44   -0.1739E-02      51.4    461.8
2015  8  4   216   12 10  0     66.25   -0.1756E-02      51.6    462.1
2015  8  4   216   12 11  0     66.06   -0.1773E-02      51.9    462.1
2015  8  4   216   12 12  0     65.87   -0.1797E-02      52.4    462.3
2015  8  4   216   12 13  0     65.69   -0.1837E-02      53.4    463.2
2015  8  4   216   12 14  0     65.50   -0.1876E-02      54.4    464.1
2015  8  4   216   12 15  0     65.31   -0.1920E-02      55.6    464.8
2015  8  4   216   12 16  0     65.12   -0.1977E-02      57.0    466.1
2015  8  4   216   12 17  0     64.93   -0.2060E-02      59.3    469.1
2015  8  4   216   12 18  0     64.74   -0.2189E-02      63.4    471.8
2015  8  4   216   12 19  0     64.55   -0.2236E-02      64.7    472.2
2015  8  4   216   12 20  0     64.36   -0.2300E-02      66.7    473.9
2015  8  4   216   12 21  0     64.17   -0.2297E-02      66.6    474.1
2015  8  4   216   12 22  0     63.98   -0.2287E-02      66.4    475.1
2015  8  4   216   12 23  0     63.79   -0.2299E-02      66.7    476.4
2015  8  4   216   12 24  0     63.60   -0.2342E-02      68.6    478.1
2015  8  4   216   12 25  0     63.41   -0.2204E-02      64.7    476.7
2015  8  4   216   12 26  0     63.23   -0.2020E-02      59.0    473.7
2015  8  4   216   12 27  0     63.04   -0.1944E-02      56.6    472.5
2015  8  4   216   12 28  0     62.85   -0.1928E-02      56.2    473.2
2015  8  4   216   12 29  0     62.66   -0.1982E-02      58.1    474.0
2015  8  4   216   12 30  0     62.47   -0.2043E-02      59.9    475.1
2015  8  4   216   12 31  0     62.28   -0.2150E-02      63.3    476.6
2015  8  4   216   12 32  0     62.09   -0.2336E-02      69.2    479.4
2015  8  4   216   12 33  0     61.90   -0.2502E-02      74.4    482.0
2015  8  4   216   12 34  0     61.71   -0.2525E-02      75.6    482.5
2015  8  4   216   12 35  0     61.52   -0.2505E-02      75.2    482.5
2015  8  4   216   12 36  0     61.33   -0.2514E-02      75.9    482.9
2015  8  4   216   12 37  0     61.14   -0.2588E-02      78.8    484.2
2015  8  4   216   12 38  0     60.95   -0.2582E-02      79.0    484.7
2015  8  4   216   12 39  0     60.76   -0.2562E-02      78.9    485.2
2015  8  4   216   12 40  0     60.57   -0.2540E-02      78.9    485.5
2015  8  4   216   12 41  0     60.39   -0.2526E-02      79.1    485.9
2015  8  4   216   12 42  0     60.20   -0.2506E-02      79.3    486.3
2015  8  4   216   12 43  0     60.01   -0.2482E-02      79.3    486.6
2015  8  4   216   12 44  0     59.82   -0.2464E-02      79.3    487.3
2015  8  4   216   12 45  0     59.63   -0.2455E-02      79.7    488.2
2015  8  4   216   12 46  0     59.44   -0.2421E-02      79.6    488.5
2015  8  4   216   12 47  0     59.25   -0.2394E-02      79.6    488.9
2015  8  4   216   12 48  0     59.06   -0.2370E-02      79.7    489.5
2015  8  4   216   12 49  0     58.87   -0.2336E-02      79.5    491.1
2015  8  4   216   12 50  0     58.68   -0.2288E-02      79.0    490.6
2015  8  4   216   12 51  0     58.49   -0.2256E-02      79.0    491.2
2015  8  4   216   12 52  0     58.31   -0.2221E-02      78.9    491.7
2015  8  4   216   12 53  0     58.12   -0.2186E-02      78.8    492.3
2015  8  4   216   12 54  0     57.93   -0.2148E-02      78.7    493.5
2015  8  4   216   12 55  0     57.74   -0.2114E-02      78.8    494.2
2015  8  4   216   12 56  0     57.55   -0.2075E-02      78.8    494.7
2015  8  4   216   12 57  0     57.36   -0.2030E-02      78.6    494.6
2015  8  4   216   12 58  0     57.17   -0.1991E-02      78.6    495.2
2015  8  4   216   12 59  0     56.99   -0.1945E-02      78.7    496.0
2015  8  4   216   13  0  0     56.80   -0.1901E-02      78.7    496.6
2015  8  4   216   13  1  0     56.61   -0.1855E-02      78.7    497.1
2015  8  4   216   13  2  0     56.42   -0.1810E-02      78.8    497.6
2015  8  4   216   13  3  0     56.23   -0.1758E-02      78.5    498.1
2015  8  4   216   13  4  0     56.04   -0.1718E-02      78.9    498.6
2015  8  4   216   13  5  0     55.86   -0.1667E-02      78.9    499.2
2015  8  4   216   13  6  0     55.67   -0.1639E-02      79.4    500.1
2015  8  4   216   13  7  0     55.48   -0.1582E-02      79.6    500.6
2015  8  4   216   13  8  0     55.29   -0.1523E-02      79.6    501.0
2015  8  4   216   13  9  0     55.10   -0.1453E-02      79.1    501.3
2015  8  4   216   13 10  0     54.92   -0.1386E-02      78.9    501.7
2015  8  4   216   13 11  0     54.73   -0.1317E-02      78.7    502.2
2015  8  4   216   13 12  0     54.54   -0.1249E-02      78.6    502.6
2015  8  4   216   13 13  0     54.35   -0.1191E-02      79.0    503.1
2015  8  4   216   13 14  0     54.17   -0.1132E-02      79.1    503.7
2015  8  4   216   13 15  0     53.98   -0.1070E-02      78.9    504.2
2015  8  4   216   13 16  0     53.79   -0.1005E-02      78.8    504.9
2015  8  4   216   13 17  0     53.60   -0.9560E-03      79.1    505.7
2015  8  4   216   13 18  0     53.42   -0.8876E-03      79.3    506.3
2015  8  4   216   13 19  0     53.23   -0.8180E-03      79.3    506.8
2015  8  4   216   13 20  0     53.04   -0.7454E-03      79.4    507.2
2015  8  4   216   13 21  0     52.86   -0.6708E-03      79.6    507.8
2015  8  4   216   13 22  0     52.67   -0.5976E-03      79.7    508.3
2015  8  4   216   13 23  0     52.48   -0.5231E-03      79.7    508.9
2015  8  4   216   13 24  0     52.30   -0.4440E-03      79.6    509.4
2015  8  4   216   13 25  0     52.11   -0.3708E-03      79.7    510.0
2015  8  4   216   13 26  0     51.92   -0.2941E-03      79.6    511.5
2015  8  4   216   13 27  0     51.74   -0.2327E-03      79.8    511.5
2015  8  4   216   13 28  0     51.55   -0.1552E-03      79.8    512.2
2015  8  4   216   13 29  0     51.36   -0.6712E-04      79.9    512.6
2015  8  4   216   13 30  0     51.18    0.2369E-04      79.5    513.1
2015  8  4   216   13 31  0     50.99    0.1121E-03      79.6    514.2
2015  8  4   216   13 32  0     50.81    0.1837E-03      79.9    515.0
2015  8  4   216   13 33  0     50.62    0.2786E-03      79.5    515.4
2015  8  4   216   13 34  0     50.44    0.3620E-03      79.3    515.9
2015  8  4   216   13 35  0     50.25    0.4528E-03      79.2    516.0
2015  8  4   216   13 36  0     50.07    0.5456E-03      79.3    516.5
2015  8  4   216   13 37  0     49.88    0.6449E-03      79.3    517.3
2015  8  4   216   13 38  0     49.70    0.7460E-03      79.3    517.7
2015  8  4   216   13 39  0     49.51    0.8346E-03      79.5    518.3
2015  8  4   216   13 40  0     49.33    0.9350E-03      79.5    518.7
2015  8  4   216   13 41  0     49.14    0.1039E-02      79.4    519.1
2015  8  4   216   13 42  0     48.96    0.1145E-02      79.4    519.5
2015  8  4   216   13 43  0     48.77    0.1248E-02      79.1    519.9
2015  8  4   216   13 44  0     48.59    0.1345E-02      79.3    520.5
2015  8  4   216   13 45  0     48.41    0.1454E-02      79.3    520.9
2015  8  4   216   13 46  0     48.22    0.1565E-02      79.4    521.3
2015  8  4   216   13 47  0     48.04    0.1664E-02      79.1    521.8
2015  8  4   216   13 48  0     47.86    0.1777E-02      78.9    522.2
2015  8  4   216   13 49  0     47.67    0.1877E-02      79.0    522.8
2015  8  4   216   13 50  0     47.49    0.1990E-02      79.3    523.3
2015  8  4   216   13 51  0     47.31    0.2101E-02      79.1    523.7
2015  8  4   216   13 52  0     47.12    0.2210E-02      79.1    524.2
2015  8  4   216   13 53  0     46.94    0.2307E-02      79.3    525.0
2015  8  4   216   13 54  0     46.76    0.2422E-02      79.6    525.5
2015  8  4   216   13 55  0     46.58    0.2520E-02      79.6    526.2
2015  8  4   216   13 56  0     46.40    0.2608E-02      79.9    527.1
2015  8  4   216   13 57  0     46.21    0.2705E-02      79.9    527.8
2015  8  4   216   13 58  0     46.03    0.2807E-02      79.5    528.3
2015  8  4   216   13 59  0     45.85    0.2911E-02      79.3    528.9
2015  8  4   216   14  0  0     45.67    0.3033E-02      79.7    529.4
2015  8  4   216   14  1  0     45.49    0.3147E-02      79.4    529.9
2015  8  4   216   14  2  0     45.31    0.3256E-02      79.4    530.5
2015  8  4   216   14  3  0     45.13    0.3366E-02      79.4    531.0
2015  8  4   216   14  4  0     44.95    0.3487E-02      79.4    532.3
2015  8  4   216   14  5  0     44.77    0.3623E-02      79.6    532.0
2015  8  4   216   14  6  0     44.59    0.3740E-02      79.3    532.4
2015  8  4   216   14  7  0     44.41    0.3846E-02      79.1    532.9
2015  8  4   216   14  8  0     44.23    0.3955E-02      79.1    533.6
2015  8  4   216   14  9  0     44.05    0.4083E-02      79.8    534.4
2015  8  4   216   14 10  0     43.87    0.4212E-02      80.3    535.5
2015  8  4   216   14 11  0     43.70    0.4334E-02      80.1    535.9
2015  8  4   216   14 12  0     43.52    0.4473E-02      80.0    536.2
2015  8  4   216   14 13  0     43.34    0.4587E-02      80.0    536.4
2015  8  4   216   14 14  0     43.16    0.4703E-02      79.7    536.8
2015  8  4   216   14 15  0     42.98    0.4813E-02      79.9    537.9
2015  8  4   216   14 16  0     42.81    0.4945E-02      79.7    538.2
2015  8  4   216   14 17  0     42.63    0.5047E-02      78.6    538.3
2015  8  4   216   14 18  0     42.45    0.5175E-02      78.9    538.9
2015  8  4   216   14 19  0     42.28    0.5333E-02      79.1    539.2
2015  8  4   216   14 20  0     42.10    0.5496E-02      79.9    539.7
2015  8  4   216   14 21  0     41.93    0.5621E-02      79.9    540.3
2015  8  4   216   14 22  0     41.75    0.5747E-02      79.8    540.7
2015  8  4   216   14 23  0     41.58    0.5902E-02      80.2    541.2
2015  8  4   216   14 24  0     41.40    0.6073E-02      81.6    542.1
2015  8  4   216   14 25  0     41.23    0.6255E-02      81.8    542.2
2015  8  4   216   14 26  0     41.05    0.6396E-02      81.8    542.6
2015  8  4   216   14 27  0     40.88    0.6522E-02      82.0    543.3
2015  8  4   216   14 28  0     40.70    0.6630E-02      81.0    543.4
2015  8  4   216   14 29  0     40.53    0.6778E-02      80.9    543.7
2015  8  4   216   14 30  0     40.36    0.6895E-02      80.4    544.0
2015  8  4   216   14 31  0     40.19    0.7113E-02      81.5    544.4
2015  8  4   216   14 32  0     40.01    0.7180E-02      80.5    544.8
2015  8  4   216   14 33  0     39.84    0.7277E-02      79.7    545.0
2015  8  4   216   14 34  0     39.67    0.7474E-02      80.4    545.5
2015  8  4   216   14 35  0     39.50    0.7574E-02      79.8    545.8
2015  8  4   216   14 36  0     39.33    0.7660E-02      79.8    546.6
2015  8  4   216   14 37  0     39.16    0.7878E-02      80.9    547.2
2015  8  4   216   14 38  0     38.99    0.7952E-02      79.8    547.3
2015  8  4   216   14 39  0     38.82    0.8090E-02      79.6    547.6
2015  8  4   216   14 40  0     38.65    0.8239E-02      80.2    548.3
2015  8  4   216   14 41  0     38.48    0.8416E-02      81.6    549.5
2015  8  4   216   14 42  0     38.31    0.8559E-02      82.0    550.1
2015  8  4   216   14 43  0     38.15    0.8718E-02      81.8    550.3
2015  8  4   216   14 44  0     37.98    0.8823E-02      81.2    550.5
2015  8  4   216   14 45  0     37.81    0.9014E-02      81.6    550.8
2015  8  4   216   14 46  0     37.64    0.9048E-02      80.8    551.4
2015  8  4   216   14 47  0     37.48    0.9230E-02      81.2    551.9
2015  8  4   216   14 48  0     37.31    0.9268E-02      79.8    552.0
2015  8  4   216   14 49  0     37.15    0.9393E-02      79.9    552.5
2015  8  4   216   14 50  0     36.98    0.9618E-02      81.0    553.8
2015  8  4   216   14 51  0     36.82    0.9876E-02      81.8    553.3
2015  8  4   216   14 52  0     36.65    0.1003E-01      81.7    553.6
2015  8  4   216   14 53  0     36.49    0.1024E-01      82.6    554.2
2015  8  4   216   14 54  0     36.33    0.1042E-01      83.2    554.7
2015  8  4   216   14 55  0     36.17    0.1053E-01      83.0    555.2
2015  8  4   216   14 56  0     36.00    0.1064E-01      82.5    555.4
2015  8  4   216   14 57  0     35.84    0.1077E-01      82.2    556.1
2015  8  4   216   14 58  0     35.68    0.1090E-01      82.0    556.3
2015  8  4   216   14 59  0     35.52    0.1108E-01      82.2    556.2
2015  8  4   216   15  0  0     35.36    0.1123E-01      82.6    556.8
2015  8  4   216   15  1  0     35.20    0.1136E-01      82.3    557.1
2015  8  4   216   15  2  0     35.04    0.1160E-01      82.8    557.2
2015  8  4   216   15  3  0     34.89    0.1175E-01      82.9    557.8
2015  8  4   216   15  4  0     34.73    0.1191E-01      83.2    558.2
2015  8  4   216   15  5  0     34.57    0.1205E-01      83.0    558.4
2015  8  4   216   15  6  0     34.42    0.1220E-01      82.9    558.6
2015  8  4   216   15  7  0     34.26    0.1239E-01      83.4    559.1
2015  8  4   216   15  8  0     34.11    0.1258E-01      83.5    559.2
2015  8  4   216   15  9  0     33.95    0.1275E-01      83.7    559.5
2015  8  4   216   15 10  0     33.80    0.1286E-01      83.4    559.8
2015  8  4   216   15 11  0     33.64    0.1301E-01      83.7    560.3
2015  8  4   216   15 12  0     33.49    0.1313E-01      83.5    560.6
2015  8  4   216   15 13  0     33.34    0.1328E-01      83.3    560.7
2015  8  4   216   15 14  0     33.19    0.1343E-01      83.1    560.8
2015  8  4   216   15 15  0     33.04    0.1360E-01      83.2    561.0
2015  8  4   216   15 16  0     32.89    0.1381E-01      83.8    561.4
2015  8  4   216   15 17  0     32.74    0.1397E-01      84.1    561.8
2015  8  4   216   15 18  0     32.59    0.1412E-01      84.1    562.1
2015  8  4   216   15 19  0     32.44    0.1421E-01      83.8    562.4
2015  8  4   216   15 20  0     32.30    0.1443E-01      84.0    562.4
2015  8  4   216   15 21  0     32.15    0.1459E-01      84.2    562.7
2015  8  4   216   15 22  0     32.00    0.1472E-01      84.2    563.0
2015  8  4   216   15 23  0     31.86    0.1487E-01      84.4    563.5
2015  8  4   216   15 24  0     31.71    0.1498E-01      84.5    563.9
2015  8  4   216   15 25  0     31.57    0.1512E-01      84.5    564.3
2015  8  4   216   15 26  0     31.43    0.1528E-01      84.6    564.4
2015  8  4   216   15 27  0     31.29    0.1544E-01      84.4    564.4
2015  8  4   216   15 28  0     31.15    0.1561E-01      84.2    564.3
2015  8  4   216   15 29  0     31.01    0.1574E-01      84.2    564.6
2015  8  4   216   15 30  0     30.87    0.1584E-01      84.2    565.1
2015  8  4   216   15 31  0     30.73    0.1592E-01      84.0    565.4
2015  8  4   216   15 32  0     30.59    0.1605E-01      84.0    565.6
2015  8  4   216   15 33  0     30.46    0.1623E-01      83.9    565.6
2015  8  4   216   15 34  0     30.32    0.1636E-01      83.9    565.8
2015  8  4   216   15 35  0     30.18    0.1641E-01      83.7    566.3
2015  8  4   216   15 36  0     30.05    0.1650E-01      83.9    566.9
2015  8  4   216   15 37  0     29.92    0.1659E-01      83.8    567.2
2015  8  4   216   15 38  0     29.79    0.1677E-01      84.1    567.5
2015  8  4   216   15 39  0     29.66    0.1697E-01      84.5    567.7
2015  8  4   216   15 40  0     29.53    0.1706E-01      84.2    567.9
2015  8  4   216   15 41  0     29.40    0.1715E-01      83.8    568.0
2015  8  4   216   15 42  0     29.27    0.1726E-01      83.9    568.3
2015  8  4   216   15 43  0     29.14    0.1745E-01      84.4    568.7
2015  8  4   216   15 44  0     29.02    0.1753E-01      84.1    568.8
2015  8  4   216   15 45  0     28.89    0.1768E-01      84.0    568.8
2015  8  4   216   15 46  0     28.77    0.1779E-01      83.9    569.0
2015  8  4   216   15 47  0     28.64    0.1798E-01      84.0    568.9
2015  8  4   216   15 48  0     28.52    0.1810E-01      84.0    569.1
2015  8  4   216   15 49  0     28.40    0.1819E-01      83.9    569.3
2015  8  4   216   15 50  0     28.28    0.1834E-01      84.1    569.6
2015  8  4   216   15 51  0     28.16    0.1844E-01      84.4    570.0
2015  8  4   216   15 52  0     28.05    0.1851E-01      84.3    570.4
2015  8  4   216   15 53  0     27.93    0.1864E-01      84.5    570.7
2015  8  4   216   15 54  0     27.81    0.1878E-01      84.8    571.0
2015  8  4   216   15 55  0     27.70    0.1889E-01      84.6    571.0
2015  8  4   216   15 56  0     27.59    0.1900E-01      84.3    570.9
2015  8  4   216   15 57  0     27.48    0.1917E-01      84.6    571.1
2015  8  4   216   15 58  0     27.37    0.1928E-01      84.9    571.6
2015  8  4   216   15 59  0     27.26    0.1935E-01      84.9    571.9
2015  8  4   216   16  0  0     27.15    0.1949E-01      85.1    572.1
2015  8  4   216   16  1  0     27.04    0.1962E-01      85.2    572.3
2015  8  4   216   16  2  0     26.94    0.1967E-01      84.9    572.4
2015  8  4   216   16  3  0     26.83    0.1980E-01      85.0    572.5
2015  8  4   216   16  4  0     26.73    0.1989E-01      85.0    572.7
2015  8  4   216   16  5  0     26.63    0.1993E-01      84.7    572.9
2015  8  4   216   16  6  0     26.53    0.1992E-01      84.3    573.1
2015  8  4   216   16  7  0     26.43    0.2026E-01      85.4    573.2
2015  8  4   216   16  8  0     26.34    0.2040E-01      85.3    573.0
2015  8  4   216   16  9  0     26.24    0.2053E-01      85.5    573.2
2015  8  4   216   16 10  0     26.14    0.2060E-01      85.6    573.5
2015  8  4   216   16 11  0     26.05    0.2062E-01      85.6    574.0
2015  8  4   216   16 12  0     25.96    0.2068E-01      85.5    574.2
2015  8  4   216   16 13  0     25.87    0.2080E-01      85.5    574.2
2015  8  4   216   16 14  0     25.78    0.2086E-01      85.3    574.3
2015  8  4   216   16 15  0     25.70    0.2096E-01      85.7    574.6
2015  8  4   216   16 16  0     25.61    0.2087E-01      85.2    575.0
2015  8  4   216   16 17  0     25.53    0.2095E-01      85.4    575.4
2015  8  4   216   16 18  0     25.44    0.2104E-01      85.5    575.5
2015  8  4   216   16 19  0     25.36    0.2104E-01      85.2    575.7
2015  8  4   216   16 20  0     25.28    0.2115E-01      85.4    575.8
2015  8  4   216   16 21  0     25.21    0.2128E-01      85.7    576.0
2015  8  4   216   16 22  0     25.13    0.2148E-01      86.5    576.3
2015  8  4   216   16 23  0     25.06    0.2153E-01      86.6    576.6
2015  8  4   216   16 24  0     24.98    0.2132E-01      85.4    577.0
2015  8  4   216   16 25  0     24.91    0.2123E-01      84.7    577.1
2015  8  4   216   16 26  0     24.84    0.2140E-01      85.3    577.4
2015  8  4   216   16 27  0     24.78    0.2148E-01      85.6    577.6
2015  8  4   216   16 28  0     24.71    0.2167E-01      85.9    577.4
2015  8  4   216   16 29  0     24.65    0.2195E-01      87.0    577.6
2015  8  4   216   16 30  0     24.58    0.2186E-01      86.2    577.6
2015  8  4   216   16 31  0     24.52    0.2182E-01      85.8    577.7
2015  8  4   216   16 32  0     24.46    0.2220E-01      86.6    577.0
2015  8  4   216   16 33  0     24.40    0.2237E-01      86.8    576.8
2015  8  4   216   16 34  0     24.35    0.2234E-01      86.5    577.0
2015  8  4   216   16 35  0     24.30    0.2230E-01      86.4    577.2
2015  8  4   216   16 36  0     24.24    0.1728E-01      61.6    574.3
2015  8  4   216   16 37  0     24.19    0.2105E-01      82.3    579.5
2015  8  4   216   16 38  0     24.14    0.2095E-01      78.4    576.1
2015  8  4   216   16 39  0     24.10    0.2102E-01      81.1    579.0
2015  8  4   216   16 40  0     24.05    0.2219E-01      85.4    578.1
2015  8  4   216   16 41  0     24.01    0.2170E-01      82.8    578.0
2015  8  4   216   16 42  0     23.97    0.2259E-01      86.4    578.1
2015  8  4   216   16 43  0     23.93    0.2267E-01      86.6    578.1
2015  8  4   216   16 44  0     23.89    0.2255E-01      86.1    578.4
2015  8  4   216   16 45  0     23.86    0.2243E-01      85.8    578.8
2015  8  4   216   16 46  0     23.83    0.2245E-01      85.8    578.8
2015  8  4   216   16 47  0     23.79    0.2264E-01      86.4    578.8
2015  8  4   216   16 48  0     23.76    0.2269E-01      86.5    578.9
2015  8  4   216   16 49  0     23.74    0.2276E-01      86.5    578.6
2015  8  4   216   16 50  0     23.71    0.2248E-01      85.8    579.2
2015  8  4   216   16 51  0     23.69    0.2277E-01      87.2    579.4
2015  8  4   216   16 52  0     23.66    0.2277E-01      87.0    579.4
2015  8  4   216   16 53  0     23.64    0.2262E-01      86.3    579.5
2015  8  4   216   16 54  0     23.63    0.2269E-01      86.6    579.6
2015  8  4   216   16 55  0     23.61    0.2262E-01      86.2    579.6
2015  8  4   216   16 56  0     23.60    0.2276E-01      86.7    579.6
2015  8  4   216   16 57  0     23.58    0.2247E-01      85.8    579.9
2015  8  4   216   16 58  0     23.57    0.2252E-01      86.7    580.4
2015  8  4   216   16 59  0     23.57    0.1724E-01      62.9    579.8
2015  8  4   216   17  0  0     23.56    0.2234E-01      86.8    581.3
2015  8  4   216   17  1  0     23.56    0.2300E-01      88.5    580.3
2015  8  4   216   17  2  0     23.55    0.2273E-01      86.8    579.9
2015  8  4   216   17  3  0     23.55    0.2276E-01      86.9    579.9
2015  8  4   216   17  4  0     23.55    0.2287E-01      87.5    580.0
2015  8  4   216   17  5  0     23.56    0.2272E-01      87.1    580.2
2015  8  4   216   17  6  0     23.56    0.2176E-01      81.8    579.1
2015  8  4   216   17  7  0     23.57    0.1863E-01      68.6    579.6
2015  8  4   216   17  8  0     23.58    0.2081E-01      78.6    579.6
2015  8  4   216   17  9  0     23.59    0.1865E-01      69.7    580.1
2015  8  4   216   17 10  0     23.61    0.1857E-01      71.8    582.8
2015  8  4   216   17 11  0     23.62    0.2221E-01      86.2    580.5
2015  8  4   216   17 12  0     23.64    0.1437E-01      50.7    578.8
2015  8  4   216   17 13  0     23.66    0.1463E-01      53.1    580.9
2015  8  4   216   17 14  0     23.68    0.1844E-01      69.6    580.8
2015  8  4   216   17 15  0     23.70    0.2020E-01      78.4    581.5
2015  8  4   216   17 16  0     23.73    0.2133E-01      84.5    582.1
2015  8  4   216   17 17  0     23.75    0.2242E-01      88.0    580.8
2015  8  4   216   17 18  0     23.78    0.2290E-01      89.7    580.3
2015  8  4   216   17 19  0     23.82    0.2301E-01      90.0    580.0
2015  8  4   216   17 20  0     23.85    0.2240E-01      87.5    580.0
2015  8  4   216   17 21  0     23.88    0.1771E-01      65.0    577.9
2015  8  4   216   17 22  0     23.92    0.2013E-01      78.7    580.6
2015  8  4   216   17 23  0     23.96    0.1209E-01      42.5    579.2
2015  8  4   216   17 24  0     24.00    0.1095E-01      39.4    581.8
2015  8  4   216   17 25  0     24.04    0.1112E-01      40.6    582.4
2015  8  4   216   17 26  0     24.09    0.1654E-01      67.4    585.0
2015  8  4   216   17 27  0     24.13    0.2122E-01      86.0    581.3
2015  8  4   216   17 28  0     24.18    0.2058E-01      81.2    579.5
2015  8  4   216   17 29  0     24.23    0.1411E-01      49.8    576.2
2015  8  4   216   17 30  0     24.28    0.2058E-01      81.4    580.0
2015  8  4   216   17 31  0     24.33    0.2255E-01      88.3    577.6
2015  8  4   216   17 32  0     24.39    0.2169E-01      84.7    577.6
2015  8  4   216   17 33  0     24.45    0.2262E-01      89.5    577.7
2015  8  4   216   17 34  0     24.50    0.2235E-01      89.0    578.1
2015  8  4   216   17 35  0     24.57    0.2226E-01      89.2    578.2
2015  8  4   216   17 36  0     24.63    0.2219E-01      89.5    578.3
2015  8  4   216   17 37  0     24.69    0.2249E-01      91.1    578.1
2015  8  4   216   17 38  0     24.76    0.2247E-01      91.1    577.9
2015  8  4   216   17 39  0     24.82    0.2254E-01      91.1    577.5
2015  8  4   216   17 40  0     24.89    0.2222E-01      89.8    577.3
2015  8  4   216   17 41  0     24.96    0.2215E-01      90.0    577.4
2015  8  4   216   17 42  0     25.04    0.2175E-01      89.3    577.6
2015  8  4   216   17 43  0     25.11    0.2120E-01      88.0    578.2
2015  8  4   216   17 44  0     25.19    0.2053E-01      86.3    579.0
2015  8  4   216   17 45  0     25.26    0.1976E-01      82.2    578.5
2015  8  4   216   17 46  0     25.34    0.2091E-01      87.6    578.0
2015  8  4   216   17 47  0     25.42    0.2127E-01      88.4    576.9
2015  8  4   216   17 48  0     25.50    0.2157E-01      89.1    575.9
2015  8  4   216   17 49  0     25.59    0.2092E-01      86.2    575.5
2015  8  4   216   17 50  0     25.67    0.2074E-01      85.9    575.3
2015  8  4   216   17 51  0     25.76    0.1591E-01      62.5    573.7
2015  8  4   216   17 52  0     25.85    0.1191E-01      45.6    575.4
2015  8  4   216   17 53  0     25.94    0.1090E-01      42.1    577.5
2015  8  4   216   17 54  0     26.03    0.1669E-01      72.4    579.6
2015  8  4   216   17 55  0     26.12    0.1869E-01      77.3    573.8
2015  8  4   216   17 56  0     26.21    0.1201E-01      44.9    572.5
2015  8  4   216   17 57  0     26.31    0.1207E-01      46.9    574.8
2015  8  4   216   17 58  0     26.41    0.1891E-01      81.7    575.7
2015  8  4   216   17 59  0     26.50    0.1436E-01      57.7    573.0
2015  8  4   216   18  0  0     26.60    0.1610E-01      71.8    578.9
2015  8  4   216   18  1  0     26.70    0.1455E-01      60.3    573.6
2015  8  4   216   18  2  0     26.81    0.1459E-01      64.7    578.7
2015  8  4   216   18  3  0     26.91    0.1961E-01      88.3    575.9
2015  8  4   216   18  4  0     27.01    0.1978E-01      88.5    574.4
2015  8  4   216   18  5  0     27.12    0.1985E-01      88.5    573.5
2015  8  4   216   18  6  0     27.23    0.1947E-01      86.5    572.8
2015  8  4   216   18  7  0     27.34    0.1961E-01      87.5    572.5
2015  8  4   216   18  8  0     27.44    0.1945E-01      87.7    572.6
2015  8  4   216   18  9  0     27.56    0.1153E-01      43.5    565.9
2015  8  4   216   18 10  0     27.67    0.1483E-01      67.2    575.0
2015  8  4   216   18 11  0     27.78    0.1856E-01      85.7    572.7
2015  8  4   216   18 12  0     27.90    0.1666E-01      76.4    572.6
2015  8  4   216   18 13  0     28.01    0.1092E-01      43.4    567.2
2015  8  4   216   18 14  0     28.13    0.1256E-01      57.5    574.9
2015  8  4   216   18 15  0     28.25    0.1814E-01      87.0    572.8
2015  8  4   216   18 16  0     28.37    0.1791E-01      85.7    572.1
2015  8  4   216   18 17  0     28.49    0.1787E-01      86.1    572.1
2015  8  4   216   18 18  0     28.61    0.1814E-01      88.0    571.7
2015  8  4   216   18 19  0     28.73    0.1820E-01      88.5    571.1
2015  8  4   216   18 20  0     28.86    0.1791E-01      87.2    570.6
2015  8  4   216   18 21  0     28.98    0.1775E-01      87.4    570.7
2015  8  4   216   18 22  0     29.11    0.1769E-01      88.6    571.1
2015  8  4   216   18 23  0     29.23    0.1799E-01      91.2    571.1
2015  8  4   216   18 24  0     29.36    0.1806E-01      92.0    570.6
2015  8  4   216   18 25  0     29.49    0.1787E-01      91.1    569.9
2015  8  4   216   18 26  0     29.62    0.1742E-01      89.2    569.6
2015  8  4   216   18 27  0     29.75    0.1730E-01      89.2    569.2
2015  8  4   216   18 28  0     29.88    0.1307E-01      62.1    565.6
2015  8  4   216   18 29  0     30.02    0.9996E-02      47.1    567.7
2015  8  4   216   18 30  0     30.15    0.9016E-02      42.2    568.1
2015  8  4   216   18 31  0     30.28    0.1074E-01      56.7    572.8
2015  8  4   216   18 32  0     30.42    0.1370E-01      74.5    571.0
2015  8  4   216   18 33  0     30.56    0.1587E-01      88.3    570.1
2015  8  4   216   18 34  0     30.69    0.1611E-01      89.6    569.1
2015  8  4   216   18 35  0     30.83    0.1623E-01      90.0    567.9
2015  8  4   216   18 36  0     30.97    0.1615E-01      89.9    567.3
2015  8  4   216   18 37  0     31.11    0.1601E-01      90.1    567.2
2015  8  4   216   18 38  0     31.25    0.1585E-01      90.1    567.1
2015  8  4   216   18 39  0     31.39    0.1517E-01      87.1    567.1
2015  8  4   216   18 40  0     31.53    0.1496E-01      87.1    567.1
2015  8  4   216   18 41  0     31.68    0.1279E-01      72.7    566.3
2015  8  4   216   18 42  0     31.82    0.1453E-01      88.0    567.9
2015  8  4   216   18 43  0     31.97    0.1412E-01      86.4    567.8
2015  8  4   216   18 44  0     32.11    0.1399E-01      87.7    568.4
2015  8  4   216   18 45  0     32.26    0.1334E-01      79.9    565.1
2015  8  4   216   18 46  0     32.40    0.1186E-01      72.3    566.8
2015  8  4   216   18 47  0     32.55    0.1390E-01      87.8    566.1
2015  8  4   216   18 48  0     32.70    0.1402E-01      90.0    566.0
2015  8  4   216   18 49  0     32.85    0.1405E-01      91.3    565.6
2015  8  4   216   18 50  0     33.00    0.1368E-01      90.0    565.5
2015  8  4   216   18 51  0     33.15    0.1353E-01      90.2    565.3
2015  8  4   216   18 52  0     33.30    0.1084E-01      66.9    561.7
2015  8  4   216   18 53  0     33.45    0.8856E-02      54.2    562.6
2015  8  4   216   18 54  0     33.61    0.8560E-02      53.4    563.1
2015  8  4   216   18 55  0     33.76    0.1004E-01      68.5    565.4
2015  8  4   216   18 56  0     33.91    0.8694E-02      54.6    560.7
2015  8  4   216   18 57  0     34.07    0.6795E-02      42.5    562.1
2015  8  4   216   18 58  0     34.22    0.6354E-02      40.9    563.2
2015  8  4   216   18 59  0     34.38    0.6009E-02      40.1    564.6
2015  8  4   216   19  0  0     34.53    0.5930E-02      41.0    565.6
2015  8  4   216   19  1  0     34.69    0.6028E-02      42.5    565.4
2015  8  4   216   19  2  0     34.85    0.7611E-02      59.7    567.8
2015  8  4   216   19  3  0     35.00    0.1105E-01      89.6    565.0
2015  8  4   216   19  4  0     35.16    0.1129E-01      90.7    563.2
2015  8  4   216   19  5  0     35.32    0.1043E-01      81.3    561.0
2015  8  4   216   19  6  0     35.48    0.8834E-02      70.9    563.2
2015  8  4   216   19  7  0     35.64    0.1057E-01      87.8    562.2
2015  8  4   216   19  8  0     35.80    0.1074E-01      89.2    561.0
2015  8  4   216   19  9  0     35.96    0.1064E-01      88.4    559.9
2015  8  4   216   19 10  0     36.12    0.1055E-01      88.1    559.0
2015  8  4   216   19 11  0     36.29    0.1040E-01      87.9    558.7
2015  8  4   216   19 12  0     36.45    0.1027E-01      88.0    558.2
2015  8  4   216   19 13  0     36.61    0.1014E-01      88.4    558.0
2015  8  4   216   19 14  0     36.78    0.9956E-02      88.3    557.8
2015  8  4   216   19 15  0     36.94    0.9750E-02      88.8    558.1
2015  8  4   216   19 16  0     37.11    0.9541E-02      88.7    557.9
2015  8  4   216   19 17  0     37.27    0.9319E-02      88.0    557.5
2015  8  4   216   19 18  0     37.44    0.9175E-02      88.7    557.8
2015  8  4   216   19 19  0     37.60    0.8832E-02      87.1    557.6
2015  8  4   216   19 20  0     37.77    0.8465E-02      85.0    557.6
2015  8  4   216   19 21  0     37.94    0.8444E-02      87.2    557.7
2015  8  4   216   19 22  0     38.10    0.8158E-02      85.5    557.2
2015  8  4   216   19 23  0     38.27    0.8004E-02      85.1    556.6
2015  8  4   216   19 24  0     38.44    0.8134E-02      87.6    555.7
2015  8  4   216   19 25  0     38.61    0.8099E-02      88.2    554.9
2015  8  4   216   19 26  0     38.78    0.8024E-02      88.6    554.7
2015  8  4   216   19 27  0     38.95    0.7861E-02      88.4    554.4
2015  8  4   216   19 28  0     39.12    0.7680E-02      87.9    553.3
2015  8  4   216   19 29  0     39.29    0.7449E-02      87.1    553.1
2015  8  4   216   19 30  0     39.46    0.7264E-02      86.8    552.9
2015  8  4   216   19 31  0     39.63    0.7124E-02      87.0    552.5
2015  8  4   216   19 32  0     39.80    0.6963E-02      86.9    552.2
2015  8  4   216   19 33  0     39.97    0.6779E-02      86.7    551.9
2015  8  4   216   19 34  0     40.15    0.6625E-02      86.4    551.5
2015  8  4   216   19 35  0     40.32    0.6484E-02      86.6    551.2
2015  8  4   216   19 36  0     40.49    0.6329E-02      86.6    550.9
2015  8  4   216   19 37  0     40.66    0.6162E-02      86.6    550.7
2015  8  4   216   19 38  0     40.84    0.6014E-02      87.0    550.5
2015  8  4   216   19 39  0     41.01    0.5868E-02      87.1    550.2
2015  8  4   216   19 40  0     41.18    0.5735E-02      87.5    549.9
2015  8  4   216   19 41  0     41.36    0.5589E-02      87.6    549.6
2015  8  4   216   19 42  0     41.53    0.5394E-02      87.3    549.5
2015  8  4   216   19 43  0     41.71    0.5158E-02      86.1    549.4
2015  8  4   216   19 44  0     41.88    0.4983E-02      85.6    549.1
2015  8  4   216   19 45  0     42.06    0.4822E-02      85.2    548.8
2015  8  4   216   19 46  0     42.24    0.4803E-02      87.0    548.1
2015  8  4   216   19 47  0     42.41    0.4696E-02      87.3    547.6
2015  8  4   216   19 48  0     42.59    0.4548E-02      86.4    546.9
2015  8  4   216   19 49  0     42.77    0.4345E-02      85.7    546.8
2015  8  4   216   19 50  0     42.94    0.4255E-02      87.0    546.5
2015  8  4   216   19 51  0     43.12    0.4154E-02      87.6    546.0
2015  8  4   216   19 52  0     43.30    0.3963E-02      86.2    545.6
2015  8  4   216   19 53  0     43.48    0.3763E-02      85.5    545.6
2015  8  4   216   19 54  0     43.65    0.3667E-02      86.4    545.2
2015  8  4   216   19 55  0     43.83    0.3608E-02      88.1    544.7
2015  8  4   216   19 56  0     44.01    0.3509E-02      88.7    544.2
2015  8  4   216   19 57  0     44.19    0.3364E-02      88.3    543.8
2015  8  4   216   19 58  0     44.37    0.3197E-02      87.6    543.5
2015  8  4   216   19 59  0     44.55    0.3079E-02      87.7    543.0
2015  8  4   216   20  0  0     44.73    0.2925E-02      86.6    542.6
2015  8  4   216   20  1  0     44.91    0.2716E-02      85.1    542.6
2015  8  4   216   20  2  0     45.09    0.2538E-02      83.9    542.4
2015  8  4   216   20  3  0     45.27    0.2386E-02      84.7    542.6
2015  8  4   216   20  4  0     45.45    0.2302E-02      86.4    542.3
2015  8  4   216   20  5  0     45.63    0.2138E-02      85.0    542.0
2015  8  4   216   20  6  0     45.81    0.1924E-02      79.9    541.5
2015  8  4   216   20  7  0     45.99    0.1809E-02      84.1    542.0
2015  8  4   216   20  8  0     46.17    0.1757E-02      86.4    541.4
2015  8  4   216   20  9  0     46.36    0.1690E-02      87.2    540.7
2015  8  4   216   20 10  0     46.54    0.1580E-02      85.7    539.9
2015  8  4   216   20 11  0     46.72    0.1468E-02      85.1    539.4
2015  8  4   216   20 12  0     46.90    0.1359E-02      84.6    538.8
2015  8  4   216   20 13  0     47.08    0.1250E-02      80.7    537.5
2015  8  4   216   20 14  0     47.27    0.1171E-02      51.9    529.6
2015  8  4   216   20 15  0     47.45    0.9392E-03      50.5    531.6
2015  8  4   216   20 16  0     47.63    0.8078E-03      63.6    535.9
2015  8  4   216   20 17  0     47.82    0.7335E-03      78.2    537.3
2015  8  4   216   20 18  0     48.00    0.6724E-03      49.8    531.9
2015  8  4   216   20 19  0     48.18    0.4087E-03      64.9    537.0
2015  8  4   216   20 20  0     48.37    0.2611E-03      76.1    538.8
2015  8  4   216   20 21  0     48.55    0.1451E-03      85.3    539.1
2015  8  4   216   20 22  0     48.73    0.8232E-04      86.3    538.2
2015  8  4   216   20 23  0     48.92    0.3812E-04      87.3    537.0
2015  8  4   216   20 24  0     49.10   -0.1454E-04      85.6    535.6
2015  8  4   216   20 25  0     49.29   -0.9181E-04      86.1    534.9
2015  8  4   216   20 26  0     49.47   -0.1566E-03      85.6    534.0
2015  8  4   216   20 27  0     49.66   -0.2378E-03      84.8    534.0
2015  8  4   216   20 28  0     49.84   -0.3139E-03      85.3    533.3
2015  8  4   216   20 29  0     50.03   -0.3696E-03      82.6    531.8
2015  8  4   216   20 30  0     50.21   -0.4794E-03      84.3    531.6
2015  8  4   216   20 31  0     50.40   -0.5514E-03      84.5    530.9
2015  8  4   216   20 32  0     50.58   -0.6341E-03      84.3    530.5
2015  8  4   216   20 33  0     50.77   -0.7261E-03      84.2    530.2
2015  8  4   216   20 34  0     50.96   -0.8117E-03      84.6    530.7
2015  8  4   216   20 35  0     51.14   -0.8236E-03      82.6    528.4
2015  8  4   216   20 36  0     51.33   -0.3329E-03      53.1    519.5
2015  8  4   216   20 37  0     51.51   -0.4656E-03      55.2    520.6
2015  8  4   216   20 38  0     51.70   -0.5773E-03      56.7    521.2
2015  8  4   216   20 39  0     51.89   -0.1218E-02      82.1    528.6
2015  8  4   216   20 40  0     52.07   -0.1273E-02      82.1    527.8
2015  8  4   216   20 41  0     52.26   -0.1338E-02      81.6    527.4
2015  8  4   216   20 42  0     52.45   -0.1441E-02      83.3    527.2
2015  8  4   216   20 43  0     52.63   -0.1516E-02      83.5    526.9
2015  8  4   216   20 44  0     52.82   -0.1568E-02      82.6    526.4
2015  8  4   216   20 45  0     53.01   -0.1619E-02      81.9    526.0
2015  8  4   216   20 46  0     53.19   -0.1678E-02      81.9    525.5
2015  8  4   216   20 47  0     53.38   -0.1478E-02      71.5    522.6
2015  8  4   216   20 48  0     53.57   -0.1840E-02      82.8    525.2
2015  8  4   216   20 49  0     53.75   -0.1885E-02      82.8    524.5
2015  8  4   216   20 50  0     53.94   -0.1708E-02      75.6    521.3
2015  8  4   216   20 51  0     54.13   -0.1806E-02      74.6    522.6
2015  8  4   216   20 52  0     54.32   -0.2083E-02      83.4    523.9
2015  8  4   216   20 53  0     54.51   -0.2145E-02      83.9    523.4
2015  8  4   216   20 54  0     54.69   -0.2190E-02      83.8    522.8
2015  8  4   216   20 55  0     54.88   -0.2190E-02      81.9    522.2
2015  8  4   216   20 56  0     55.07   -0.1809E-02      68.7    516.8
2015  8  4   216   20 57  0     55.26   -0.1395E-02      53.0    510.6
2015  8  4   216   20 58  0     55.45   -0.1379E-02      51.0    509.8
2015  8  4   216   20 59  0     55.63   -0.1397E-02      50.1    509.7
2015  8  4   216   21  0  0     55.82   -0.1464E-02      50.4    511.8
2015  8  4   216   21  1  0     56.01   -0.1571E-02      52.1    512.3
2015  8  4   216   21  2  0     56.20   -0.1745E-02      55.7    514.8
2015  8  4   216   21  3  0     56.39   -0.1977E-02      62.3    517.0
2015  8  4   216   21  4  0     56.58   -0.2391E-02      73.1    521.5
2015  8  4   216   21  5  0     56.76   -0.2644E-02      80.1    522.8
2015  8  4   216   21  6  0     56.95   -0.2691E-02      80.5    522.6
2015  8  4   216   21  7  0     57.14   -0.2759E-02      81.3    523.0
2015  8  4   216   21  8  0     57.33   -0.2371E-02      69.9    517.3
2015  8  4   216   21  9  0     57.52   -0.1879E-02      54.9    508.8
2015  8  4   216   21 10  0     57.71   -0.1782E-02      52.1    506.0
2015  8  4   216   21 11  0     57.90   -0.1759E-02      50.7    505.4
2015  8  4   216   21 12  0     58.09   -0.1811E-02      51.5    506.4
2015  8  4   216   21 13  0     58.27   -0.2330E-02      64.9    516.1
2015  8  4   216   21 14  0     58.46   -0.2661E-02      73.6    520.4
2015  8  4   216   21 15  0     58.65   -0.2828E-02      77.4    521.8
2015  8  4   216   21 16  0     58.84   -0.2993E-02      81.7    522.0
2015  8  4   216   21 17  0     59.03   -0.3033E-02      82.6    520.7
2015  8  4   216   21 18  0     59.22   -0.2433E-02      65.1    511.3
2015  8  4   216   21 19  0     59.41   -0.2829E-02      75.6    517.0
2015  8  4   216   21 20  0     59.60   -0.2938E-02      78.8    516.9
2015  8  4   216   21 21  0     59.79   -0.2685E-02      71.7    512.2
2015  8  4   216   21 22  0     59.98   -0.2539E-02      67.0    510.1
2015  8  4   216   21 23  0     60.17   -0.2247E-02      58.5    503.6
2015  8  4   216   21 24  0     60.36   -0.2194E-02      56.7    502.7
2015  8  4   216   21 25  0     60.54   -0.2376E-02      61.6    506.4
2015  8  4   216   21 26  0     60.74   -0.2830E-02      74.9    514.3
2015  8  4   216   21 27  0     60.92   -0.2937E-02      77.6    515.9
2015  8  4   216   21 28  0     61.11   -0.3052E-02      80.3    517.5
2015  8  4   216   21 29  0     61.30   -0.3162E-02      83.0    518.9
2015  8  4   216   21 30  0     61.49   -0.3195E-02      84.0    517.8
2015  8  4   216   21 31  0     61.68   -0.3171E-02      83.6    515.9
2015  8  4   216   21 32  0     61.87   -0.3056E-02      80.7    512.9
2015  8  4   216   21 33  0     62.06   -0.2596E-02      67.1    503.5
2015  8  4   216   21 34  0     62.25   -0.2668E-02      69.3    504.9
2015  8  4   216   21 35  0     62.44   -0.2944E-02      77.9    509.3
2015  8  4   216   21 36  0     62.63   -0.2982E-02      79.0    510.0
2015  8  4   216   21 37  0     62.82   -0.2992E-02      79.4    511.2
2015  8  4   216   21 38  0     63.01   -0.3046E-02      81.0    511.8
2015  8  4   216   21 39  0     63.20   -0.3048E-02      81.1    512.5
2015  8  4   216   21 40  0     63.39   -0.3066E-02      81.8    513.0
2015  8  4   216   21 41  0     63.58   -0.3051E-02      81.8    513.0
2015  8  4   216   21 42  0     63.77   -0.3035E-02      81.7    512.8
2015  8  4   216   21 43  0     63.96   -0.3020E-02      81.7    512.5
2015  8  4   216   21 44  0     64.15   -0.2963E-02      80.5    510.5
2015  8  4   216   21 45  0     64.34   -0.2775E-02      74.9    506.0
2015  8  4   216   21 46  0     64.52   -0.2387E-02      62.4    496.2
2015  8  4   216   21 47  0     64.71   -0.2365E-02      61.9    495.7
2015  8  4   216   21 48  0     64.90   -0.2352E-02      61.7    495.4
2015  8  4   216   21 49  0     65.09   -0.2645E-02      71.9    504.0
2015  8  4   216   21 50  0     65.28   -0.2802E-02      77.7    508.6
2015  8  4   216   21 51  0     65.47   -0.2849E-02      79.6    510.4
2015  8  4   216   21 52  0     65.66   -0.2855E-02      80.3    511.4
2015  8  4   216   21 53  0     65.85   -0.2828E-02      80.1    511.2
2015  8  4   216   21 54  0     66.04   -0.2802E-02      79.9    511.3
2015  8  4   216   21 55  0     66.23   -0.2763E-02      79.4    511.7
2015  8  4   216   21 56  0     66.42   -0.2750E-02      79.8    512.7
2015  8  4   216   21 57  0     66.61   -0.2755E-02      80.7    515.0
2015  8  4   216   21 58  0     66.80   -0.2749E-02      81.1    516.8
2015  8  4   216   21 59  0     66.99   -0.2727E-02      81.4    516.8
2015  8  4   216   22  0  0     67.18   -0.2720E-02      82.1    517.9
2015  8  4   216   22  1  0     67.37   -0.2655E-02      80.6    516.8
2015  8  4   216   22  2  0     67.55   -0.2632E-02      80.7    517.1
2015  8  4   216   22  3  0     67.74   -0.2600E-02      80.5    515.7
2015  8  4   216   22  4  0     67.93   -0.2574E-02      80.3    515.4
2015  8  4   216   22  5  0     68.12   -0.2534E-02      79.9    512.9
2015  8  4   216   22  6  0     68.31   -0.2507E-02      79.7    512.5
2015  8  4   216   22  7  0     68.50   -0.2479E-02      79.5    512.2
2015  8  4   216   22  8  0     68.69   -0.2465E-02      80.0    513.3
2015  8  4   216   22  9  0     68.88   -0.2439E-02      80.0    513.8
2015  8  4   216   22 10  0     69.07   -0.2424E-02      80.4    514.7
2015  8  4   216   22 11  0     69.26   -0.2396E-02      80.5    515.6
2015  8  4   216   22 12  0     69.44   -0.2366E-02      80.4    516.6
2015  8  4   216   22 13  0     69.63   -0.2340E-02      80.7    517.8
2015  8  4   216   22 14  0     69.82   -0.2288E-02      80.0    517.3
2015  8  4   216   22 15  0     70.01   -0.2254E-02      79.8    518.8
2015  8  4   216   22 16  0     70.20   -0.2210E-02      79.1    519.4
2015  8  4   216   22 17  0     70.39   -0.2156E-02      78.2    518.7
2015  8  4   216   22 18  0     70.58   -0.2114E-02      77.9    519.1
2015  8  4   216   22 19  0     70.76   -0.2087E-02      78.2    522.0
2015  8  4   216   22 20  0     70.95   -0.2067E-02      79.0    526.2
2015  8  4   216   22 21  0     71.14   -0.2066E-02      80.4    531.4
2015  8  4   216   22 22  0     71.33   -0.2073E-02      82.2    535.9
2015  8  4   216   22 23  0     71.52   -0.2052E-02      82.5    537.8
2015  8  4   216   22 24  0     71.71   -0.2005E-02      81.9    536.8
2015  8  4   216   22 25  0     71.89   -0.1960E-02      81.4    536.0
2015  8  4   216   22 26  0     72.08   -0.1921E-02      81.0    535.9
2015  8  4   216   22 27  0     72.27   -0.1890E-02      81.0    538.7
2015  8  4   216   22 28  0     72.46   -0.1852E-02      80.7    539.1
2015  8  4   216   22 29  0     72.65   -0.1815E-02      80.5    539.5
2015  8  4   216   22 30  0     72.83   -0.1782E-02      80.7    540.3
2015  8  4   216   22 31  0     73.02   -0.1748E-02      80.6    541.7
2015  8  4   216   22 32  0     73.21   -0.1710E-02      80.4    541.2
2015  8  4   216   22 33  0     73.40   -0.1680E-02      80.5    544.0
2015  8  4   216   22 34  0     73.58   -0.1647E-02      80.6    545.3
2015  8  4   216   22 35  0     73.77   -0.1615E-02      80.6    548.8
2015  8  4   216   22 36  0     73.96   -0.1580E-02      80.8    548.2
2015  8  4   216   22 37  0     74.15   -0.1546E-02      80.7    550.4
2015  8  4   216   22 38  0     74.33   -0.1512E-02      80.8    550.6
2015  8  4   216   22 39  0     74.52   -0.1478E-02      80.7    553.7
2015  8  4   216   22 40  0     74.71   -0.1440E-02      80.5    552.4
2015  8  4   216   22 41  0     74.89   -0.1406E-02      80.6    552.7
2015  8  4   216   22 42  0     75.08   -0.1373E-02      80.6    554.6
2015  8  4   216   22 43  0     75.27   -0.1337E-02      80.5    554.0
2015  8  4   216   22 44  0     75.45   -0.1303E-02      80.5    553.8
2015  8  4   216   22 45  0     75.64   -0.1272E-02      80.5    556.6
2015  8  4   216   22 46  0     75.83   -0.1237E-02      80.5    554.8
2015  8  4   216   22 47  0     76.01   -0.1204E-02      80.4    553.3
2015  8  4   216   22 48  0     76.20   -0.1174E-02      80.4    556.3
2015  8  4   216   22 49  0     76.38   -0.1142E-02      80.4    557.4
2015  8  4   216   22 50  0     76.57   -0.1104E-02      80.3    548.5
2015  8  4   216   22 51  0     76.76   -0.1074E-02      80.3    551.5
2015  8  4   216   22 52  0     76.94   -0.1045E-02      80.3    552.8
2015  8  4   216   22 53  0     77.13   -0.1012E-02      80.3    549.7
2015  8  4   216   22 54  0     77.31   -0.9826E-03      80.2    550.5
2015  8  4   216   22 55  0     77.50   -0.9493E-03      80.1    544.1
2015  8  4   216   22 56  0     77.68   -0.9203E-03      80.1    543.5
2015  8  4   216   22 57  0     77.87   -0.8903E-03      80.1    542.0
2015  8  4   216   22 58  0     78.05   -0.8578E-03      80.0    534.7
2015  8  4   216   22 59  0     78.24   -0.8284E-03      79.9    532.7
2015  8  4   216   23  0  0     78.42   -0.8009E-03      79.8    532.1
2015  8  4   216   23  1  0     78.61   -0.7717E-03      79.9    526.2
2015  8  4   216   23  2  0     78.79   -0.7451E-03      80.1    523.7
2015  8  4   216   23  3  0     78.98   -0.7191E-03      80.2    521.6
2015  8  4   216   23  4  0     79.16   -0.6890E-03      80.1    512.0
2015  8  4   216   23  5  0     79.35   -0.6612E-03      80.1    506.3
2015  8  4   216   23  6  0     79.53   -0.6308E-03      80.0    495.4
2015  8  4   216   23  7  0     79.72   -0.6062E-03      80.0    493.1
2015  8  4   216   23  8  0     79.90   -0.5789E-03      80.0    485.3
2015  8  4   216   23  9  0     80.08   -0.5548E-03      80.0    481.9
2015  8  4   216   23 10  0     80.27   -0.5294E-03      80.0    475.5
2015  8  4   216   23 11  0     80.45   -0.5018E-03      79.9    464.1
2015  8  4   216   23 12  0     80.63   -0.4817E-03      79.9    465.0
2015  8  4   216   23 13  0     80.82   -0.4588E-03      79.9    459.7
2015  8  4   216   23 14  0     81.00   -0.4336E-03      79.9    448.6
2015  8  4   216   23 15  0     81.18   -0.4087E-03      79.8    438.6
2015  8  4   216   23 16  0     81.37   -0.3911E-03      79.7    440.7
2015  8  4   216   23 17  0     81.55   -0.3661E-03      79.6    428.6
2015  8  4   216   23 18  0     81.73   -0.3439E-03      79.5    419.9
2015  8  4   216   23 19  0     81.92   -0.3230E-03      79.5    413.0
2015  8  4   216   23 20  0     82.10   -0.3037E-03      79.4    406.6
2015  8  4   216   23 21  0     82.28   -0.2825E-03      79.3    397.0
2015  8  4   216   23 22  0     82.46   -0.2655E-03      79.3    392.9
2015  8  4   216   23 23  0     82.64   -0.2433E-03      79.3    379.0
2015  8  4   216   23 24  0     82.83   -0.2273E-03      79.3    374.8
2015  8  4   216   23 25  0     83.01   -0.2065E-03      79.4    361.9
2015  8  4   216   23 26  0     83.19   -0.1924E-03      79.2    360.2
2015  8  4   216   23 27  0     83.37   -0.1750E-03      79.0    351.5
2015  8  4   216   23 28  0     83.55   -0.1578E-03      78.8    342.2
2015  8  4   216   23 29  0     83.73   -0.1424E-03      78.7    335.6
2015  8  4   216   23 30  0     83.91   -0.1283E-03      78.6    328.4
2015  8  4   216   23 31  0     84.10   -0.1123E-03      78.5    318.0
2015  8  4   216   23 32  0     84.28   -0.9839E-04      78.4    311.0
2015  8  4   216   23 33  0     84.46   -0.8730E-04      78.3    308.0
2015  8  4   216   23 34  0     84.64   -0.7283E-04      78.2    297.4
2015  8  4   216   23 35  0     84.82   -0.6089E-04      78.1    290.4
2015  8  4   216   23 36  0     85.00   -0.4889E-04      78.2    281.7
2015  8  4   216   23 37  0     85.18   -0.3499E-04      78.0    271.2
2015  8  4   216   23 38  0     85.36   -0.2517E-04      77.7    266.5
2015  8  4   216   23 39  0     85.54   -0.1287E-04      77.5    256.3
2015  8  4   216   23 40  0     85.71   -0.2694E-05      77.3    249.0
2015  8  4   216   23 41  0     85.90    0.9593E-05      77.1    238.0
2015  8  4   216   23 42  0     86.07    0.1877E-04      76.9    228.8
2015  8  4   216   23 43  0     86.25    0.2723E-04      76.6    223.2
2015  8  4   216   23 44  0     86.43    0.3432E-04      76.3    217.5
2015  8  4   216   23 45  0     86.61    0.4285E-04      76.1    208.8
2015  8  4   216   23 46  0     86.79    0.5468E-04      75.9    194.0
2015  8  4   216   23 47  0     86.97    0.5938E-04      75.8    187.5
2015  8  4   216   23 48  0     87.14    0.6476E-04      75.4    182.2
2015  8  4   216   23 49  0     87.32    0.6868E-04      75.0    178.4
2015  8  4   216   23 50  0     87.50    0.7694E-04      74.7    167.7
2015  8  4   216   23 51  0     87.68    0.8446E-04      74.4    154.0
2015  8  4   216   23 52  0     87.85    0.8626E-04      74.2    149.9
2015  8  4   216   23 53  0     88.03    0.8982E-04      74.0    144.0
2015  8  4   216   23 54  0     88.21    0.9631E-04      73.4    136.5
2015  8  4   216   23 55  0     88.38    0.9968E-04      72.9    128.5
2015  8  4   216   23 56  0     88.56    0.1044E-03      72.6    123.5
2015  8  4   216   23 57  0     88.74    0.1083E-03      72.3    118.2
2015  8  4   216   23 58  0     88.91    0.1135E-03      72.2    110.9
2015  8  4   216   23 59  0     89.09    0.1113E-03      71.7    111.2
