                            NILUUV 115

Uvpro Version 2.0
Latitude :   40.74 (North)
Longitude:  -74.03  (West)
Calibration file: cf100603a.115
Height above sea level:    40.0  m
CLT derived from channel 4
CLT scale factor used:   1.0
Ozone derived from channel pair ch3/ch1
Ozone scale factor used:   1.0
Drift factors ch1-ch6:   3.000154.000  1.000  1.000  1.000  1.000
Ozone profile climatology: Mid  Latitude
Dose type:    CLW    Caldwell Plant 1971           

yyyy mm dd   jul   hh mm ss      SZA     dose rate       clt     Ozone
                              [degrees]   [W/m^2]        [%]     [DU]
2015  6  5   156    0  0  0     86.93    0.2948E-04      59.3    221.8
2015  6  5   156    0  1  0     87.09    0.3354E-04      59.0    215.7
2015  6  5   156    0  2  0     87.26    0.3928E-04      58.8    207.8
2015  6  5   156    0  3  0     87.43    0.4399E-04      58.5    200.2
2015  6  5   156    0  4  0     87.60    0.4871E-04      58.3    192.4
2015  6  5   156    0  5  0     87.76    0.5228E-04      58.2    185.9
2015  6  5   156    0  6  0     87.93    0.5367E-04      58.2    181.9
2015  6  5   156    0  7  0     88.10    0.5763E-04      58.0    172.9
2015  6  5   156    0  8  0     88.26    0.6096E-04      57.9    168.0
2015  6  5   156    0  9  0     88.43    0.6371E-04      57.8    160.5
2015  6  5   156    0 10  0     88.60    0.6929E-04      57.8    149.8
2015  6  5   156    0 11  0     88.76    0.7167E-04      57.9    137.3
2015  6  5   156    0 12  0     88.93    0.7440E-04      58.1    131.9
2015  6  5   156    0 13  0     89.09    0.7641E-04      58.0    132.2
2015  6  5   156    0 14  0     89.26    0.7972E-04      57.7    125.8
2015  6  5   156    0 15  0     89.42    0.8183E-04      57.4    122.6
2015  6  5   156    0 16  0     89.59    0.8156E-04      57.2    121.4
2015  6  5   156    0 17  0     89.75    0.8536E-04      57.1    113.8
2015  6  5   156    0 18  0     89.91    0.8497E-04      57.2    110.9
2015  6  5   156    9 32  0     89.89    0.8757E-04      27.1     53.5
2015  6  5   156    9 33  0     89.73    0.8800E-04      27.0     55.9
2015  6  5   156    9 34  0     89.56    0.8818E-04      27.2     58.7
2015  6  5   156    9 35  0     89.40    0.8294E-04      27.7     65.8
2015  6  5   156    9 36  0     89.23    0.8420E-04      28.6     68.6
2015  6  5   156    9 37  0     89.07    0.8315E-04      29.7     72.8
2015  6  5   156    9 38  0     88.90    0.7745E-04      30.6     81.0
2015  6  5   156    9 39  0     88.74    0.7956E-04      31.2     83.4
2015  6  5   156    9 40  0     88.57    0.7812E-04      31.5     88.1
2015  6  5   156    9 41  0     88.41    0.7556E-04      31.3     92.0
2015  6  5   156    9 42  0     88.24    0.7167E-04      30.8     95.8
2015  6  5   156    9 43  0     88.08    0.7323E-04      30.2     94.4
2015  6  5   156    9 44  0     87.91    0.6829E-04      29.7     99.5
2015  6  5   156    9 45  0     87.74    0.6810E-04      29.7    102.1
2015  6  5   156    9 46  0     87.57    0.6474E-04      30.1    108.1
2015  6  5   156    9 47  0     87.41    0.6172E-04      30.8    113.8
2015  6  5   156    9 48  0     87.24    0.5776E-04      31.7    120.1
2015  6  5   156    9 49  0     87.07    0.5647E-04      32.7    124.8
2015  6  5   156    9 50  0     86.90    0.5212E-04      33.5    134.0
2015  6  5   156    9 51  0     86.74    0.4558E-04      34.2    146.6
2015  6  5   156    9 52  0     86.57    0.4099E-04      34.9    158.9
2015  6  5   156    9 53  0     86.40    0.3629E-04      35.8    169.0
2015  6  5   156    9 54  0     86.23    0.3086E-04      36.7    179.4
2015  6  5   156    9 55  0     86.06    0.2611E-04      37.5    186.9
2015  6  5   156    9 56  0     85.89    0.2014E-04      37.9    197.2
2015  6  5   156    9 57  0     85.72    0.1529E-04      37.8    205.0
2015  6  5   156    9 58  0     85.55    0.1109E-04      37.7    210.5
2015  6  5   156    9 59  0     85.38    0.5295E-05      37.4    218.0
2015  6  5   156   10  0  0     85.21    0.1753E-05      37.1    220.3
2015  6  5   156   10  1  0     85.04   -0.3203E-05      36.7    224.6
2015  6  5   156   10  2  0     84.87   -0.7690E-05      36.3    229.6
2015  6  5   156   10  3  0     84.70   -0.1119E-04      36.0    231.8
2015  6  5   156   10  4  0     84.53   -0.1831E-04      36.0    240.7
2015  6  5   156   10  5  0     84.35   -0.2856E-04      36.4    254.4
2015  6  5   156   10  6  0     84.18   -0.3816E-04      37.1    265.5
2015  6  5   156   10  7  0     84.01   -0.4706E-04      37.8    273.5
2015  6  5   156   10  8  0     83.84   -0.5583E-04      38.4    282.0
2015  6  5   156   10  9  0     83.67   -0.6418E-04      38.7    289.6
2015  6  5   156   10 10  0     83.49   -0.7369E-04      38.8    300.0
2015  6  5   156   10 11  0     83.32   -0.8121E-04      38.8    305.0
2015  6  5   156   10 12  0     83.15   -0.8863E-04      38.9    308.3
2015  6  5   156   10 13  0     82.97   -0.9909E-04      39.2    317.2
2015  6  5   156   10 14  0     82.80   -0.1102E-03      39.5    326.7
2015  6  5   156   10 15  0     82.63   -0.1218E-03      39.8    335.5
2015  6  5   156   10 16  0     82.45   -0.1338E-03      39.9    346.1
2015  6  5   156   10 17  0     82.28   -0.1408E-03      39.7    346.2
2015  6  5   156   10 18  0     82.10   -0.1500E-03      38.9    355.9
2015  6  5   156   10 19  0     81.93   -0.1507E-03      37.8    350.0
2015  6  5   156   10 20  0     81.76   -0.1504E-03      36.3    346.7
2015  6  5   156   10 21  0     81.58   -0.1474E-03      34.6    339.4
2015  6  5   156   10 22  0     81.41   -0.1467E-03      33.0    337.9
2015  6  5   156   10 23  0     81.23   -0.1440E-03      31.6    331.5
2015  6  5   156   10 24  0     81.05   -0.1459E-03      30.5    331.9
2015  6  5   156   10 25  0     80.88   -0.1507E-03      29.6    336.6
2015  6  5   156   10 26  0     80.70   -0.1532E-03      29.1    333.8
2015  6  5   156   10 27  0     80.53   -0.1614E-03      28.8    340.3
2015  6  5   156   10 28  0     80.35   -0.1715E-03      28.7    347.6
2015  6  5   156   10 29  0     80.17   -0.1806E-03      29.0    349.9
2015  6  5   156   10 30  0     80.00   -0.1943E-03      29.5    357.0
2015  6  5   156   10 31  0     79.82   -0.2128E-03      30.3    369.2
2015  6  5   156   10 32  0     79.64   -0.2347E-03      31.4    383.5
2015  6  5   156   10 33  0     79.47   -0.2561E-03      32.6    391.7
2015  6  5   156   10 34  0     79.29   -0.2793E-03      33.9    401.0
2015  6  5   156   10 35  0     79.11   -0.3100E-03      35.2    424.4
2015  6  5   156   10 36  0     78.94   -0.3326E-03      36.4    429.9
2015  6  5   156   10 37  0     78.76   -0.3621E-03      37.5    450.5
2015  6  5   156   10 38  0     78.58   -0.3880E-03      38.6    458.5
2015  6  5   156   10 39  0     78.40   -0.4131E-03      39.8    461.8
2015  6  5   156   10 40  0     78.22   -0.4437E-03      40.9    474.7
2015  6  5   156   10 41  0     78.04   -0.4747E-03      42.0    486.4
2015  6  5   156   10 42  0     77.87   -0.5027E-03      42.9    492.5
2015  6  5   156   10 43  0     77.69   -0.5309E-03      43.7    500.3
2015  6  5   156   10 44  0     77.51   -0.5519E-03      44.3    496.3
2015  6  5   156   10 45  0     77.33   -0.5731E-03      44.5    501.3
2015  6  5   156   10 46  0     77.15   -0.5923E-03      44.5    508.0
2015  6  5   156   10 47  0     76.97   -0.6057E-03      44.2    508.6
2015  6  5   156   10 48  0     76.79   -0.6166E-03      43.9    507.6
2015  6  5   156   10 49  0     76.61   -0.6257E-03      43.4    507.1
2015  6  5   156   10 50  0     76.43   -0.6379E-03      43.0    509.4
2015  6  5   156   10 51  0     76.25   -0.6503E-03      42.8    507.4
2015  6  5   156   10 52  0     76.07   -0.6605E-03      42.5    503.0
2015  6  5   156   10 53  0     75.89   -0.6654E-03      41.8    498.0
2015  6  5   156   10 54  0     75.71   -0.6678E-03      40.8    497.5
2015  6  5   156   10 55  0     75.53   -0.6708E-03      40.0    495.9
2015  6  5   156   10 56  0     75.35   -0.6792E-03      39.6    492.9
2015  6  5   156   10 57  0     75.17   -0.6999E-03      39.7    496.4
2015  6  5   156   10 58  0     74.99   -0.7235E-03      40.2    494.3
2015  6  5   156   10 59  0     74.81   -0.7545E-03      40.9    496.6
2015  6  5   156   11  0  0     74.62   -0.7894E-03      41.6    500.1
2015  6  5   156   11  1  0     74.44   -0.8229E-03      42.4    502.0
2015  6  5   156   11  2  0     74.26   -0.8527E-03      42.9    502.9
2015  6  5   156   11  3  0     74.08   -0.8758E-03      43.2    500.2
2015  6  5   156   11  4  0     73.90   -0.8944E-03      43.1    500.8
2015  6  5   156   11  5  0     73.72   -0.9019E-03      42.6    498.6
2015  6  5   156   11  6  0     73.53   -0.9035E-03      41.9    497.2
2015  6  5   156   11  7  0     73.35   -0.9053E-03      41.1    496.2
2015  6  5   156   11  8  0     73.17   -0.9086E-03      40.6    493.4
2015  6  5   156   11  9  0     72.99   -0.9233E-03      40.2    495.6
2015  6  5   156   11 10  0     72.80   -0.9381E-03      40.0    493.4
2015  6  5   156   11 11  0     72.62   -0.9613E-03      40.1    492.2
2015  6  5   156   11 12  0     72.44   -0.9910E-03      40.7    490.5
2015  6  5   156   11 13  0     72.25   -0.1029E-02      41.3    492.3
2015  6  5   156   11 14  0     72.07   -0.1058E-02      41.8    490.7
2015  6  5   156   11 15  0     71.89   -0.1084E-02      42.2    489.2
2015  6  5   156   11 16  0     71.70   -0.1117E-02      42.7    492.6
2015  6  5   156   11 17  0     71.52   -0.1143E-02      43.0    492.1
2015  6  5   156   11 18  0     71.34   -0.1172E-02      43.4    492.6
2015  6  5   156   11 19  0     71.15   -0.1206E-02      44.1    491.9
2015  6  5   156   11 20  0     70.97   -0.1246E-02      44.8    492.6
2015  6  5   156   11 21  0     70.79   -0.1289E-02      45.5    493.9
2015  6  5   156   11 22  0     70.60   -0.1320E-02      46.0    492.9
2015  6  5   156   11 23  0     70.42   -0.1337E-02      46.0    492.3
2015  6  5   156   11 24  0     70.23   -0.1328E-02      45.2    491.1
2015  6  5   156   11 25  0     70.05   -0.1299E-02      43.8    490.1
2015  6  5   156   11 26  0     69.86   -0.1256E-02      42.1    488.9
2015  6  5   156   11 27  0     69.68   -0.1213E-02      40.4    486.2
2015  6  5   156   11 28  0     69.49   -0.1177E-02      38.9    484.9
2015  6  5   156   11 29  0     69.31   -0.1149E-02      37.6    483.3
2015  6  5   156   11 30  0     69.12   -0.1129E-02      36.6    482.2
2015  6  5   156   11 31  0     68.94   -0.1117E-02      35.9    482.0
2015  6  5   156   11 32  0     68.75   -0.1111E-02      35.3    482.5
2015  6  5   156   11 33  0     68.57   -0.1110E-02      34.9    483.0
2015  6  5   156   11 34  0     68.38   -0.1113E-02      34.6    483.2
2015  6  5   156   11 35  0     68.20   -0.1118E-02      34.4    483.2
2015  6  5   156   11 36  0     68.01   -0.1133E-02      34.3    484.8
2015  6  5   156   11 37  0     67.83   -0.1144E-02      34.4    483.9
2015  6  5   156   11 38  0     67.64   -0.1170E-02      34.8    484.8
2015  6  5   156   11 39  0     67.45   -0.1213E-02      35.6    486.3
2015  6  5   156   11 40  0     67.27   -0.1276E-02      37.1    487.2
2015  6  5   156   11 41  0     67.08   -0.1351E-02      38.9    488.6
2015  6  5   156   11 42  0     66.90   -0.1412E-02      40.5    489.8
2015  6  5   156   11 43  0     66.71   -0.1440E-02      41.1    489.0
2015  6  5   156   11 44  0     66.52   -0.1426E-02      40.5    489.4
2015  6  5   156   11 45  0     66.34   -0.1374E-02      38.9    488.6
2015  6  5   156   11 46  0     66.15   -0.1305E-02      36.9    486.7
2015  6  5   156   11 47  0     65.96   -0.1251E-02      35.1    487.3
2015  6  5   156   11 48  0     65.78   -0.1220E-02      34.1    486.1
2015  6  5   156   11 49  0     65.59   -0.1205E-02      33.5    485.8
2015  6  5   156   11 50  0     65.40   -0.1210E-02      33.4    486.0
2015  6  5   156   11 51  0     65.22   -0.1229E-02      33.7    486.4
2015  6  5   156   11 52  0     65.03   -0.1252E-02      34.1    486.5
2015  6  5   156   11 53  0     64.84   -0.1270E-02      34.4    486.6
2015  6  5   156   11 54  0     64.65   -0.1285E-02      34.7    486.4
2015  6  5   156   11 55  0     64.47   -0.1299E-02      35.0    487.0
2015  6  5   156   11 56  0     64.28   -0.1308E-02      35.0    487.9
2015  6  5   156   11 57  0     64.09   -0.1304E-02      34.9    488.1
2015  6  5   156   11 58  0     63.90   -0.1298E-02      34.7    489.2
2015  6  5   156   11 59  0     63.72   -0.1305E-02      34.8    488.9
2015  6  5   156   12  0  0     63.53   -0.1327E-02      35.2    489.6
2015  6  5   156   12  1  0     63.34   -0.1366E-02      36.1    490.5
2015  6  5   156   12  2  0     63.15   -0.1417E-02      37.4    490.9
2015  6  5   156   12  3  0     62.97   -0.1482E-02      39.1    492.4
2015  6  5   156   12  4  0     62.78   -0.1558E-02      41.0    493.6
2015  6  5   156   12  5  0     62.59   -0.1624E-02      42.7    494.4
2015  6  5   156   12  6  0     62.40   -0.1675E-02      44.2    494.4
2015  6  5   156   12  7  0     62.21   -0.1726E-02      45.6    495.3
2015  6  5   156   12  8  0     62.03   -0.1779E-02      47.1    496.3
2015  6  5   156   12  9  0     61.84   -0.1838E-02      48.9    497.8
2015  6  5   156   12 10  0     61.65   -0.1908E-02      50.9    499.0
2015  6  5   156   12 11  0     61.46   -0.1978E-02      53.0    500.1
2015  6  5   156   12 12  0     61.27   -0.2048E-02      55.0    501.2
2015  6  5   156   12 13  0     61.08   -0.2108E-02      56.9    501.9
2015  6  5   156   12 14  0     60.90   -0.2151E-02      58.4    502.8
2015  6  5   156   12 15  0     60.71   -0.2172E-02      59.1    503.7
2015  6  5   156   12 16  0     60.52   -0.2158E-02      58.9    504.3
2015  6  5   156   12 17  0     60.33   -0.2128E-02      58.2    504.6
2015  6  5   156   12 18  0     60.14   -0.2092E-02      57.4    504.7
2015  6  5   156   12 19  0     59.95   -0.2046E-02      56.5    504.4
2015  6  5   156   12 20  0     59.76   -0.2007E-02      55.7    504.3
2015  6  5   156   12 21  0     59.57   -0.1985E-02      55.4    504.4
2015  6  5   156   12 22  0     59.39   -0.1987E-02      55.8    504.8
2015  6  5   156   12 23  0     59.20   -0.1990E-02      56.3    505.2
2015  6  5   156   12 24  0     59.01   -0.1983E-02      56.3    505.9
2015  6  5   156   12 25  0     58.82   -0.1950E-02      55.8    506.4
2015  6  5   156   12 26  0     58.63   -0.1903E-02      54.7    507.1
2015  6  5   156   12 27  0     58.44   -0.1845E-02      53.4    507.5
2015  6  5   156   12 28  0     58.25   -0.1791E-02      52.3    508.0
2015  6  5   156   12 29  0     58.06   -0.1725E-02      51.0    508.3
2015  6  5   156   12 30  0     57.87   -0.1661E-02      49.6    508.7
2015  6  5   156   12 31  0     57.68   -0.1598E-02      48.1    509.2
2015  6  5   156   12 32  0     57.50   -0.1543E-02      46.9    509.7
2015  6  5   156   12 33  0     57.31   -0.1491E-02      45.9    510.1
2015  6  5   156   12 34  0     57.12   -0.1449E-02      45.1    510.7
2015  6  5   156   12 35  0     56.93   -0.1411E-02      44.4    512.2
2015  6  5   156   12 36  0     56.74   -0.1374E-02      43.8    512.6
2015  6  5   156   12 37  0     56.55   -0.1343E-02      43.4    512.5
2015  6  5   156   12 38  0     56.36   -0.1307E-02      42.9    513.0
2015  6  5   156   12 39  0     56.17   -0.1270E-02      42.3    513.6
2015  6  5   156   12 40  0     55.98   -0.1225E-02      41.6    514.7
2015  6  5   156   12 41  0     55.79   -0.1184E-02      40.8    515.4
2015  6  5   156   12 42  0     55.60   -0.1142E-02      40.2    515.8
2015  6  5   156   12 43  0     55.41   -0.1111E-02      39.7    516.6
2015  6  5   156   12 44  0     55.22   -0.1071E-02      39.3    516.4
2015  6  5   156   12 45  0     55.03   -0.1045E-02      39.0    517.2
2015  6  5   156   12 46  0     54.85   -0.1008E-02      38.7    517.8
2015  6  5   156   12 47  0     54.66   -0.9817E-03      38.6    518.4
2015  6  5   156   12 48  0     54.47   -0.9556E-03      38.5    519.0
2015  6  5   156   12 49  0     54.28   -0.9241E-03      38.5    519.4
2015  6  5   156   12 50  0     54.09   -0.8997E-03      38.4    520.0
2015  6  5   156   12 51  0     53.90   -0.8771E-03      38.6    520.5
2015  6  5   156   12 52  0     53.71   -0.8643E-03      39.1    521.3
2015  6  5   156   12 53  0     53.52   -0.8475E-03      39.7    521.8
2015  6  5   156   12 54  0     53.33   -0.8280E-03      40.5    522.1
2015  6  5   156   12 55  0     53.14   -0.8143E-03      41.3    522.7
2015  6  5   156   12 56  0     52.95   -0.7886E-03      42.0    523.0
2015  6  5   156   12 57  0     52.76   -0.7587E-03      42.3    523.6
2015  6  5   156   12 58  0     52.57   -0.7196E-03      42.4    524.0
2015  6  5   156   12 59  0     52.38   -0.6871E-03      42.5    524.6
2015  6  5   156   13  0  0     52.19   -0.6552E-03      42.7    525.2
2015  6  5   156   13  1  0     52.00   -0.6233E-03      43.1    525.7
2015  6  5   156   13  2  0     51.81   -0.5970E-03      43.4    526.6
2015  6  5   156   13  3  0     51.63   -0.5663E-03      43.6    527.4
2015  6  5   156   13  4  0     51.44   -0.5252E-03      43.6    527.9
2015  6  5   156   13  5  0     51.25   -0.4879E-03      43.7    528.5
2015  6  5   156   13  6  0     51.06   -0.4473E-03      44.0    529.0
2015  6  5   156   13  7  0     50.87   -0.4042E-03      44.2    529.5
2015  6  5   156   13  8  0     50.68   -0.3615E-03      44.4    530.0
2015  6  5   156   13  9  0     50.49   -0.3066E-03      44.3    530.3
2015  6  5   156   13 10  0     50.30   -0.2645E-03      44.5    530.9
2015  6  5   156   13 11  0     50.11   -0.2176E-03      45.1    531.3
2015  6  5   156   13 12  0     49.92   -0.1671E-03      46.1    532.5
2015  6  5   156   13 13  0     49.73   -0.1121E-03      47.6    532.0
2015  6  5   156   13 14  0     49.54   -0.4827E-04      48.9    532.2
2015  6  5   156   13 15  0     49.36    0.1795E-04      49.9    532.4
2015  6  5   156   13 16  0     49.17    0.8477E-04      50.5    532.6
2015  6  5   156   13 17  0     48.98    0.1533E-03      50.8    533.6
2015  6  5   156   13 18  0     48.79    0.2203E-03      50.9    534.0
2015  6  5   156   13 19  0     48.60    0.2964E-03      51.1    533.5
2015  6  5   156   13 20  0     48.41    0.3681E-03      51.0    533.8
2015  6  5   156   13 21  0     48.22    0.4390E-03      50.5    534.1
2015  6  5   156   13 22  0     48.03    0.4993E-03      50.1    534.6
2015  6  5   156   13 23  0     47.85    0.5560E-03      49.6    535.6
2015  6  5   156   13 24  0     47.66    0.6136E-03      49.2    536.2
2015  6  5   156   13 25  0     47.47    0.6684E-03      48.8    536.7
2015  6  5   156   13 26  0     47.28    0.7245E-03      48.4    536.9
2015  6  5   156   13 27  0     47.09    0.7812E-03      47.6    537.4
2015  6  5   156   13 28  0     46.90    0.8343E-03      47.0    538.1
2015  6  5   156   13 29  0     46.72    0.9001E-03      46.7    538.5
2015  6  5   156   13 30  0     46.53    0.9702E-03      46.6    538.8
2015  6  5   156   13 31  0     46.34    0.1035E-02      46.3    539.1
2015  6  5   156   13 32  0     46.15    0.1081E-02      45.5    539.7
2015  6  5   156   13 33  0     45.96    0.1093E-02      44.2    540.6
2015  6  5   156   13 34  0     45.78    0.1075E-02      42.4    541.9
2015  6  5   156   13 35  0     45.59    0.1036E-02      40.4    543.5
2015  6  5   156   13 36  0     45.40    0.9979E-03      38.7    545.2
2015  6  5   156   13 37  0     45.21    0.9765E-03      37.3    546.7
2015  6  5   156   13 38  0     45.02    0.9630E-03      36.5    548.4
2015  6  5   156   13 39  0     44.84    0.9666E-03      36.2    549.9
2015  6  5   156   13 40  0     44.65    0.9842E-03      35.8    551.1
2015  6  5   156   13 41  0     44.46    0.1004E-02      35.6    552.3
2015  6  5   156   13 42  0     44.28    0.1053E-02      36.2    553.3
2015  6  5   156   13 43  0     44.09    0.1133E-02      37.4    553.9
2015  6  5   156   13 44  0     43.90    0.1224E-02      38.8    555.1
2015  6  5   156   13 45  0     43.71    0.1333E-02      40.1    555.3
2015  6  5   156   13 46  0     43.53    0.1420E-02      40.7    555.7
2015  6  5   156   13 47  0     43.34    0.1488E-02      40.8    555.6
2015  6  5   156   13 48  0     43.16    0.1524E-02      40.1    556.1
2015  6  5   156   13 49  0     42.97    0.1505E-02      38.3    557.1
2015  6  5   156   13 50  0     42.78    0.1455E-02      36.0    558.0
2015  6  5   156   13 51  0     42.60    0.1397E-02      33.9    559.1
2015  6  5   156   13 52  0     42.41    0.1355E-02      32.2    560.2
2015  6  5   156   13 53  0     42.22    0.1326E-02      30.8    561.2
2015  6  5   156   13 54  0     42.04    0.1320E-02      30.0    562.1
2015  6  5   156   13 55  0     41.85    0.1332E-02      29.6    563.0
2015  6  5   156   13 56  0     41.67    0.1358E-02      29.2    563.5
2015  6  5   156   13 57  0     41.48    0.1396E-02      28.8    563.7
2015  6  5   156   13 58  0     41.30    0.1438E-02      28.5    563.8
2015  6  5   156   13 59  0     41.11    0.1493E-02      28.3    563.6
2015  6  5   156   14  0  0     40.93    0.1553E-02      28.2    563.5
2015  6  5   156   14  1  0     40.74    0.1632E-02      28.4    563.4
2015  6  5   156   14  2  0     40.56    0.1731E-02      28.9    563.1
2015  6  5   156   14  3  0     40.37    0.1841E-02      29.5    563.0
2015  6  5   156   14  4  0     40.19    0.1962E-02      30.1    562.7
2015  6  5   156   14  5  0     40.01    0.2068E-02      30.6    562.6
2015  6  5   156   14  6  0     39.82    0.2166E-02      30.8    562.4
2015  6  5   156   14  7  0     39.64    0.2252E-02      31.0    562.4
2015  6  5   156   14  8  0     39.45    0.2356E-02      31.3    562.3
2015  6  5   156   14  9  0     39.27    0.2483E-02      31.9    562.2
2015  6  5   156   14 10  0     39.09    0.2642E-02      32.9    562.2
2015  6  5   156   14 11  0     38.91    0.2821E-02      34.1    562.3
2015  6  5   156   14 12  0     38.72    0.2983E-02      35.0    562.3
2015  6  5   156   14 13  0     38.54    0.3109E-02      35.5    562.5
2015  6  5   156   14 14  0     38.36    0.3197E-02      35.6    562.7
2015  6  5   156   14 15  0     38.18    0.3245E-02      35.3    563.0
2015  6  5   156   14 16  0     37.99    0.3245E-02      34.5    563.3
2015  6  5   156   14 17  0     37.81    0.3253E-02      33.8    563.7
2015  6  5   156   14 18  0     37.63    0.3305E-02      33.7    564.1
2015  6  5   156   14 19  0     37.45    0.3395E-02      34.0    564.4
2015  6  5   156   14 20  0     37.27    0.3486E-02      34.3    564.9
2015  6  5   156   14 21  0     37.09    0.3544E-02      34.3    565.4
2015  6  5   156   14 22  0     36.91    0.3556E-02      34.0    566.0
2015  6  5   156   14 23  0     36.73    0.3531E-02      33.3    566.6
2015  6  5   156   14 24  0     36.55    0.3481E-02      32.3    567.2
2015  6  5   156   14 25  0     36.37    0.3402E-02      31.3    568.1
2015  6  5   156   14 26  0     36.19    0.3316E-02      30.2    569.0
2015  6  5   156   14 27  0     36.01    0.3218E-02      29.0    569.9
2015  6  5   156   14 28  0     35.83    0.3135E-02      27.9    570.7
2015  6  5   156   14 29  0     35.65    0.3089E-02      27.1    571.3
2015  6  5   156   14 30  0     35.47    0.3095E-02      26.7    571.5
2015  6  5   156   14 31  0     35.29    0.3145E-02      26.6    571.6
2015  6  5   156   14 32  0     35.11    0.3232E-02      26.8    571.5
2015  6  5   156   14 33  0     34.94    0.3311E-02      26.9    571.4
2015  6  5   156   14 34  0     34.76    0.3352E-02      26.6    571.4
2015  6  5   156   14 35  0     34.58    0.3389E-02      26.4    571.4
2015  6  5   156   14 36  0     34.41    0.3447E-02      26.4    571.6
2015  6  5   156   14 37  0     34.23    0.3545E-02      26.7    572.1
2015  6  5   156   14 38  0     34.05    0.3732E-02      27.8    572.6
2015  6  5   156   14 39  0     33.88    0.4008E-02      29.3    572.7
2015  6  5   156   14 40  0     33.70    0.4286E-02      30.7    572.5
2015  6  5   156   14 41  0     33.53    0.4491E-02      31.5    572.5
2015  6  5   156   14 42  0     33.35    0.4592E-02      31.7    572.6
2015  6  5   156   14 43  0     33.18    0.4616E-02      31.4    572.9
2015  6  5   156   14 44  0     33.00    0.4619E-02      31.0    573.2
2015  6  5   156   14 45  0     32.83    0.4650E-02      30.8    573.4
2015  6  5   156   14 46  0     32.66    0.4707E-02      30.8    573.6
2015  6  5   156   14 47  0     32.48    0.4744E-02      30.7    574.0
2015  6  5   156   14 48  0     32.31    0.4724E-02      30.3    574.6
2015  6  5   156   14 49  0     32.14    0.4657E-02      29.5    575.1
2015  6  5   156   14 50  0     31.97    0.4577E-02      28.7    576.0
2015  6  5   156   14 51  0     31.80    0.4537E-02      28.2    576.5
2015  6  5   156   14 52  0     31.62    0.4549E-02      28.0    577.1
2015  6  5   156   14 53  0     31.45    0.4656E-02      28.5    577.6
2015  6  5   156   14 54  0     31.28    0.4854E-02      29.4    577.8
2015  6  5   156   14 55  0     31.11    0.5081E-02      30.4    578.1
2015  6  5   156   14 56  0     30.94    0.5323E-02      31.5    578.4
2015  6  5   156   14 57  0     30.78    0.5565E-02      32.6    578.7
2015  6  5   156   14 58  0     30.61    0.5786E-02      33.6    579.1
2015  6  5   156   14 59  0     30.44    0.6019E-02      34.6    579.3
2015  6  5   156   15  0  0     30.27    0.6223E-02      35.4    579.6
2015  6  5   156   15  1  0     30.11    0.6413E-02      36.1    579.8
2015  6  5   156   15  2  0     29.94    0.6515E-02      36.4    580.3
2015  6  5   156   15  3  0     29.77    0.6579E-02      36.5    580.8
2015  6  5   156   15  4  0     29.61    0.6596E-02      36.3    581.4
2015  6  5   156   15  5  0     29.44    0.6623E-02      36.1    581.8
2015  6  5   156   15  6  0     29.28    0.6621E-02      35.8    582.2
2015  6  5   156   15  7  0     29.12    0.6562E-02      35.2    582.7
2015  6  5   156   15  8  0     28.95    0.6418E-02      34.3    583.5
2015  6  5   156   15  9  0     28.79    0.6191E-02      33.0    584.2
2015  6  5   156   15 10  0     28.63    0.5878E-02      31.2    585.1
2015  6  5   156   15 11  0     28.47    0.5464E-02      29.1    586.5
2015  6  5   156   15 12  0     28.31    0.5059E-02      27.1    588.1
2015  6  5   156   15 13  0     28.15    0.4763E-02      25.6    589.6
2015  6  5   156   15 14  0     27.99    0.4581E-02      24.7    590.9
2015  6  5   156   15 15  0     27.83    0.4511E-02      24.3    591.8
2015  6  5   156   15 16  0     27.67    0.4547E-02      24.3    592.5
2015  6  5   156   15 17  0     27.51    0.4674E-02      24.9    593.1
2015  6  5   156   15 18  0     27.35    0.4864E-02      25.8    593.5
2015  6  5   156   15 19  0     27.20    0.5044E-02      26.5    593.6
2015  6  5   156   15 20  0     27.04    0.5190E-02      27.0    593.7
2015  6  5   156   15 21  0     26.89    0.5310E-02      27.3    593.8
2015  6  5   156   15 22  0     26.73    0.5417E-02      27.7    594.1
2015  6  5   156   15 23  0     26.58    0.5556E-02      28.2    594.5
2015  6  5   156   15 24  0     26.43    0.5711E-02      28.8    594.8
2015  6  5   156   15 25  0     26.28    0.5802E-02      29.0    595.1
2015  6  5   156   15 26  0     26.13    0.5798E-02      28.8    595.1
2015  6  5   156   15 27  0     25.98    0.5761E-02      28.3    595.6
2015  6  5   156   15 28  0     25.83    0.5822E-02      28.5    595.6
2015  6  5   156   15 29  0     25.68    0.6101E-02      29.7    595.9
2015  6  5   156   15 30  0     25.53    0.6378E-02      30.8    596.0
2015  6  5   156   15 31  0     25.38    0.6469E-02      31.1    596.1
2015  6  5   156   15 32  0     25.24    0.6536E-02      31.2    596.3
2015  6  5   156   15 33  0     25.09    0.6648E-02      31.6    596.6
2015  6  5   156   15 34  0     24.95    0.6646E-02      31.4    597.1
2015  6  5   156   15 35  0     24.80    0.6568E-02      30.9    597.6
2015  6  5   156   15 36  0     24.66    0.6484E-02      30.4    598.2
2015  6  5   156   15 37  0     24.52    0.6352E-02      29.8    599.2
2015  6  5   156   15 38  0     24.38    0.6153E-02      29.0    600.3
2015  6  5   156   15 39  0     24.24    0.5988E-02      28.3    601.4
2015  6  5   156   15 40  0     24.10    0.5911E-02      27.9    602.3
2015  6  5   156   15 41  0     23.96    0.5841E-02      27.5    602.9
2015  6  5   156   15 42  0     23.83    0.5745E-02      27.1    603.7
2015  6  5   156   15 43  0     23.69    0.5652E-02      26.6    604.4
2015  6  5   156   15 44  0     23.56    0.5552E-02      26.1    605.0
2015  6  5   156   15 45  0     23.42    0.5415E-02      25.4    605.7
2015  6  5   156   15 46  0     23.29    0.5329E-02      25.0    606.3
2015  6  5   156   15 47  0     23.16    0.5227E-02      24.5    607.1
2015  6  5   156   15 48  0     23.03    0.5078E-02      23.8    608.0
2015  6  5   156   15 49  0     22.90    0.4966E-02      23.3    608.9
2015  6  5   156   15 50  0     22.78    0.4963E-02      23.3    609.5
2015  6  5   156   15 51  0     22.65    0.5011E-02      23.4    609.8
2015  6  5   156   15 52  0     22.53    0.5108E-02      23.8    610.3
2015  6  5   156   15 53  0     22.40    0.5245E-02      24.4    610.5
2015  6  5   156   15 54  0     22.28    0.5355E-02      24.8    610.6
2015  6  5   156   15 55  0     22.16    0.5346E-02      24.7    611.1
2015  6  5   156   15 56  0     22.04    0.5210E-02      24.0    611.8
2015  6  5   156   15 57  0     21.92    0.4970E-02      23.0    612.9
2015  6  5   156   15 58  0     21.80    0.4719E-02      22.0    614.4
2015  6  5   156   15 59  0     21.69    0.4489E-02      21.1    615.9
2015  6  5   156   16  0  0     21.57    0.4322E-02      20.5    617.3
2015  6  5   156   16  1  0     21.46    0.4255E-02      20.2    618.4
2015  6  5   156   16  2  0     21.35    0.4263E-02      20.3    619.1
2015  6  5   156   16  3  0     21.24    0.4334E-02      20.6    619.4
2015  6  5   156   16  4  0     21.13    0.4400E-02      20.9    619.7
2015  6  5   156   16  5  0     21.03    0.4463E-02      21.1    619.8
2015  6  5   156   16  6  0     20.92    0.4538E-02      21.3    619.7
2015  6  5   156   16  7  0     20.82    0.4650E-02      21.7    619.6
2015  6  5   156   16  8  0     20.72    0.4768E-02      22.1    619.3
2015  6  5   156   16  9  0     20.62    0.4853E-02      22.3    619.2
2015  6  5   156   16 10  0     20.52    0.4914E-02      22.5    619.3
2015  6  5   156   16 11  0     20.42    0.5000E-02      22.9    619.7
2015  6  5   156   16 12  0     20.33    0.5119E-02      23.4    620.1
2015  6  5   156   16 13  0     20.23    0.5230E-02      23.9    620.5
2015  6  5   156   16 14  0     20.14    0.5361E-02      24.4    620.5
2015  6  5   156   16 15  0     20.05    0.5538E-02      25.0    620.2
2015  6  5   156   16 16  0     19.96    0.5758E-02      25.7    619.5
2015  6  5   156   16 17  0     19.88    0.6013E-02      26.5    618.7
2015  6  5   156   16 18  0     19.79    0.6278E-02      27.3    617.6
2015  6  5   156   16 19  0     19.71    0.6547E-02      28.0    616.5
2015  6  5   156   16 20  0     19.63    0.6835E-02      28.8    615.2
2015  6  5   156   16 21  0     19.55    0.7081E-02      29.5    614.2
2015  6  5   156   16 22  0     19.47    0.7231E-02      29.7    613.5
2015  6  5   156   16 23  0     19.40    0.7330E-02      29.8    612.7
2015  6  5   156   16 24  0     19.33    0.7452E-02      30.1    612.3
2015  6  5   156   16 25  0     19.26    0.7656E-02      30.6    611.6
2015  6  5   156   16 26  0     19.19    0.7875E-02      31.2    611.2
2015  6  5   156   16 27  0     19.12    0.8016E-02      31.5    610.6
2015  6  5   156   16 28  0     19.06    0.8038E-02      31.4    610.3
2015  6  5   156   16 29  0     19.00    0.7987E-02      31.1    610.3
2015  6  5   156   16 30  0     18.94    0.7896E-02      30.6    610.4
2015  6  5   156   16 31  0     18.88    0.7693E-02      29.9    611.0
2015  6  5   156   16 32  0     18.82    0.7406E-02      28.9    611.7
2015  6  5   156   16 33  0     18.77    0.7050E-02      27.7    612.7
2015  6  5   156   16 34  0     18.72    0.6675E-02      26.4    613.8
2015  6  5   156   16 35  0     18.67    0.6307E-02      25.1    614.6
2015  6  5   156   16 36  0     18.62    0.6019E-02      24.0    615.1
2015  6  5   156   16 37  0     18.58    0.5949E-02      23.8    615.3
2015  6  5   156   16 38  0     18.53    0.6024E-02      24.0    615.1
2015  6  5   156   16 39  0     18.49    0.6122E-02      24.3    614.8
2015  6  5   156   16 40  0     18.46    0.6196E-02      24.4    614.3
2015  6  5   156   16 41  0     18.42    0.6181E-02      24.3    614.0
2015  6  5   156   16 42  0     18.39    0.6056E-02      23.8    614.1
2015  6  5   156   16 43  0     18.36    0.5875E-02      23.1    614.1
2015  6  5   156   16 44  0     18.33    0.5671E-02      22.3    614.3
2015  6  5   156   16 45  0     18.30    0.5518E-02      21.6    614.4
2015  6  5   156   16 46  0     18.28    0.5398E-02      21.2    614.4
2015  6  5   156   16 47  0     18.26    0.5271E-02      20.7    614.6
2015  6  5   156   16 48  0     18.24    0.5141E-02      20.2    614.9
2015  6  5   156   16 49  0     18.22    0.5036E-02      19.8    615.2
2015  6  5   156   16 50  0     18.21    0.4980E-02      19.6    615.1
2015  6  5   156   16 51  0     18.20    0.4958E-02      19.4    614.9
2015  6  5   156   16 52  0     18.19    0.4961E-02      19.4    614.6
2015  6  5   156   16 53  0     18.18    0.4987E-02      19.4    614.2
2015  6  5   156   16 54  0     18.18    0.5029E-02      19.5    613.9
2015  6  5   156   16 55  0     18.18    0.5080E-02      19.6    613.4
2015  6  5   156   16 56  0     18.18    0.5145E-02      19.8    612.7
2015  6  5   156   16 57  0     18.18    0.5215E-02      20.0    612.2
2015  6  5   156   16 58  0     18.19    0.5296E-02      20.2    611.7
2015  6  5   156   16 59  0     18.20    0.5385E-02      20.5    611.3
2015  6  5   156   17  0  0     18.21    0.5488E-02      20.8    611.0
2015  6  5   156   17  1  0     18.22    0.5620E-02      21.2    610.5
2015  6  5   156   17  2  0     18.23    0.5754E-02      21.7    610.2
2015  6  5   156   17  3  0     18.25    0.5901E-02      22.2    609.9
2015  6  5   156   17  4  0     18.27    0.6092E-02      22.8    609.5
2015  6  5   156   17  5  0     18.30    0.6298E-02      23.5    609.0
2015  6  5   156   17  6  0     18.32    0.6487E-02      24.2    608.6
2015  6  5   156   17  7  0     18.35    0.6654E-02      24.8    608.4
2015  6  5   156   17  8  0     18.38    0.6806E-02      25.4    608.3
2015  6  5   156   17  9  0     18.41    0.6965E-02      26.0    608.2
2015  6  5   156   17 10  0     18.45    0.7093E-02      26.6    608.4
2015  6  5   156   17 11  0     18.48    0.7256E-02      27.2    608.1
2015  6  5   156   17 12  0     18.52    0.7420E-02      27.8    608.0
2015  6  5   156   17 13  0     18.56    0.7592E-02      28.4    607.6
2015  6  5   156   17 14  0     18.61    0.7739E-02      29.0    607.4
2015  6  5   156   17 15  0     18.65    0.7878E-02      29.5    607.4
2015  6  5   156   17 16  0     18.70    0.8081E-02      30.2    607.0
2015  6  5   156   17 17  0     18.75    0.8265E-02      31.0    606.8
2015  6  5   156   17 18  0     18.81    0.8432E-02      31.6    606.6
2015  6  5   156   17 19  0     18.86    0.8594E-02      32.2    606.3
2015  6  5   156   17 20  0     18.92    0.8772E-02      32.8    605.7
2015  6  5   156   17 21  0     18.98    0.8893E-02      33.1    605.1
2015  6  5   156   17 22  0     19.04    0.8929E-02      33.2    604.7
2015  6  5   156   17 23  0     19.10    0.8986E-02      33.4    604.5
2015  6  5   156   17 24  0     19.17    0.9181E-02      34.2    604.2
2015  6  5   156   17 25  0     19.24    0.9465E-02      35.2    603.8
2015  6  5   156   17 26  0     19.31    0.9820E-02      36.5    603.3
2015  6  5   156   17 27  0     19.38    0.1018E-01      37.7    602.7
2015  6  5   156   17 28  0     19.45    0.1042E-01      38.6    602.3
2015  6  5   156   17 29  0     19.53    0.1060E-01      39.2    601.9
2015  6  5   156   17 30  0     19.61    0.1071E-01      39.7    601.7
2015  6  5   156   17 31  0     19.69    0.1083E-01      40.1    601.4
2015  6  5   156   17 32  0     19.77    0.1086E-01      40.2    601.2
2015  6  5   156   17 33  0     19.85    0.1087E-01      40.4    601.2
2015  6  5   156   17 34  0     19.94    0.1098E-01      41.0    601.0
2015  6  5   156   17 35  0     20.03    0.1124E-01      42.0    600.7
2015  6  5   156   17 36  0     20.11    0.1155E-01      43.2    600.2
2015  6  5   156   17 37  0     20.21    0.1174E-01      43.9    599.4
2015  6  5   156   17 38  0     20.30    0.1176E-01      43.9    598.8
2015  6  5   156   17 39  0     20.39    0.1176E-01      43.8    598.2
2015  6  5   156   17 40  0     20.49    0.1189E-01      44.2    597.4
2015  6  5   156   17 41  0     20.59    0.1215E-01      45.0    596.4
2015  6  5   156   17 42  0     20.69    0.1281E-01      47.4    595.4
2015  6  5   156   17 43  0     20.79    0.1370E-01      50.5    593.9
2015  6  5   156   17 44  0     20.89    0.1439E-01      53.0    593.0
2015  6  5   156   17 45  0     21.00    0.1511E-01      55.6    592.2
2015  6  5   156   17 46  0     21.10    0.1583E-01      58.3    591.4
2015  6  5   156   17 47  0     21.21    0.1708E-01      63.2    590.6
2015  6  5   156   17 48  0     21.32    0.1738E-01      64.5    590.4
2015  6  5   156   17 49  0     21.43    0.1810E-01      67.6    590.0
2015  6  5   156   17 50  0     21.54    0.1817E-01      68.0    589.6
2015  6  5   156   17 51  0     21.66    0.1788E-01      67.1    589.6
2015  6  5   156   17 52  0     21.77    0.1823E-01      69.0    589.7
2015  6  5   156   17 53  0     21.89    0.1875E-01      71.3    589.3
2015  6  5   156   17 54  0     22.00    0.1915E-01      73.1    589.0
2015  6  5   156   17 55  0     22.12    0.1934E-01      73.9    588.5
2015  6  5   156   17 56  0     22.24    0.1962E-01      75.3    588.1
2015  6  5   156   17 57  0     22.37    0.2052E-01      79.2    587.4
2015  6  5   156   17 58  0     22.49    0.2074E-01      79.9    586.4
2015  6  5   156   17 59  0     22.61    0.2002E-01      77.3    586.3
2015  6  5   156   18  0  0     22.74    0.1939E-01      74.6    585.6
2015  6  5   156   18  1  0     22.87    0.1713E-01      65.8    586.0
2015  6  5   156   18  2  0     22.99    0.1576E-01      60.9    586.6
2015  6  5   156   18  3  0     23.12    0.1510E-01      58.8    586.9
2015  6  5   156   18  4  0     23.25    0.1525E-01      59.6    586.7
2015  6  5   156   18  5  0     23.39    0.1580E-01      61.8    585.9
2015  6  5   156   18  6  0     23.52    0.1636E-01      63.9    584.9
2015  6  5   156   18  7  0     23.65    0.1689E-01      66.3    584.2
2015  6  5   156   18  8  0     23.79    0.1707E-01      67.2    583.7
2015  6  5   156   18  9  0     23.92    0.1654E-01      65.6    583.8
2015  6  5   156   18 10  0     24.06    0.1609E-01      64.2    583.8
2015  6  5   156   18 11  0     24.20    0.1575E-01      63.0    583.6
2015  6  5   156   18 12  0     24.34    0.1537E-01      61.5    583.2
2015  6  5   156   18 13  0     24.48    0.1513E-01      60.6    582.8
2015  6  5   156   18 14  0     24.62    0.1490E-01      60.0    582.5
2015  6  5   156   18 15  0     24.76    0.1485E-01      60.2    582.3
2015  6  5   156   18 16  0     24.91    0.1513E-01      61.8    581.9
2015  6  5   156   18 17  0     25.05    0.1519E-01      62.2    581.2
2015  6  5   156   18 18  0     25.19    0.1485E-01      61.1    580.9
2015  6  5   156   18 19  0     25.34    0.1497E-01      62.3    580.6
2015  6  5   156   18 20  0     25.49    0.1461E-01      61.1    580.3
2015  6  5   156   18 21  0     25.63    0.1464E-01      61.8    580.1
2015  6  5   156   18 22  0     25.78    0.1493E-01      63.3    579.4
2015  6  5   156   18 23  0     25.93    0.1482E-01      63.0    579.0
2015  6  5   156   18 24  0     26.08    0.1484E-01      63.3    578.6
2015  6  5   156   18 25  0     26.23    0.1501E-01      64.5    578.2
2015  6  5   156   18 26  0     26.38    0.1534E-01      66.5    577.9
2015  6  5   156   18 27  0     26.54    0.1661E-01      73.0    577.5
2015  6  5   156   18 28  0     26.69    0.1660E-01      73.1    576.8
2015  6  5   156   18 29  0     26.84    0.1664E-01      73.9    576.5
2015  6  5   156   18 30  0     27.00    0.1635E-01      73.1    576.2
2015  6  5   156   18 31  0     27.15    0.1553E-01      69.2    575.3
2015  6  5   156   18 32  0     27.31    0.1480E-01      66.2    575.3
2015  6  5   156   18 33  0     27.47    0.1575E-01      71.5    574.7
2015  6  5   156   18 34  0     27.62    0.1595E-01      72.8    574.1
2015  6  5   156   18 35  0     27.78    0.1495E-01      67.1    572.7
2015  6  5   156   18 36  0     27.94    0.1319E-01      58.6    572.7
2015  6  5   156   18 37  0     28.10    0.1299E-01      58.2    572.5
2015  6  5   156   18 38  0     28.26    0.1266E-01      57.3    572.4
2015  6  5   156   18 39  0     28.42    0.1314E-01      60.8    572.5
2015  6  5   156   18 40  0     28.58    0.1415E-01      67.3    572.5
2015  6  5   156   18 41  0     28.74    0.1545E-01      75.1    571.9
2015  6  5   156   18 42  0     28.90    0.1596E-01      78.7    571.5
2015  6  5   156   18 43  0     29.07    0.1579E-01      78.3    571.0
2015  6  5   156   18 44  0     29.23    0.1592E-01      80.0    570.8
2015  6  5   156   18 45  0     29.39    0.1530E-01      76.4    569.8
2015  6  5   156   18 46  0     29.56    0.1512E-01      76.8    570.0
2015  6  5   156   18 47  0     29.72    0.1554E-01      79.6    569.3
2015  6  5   156   18 48  0     29.89    0.1552E-01      80.5    569.2
2015  6  5   156   18 49  0     30.06    0.1531E-01      78.7    567.8
2015  6  5   156   18 50  0     30.22    0.1558E-01      81.7    567.9
2015  6  5   156   18 51  0     30.39    0.1589E-01      83.3    566.5
2015  6  5   156   18 52  0     30.56    0.1483E-01      77.4    566.0
2015  6  5   156   18 53  0     30.73    0.1488E-01      78.2    565.3
2015  6  5   156   18 54  0     30.89    0.1520E-01      82.1    565.9
2015  6  5   156   18 55  0     31.06    0.1577E-01      86.1    565.0
2015  6  5   156   18 56  0     31.23    0.1533E-01      84.6    565.0
2015  6  5   156   18 57  0     31.40    0.1460E-01      80.3    564.2
2015  6  5   156   18 58  0     31.57    0.1429E-01      79.6    564.1
2015  6  5   156   18 59  0     31.74    0.1438E-01      81.5    564.1
2015  6  5   156   19  0  0     31.92    0.1392E-01      79.0    563.3
2015  6  5   156   19  1  0     32.09    0.1263E-01      71.9    563.5
2015  6  5   156   19  2  0     32.26    0.1279E-01      74.3    563.4
2015  6  5   156   19  3  0     32.43    0.1286E-01      76.1    563.4
2015  6  5   156   19  4  0     32.60    0.1279E-01      76.2    562.7
2015  6  5   156   19  5  0     32.78    0.1307E-01      79.5    562.5
2015  6  5   156   19  6  0     32.95    0.1184E-01      71.1    561.5
2015  6  5   156   19  7  0     33.12    0.1234E-01      76.6    561.9
2015  6  5   156   19  8  0     33.30    0.1274E-01      80.5    561.4
2015  6  5   156   19  9  0     33.47    0.1198E-01      76.1    561.1
2015  6  5   156   19 10  0     33.65    0.1179E-01      76.2    561.1
2015  6  5   156   19 11  0     33.82    0.1159E-01      75.5    560.5
2015  6  5   156   19 12  0     34.00    0.1110E-01      73.0    560.1
2015  6  5   156   19 13  0     34.18    0.1059E-01      70.3    559.8
2015  6  5   156   19 14  0     34.35    0.1021E-01      68.3    559.4
2015  6  5   156   19 15  0     34.53    0.9921E-02      67.6    559.5
2015  6  5   156   19 16  0     34.71    0.1031E-01      72.3    559.4
2015  6  5   156   19 17  0     34.88    0.9889E-02      69.4    558.4
2015  6  5   156   19 18  0     35.06    0.9180E-02      65.2    558.5
2015  6  5   156   19 19  0     35.24    0.9494E-02      69.7    558.9
2015  6  5   156   19 20  0     35.42    0.1001E-01      74.6    557.9
2015  6  5   156   19 21  0     35.60    0.1054E-01      81.0    557.8
2015  6  5   156   19 22  0     35.77    0.1012E-01      78.8    557.6
2015  6  5   156   19 23  0     35.95    0.1067E-01      86.0    557.7
2015  6  5   156   19 24  0     36.13    0.1070E-01      87.5    556.8
2015  6  5   156   19 25  0     36.31    0.1071E-01      89.2    556.5
2015  6  5   156   19 26  0     36.49    0.1048E-01      88.3    555.8
2015  6  5   156   19 27  0     36.67    0.9580E-02      80.9    555.7
2015  6  5   156   19 28  0     36.85    0.8945E-02      76.4    555.5
2015  6  5   156   19 29  0     37.03    0.8689E-02      75.0    554.3
2015  6  5   156   19 30  0     37.21    0.8583E-02      75.6    554.1
2015  6  5   156   19 31  0     37.39    0.8023E-02      71.5    553.9
2015  6  5   156   19 32  0     37.57    0.8120E-02      75.2    554.3
2015  6  5   156   19 33  0     37.76    0.8224E-02      77.8    553.8
2015  6  5   156   19 34  0     37.94    0.8061E-02      76.9    553.6
2015  6  5   156   19 35  0     38.12    0.7965E-02      77.3    552.4
2015  6  5   156   19 36  0     38.30    0.7936E-02      79.0    552.3
2015  6  5   156   19 37  0     38.48    0.7738E-02      78.0    551.6
2015  6  5   156   19 38  0     38.67    0.7815E-02      81.5    551.7
2015  6  5   156   19 39  0     38.85    0.7930E-02      85.2    551.5
2015  6  5   156   19 40  0     39.03    0.7026E-02      74.8    550.3
2015  6  5   156   19 41  0     39.21    0.5598E-02      59.5    550.5
2015  6  5   156   19 42  0     39.40    0.5689E-02      65.1    552.4
2015  6  5   156   19 43  0     39.58    0.6500E-02      76.2    550.9
2015  6  5   156   19 44  0     39.77    0.6673E-02      81.0    550.8
2015  6  5   156   19 45  0     39.95    0.7147E-02      89.9    550.2
2015  6  5   156   19 46  0     40.13    0.5783E-02      69.2    547.9
2015  6  5   156   19 47  0     40.32    0.4842E-02      59.0    548.4
2015  6  5   156   19 48  0     40.50    0.4896E-02      62.4    548.7
2015  6  5   156   19 49  0     40.69    0.5253E-02      69.4    548.2
2015  6  5   156   19 50  0     40.87    0.5278E-02      70.5    547.0
2015  6  5   156   19 51  0     41.06    0.5417E-02      75.1    546.8
2015  6  5   156   19 52  0     41.24    0.5500E-02      78.0    546.1
2015  6  5   156   19 53  0     41.43    0.5471E-02      80.0    545.7
2015  6  5   156   19 54  0     41.61    0.5397E-02      80.4    544.9
2015  6  5   156   19 55  0     41.80    0.5250E-02      79.9    544.3
2015  6  5   156   19 56  0     41.98    0.5068E-02      79.0    543.8
2015  6  5   156   19 57  0     42.17    0.4913E-02      78.5    543.3
2015  6  5   156   19 58  0     42.35    0.4720E-02      77.9    543.1
2015  6  5   156   19 59  0     42.54    0.4542E-02      76.5    542.4
2015  6  5   156   20  0  0     42.72    0.4352E-02      74.6    541.6
2015  6  5   156   20  1  0     42.91    0.4190E-02      74.1    541.3
2015  6  5   156   20  2  0     43.10    0.4093E-02      75.4    541.2
2015  6  5   156   20  3  0     43.28    0.4047E-02      76.6    540.5
2015  6  5   156   20  4  0     43.47    0.3946E-02      78.0    540.5
2015  6  5   156   20  5  0     43.66    0.3780E-02      75.7    539.4
2015  6  5   156   20  6  0     43.84    0.3527E-02      72.1    538.8
2015  6  5   156   20  7  0     44.03    0.3379E-02      71.7    538.3
2015  6  5   156   20  8  0     44.22    0.3253E-02      71.2    537.7
2015  6  5   156   20  9  0     44.40    0.2973E-02      66.2    537.2
2015  6  5   156   20 10  0     44.59    0.2853E-02      65.9    536.8
2015  6  5   156   20 11  0     44.78    0.2770E-02      66.5    536.3
2015  6  5   156   20 12  0     44.97    0.2630E-02      65.4    535.8
2015  6  5   156   20 13  0     45.15    0.2475E-02      63.1    534.5
2015  6  5   156   20 14  0     45.34    0.2351E-02      61.9    533.9
2015  6  5   156   20 15  0     45.53    0.2243E-02      60.8    533.0
2015  6  5   156   20 16  0     45.71    0.2188E-02      60.9    532.0
2015  6  5   156   20 17  0     45.90    0.2116E-02      60.6    531.0
2015  6  5   156   20 18  0     46.09    0.2037E-02      61.0    530.4
2015  6  5   156   20 19  0     46.28    0.1945E-02      61.8    530.3
2015  6  5   156   20 20  0     46.47    0.1838E-02      62.1    530.1
2015  6  5   156   20 21  0     46.65    0.1726E-02      63.0    530.2
2015  6  5   156   20 22  0     46.84    0.1607E-02      62.4    529.8
2015  6  5   156   20 23  0     47.03    0.1468E-02      59.4    529.0
2015  6  5   156   20 24  0     47.22    0.1332E-02      56.4    528.4
2015  6  5   156   20 25  0     47.41    0.1234E-02      54.6    527.6
2015  6  5   156   20 26  0     47.60    0.1155E-02      53.3    526.6
2015  6  5   156   20 27  0     47.78    0.1095E-02      53.6    525.9
2015  6  5   156   20 28  0     47.97    0.1041E-02      54.5    525.3
2015  6  5   156   20 29  0     48.16    0.9753E-03      55.0    524.7
2015  6  5   156   20 30  0     48.35    0.8838E-03      55.3    524.6
2015  6  5   156   20 31  0     48.54    0.7839E-03      54.9    524.5
2015  6  5   156   20 32  0     48.73    0.6682E-03      53.8    524.6
2015  6  5   156   20 33  0     48.92    0.5720E-03      53.4    524.5
2015  6  5   156   20 34  0     49.10    0.4765E-03      52.9    524.5
2015  6  5   156   20 35  0     49.29    0.4150E-03      52.3    523.8
2015  6  5   156   20 36  0     49.48    0.3627E-03      51.0    522.8
2015  6  5   156   20 37  0     49.67    0.2929E-03      53.8    522.8
2015  6  5   156   20 38  0     49.86    0.2024E-03      58.0    523.1
2015  6  5   156   20 39  0     50.05    0.1185E-03      60.3    523.1
2015  6  5   156   20 40  0     50.24    0.4893E-04      59.8    522.6
2015  6  5   156   20 41  0     50.43   -0.1909E-06      57.8    521.8
2015  6  5   156   20 42  0     50.62   -0.4941E-04      56.5    520.9
2015  6  5   156   20 43  0     50.81   -0.1191E-03      56.2    520.6
2015  6  5   156   20 44  0     50.99   -0.1904E-03      57.0    520.3
2015  6  5   156   20 45  0     51.18   -0.2494E-03      57.6    519.7
2015  6  5   156   20 46  0     51.37   -0.3126E-03      58.8    519.2
2015  6  5   156   20 47  0     51.56   -0.3627E-03      58.3    518.6
2015  6  5   156   20 48  0     51.75   -0.3936E-03      56.2    517.8
2015  6  5   156   20 49  0     51.94   -0.4311E-03      54.3    517.2
2015  6  5   156   20 50  0     52.13   -0.4668E-03      52.5    516.2
2015  6  5   156   20 51  0     52.32   -0.5205E-03      52.2    515.9
2015  6  5   156   20 52  0     52.51   -0.5890E-03      53.3    516.1
2015  6  5   156   20 53  0     52.70   -0.6644E-03      54.9    515.9
2015  6  5   156   20 54  0     52.89   -0.7484E-03      57.0    515.7
2015  6  5   156   20 55  0     53.08   -0.8480E-03      59.2    515.2
2015  6  5   156   20 56  0     53.27   -0.9085E-03      60.1    514.6
2015  6  5   156   20 57  0     53.46   -0.9646E-03      60.3    513.9
2015  6  5   156   20 58  0     53.64   -0.1023E-02      61.0    513.9
2015  6  5   156   20 59  0     53.83   -0.1074E-02      61.2    513.2
2015  6  5   156   21  0  0     54.02   -0.1133E-02      61.4    512.0
2015  6  5   156   21  1  0     54.21   -0.1179E-02      60.9    511.7
2015  6  5   156   21  2  0     54.40   -0.1242E-02      61.1    511.6
2015  6  5   156   21  3  0     54.59   -0.1298E-02      61.5    511.3
2015  6  5   156   21  4  0     54.78   -0.1366E-02      62.6    511.9
2015  6  5   156   21  5  0     54.97   -0.1343E-02      59.9    510.8
2015  6  5   156   21  6  0     55.16   -0.1396E-02      59.7    509.7
2015  6  5   156   21  7  0     55.35   -0.1495E-02      61.8    509.8
2015  6  5   156   21  8  0     55.54   -0.1601E-02      64.3    509.7
2015  6  5   156   21  9  0     55.73   -0.1662E-02      65.2    509.0
2015  6  5   156   21 10  0     55.92   -0.1712E-02      65.6    508.3
2015  6  5   156   21 11  0     56.11   -0.1804E-02      67.7    508.1
2015  6  5   156   21 12  0     56.30   -0.1819E-02      67.2    507.0
2015  6  5   156   21 13  0     56.48   -0.1879E-02      67.6    506.9
2015  6  5   156   21 14  0     56.67   -0.1930E-02      68.1    506.7
2015  6  5   156   21 15  0     56.86   -0.1908E-02      65.9    505.9
2015  6  5   156   21 16  0     57.05   -0.1967E-02      66.2    506.2
2015  6  5   156   21 17  0     57.24   -0.2038E-02      67.1    506.7
2015  6  5   156   21 18  0     57.43   -0.2065E-02      66.9    506.5
2015  6  5   156   21 19  0     57.62   -0.2082E-02      66.3    506.3
2015  6  5   156   21 20  0     57.81   -0.2051E-02      64.7    505.2
2015  6  5   156   21 21  0     58.00   -0.1931E-02      60.3    503.1
2015  6  5   156   21 22  0     58.19   -0.1867E-02      57.9    501.5
2015  6  5   156   21 23  0     58.38   -0.1847E-02      56.7    500.5
2015  6  5   156   21 24  0     58.56   -0.1844E-02      56.0    499.7
2015  6  5   156   21 25  0     58.75   -0.1865E-02      55.9    499.4
2015  6  5   156   21 26  0     58.94   -0.1904E-02      56.1    499.7
2015  6  5   156   21 27  0     59.13   -0.1945E-02      56.6    500.0
2015  6  5   156   21 28  0     59.32   -0.1968E-02      56.9    500.0
2015  6  5   156   21 29  0     59.51   -0.1978E-02      56.8    500.0
2015  6  5   156   21 30  0     59.70   -0.1973E-02      56.4    499.8
2015  6  5   156   21 31  0     59.89   -0.1956E-02      55.6    499.7
2015  6  5   156   21 32  0     60.07   -0.1937E-02      54.7    499.6
2015  6  5   156   21 33  0     60.26   -0.1912E-02      53.6    499.2
2015  6  5   156   21 34  0     60.45   -0.1892E-02      52.7    498.7
2015  6  5   156   21 35  0     60.64   -0.1872E-02      51.9    497.9
2015  6  5   156   21 36  0     60.83   -0.1857E-02      51.3    497.1
2015  6  5   156   21 37  0     61.02   -0.1848E-02      50.9    496.1
2015  6  5   156   21 38  0     61.21   -0.1837E-02      50.4    495.7
2015  6  5   156   21 39  0     61.39   -0.1814E-02      49.5    495.5
2015  6  5   156   21 40  0     61.58   -0.1778E-02      48.4    494.7
2015  6  5   156   21 41  0     61.77   -0.1733E-02      47.2    493.1
2015  6  5   156   21 42  0     61.96   -0.1695E-02      45.9    492.1
2015  6  5   156   21 43  0     62.15   -0.1659E-02      44.6    490.2
2015  6  5   156   21 44  0     62.33   -0.1687E-02      45.2    490.3
2015  6  5   156   21 45  0     62.52   -0.1711E-02      45.8    490.2
2015  6  5   156   21 46  0     62.71   -0.1725E-02      46.2    491.1
2015  6  5   156   21 47  0     62.90   -0.1726E-02      46.1    491.1
2015  6  5   156   21 48  0     63.09   -0.1729E-02      46.3    490.2
2015  6  5   156   21 49  0     63.27   -0.1726E-02      46.2    490.4
2015  6  5   156   21 50  0     63.46   -0.1724E-02      46.3    490.2
2015  6  5   156   21 51  0     63.65   -0.1729E-02      46.5    490.3
2015  6  5   156   21 52  0     63.84   -0.1730E-02      46.6    491.4
2015  6  5   156   21 53  0     64.02   -0.1721E-02      46.5    490.1
2015  6  5   156   21 54  0     64.21   -0.1703E-02      46.2    489.9
2015  6  5   156   21 55  0     64.40   -0.1676E-02      45.7    489.5
2015  6  5   156   21 56  0     64.59   -0.1648E-02      45.0    489.6
2015  6  5   156   21 57  0     64.77   -0.1614E-02      44.3    488.9
2015  6  5   156   21 58  0     64.96   -0.1572E-02      43.5    489.2
2015  6  5   156   21 59  0     65.15   -0.1522E-02      42.3    487.9
2015  6  5   156   22  0  0     65.33   -0.1459E-02      40.8    486.6
2015  6  5   156   22  1  0     65.52   -0.1390E-02      39.1    485.6
2015  6  5   156   22  2  0     65.71   -0.1320E-02      37.3    484.1
2015  6  5   156   22  3  0     65.89   -0.1252E-02      35.5    482.4
2015  6  5   156   22  4  0     66.08   -0.1192E-02      33.9    481.1
2015  6  5   156   22  5  0     66.27   -0.1150E-02      32.9    479.3
2015  6  5   156   22  6  0     66.45   -0.1147E-02      33.0    479.7
2015  6  5   156   22  7  0     66.64   -0.1146E-02      33.3    479.4
2015  6  5   156   22  8  0     66.83   -0.1142E-02      33.3    478.7
2015  6  5   156   22  9  0     67.01   -0.1136E-02      33.3    478.0
2015  6  5   156   22 10  0     67.20   -0.1139E-02      33.5    478.7
2015  6  5   156   22 11  0     67.38   -0.1133E-02      33.6    478.5
2015  6  5   156   22 12  0     67.57   -0.1113E-02      33.3    476.9
2015  6  5   156   22 13  0     67.75   -0.1089E-02      32.8    476.7
2015  6  5   156   22 14  0     67.94   -0.1059E-02      32.1    475.7
2015  6  5   156   22 15  0     68.13   -0.1028E-02      31.4    473.8
2015  6  5   156   22 16  0     68.31   -0.1009E-02      31.2    472.8
2015  6  5   156   22 17  0     68.50   -0.1006E-02      31.4    472.8
2015  6  5   156   22 18  0     68.68   -0.1017E-02      32.0    475.2
2015  6  5   156   22 19  0     68.87   -0.1024E-02      32.6    476.1
2015  6  5   156   22 20  0     69.05   -0.1026E-02      33.3    475.7
2015  6  5   156   22 21  0     69.24   -0.1020E-02      33.5    476.7
2015  6  5   156   22 22  0     69.42   -0.9998E-03      33.3    477.0
2015  6  5   156   22 23  0     69.61   -0.9774E-03      33.0    476.4
2015  6  5   156   22 24  0     69.79   -0.9582E-03      32.8    476.6
2015  6  5   156   22 25  0     69.98   -0.9416E-03      32.7    476.0
2015  6  5   156   22 26  0     70.16   -0.9300E-03      32.8    474.7
2015  6  5   156   22 27  0     70.35   -0.9275E-03      33.1    475.1
2015  6  5   156   22 28  0     70.53   -0.9306E-03      33.4    477.0
2015  6  5   156   22 29  0     70.71   -0.9263E-03      33.8    474.4
2015  6  5   156   22 30  0     70.90   -0.9218E-03      34.0    472.7
2015  6  5   156   22 31  0     71.08   -0.9179E-03      34.3    472.3
2015  6  5   156   22 32  0     71.26   -0.9191E-03      34.8    474.3
2015  6  5   156   22 33  0     71.45   -0.9141E-03      35.3    474.9
2015  6  5   156   22 34  0     71.63   -0.9148E-03      35.7    479.7
2015  6  5   156   22 35  0     71.82   -0.9141E-03      36.4    481.6
2015  6  5   156   22 36  0     72.00   -0.9135E-03      37.1    483.0
2015  6  5   156   22 37  0     72.18   -0.9085E-03      37.6    482.6
2015  6  5   156   22 38  0     72.36   -0.9084E-03      38.1    486.4
2015  6  5   156   22 39  0     72.55   -0.8985E-03      38.3    484.7
2015  6  5   156   22 40  0     72.73   -0.8875E-03      38.4    486.1
2015  6  5   156   22 41  0     72.91   -0.8739E-03      38.6    484.6
2015  6  5   156   22 42  0     73.10   -0.8586E-03      38.7    483.8
2015  6  5   156   22 43  0     73.28   -0.8375E-03      38.5    483.1
2015  6  5   156   22 44  0     73.46   -0.8130E-03      38.1    481.5
2015  6  5   156   22 45  0     73.64   -0.7899E-03      37.8    480.7
2015  6  5   156   22 46  0     73.82   -0.7639E-03      37.3    478.4
2015  6  5   156   22 47  0     74.01   -0.7331E-03      36.5    472.5
2015  6  5   156   22 48  0     74.19   -0.7105E-03      35.9    470.9
2015  6  5   156   22 49  0     74.37   -0.6926E-03      35.8    466.8
2015  6  5   156   22 50  0     74.55   -0.6889E-03      36.4    470.4
2015  6  5   156   22 51  0     74.73   -0.6828E-03      36.9    470.9
2015  6  5   156   22 52  0     74.91   -0.6775E-03      37.5    471.8
2015  6  5   156   22 53  0     75.09   -0.6732E-03      38.3    472.2
2015  6  5   156   22 54  0     75.27   -0.6721E-03      38.9    477.8
2015  6  5   156   22 55  0     75.46   -0.6667E-03      39.5    477.0
2015  6  5   156   22 56  0     75.64   -0.6636E-03      40.2    478.3
2015  6  5   156   22 57  0     75.82   -0.6589E-03      40.7    481.7
2015  6  5   156   22 58  0     76.00   -0.6468E-03      41.1    478.8
2015  6  5   156   22 59  0     76.18   -0.6372E-03      41.6    482.0
2015  6  5   156   23  0  0     76.36   -0.6245E-03      41.9    483.2
2015  6  5   156   23  1  0     76.54   -0.6072E-03      42.0    480.5
2015  6  5   156   23  2  0     76.72   -0.5927E-03      42.2    480.8
2015  6  5   156   23  3  0     76.90   -0.5846E-03      42.7    484.8
2015  6  5   156   23  4  0     77.07   -0.5769E-03      43.7    483.6
2015  6  5   156   23  5  0     77.25   -0.5704E-03      44.6    483.6
2015  6  5   156   23  6  0     77.43   -0.5685E-03      45.4    491.5
2015  6  5   156   23  7  0     77.61   -0.5625E-03      46.1    491.2
2015  6  5   156   23  8  0     77.79   -0.5559E-03      46.9    490.4
2015  6  5   156   23  9  0     77.97   -0.5447E-03      47.5    482.5
2015  6  5   156   23 10  0     78.15   -0.5384E-03      48.0    491.4
2015  6  5   156   23 11  0     78.33   -0.5204E-03      48.2    484.3
2015  6  5   156   23 12  0     78.50   -0.4979E-03      48.0    475.6
2015  6  5   156   23 13  0     78.68   -0.4760E-03      47.5    471.4
2015  6  5   156   23 14  0     78.86   -0.4553E-03      47.0    471.6
2015  6  5   156   23 15  0     79.04   -0.4293E-03      46.8    458.0
2015  6  5   156   23 16  0     79.21   -0.4131E-03      46.7    459.5
2015  6  5   156   23 17  0     79.39   -0.3991E-03      47.0    458.4
2015  6  5   156   23 18  0     79.57   -0.3902E-03      47.8    459.3
2015  6  5   156   23 19  0     79.74   -0.3833E-03      49.0    457.6
2015  6  5   156   23 20  0     79.92   -0.3806E-03      50.5    461.1
2015  6  5   156   23 21  0     80.10   -0.3771E-03      52.1    461.3
2015  6  5   156   23 22  0     80.27   -0.3769E-03      53.6    468.9
2015  6  5   156   23 23  0     80.45   -0.3719E-03      55.0    466.5
2015  6  5   156   23 24  0     80.63   -0.3669E-03      56.2    467.6
2015  6  5   156   23 25  0     80.80   -0.3590E-03      57.3    465.2
2015  6  5   156   23 26  0     80.98   -0.3489E-03      58.3    461.7
2015  6  5   156   23 27  0     81.15   -0.3365E-03      58.8    458.8
2015  6  5   156   23 28  0     81.33   -0.3181E-03      59.0    447.4
2015  6  5   156   23 29  0     81.50   -0.3025E-03      58.8    446.9
2015  6  5   156   23 30  0     81.68   -0.2820E-03      58.5    433.6
2015  6  5   156   23 31  0     81.85   -0.2646E-03      58.3    425.5
2015  6  5   156   23 32  0     82.03   -0.2501E-03      58.3    419.1
2015  6  5   156   23 33  0     82.20   -0.2354E-03      58.5    410.4
2015  6  5   156   23 34  0     82.37   -0.2248E-03      58.8    409.1
2015  6  5   156   23 35  0     82.55   -0.2142E-03      59.2    406.9
2015  6  5   156   23 36  0     82.72   -0.2019E-03      59.7    400.4
2015  6  5   156   23 37  0     82.89   -0.1911E-03      60.1    397.8
2015  6  5   156   23 38  0     83.07   -0.1817E-03      60.4    398.6
2015  6  5   156   23 39  0     83.24   -0.1695E-03      60.6    391.1
2015  6  5   156   23 40  0     83.41   -0.1556E-03      60.9    378.1
2015  6  5   156   23 41  0     83.59   -0.1456E-03      61.3    373.7
2015  6  5   156   23 42  0     83.76   -0.1355E-03      61.5    369.9
2015  6  5   156   23 43  0     83.93   -0.1221E-03      61.3    358.8
2015  6  5   156   23 44  0     84.10   -0.1092E-03      60.8    348.9
2015  6  5   156   23 45  0     84.27   -0.9710E-04      59.9    342.6
2015  6  5   156   23 46  0     84.45   -0.8482E-04      58.5    335.6
2015  6  5   156   23 47  0     84.62   -0.6353E-04      56.9    306.6
2015  6  5   156   23 48  0     84.79   -0.4883E-04      55.4    290.0
2015  6  5   156   23 49  0     84.96   -0.3530E-04      54.2    273.9
2015  6  5   156   23 50  0     85.13   -0.2982E-04      53.2    273.0
2015  6  5   156   23 51  0     85.30   -0.1842E-04      52.3    259.6
2015  6  5   156   23 52  0     85.47   -0.9085E-05      51.6    249.6
2015  6  5   156   23 53  0     85.64   -0.1796E-05      51.1    241.4
2015  6  5   156   23 54  0     85.81    0.4283E-05      50.7    236.0
2015  6  5   156   23 55  0     85.98    0.1153E-04      50.5    225.2
2015  6  5   156   23 56  0     86.15    0.1944E-04      50.1    214.9
2015  6  5   156   23 57  0     86.32    0.2672E-04      49.7    205.5
2015  6  5   156   23 58  0     86.49    0.3186E-04      49.1    198.3
2015  6  5   156   23 59  0     86.65    0.3375E-04      48.4    196.6
