                            NILUUV 115

Uvpro Version 2.0
Latitude :   40.74 (North)
Longitude:  -74.03  (West)
Calibration file: cf100603a.115
Height above sea level:    40.0  m
CLT derived from channel 4
CLT scale factor used:   1.0
Ozone derived from channel pair ch3/ch1
Ozone scale factor used:   1.0
Drift factors ch1-ch6:   3.000154.000  1.000  1.000  1.000  1.000
Ozone profile climatology: Mid  Latitude
Dose type:    CLW    Caldwell Plant 1971           

yyyy mm dd   jul   hh mm ss      SZA     dose rate       clt     Ozone
                              [degrees]   [W/m^2]        [%]     [DU]
2015  3  7    66   11 27  0     89.82    0.5367E-05      80.0    380.1
2015  3  7    66   11 28  0     89.63    0.3091E-05      80.0    386.4
2015  3  7    66   11 29  0     89.45   -0.3445E-05      80.5    415.2
2015  3  7    66   11 30  0     89.26   -0.6858E-05      81.1    426.6
2015  3  7    66   11 31  0     89.07   -0.1046E-04      82.0    435.6
2015  3  7    66   11 32  0     88.88   -0.1638E-04      82.2    459.8
2015  3  7    66   11 33  0     88.69   -0.1996E-04      82.3    464.6
2015  3  7    66   11 34  0     88.51   -0.2759E-04      82.5    495.5
2015  3  7    66   11 35  0     88.32   -0.2980E-04      82.6    488.7
2015  3  7    66   11 36  0     88.13   -0.3571E-04      83.2    503.0
2015  3  7    66   11 37  0     87.94   -0.4753E-04      83.5    564.4
2015  3  7    66   11 38  0     87.76   -0.5128E-04      83.7    554.5
2015  3  7    66   11 39  0     87.57   -0.5687E-04      83.7    559.1
2015  3  7    66   11 40  0     87.38   -0.6432E-04      83.8    575.9
2015  3  7    66   11 41  0     87.20   -0.7303E-04      84.0    600.8
2015  3  7    66   11 42  0     87.01   -0.8137E-04      84.2    618.2
2015  3  7    66   11 43  0     86.82   -0.9001E-04      84.2    635.8
2015  3  7    66   11 44  0     86.64   -0.9911E-04      84.1    654.6
2015  3  7    66   11 45  0     86.45   -0.1086E-03      84.1    671.4
2015  3  7    66   11 46  0     86.26   -0.1217E-03      84.2    -99.9
2015  3  7    66   11 47  0     86.07   -0.1286E-03      84.3    -99.9
2015  3  7    66   11 48  0     85.89   -0.1413E-03      84.4    -99.9
2015  3  7    66   11 49  0     85.70   -0.1506E-03      84.5    -99.9
2015  3  7    66   11 50  0     85.52   -0.1623E-03      84.7    -99.9
2015  3  7    66   11 51  0     85.33   -0.1772E-03      85.1    -99.9
2015  3  7    66   11 52  0     85.14   -0.1904E-03      85.1    -99.9
2015  3  7    66   11 53  0     84.96   -0.2056E-03      85.1    -99.9
2015  3  7    66   11 54  0     84.77   -0.2160E-03      84.9    -99.9
2015  3  7    66   11 55  0     84.59   -0.2333E-03      84.7    -99.9
2015  3  7    66   11 56  0     84.40   -0.2455E-03      84.5    -99.9
2015  3  7    66   11 57  0     84.21   -0.2629E-03      84.5    -99.9
2015  3  7    66   11 58  0     84.03   -0.2773E-03      84.4    -99.9
2015  3  7    66   11 59  0     83.84   -0.2933E-03      84.5    -99.9
2015  3  7    66   12  0  0     83.66   -0.3136E-03      84.7    -99.9
2015  3  7    66   12  1  0     83.47   -0.3283E-03      84.5    -99.9
2015  3  7    66   12  2  0     83.29   -0.3459E-03      84.7    -99.9
2015  3  7    66   12  3  0     83.10   -0.3647E-03      84.9    -99.9
2015  3  7    66   12  4  0     82.92   -0.3831E-03      85.0    -99.9
2015  3  7    66   12  5  0     82.73   -0.3998E-03      84.9    -99.9
2015  3  7    66   12  6  0     82.55   -0.4215E-03      84.8    -99.9
2015  3  7    66   12  7  0     82.37   -0.4424E-03      84.8    -99.9
2015  3  7    66   12  8  0     82.18   -0.4641E-03      84.9    -99.9
2015  3  7    66   12  9  0     82.00   -0.4842E-03      85.0    -99.9
2015  3  7    66   12 10  0     81.81   -0.5067E-03      85.0    -99.9
2015  3  7    66   12 11  0     81.63   -0.5296E-03      84.9    -99.9
2015  3  7    66   12 12  0     81.45   -0.5507E-03      84.8    -99.9
2015  3  7    66   12 13  0     81.26   -0.5738E-03      84.7    -99.9
2015  3  7    66   12 14  0     81.08   -0.5958E-03      84.7    -99.9
2015  3  7    66   12 15  0     80.90   -0.6202E-03      84.6    -99.9
2015  3  7    66   12 16  0     80.71   -0.6468E-03      85.0    -99.9
2015  3  7    66   12 17  0     80.53   -0.6724E-03      85.1    -99.9
2015  3  7    66   12 18  0     80.35   -0.7007E-03      85.0    -99.9
2015  3  7    66   12 19  0     80.17   -0.7259E-03      85.0    -99.9
2015  3  7    66   12 20  0     79.98   -0.7499E-03      84.9    -99.9
2015  3  7    66   12 21  0     79.80   -0.7761E-03      84.9    -99.9
2015  3  7    66   12 22  0     79.62   -0.8046E-03      85.0    -99.9
2015  3  7    66   12 23  0     79.44   -0.8306E-03      84.9    -99.9
2015  3  7    66   12 24  0     79.26   -0.8586E-03      84.9    -99.9
2015  3  7    66   12 25  0     79.07   -0.8890E-03      85.0    -99.9
2015  3  7    66   12 26  0     78.89   -0.9157E-03      84.8    -99.9
2015  3  7    66   12 27  0     78.71   -0.9495E-03      84.9    -99.9
2015  3  7    66   12 28  0     78.53   -0.9828E-03      85.1    -99.9
2015  3  7    66   12 29  0     78.35   -0.1011E-02      84.9    -99.9
2015  3  7    66   12 30  0     78.17   -0.1039E-02      84.6    -99.9
2015  3  7    66   12 31  0     77.99   -0.1068E-02      84.7    -99.9
2015  3  7    66   12 32  0     77.81   -0.1100E-02      84.5    -99.9
2015  3  7    66   12 33  0     77.63   -0.1134E-02      84.6    -99.9
2015  3  7    66   12 34  0     77.45   -0.1166E-02      84.6    -99.9
2015  3  7    66   12 35  0     77.27   -0.1199E-02      84.8    -99.9
2015  3  7    66   12 36  0     77.09   -0.1231E-02      84.9    -99.9
2015  3  7    66   12 37  0     76.91   -0.1262E-02      84.6    -99.9
2015  3  7    66   12 38  0     76.73   -0.1296E-02      84.5    -99.9
2015  3  7    66   12 39  0     76.55   -0.1324E-02      84.3    -99.9
2015  3  7    66   12 40  0     76.37   -0.1354E-02      84.3    -99.9
2015  3  7    66   12 41  0     76.19   -0.1392E-02      84.4    -99.9
2015  3  7    66   12 42  0     76.02   -0.1424E-02      84.3    -99.9
2015  3  7    66   12 43  0     75.84   -0.1460E-02      84.2    -99.9
2015  3  7    66   12 44  0     75.66   -0.1495E-02      84.2    -99.9
2015  3  7    66   12 45  0     75.48   -0.1523E-02      84.1    -99.9
2015  3  7    66   12 46  0     75.30   -0.1558E-02      84.1    -99.9
2015  3  7    66   12 47  0     75.13   -0.1600E-02      84.2    -99.9
2015  3  7    66   12 48  0     74.95   -0.1635E-02      84.3    -99.9
2015  3  7    66   12 49  0     74.77   -0.1670E-02      84.2    -99.9
2015  3  7    66   12 50  0     74.59   -0.1709E-02      84.2    -99.9
2015  3  7    66   12 51  0     74.42   -0.1742E-02      84.2    -99.9
2015  3  7    66   12 52  0     74.24   -0.1779E-02      84.1    -99.9
2015  3  7    66   12 53  0     74.07   -0.1813E-02      84.3    -99.9
2015  3  7    66   12 54  0     73.89   -0.1854E-02      84.4    -99.9
2015  3  7    66   12 55  0     73.71   -0.1890E-02      84.4    -99.9
2015  3  7    66   12 56  0     73.54   -0.1922E-02      84.3    693.6
2015  3  7    66   12 57  0     73.36   -0.1953E-02      84.0    687.2
2015  3  7    66   12 58  0     73.19   -0.1989E-02      83.9    679.1
2015  3  7    66   12 59  0     73.01   -0.2024E-02      84.0    667.6
2015  3  7    66   13  0  0     72.84   -0.2067E-02      84.2    661.4
2015  3  7    66   13  1  0     72.66   -0.2102E-02      84.3    651.3
2015  3  7    66   13  2  0     72.49   -0.2135E-02      84.1    643.3
2015  3  7    66   13  3  0     72.32   -0.2166E-02      84.1    633.0
2015  3  7    66   13  4  0     72.14   -0.2208E-02      84.1    631.5
2015  3  7    66   13  5  0     71.97   -0.2239E-02      84.1    622.4
2015  3  7    66   13  6  0     71.80   -0.2281E-02      84.3    619.0
2015  3  7    66   13  7  0     71.62   -0.2314E-02      84.3    612.1
2015  3  7    66   13  8  0     71.45   -0.2349E-02      84.2    607.6
2015  3  7    66   13  9  0     71.28   -0.2381E-02      84.2    602.0
2015  3  7    66   13 10  0     71.11   -0.2419E-02      84.2    598.9
2015  3  7    66   13 11  0     70.93   -0.2449E-02      84.2    592.9
2015  3  7    66   13 12  0     70.76   -0.2483E-02      84.2    589.0
2015  3  7    66   13 13  0     70.59   -0.2515E-02      84.1    585.5
2015  3  7    66   13 14  0     70.42   -0.2552E-02      84.1    582.1
2015  3  7    66   13 15  0     70.25   -0.2583E-02      84.2    578.4
2015  3  7    66   13 16  0     70.08   -0.2616E-02      84.2    574.7
2015  3  7    66   13 17  0     69.91   -0.2650E-02      84.2    572.4
2015  3  7    66   13 18  0     69.74   -0.2686E-02      84.3    569.5
2015  3  7    66   13 19  0     69.57   -0.2711E-02      84.2    565.2
2015  3  7    66   13 20  0     69.40   -0.2746E-02      84.3    562.9
2015  3  7    66   13 21  0     69.23   -0.2777E-02      84.4    560.2
2015  3  7    66   13 22  0     69.06   -0.2804E-02      84.3    556.8
2015  3  7    66   13 23  0     68.90   -0.2830E-02      84.2    554.2
2015  3  7    66   13 24  0     68.73   -0.2858E-02      84.1    552.7
2015  3  7    66   13 25  0     68.56   -0.2882E-02      83.9    550.5
2015  3  7    66   13 26  0     68.39   -0.2913E-02      84.0    548.6
2015  3  7    66   13 27  0     68.23   -0.2943E-02      84.1    546.8
2015  3  7    66   13 28  0     68.06   -0.2971E-02      84.0    545.3
2015  3  7    66   13 29  0     67.89   -0.3004E-02      84.3    543.9
2015  3  7    66   13 30  0     67.73   -0.3032E-02      84.4    542.0
2015  3  7    66   13 31  0     67.56   -0.3054E-02      84.4    540.0
2015  3  7    66   13 32  0     67.40   -0.3082E-02      84.3    538.9
2015  3  7    66   13 33  0     67.23   -0.3109E-02      84.5    537.1
2015  3  7    66   13 34  0     67.07   -0.3137E-02      84.6    535.5
2015  3  7    66   13 35  0     66.90   -0.3165E-02      84.7    534.4
2015  3  7    66   13 36  0     66.74   -0.3183E-02      84.6    533.0
2015  3  7    66   13 37  0     66.57   -0.3199E-02      84.4    530.7
2015  3  7    66   13 38  0     66.41   -0.3227E-02      84.5    529.8
2015  3  7    66   13 39  0     66.25   -0.3251E-02      84.6    528.4
2015  3  7    66   13 40  0     66.08   -0.3277E-02      84.7    527.3
2015  3  7    66   13 41  0     65.92   -0.3291E-02      84.6    526.1
2015  3  7    66   13 42  0     65.76   -0.3310E-02      84.7    525.3
2015  3  7    66   13 43  0     65.60   -0.3331E-02      85.0    524.3
2015  3  7    66   13 44  0     65.44   -0.3349E-02      85.1    523.4
2015  3  7    66   13 45  0     65.27   -0.3368E-02      85.2    522.5
2015  3  7    66   13 46  0     65.11   -0.3385E-02      85.3    521.9
2015  3  7    66   13 47  0     64.95   -0.3401E-02      85.3    521.7
2015  3  7    66   13 48  0     64.79   -0.3402E-02      85.0    521.0
2015  3  7    66   13 49  0     64.63   -0.3414E-02      84.9    520.9
2015  3  7    66   13 50  0     64.48   -0.3433E-02      85.1    520.5
2015  3  7    66   13 51  0     64.31   -0.3446E-02      85.1    520.2
2015  3  7    66   13 52  0     64.16   -0.3465E-02      85.3    520.1
2015  3  7    66   13 53  0     64.00   -0.3480E-02      85.4    519.9
2015  3  7    66   13 54  0     63.84   -0.3490E-02      85.4    519.8
2015  3  7    66   13 55  0     63.68   -0.3495E-02      85.2    519.6
2015  3  7    66   13 56  0     63.53   -0.3505E-02      85.2    519.8
2015  3  7    66   13 57  0     63.37   -0.3514E-02      85.0    520.1
2015  3  7    66   13 58  0     63.21   -0.3516E-02      85.1    519.6
2015  3  7    66   13 59  0     63.06   -0.3525E-02      85.1    519.8
2015  3  7    66   14  0  0     62.90   -0.3527E-02      84.8    520.0
2015  3  7    66   14  1  0     62.75   -0.3528E-02      84.7    520.3
2015  3  7    66   14  2  0     62.59   -0.3531E-02      84.6    520.3
2015  3  7    66   14  3  0     62.44   -0.3538E-02      84.6    520.6
2015  3  7    66   14  4  0     62.29   -0.3542E-02      84.6    520.7
2015  3  7    66   14  5  0     62.13   -0.3553E-02      84.7    520.9
2015  3  7    66   14  6  0     61.98   -0.3555E-02      84.7    520.9
2015  3  7    66   14  7  0     61.83   -0.3557E-02      84.8    520.9
2015  3  7    66   14  8  0     61.68   -0.3563E-02      84.8    521.2
2015  3  7    66   14  9  0     61.53   -0.3552E-02      84.7    521.0
2015  3  7    66   14 10  0     61.38   -0.3550E-02      84.6    521.1
2015  3  7    66   14 11  0     61.22   -0.3561E-02      84.9    521.3
2015  3  7    66   14 12  0     61.08   -0.3552E-02      84.9    521.1
2015  3  7    66   14 13  0     60.92   -0.3564E-02      85.1    521.5
2015  3  7    66   14 14  0     60.78   -0.3576E-02      85.5    521.8
2015  3  7    66   14 15  0     60.63   -0.3573E-02      85.5    522.0
2015  3  7    66   14 16  0     60.48   -0.3566E-02      85.4    522.2
2015  3  7    66   14 17  0     60.33   -0.3557E-02      85.4    522.2
2015  3  7    66   14 18  0     60.19   -0.3549E-02      85.4    522.1
2015  3  7    66   14 19  0     60.04   -0.3538E-02      85.4    522.0
2015  3  7    66   14 20  0     59.89   -0.3528E-02      85.5    521.9
2015  3  7    66   14 21  0     59.75   -0.3522E-02      85.7    522.0
2015  3  7    66   14 22  0     59.60   -0.3513E-02      85.7    522.1
2015  3  7    66   14 23  0     59.46   -0.3493E-02      85.7    521.8
2015  3  7    66   14 24  0     59.31   -0.3479E-02      85.8    521.8
2015  3  7    66   14 25  0     59.17   -0.3454E-02      85.5    521.7
2015  3  7    66   14 26  0     59.03   -0.3443E-02      85.6    521.9
2015  3  7    66   14 27  0     58.88   -0.3432E-02      85.7    522.0
2015  3  7    66   14 28  0     58.74   -0.3412E-02      85.8    522.0
2015  3  7    66   14 29  0     58.60   -0.3390E-02      85.7    522.1
2015  3  7    66   14 30  0     58.46   -0.3367E-02      85.5    522.2
2015  3  7    66   14 31  0     58.32   -0.3346E-02      85.5    522.4
2015  3  7    66   14 32  0     58.18   -0.3316E-02      85.4    522.3
2015  3  7    66   14 33  0     58.04   -0.3278E-02      85.1    522.0
2015  3  7    66   14 34  0     57.90   -0.3248E-02      85.0    522.0
2015  3  7    66   14 35  0     57.76   -0.3222E-02      85.3    521.8
2015  3  7    66   14 36  0     57.62   -0.3198E-02      85.2    521.9
2015  3  7    66   14 37  0     57.49   -0.3161E-02      85.0    521.9
2015  3  7    66   14 38  0     57.35   -0.3130E-02      85.0    521.9
2015  3  7    66   14 39  0     57.21   -0.3110E-02      85.1    522.0
2015  3  7    66   14 40  0     57.08   -0.3094E-02      85.5    522.1
2015  3  7    66   14 41  0     56.94   -0.3072E-02      85.6    522.3
2015  3  7    66   14 42  0     56.81   -0.3049E-02      85.8    522.5
2015  3  7    66   14 43  0     56.68   -0.3029E-02      85.8    522.9
2015  3  7    66   14 44  0     56.54   -0.3015E-02      86.2    523.2
2015  3  7    66   14 45  0     56.41   -0.2985E-02      86.1    523.5
2015  3  7    66   14 46  0     56.28   -0.2968E-02      86.2    523.9
2015  3  7    66   14 47  0     56.15   -0.2941E-02      86.4    524.0
2015  3  7    66   14 48  0     56.02   -0.2914E-02      86.4    524.3
2015  3  7    66   14 49  0     55.89   -0.2881E-02      86.4    524.5
2015  3  7    66   14 50  0     55.76   -0.2854E-02      86.4    524.9
2015  3  7    66   14 51  0     55.63   -0.2825E-02      86.2    525.3
2015  3  7    66   14 52  0     55.50   -0.2797E-02      86.3    525.6
2015  3  7    66   14 53  0     55.37   -0.2776E-02      86.5    526.1
2015  3  7    66   14 54  0     55.24   -0.2742E-02      86.5    526.2
2015  3  7    66   14 55  0     55.12   -0.2696E-02      86.3    526.3
2015  3  7    66   14 56  0     54.99   -0.2665E-02      86.5    526.5
2015  3  7    66   14 57  0     54.87   -0.2644E-02      86.9    526.9
2015  3  7    66   14 58  0     54.74   -0.2609E-02      86.8    527.2
2015  3  7    66   14 59  0     54.62   -0.2569E-02      86.6    527.4
2015  3  7    66   15  0  0     54.49   -0.2520E-02      86.1    527.7
2015  3  7    66   15  1  0     54.37   -0.2487E-02      86.2    528.0
2015  3  7    66   15  2  0     54.25   -0.2450E-02      86.1    528.2
2015  3  7    66   15  3  0     54.13   -0.2416E-02      86.2    528.5
2015  3  7    66   15  4  0     54.01   -0.2389E-02      86.4    528.9
2015  3  7    66   15  5  0     53.89   -0.2356E-02      86.6    529.1
2015  3  7    66   15  6  0     53.77   -0.2323E-02      86.7    529.5
2015  3  7    66   15  7  0     53.65   -0.2292E-02      86.9    529.8
2015  3  7    66   15  8  0     53.53   -0.2248E-02      86.6    530.1
2015  3  7    66   15  9  0     53.42   -0.2223E-02      87.1    530.4
2015  3  7    66   15 10  0     53.30   -0.2185E-02      87.1    530.7
2015  3  7    66   15 11  0     53.19   -0.2150E-02      87.3    531.0
2015  3  7    66   15 12  0     53.07   -0.2097E-02      87.0    531.1
2015  3  7    66   15 13  0     52.96   -0.2043E-02      86.8    532.0
2015  3  7    66   15 14  0     52.84   -0.2001E-02      86.7    532.3
2015  3  7    66   15 15  0     52.73   -0.1971E-02      86.8    532.7
2015  3  7    66   15 16  0     52.62   -0.1933E-02      86.4    532.4
2015  3  7    66   15 17  0     52.51   -0.1917E-02      86.6    533.2
2015  3  7    66   15 18  0     52.40   -0.1902E-02      86.7    533.9
2015  3  7    66   15 19  0     52.29   -0.1876E-02      86.7    534.5
2015  3  7    66   15 20  0     52.18   -0.1851E-02      86.7    535.0
2015  3  7    66   15 21  0     52.07   -0.1817E-02      86.8    535.4
2015  3  7    66   15 22  0     51.97   -0.1789E-02      86.8    536.3
2015  3  7    66   15 23  0     51.86   -0.1754E-02      86.7    536.7
2015  3  7    66   15 24  0     51.75   -0.1731E-02      86.8    537.3
2015  3  7    66   15 25  0     51.65   -0.1711E-02      86.8    537.9
2015  3  7    66   15 26  0     51.54   -0.1687E-02      86.8    538.5
2015  3  7    66   15 27  0     51.44   -0.1672E-02      87.1    539.1
2015  3  7    66   15 28  0     51.34   -0.1651E-02      87.1    539.7
2015  3  7    66   15 29  0     51.24   -0.1614E-02      86.8    540.1
2015  3  7    66   15 30  0     51.14   -0.1589E-02      86.6    540.6
2015  3  7    66   15 31  0     51.04   -0.1580E-02      87.2    541.2
2015  3  7    66   15 32  0     50.94   -0.1551E-02      87.2    541.7
2015  3  7    66   15 33  0     50.84   -0.1519E-02      87.0    542.2
2015  3  7    66   15 34  0     50.74   -0.1488E-02      86.9    542.6
2015  3  7    66   15 35  0     50.65   -0.1466E-02      87.0    543.1
2015  3  7    66   15 36  0     50.55   -0.1424E-02      86.9    543.4
2015  3  7    66   15 37  0     50.46   -0.1385E-02      86.5    543.7
2015  3  7    66   15 38  0     50.36   -0.1348E-02      86.7    544.0
2015  3  7    66   15 39  0     50.27   -0.1308E-02      87.2    544.1
2015  3  7    66   15 40  0     50.17   -0.1269E-02      87.2    544.3
2015  3  7    66   15 41  0     50.08   -0.1232E-02      87.4    544.5
2015  3  7    66   15 42  0     49.99   -0.1190E-02      87.2    544.7
2015  3  7    66   15 43  0     49.90   -0.1154E-02      87.4    545.0
2015  3  7    66   15 44  0     49.81   -0.1115E-02      87.5    545.2
2015  3  7    66   15 45  0     49.73   -0.1080E-02      87.8    545.5
2015  3  7    66   15 46  0     49.64   -0.1042E-02      87.7    545.7
2015  3  7    66   15 47  0     49.55   -0.1011E-02      88.3    546.0
2015  3  7    66   15 48  0     49.47   -0.9773E-03      88.1    546.3
2015  3  7    66   15 49  0     49.38   -0.9587E-03      88.1    546.9
2015  3  7    66   15 50  0     49.30   -0.9120E-03      87.8    547.0
2015  3  7    66   15 51  0     49.22   -0.8729E-03      87.6    547.3
2015  3  7    66   15 52  0     49.14   -0.8320E-03      87.5    547.4
2015  3  7    66   15 53  0     49.06   -0.7979E-03      87.3    547.7
2015  3  7    66   15 54  0     48.97   -0.7729E-03      87.2    548.1
2015  3  7    66   15 55  0     48.89   -0.7416E-03      87.0    548.5
2015  3  7    66   15 56  0     48.82   -0.7167E-03      87.4    548.8
2015  3  7    66   15 57  0     48.74   -0.6799E-03      87.2    549.1
2015  3  7    66   15 58  0     48.66   -0.6441E-03      87.1    549.3
2015  3  7    66   15 59  0     48.59   -0.6185E-03      87.2    549.7
2015  3  7    66   16  0  0     48.51   -0.5988E-03      87.2    550.1
2015  3  7    66   16  1  0     48.44   -0.5759E-03      87.2    550.5
2015  3  7    66   16  2  0     48.37   -0.5474E-03      87.2    550.8
2015  3  7    66   16  3  0     48.30   -0.5123E-03      87.0    551.0
2015  3  7    66   16  4  0     48.23   -0.4736E-03      87.1    551.1
2015  3  7    66   16  5  0     48.16   -0.4340E-03      87.2    551.2
2015  3  7    66   16  6  0     48.09   -0.4024E-03      87.3    551.4
2015  3  7    66   16  7  0     48.03   -0.3727E-03      87.5    551.6
2015  3  7    66   16  8  0     47.96   -0.3337E-03      87.2    552.5
2015  3  7    66   16  9  0     47.89   -0.3061E-03      87.3    552.7
2015  3  7    66   16 10  0     47.83   -0.2766E-03      87.0    552.9
2015  3  7    66   16 11  0     47.77   -0.2497E-03      86.9    553.2
2015  3  7    66   16 12  0     47.70   -0.2137E-03      87.3    552.5
2015  3  7    66   16 13  0     47.64   -0.1938E-03      87.6    552.9
2015  3  7    66   16 14  0     47.58   -0.1590E-03      87.4    553.0
2015  3  7    66   16 15  0     47.53   -0.1120E-03      87.5    552.9
2015  3  7    66   16 16  0     47.47   -0.5771E-04      87.9    552.7
2015  3  7    66   16 17  0     47.41   -0.3279E-04      88.2    552.9
2015  3  7    66   16 18  0     47.35    0.1633E-04      87.9    552.8
2015  3  7    66   16 19  0     47.30    0.6059E-04      87.5    552.7
2015  3  7    66   16 20  0     47.25    0.1015E-03      87.8    552.7
2015  3  7    66   16 21  0     47.19    0.1225E-03      87.9    552.9
2015  3  7    66   16 22  0     47.14    0.1519E-03      87.7    553.0
2015  3  7    66   16 23  0     47.09    0.1783E-03      87.6    553.2
2015  3  7    66   16 24  0     47.04    0.1899E-03      87.9    553.5
2015  3  7    66   16 25  0     46.99    0.2165E-03      87.8    554.2
2015  3  7    66   16 26  0     46.94    0.2375E-03      88.0    554.4
2015  3  7    66   16 27  0     46.90    0.2717E-03      88.1    554.4
2015  3  7    66   16 28  0     46.85    0.2870E-03      88.1    554.7
2015  3  7    66   16 29  0     46.81    0.3032E-03      88.2    554.9
2015  3  7    66   16 30  0     46.77    0.3270E-03      88.3    555.0
2015  3  7    66   16 31  0     46.72    0.3677E-03      88.1    554.9
2015  3  7    66   16 32  0     46.68    0.3830E-03      88.3    555.1
2015  3  7    66   16 33  0     46.64    0.4104E-03      88.1    555.1
2015  3  7    66   16 34  0     46.60    0.4321E-03      87.9    555.2
2015  3  7    66   16 35  0     46.57    0.4351E-03      88.1    555.6
2015  3  7    66   16 36  0     46.53    0.4533E-03      88.3    555.7
2015  3  7    66   16 37  0     46.49    0.4704E-03      88.4    555.8
2015  3  7    66   16 38  0     46.46    0.4875E-03      88.4    555.9
2015  3  7    66   16 39  0     46.43    0.5017E-03      88.2    556.1
2015  3  7    66   16 40  0     46.39    0.5122E-03      88.4    555.9
2015  3  7    66   16 41  0     46.36    0.5482E-03      88.4    555.7
2015  3  7    66   16 42  0     46.33    0.5673E-03      88.6    555.8
2015  3  7    66   16 43  0     46.30    0.5928E-03      88.6    555.7
2015  3  7    66   16 44  0     46.28    0.6107E-03      88.3    555.7
2015  3  7    66   16 45  0     46.25    0.6314E-03      88.0    555.7
2015  3  7    66   16 46  0     46.22    0.6464E-03      87.7    555.8
2015  3  7    66   16 47  0     46.20    0.6550E-03      87.9    555.9
2015  3  7    66   16 48  0     46.18    0.6600E-03      88.1    556.1
2015  3  7    66   16 49  0     46.15    0.6695E-03      88.2    556.2
2015  3  7    66   16 50  0     46.13    0.6489E-03      88.4    556.7
2015  3  7    66   16 51  0     46.11    0.6552E-03      87.9    556.8
2015  3  7    66   16 52  0     46.09    0.6497E-03      88.2    557.1
2015  3  7    66   16 53  0     46.08    0.6576E-03      88.7    557.2
2015  3  7    66   16 54  0     46.06    0.6624E-03      88.8    557.3
2015  3  7    66   16 55  0     46.05    0.6605E-03      88.7    557.5
2015  3  7    66   16 56  0     46.03    0.6605E-03      88.6    557.6
2015  3  7    66   16 57  0     46.02    0.6500E-03      88.6    557.9
2015  3  7    66   16 58  0     46.00    0.6510E-03      88.5    558.0
2015  3  7    66   16 59  0     45.99    0.6347E-03      88.2    558.5
2015  3  7    66   17  0  0     45.99    0.6414E-03      88.3    558.5
2015  3  7    66   17  1  0     45.98    0.6378E-03      88.7    558.6
2015  3  7    66   17  2  0     45.97    0.6350E-03      88.4    558.7
2015  3  7    66   17  3  0     45.96    0.6074E-03      88.2    559.1
2015  3  7    66   17  4  0     45.96    0.5715E-03      88.4    559.6
2015  3  7    66   17  5  0     45.96    0.5297E-03      88.1    560.1
2015  3  7    66   17  6  0     45.95    0.5080E-03      88.2    560.4
2015  3  7    66   17  7  0     45.95    0.4787E-03      88.2    560.8
2015  3  7    66   17  8  0     45.95    0.4711E-03      88.2    560.9
2015  3  7    66   17  9  0     45.95    0.4676E-03      88.6    561.0
2015  3  7    66   17 10  0     45.95    0.4553E-03      88.8    561.1
2015  3  7    66   17 11  0     45.96    0.4402E-03      88.8    561.3
2015  3  7    66   17 12  0     45.96    0.4213E-03      88.8    561.5
2015  3  7    66   17 13  0     45.97    0.4053E-03      88.9    561.7
2015  3  7    66   17 14  0     45.97    0.3947E-03      88.6    561.7
2015  3  7    66   17 15  0     45.98    0.3832E-03      88.5    561.8
2015  3  7    66   17 16  0     45.99    0.3794E-03      88.6    561.7
2015  3  7    66   17 17  0     46.00    0.3625E-03      88.8    561.9
2015  3  7    66   17 18  0     46.01    0.3587E-03      88.7    561.8
2015  3  7    66   17 19  0     46.02    0.3311E-03      88.5    562.0
2015  3  7    66   17 20  0     46.03    0.3189E-03      88.8    562.1
2015  3  7    66   17 21  0     46.05    0.2916E-03      88.9    562.3
2015  3  7    66   17 22  0     46.06    0.2819E-03      88.6    562.3
2015  3  7    66   17 23  0     46.08    0.2620E-03      88.6    562.4
2015  3  7    66   17 24  0     46.10    0.2450E-03      88.8    562.4
2015  3  7    66   17 25  0     46.12    0.2296E-03      88.5    562.4
2015  3  7    66   17 26  0     46.14    0.2049E-03      88.4    562.6
2015  3  7    66   17 27  0     46.16    0.1878E-03      88.3    562.6
2015  3  7    66   17 28  0     46.18    0.1678E-03      88.2    562.6
2015  3  7    66   17 29  0     46.21    0.1281E-03      88.4    562.9
2015  3  7    66   17 30  0     46.23    0.1036E-03      88.5    563.0
2015  3  7    66   17 31  0     46.26    0.1007E-03      88.6    562.8
2015  3  7    66   17 32  0     46.28    0.6469E-04      88.6    563.0
2015  3  7    66   17 33  0     46.31    0.5234E-04      88.6    562.9
2015  3  7    66   17 34  0     46.34    0.3584E-04      87.9    562.9
2015  3  7    66   17 35  0     46.37    0.1176E-04      87.4    562.9
2015  3  7    66   17 36  0     46.40   -0.2035E-04      87.6    563.1
2015  3  7    66   17 37  0     46.43   -0.5820E-04      87.8    563.3
2015  3  7    66   17 38  0     46.47   -0.1122E-03      87.7    563.7
2015  3  7    66   17 39  0     46.50   -0.1397E-03      88.0    563.7
2015  3  7    66   17 40  0     46.54   -0.1823E-03      88.0    564.0
2015  3  7    66   17 41  0     46.57   -0.2234E-03      87.3    564.2
2015  3  7    66   17 42  0     46.61   -0.2724E-03      86.9    564.6
2015  3  7    66   17 43  0     46.65   -0.3025E-03      86.3    564.6
2015  3  7    66   17 44  0     46.69   -0.3321E-03      84.8    564.7
2015  3  7    66   17 45  0     46.73   -0.3888E-03      84.6    565.2
2015  3  7    66   17 46  0     46.78   -0.4491E-03      85.4    565.6
2015  3  7    66   17 47  0     46.82   -0.5021E-03      85.1    566.0
2015  3  7    66   17 48  0     46.86   -0.5627E-03      85.8    566.5
2015  3  7    66   17 49  0     46.91   -0.6008E-03      85.6    566.6
2015  3  7    66   17 50  0     46.96   -0.6485E-03      85.0    566.9
2015  3  7    66   17 51  0     47.00   -0.7005E-03      84.7    567.3
2015  3  7    66   17 52  0     47.05   -0.7559E-03      84.3    567.8
2015  3  7    66   17 53  0     47.10   -0.8021E-03      84.2    568.1
2015  3  7    66   17 54  0     47.15   -0.8560E-03      85.3    568.3
2015  3  7    66   17 55  0     47.20   -0.9039E-03      85.9    568.5
2015  3  7    66   17 56  0     47.26   -0.9465E-03      86.4    568.6
2015  3  7    66   17 57  0     47.31   -0.9744E-03      86.4    568.5
2015  3  7    66   17 58  0     47.37   -0.1001E-02      85.1    568.6
2015  3  7    66   17 59  0     47.42   -0.1038E-02      84.1    568.9
2015  3  7    66   18  0  0     47.48   -0.1062E-02      83.0    569.0
2015  3  7    66   18  1  0     47.54   -0.1080E-02      81.0    569.1
2015  3  7    66   18  2  0     47.60   -0.1113E-02      79.6    569.4
2015  3  7    66   18  3  0     47.66   -0.1179E-02      80.7    569.8
2015  3  7    66   18  4  0     47.72   -0.1226E-02      81.2    570.0
2015  3  7    66   18  5  0     47.78   -0.1260E-02      81.1    570.0
2015  3  7    66   18  6  0     47.84   -0.1300E-02      80.9    570.2
2015  3  7    66   18  7  0     47.91   -0.1325E-02      80.5    571.1
2015  3  7    66   18  8  0     47.98   -0.1287E-02      76.5    570.8
2015  3  7    66   18  9  0     48.04   -0.1386E-02      79.1    570.4
2015  3  7    66   18 10  0     48.11   -0.1416E-02      79.2    570.3
2015  3  7    66   18 11  0     48.18   -0.1435E-02      78.6    570.2
2015  3  7    66   18 12  0     48.25   -0.1442E-02      77.3    570.1
2015  3  7    66   18 13  0     48.32   -0.1446E-02      75.8    570.0
2015  3  7    66   18 14  0     48.39   -0.1455E-02      74.0    570.2
2015  3  7    66   18 15  0     48.46   -0.1464E-02      72.6    570.2
2015  3  7    66   18 16  0     48.53   -0.1521E-02      73.0    570.6
2015  3  7    66   18 17  0     48.61   -0.1565E-02      73.5    570.6
2015  3  7    66   18 18  0     48.68   -0.1666E-02      77.4    570.5
2015  3  7    66   18 19  0     48.76   -0.1715E-02      79.2    570.0
2015  3  7    66   18 20  0     48.84   -0.1782E-02      81.2    569.9
2015  3  7    66   18 21  0     48.91   -0.1836E-02      82.3    569.8
2015  3  7    66   18 22  0     48.99   -0.1911E-02      84.5    570.7
2015  3  7    66   18 23  0     49.07   -0.1973E-02      85.8    569.7
2015  3  7    66   18 24  0     49.15   -0.2016E-02      86.4    569.5
2015  3  7    66   18 25  0     49.24   -0.2117E-02      88.8    569.8
2015  3  7    66   18 26  0     49.32   -0.2109E-02      87.2    569.5
2015  3  7    66   18 27  0     49.40   -0.2080E-02      84.6    569.3
2015  3  7    66   18 28  0     49.49   -0.2043E-02      81.4    569.2
2015  3  7    66   18 29  0     49.57   -0.2003E-02      77.8    569.3
2015  3  7    66   18 30  0     49.66   -0.2007E-02      75.9    569.7
2015  3  7    66   18 31  0     49.75   -0.2020E-02      75.4    569.4
2015  3  7    66   18 32  0     49.83   -0.2050E-02      76.1    568.9
2015  3  7    66   18 33  0     49.92   -0.2032E-02      75.3    568.0
2015  3  7    66   18 34  0     50.01   -0.1958E-02      71.5    567.4
2015  3  7    66   18 35  0     50.10   -0.1946E-02      70.0    567.3
2015  3  7    66   18 36  0     50.20   -0.1986E-02      70.8    567.0
2015  3  7    66   18 37  0     50.29   -0.1961E-02      69.3    566.4
2015  3  7    66   18 38  0     50.38   -0.1921E-02      66.8    566.2
2015  3  7    66   18 39  0     50.48   -0.1933E-02      66.5    566.0
2015  3  7    66   18 40  0     50.57   -0.1923E-02      65.9    565.2
2015  3  7    66   18 41  0     50.67   -0.1939E-02      66.2    564.6
2015  3  7    66   18 42  0     50.76   -0.1956E-02      66.3    564.2
2015  3  7    66   18 43  0     50.86   -0.1972E-02      66.3    563.8
2015  3  7    66   18 44  0     50.96   -0.1978E-02      66.1    563.2
2015  3  7    66   18 45  0     51.06   -0.1948E-02      64.6    562.6
2015  3  7    66   18 46  0     51.16   -0.1923E-02      62.8    562.3
2015  3  7    66   18 47  0     51.26   -0.1928E-02      62.3    562.0
2015  3  7    66   18 48  0     51.36   -0.1938E-02      61.8    562.1
2015  3  7    66   18 49  0     51.46   -0.1930E-02      60.4    562.2
2015  3  7    66   18 50  0     51.57   -0.1932E-02      59.7    562.0
2015  3  7    66   18 51  0     51.67   -0.1961E-02      59.9    561.9
2015  3  7    66   18 52  0     51.78   -0.1992E-02      60.6    561.3
2015  3  7    66   18 53  0     51.88   -0.2012E-02      60.9    560.5
2015  3  7    66   18 54  0     51.99   -0.2034E-02      61.0    560.2
2015  3  7    66   18 55  0     52.10   -0.2034E-02      60.1    559.9
2015  3  7    66   18 56  0     52.21   -0.2044E-02      59.6    559.8
2015  3  7    66   18 57  0     52.32   -0.2085E-02      60.0    559.8
2015  3  7    66   18 58  0     52.42   -0.2137E-02      60.7    559.9
2015  3  7    66   18 59  0     52.54   -0.2155E-02      60.5    559.8
2015  3  7    66   19  0  0     52.65   -0.2207E-02      61.1    559.9
2015  3  7    66   19  1  0     52.76   -0.2270E-02      62.5    559.5
2015  3  7    66   19  2  0     52.87   -0.2308E-02      63.3    558.9
2015  3  7    66   19  3  0     52.98   -0.2339E-02      63.7    558.7
2015  3  7    66   19  4  0     53.10   -0.2279E-02      61.5    558.3
2015  3  7    66   19  5  0     53.21   -0.2274E-02      60.8    558.3
2015  3  7    66   19  6  0     53.33   -0.2261E-02      60.1    558.2
2015  3  7    66   19  7  0     53.44   -0.2229E-02      58.6    558.4
2015  3  7    66   19  8  0     53.56   -0.2168E-02      56.1    558.9
2015  3  7    66   19  9  0     53.68   -0.2150E-02      54.7    559.6
2015  3  7    66   19 10  0     53.80   -0.2114E-02      53.2    559.4
2015  3  7    66   19 11  0     53.92   -0.2063E-02      51.2    559.8
2015  3  7    66   19 12  0     54.04   -0.2025E-02      49.4    560.2
2015  3  7    66   19 13  0     54.16   -0.2019E-02      48.3    561.1
2015  3  7    66   19 14  0     54.28   -0.2047E-02      48.4    561.9
2015  3  7    66   19 15  0     54.40   -0.2125E-02      49.8    562.1
2015  3  7    66   19 16  0     54.52   -0.2196E-02      51.4    561.7
2015  3  7    66   19 17  0     54.64   -0.2245E-02      52.3    561.3
2015  3  7    66   19 18  0     54.77   -0.2229E-02      51.6    561.0
2015  3  7    66   19 19  0     54.89   -0.2189E-02      50.2    561.0
2015  3  7    66   19 20  0     55.02   -0.2139E-02      48.6    561.2
2015  3  7    66   19 21  0     55.14   -0.2088E-02      46.8    561.9
2015  3  7    66   19 22  0     55.27   -0.2063E-02      45.8    562.3
2015  3  7    66   19 23  0     55.40   -0.2071E-02      45.6    563.0
2015  3  7    66   19 24  0     55.53   -0.2102E-02      46.0    563.5
2015  3  7    66   19 25  0     55.65   -0.2151E-02      46.8    563.7
2015  3  7    66   19 26  0     55.78   -0.2204E-02      47.9    563.5
2015  3  7    66   19 27  0     55.91   -0.2281E-02      49.4    563.7
2015  3  7    66   19 28  0     56.04   -0.2380E-02      51.6    562.9
2015  3  7    66   19 29  0     56.17   -0.2483E-02      54.0    561.9
2015  3  7    66   19 30  0     56.31   -0.2582E-02      56.4    560.9
2015  3  7    66   19 31  0     56.44   -0.2586E-02      56.5    559.9
2015  3  7    66   19 32  0     56.57   -0.2540E-02      55.3    559.3
2015  3  7    66   19 33  0     56.70   -0.2482E-02      53.8    559.0
2015  3  7    66   19 34  0     56.84   -0.2454E-02      52.8    559.4
2015  3  7    66   19 35  0     56.97   -0.2448E-02      52.3    560.0
2015  3  7    66   19 36  0     57.11   -0.2458E-02      52.3    560.3
2015  3  7    66   19 37  0     57.24   -0.2480E-02      52.6    560.2
2015  3  7    66   19 38  0     57.38   -0.2473E-02      52.5    559.5
2015  3  7    66   19 39  0     57.51   -0.2478E-02      52.5    559.4
2015  3  7    66   19 40  0     57.65   -0.2549E-02      54.1    558.7
2015  3  7    66   19 41  0     57.79   -0.2631E-02      56.0    557.4
2015  3  7    66   19 42  0     57.93   -0.2681E-02      57.1    556.7
2015  3  7    66   19 43  0     58.07   -0.2704E-02      57.6    555.8
2015  3  7    66   19 44  0     58.21   -0.2712E-02      57.6    555.9
2015  3  7    66   19 45  0     58.35   -0.2749E-02      58.2    557.1
2015  3  7    66   19 46  0     58.49   -0.2756E-02      58.2    557.3
2015  3  7    66   19 47  0     58.63   -0.2763E-02      58.3    557.4
2015  3  7    66   19 48  0     58.77   -0.2746E-02      57.8    557.4
2015  3  7    66   19 49  0     58.91   -0.2712E-02      56.9    557.0
2015  3  7    66   19 50  0     59.06   -0.2705E-02      56.7    557.2
2015  3  7    66   19 51  0     59.20   -0.2660E-02      55.7    557.1
2015  3  7    66   19 52  0     59.34   -0.2602E-02      54.3    557.8
2015  3  7    66   19 53  0     59.49   -0.2570E-02      53.4    558.9
2015  3  7    66   19 54  0     59.63   -0.2611E-02      54.1    561.1
2015  3  7    66   19 55  0     59.78   -0.2693E-02      55.8    562.5
2015  3  7    66   19 56  0     59.92   -0.2802E-02      58.4    563.1
2015  3  7    66   19 57  0     60.07   -0.2889E-02      60.6    562.1
2015  3  7    66   19 58  0     60.22   -0.2961E-02      62.4    560.7
2015  3  7    66   19 59  0     60.36   -0.3007E-02      63.3    559.9
2015  3  7    66   20  0  0     60.51   -0.3093E-02      65.5    558.8
2015  3  7    66   20  1  0     60.66   -0.3265E-02      69.7    559.2
2015  3  7    66   20  2  0     60.81   -0.3345E-02      71.8    559.0
2015  3  7    66   20  3  0     60.96   -0.3438E-02      74.2    559.3
2015  3  7    66   20  4  0     61.11   -0.3268E-02      70.3    556.1
2015  3  7    66   20  5  0     61.26   -0.3065E-02      65.6    553.9
2015  3  7    66   20  6  0     61.41   -0.2944E-02      62.9    553.7
2015  3  7    66   20  7  0     61.56   -0.2878E-02      61.6    554.8
2015  3  7    66   20  8  0     61.71   -0.2859E-02      61.2    556.5
2015  3  7    66   20  9  0     61.86   -0.2827E-02      60.6    557.1
2015  3  7    66   20 10  0     62.01   -0.2793E-02      60.0    557.4
2015  3  7    66   20 11  0     62.17   -0.2753E-02      59.3    558.3
2015  3  7    66   20 12  0     62.32   -0.2706E-02      58.5    558.7
2015  3  7    66   20 13  0     62.47   -0.2663E-02      57.7    559.6
2015  3  7    66   20 14  0     62.62   -0.2612E-02      56.7    560.3
2015  3  7    66   20 15  0     62.78   -0.2569E-02      56.0    560.4
2015  3  7    66   20 16  0     62.93   -0.2541E-02      55.6    561.1
2015  3  7    66   20 17  0     63.09   -0.2487E-02      54.5    561.7
2015  3  7    66   20 18  0     63.25   -0.2416E-02      53.2    561.8
2015  3  7    66   20 19  0     63.40   -0.2386E-02      52.8    562.7
2015  3  7    66   20 20  0     63.56   -0.2395E-02      53.3    563.6
2015  3  7    66   20 21  0     63.71   -0.2418E-02      54.1    564.8
2015  3  7    66   20 22  0     63.87   -0.2438E-02      55.0    564.7
2015  3  7    66   20 23  0     64.03   -0.2464E-02      55.9    565.1
2015  3  7    66   20 24  0     64.19   -0.2491E-02      56.8    566.0
2015  3  7    66   20 25  0     64.35   -0.2518E-02      57.8    567.3
2015  3  7    66   20 26  0     64.50   -0.2554E-02      59.1    568.3
2015  3  7    66   20 27  0     64.66   -0.2609E-02      60.9    569.8
2015  3  7    66   20 28  0     64.82   -0.2672E-02      63.0    571.5
2015  3  7    66   20 29  0     64.98   -0.2722E-02      64.7    571.6
2015  3  7    66   20 30  0     65.14   -0.2768E-02      66.1    571.1
2015  3  7    66   20 31  0     65.30   -0.2805E-02      67.3    571.3
2015  3  7    66   20 32  0     65.47   -0.2820E-02      68.1    570.5
2015  3  7    66   20 33  0     65.63   -0.2822E-02      68.6    570.5
2015  3  7    66   20 34  0     65.79   -0.2816E-02      69.1    571.1
2015  3  7    66   20 35  0     65.95   -0.2783E-02      68.8    570.9
2015  3  7    66   20 36  0     66.11   -0.2745E-02      68.3    570.2
2015  3  7    66   20 37  0     66.28   -0.2696E-02      67.4    569.3
2015  3  7    66   20 38  0     66.44   -0.2652E-02      66.6    568.6
2015  3  7    66   20 39  0     66.60   -0.2558E-02      64.6    566.0
2015  3  7    66   20 40  0     66.77   -0.2392E-02      60.9    565.3
2015  3  7    66   20 41  0     66.93   -0.2194E-02      56.4    570.2
2015  3  7    66   20 42  0     67.10   -0.2000E-02      52.1    572.2
2015  3  7    66   20 43  0     67.26   -0.1851E-02      48.8    570.8
2015  3  7    66   20 44  0     67.43   -0.1748E-02      46.6    571.3
2015  3  7    66   20 45  0     67.59   -0.1700E-02      45.6    573.9
2015  3  7    66   20 46  0     67.76   -0.1634E-02      44.2    572.6
2015  3  7    66   20 47  0     67.92   -0.1592E-02      43.5    573.6
2015  3  7    66   20 48  0     68.09   -0.1596E-02      43.9    575.4
2015  3  7    66   20 49  0     68.26   -0.1585E-02      44.1    575.8
2015  3  7    66   20 50  0     68.42   -0.1537E-02      43.2    578.8
2015  3  7    66   20 51  0     68.59   -0.1467E-02      41.8    578.9
2015  3  7    66   20 52  0     68.76   -0.1414E-02      40.7    581.2
2015  3  7    66   20 53  0     68.93   -0.1431E-02      41.6    585.0
2015  3  7    66   20 54  0     69.09   -0.1455E-02      42.9    586.3
2015  3  7    66   20 55  0     69.26   -0.1443E-02      43.1    591.9
2015  3  7    66   20 56  0     69.43   -0.1433E-02      43.4    595.7
2015  3  7    66   20 57  0     69.60   -0.1400E-02      43.0    596.6
2015  3  7    66   20 58  0     69.77   -0.1353E-02      42.2    597.4
2015  3  7    66   20 59  0     69.94   -0.1330E-02      41.9    606.9
2015  3  7    66   21  0  0     70.11   -0.1318E-02      42.3    608.2
2015  3  7    66   21  1  0     70.28   -0.1336E-02      43.5    616.9
2015  3  7    66   21  2  0     70.45   -0.1400E-02      46.3    622.4
2015  3  7    66   21  3  0     70.62   -0.1430E-02      48.0    627.0
2015  3  7    66   21  4  0     70.79   -0.1448E-02      49.4    630.5
2015  3  7    66   21  5  0     70.96   -0.1487E-02      51.5    637.8
2015  3  7    66   21  6  0     71.14   -0.1484E-02      52.2    649.5
2015  3  7    66   21  7  0     71.31   -0.1441E-02      51.5    654.1
2015  3  7    66   21  8  0     71.48   -0.1409E-02      51.1    649.5
2015  3  7    66   21  9  0     71.65   -0.1394E-02      51.2    645.9
2015  3  7    66   21 10  0     71.83   -0.1350E-02      50.2    639.2
2015  3  7    66   21 11  0     72.00   -0.1335E-02      50.1    639.3
2015  3  7    66   21 12  0     72.17   -0.1355E-02      51.3    642.7
2015  3  7    66   21 13  0     72.35   -0.1365E-02      52.4    637.2
2015  3  7    66   21 14  0     72.52   -0.1396E-02      54.6    647.0
2015  3  7    66   21 15  0     72.69   -0.1451E-02      57.8    661.7
2015  3  7    66   21 16  0     72.87   -0.1461E-02      59.0    661.3
2015  3  7    66   21 17  0     73.04   -0.1419E-02      58.1    656.4
2015  3  7    66   21 18  0     73.22   -0.1368E-02      57.0    660.2
2015  3  7    66   21 19  0     73.39   -0.1331E-02      56.8    680.1
2015  3  7    66   21 20  0     73.57   -0.1296E-02      56.8    695.2
2015  3  7    66   21 21  0     73.74   -0.1247E-02      56.1    -99.9
2015  3  7    66   21 22  0     73.92   -0.1198E-02      55.2    -99.9
2015  3  7    66   21 23  0     74.09   -0.1131E-02      53.6    -99.9
2015  3  7    66   21 24  0     74.27   -0.1052E-02      51.3    -99.9
2015  3  7    66   21 25  0     74.44   -0.9962E-03      49.7    -99.9
2015  3  7    66   21 26  0     74.62   -0.9651E-03      49.2    -99.9
2015  3  7    66   21 27  0     74.80   -0.9498E-03      49.4    -99.9
2015  3  7    66   21 28  0     74.97   -0.9217E-03      49.1    -99.9
2015  3  7    66   21 29  0     75.15   -0.8863E-03      48.1    -99.9
2015  3  7    66   21 30  0     75.33   -0.8439E-03      46.9    -99.9
2015  3  7    66   21 31  0     75.51   -0.8143E-03      46.3    -99.9
2015  3  7    66   21 32  0     75.68   -0.7884E-03      46.1    694.7
2015  3  7    66   21 33  0     75.86   -0.7700E-03      45.9    -99.9
2015  3  7    66   21 34  0     76.04   -0.7460E-03      46.0    -99.9
2015  3  7    66   21 35  0     76.22   -0.7313E-03      46.4    -99.9
2015  3  7    66   21 36  0     76.40   -0.7120E-03      46.7    -99.9
2015  3  7    66   21 37  0     76.58   -0.6898E-03      46.6    -99.9
2015  3  7    66   21 38  0     76.76   -0.6635E-03      46.3    -99.9
2015  3  7    66   21 39  0     76.93   -0.6416E-03      45.8    -99.9
2015  3  7    66   21 40  0     77.11   -0.6035E-03      44.4    -99.9
2015  3  7    66   21 41  0     77.29   -0.5576E-03      42.4    684.0
2015  3  7    66   21 42  0     77.47   -0.5148E-03      40.7    656.1
2015  3  7    66   21 43  0     77.65   -0.4783E-03      39.1    642.3
2015  3  7    66   21 44  0     77.83   -0.4519E-03      38.0    642.7
2015  3  7    66   21 45  0     78.01   -0.4368E-03      38.1    625.7
2015  3  7    66   21 46  0     78.19   -0.4440E-03      39.3    655.5
2015  3  7    66   21 47  0     78.37   -0.4337E-03      39.7    648.8
2015  3  7    66   21 48  0     78.56   -0.4043E-03      38.9    619.7
2015  3  7    66   21 49  0     78.74   -0.3946E-03      39.2    619.8
2015  3  7    66   21 50  0     78.92   -0.4140E-03      42.1    638.2
2015  3  7    66   21 51  0     79.10   -0.4579E-03      47.1    684.7
2015  3  7    66   21 52  0     79.28   -0.4847E-03      51.2    688.3
2015  3  7    66   21 53  0     79.46   -0.4866E-03      52.9    688.7
2015  3  7    66   21 54  0     79.64   -0.4832E-03      54.4    691.0
2015  3  7    66   21 55  0     79.83   -0.4846E-03      56.0    -99.9
2015  3  7    66   21 56  0     80.01   -0.4721E-03      56.9    -99.9
2015  3  7    66   21 57  0     80.19   -0.4471E-03      57.0    -99.9
2015  3  7    66   21 58  0     80.37   -0.4264E-03      56.8    -99.9
2015  3  7    66   21 59  0     80.55   -0.4065E-03      56.8    -99.9
2015  3  7    66   22  0  0     80.74   -0.3957E-03      57.5    -99.9
2015  3  7    66   22  1  0     80.92   -0.3870E-03      59.1    691.8
2015  3  7    66   22  2  0     81.10   -0.3838E-03      60.5    -99.9
2015  3  7    66   22  3  0     81.29   -0.3728E-03      61.1    698.2
2015  3  7    66   22  4  0     81.47   -0.3553E-03      61.4    680.8
2015  3  7    66   22  5  0     81.65   -0.3454E-03      62.4    690.4
2015  3  7    66   22  6  0     81.84   -0.3350E-03      63.5    676.5
2015  3  7    66   22  7  0     82.02   -0.3266E-03      64.3    686.2
2015  3  7    66   22  8  0     82.20   -0.3148E-03      64.6    683.3
2015  3  7    66   22  9  0     82.39   -0.2955E-03      64.7    642.2
2015  3  7    66   22 10  0     82.57   -0.2841E-03      64.9    647.8
2015  3  7    66   22 11  0     82.76   -0.2693E-03      65.2    633.0
2015  3  7    66   22 12  0     82.94   -0.2530E-03      65.4    614.0
2015  3  7    66   22 13  0     83.12   -0.2425E-03      65.3    624.8
2015  3  7    66   22 14  0     83.31   -0.2273E-03      65.1    609.1
2015  3  7    66   22 15  0     83.49   -0.2133E-03      64.8    600.2
2015  3  7    66   22 16  0     83.68   -0.1994E-03      64.3    594.3
2015  3  7    66   22 17  0     83.86   -0.1804E-03      63.9    552.3
2015  3  7    66   22 18  0     84.05   -0.1693E-03      63.9    550.8
2015  3  7    66   22 19  0     84.23   -0.1598E-03      64.1    553.8
2015  3  7    66   22 20  0     84.42   -0.1454E-03      64.5    525.2
2015  3  7    66   22 21  0     84.60   -0.1362E-03      65.0    521.9
2015  3  7    66   22 22  0     84.79   -0.1246E-03      65.3    503.7
2015  3  7    66   22 23  0     84.97   -0.1155E-03      65.4    499.7
2015  3  7    66   22 24  0     85.16   -0.1061E-03      65.2    490.5
2015  3  7    66   22 25  0     85.35   -0.9559E-04      64.7    477.9
2015  3  7    66   22 26  0     85.53   -0.8048E-04      63.5    447.5
2015  3  7    66   22 27  0     85.72   -0.6927E-04      61.7    435.4
2015  3  7    66   22 28  0     85.90   -0.5713E-04      59.5    415.7
2015  3  7    66   22 29  0     86.09   -0.4525E-04      57.0    394.8
2015  3  7    66   22 30  0     86.28   -0.3285E-04      54.5    370.0
2015  3  7    66   22 31  0     86.46   -0.2643E-04      53.2    362.5
2015  3  7    66   22 32  0     86.65   -0.1979E-04      53.3    350.3
2015  3  7    66   22 33  0     86.84   -0.1573E-04      54.6    347.5
2015  3  7    66   22 34  0     87.02   -0.1091E-04      56.2    335.9
2015  3  7    66   22 35  0     87.21   -0.6170E-05      56.9    328.6
2015  3  7    66   22 36  0     87.40    0.5874E-06      57.2    314.7
2015  3  7    66   22 37  0     87.58    0.4373E-05      57.8    308.9
2015  3  7    66   22 38  0     87.77    0.8038E-05      58.3    305.2
2015  3  7    66   22 39  0     87.96    0.1197E-04      58.6    299.5
2015  3  7    66   22 40  0     88.15    0.1560E-04      58.8    287.8
2015  3  7    66   22 41  0     88.33    0.2070E-04      59.3    276.1
2015  3  7    66   22 42  0     88.52    0.2422E-04      59.9    269.6
2015  3  7    66   22 43  0     88.71    0.2909E-04      60.8    259.4
2015  3  7    66   22 44  0     88.90    0.2965E-04      61.9    270.7
2015  3  7    66   22 45  0     89.08    0.3246E-04      62.8    250.9
2015  3  7    66   22 46  0     89.27    0.3522E-04      63.6    245.9
2015  3  7    66   22 47  0     89.46    0.3768E-04      64.5    245.1
2015  3  7    66   22 48  0     89.65    0.4181E-04      65.5    233.7
2015  3  7    66   22 49  0     89.83    0.4544E-04      66.9    223.8
