                            NILUUV 115

Uvpro Version 2.0
Latitude :   40.74 (North)
Longitude:  -74.03  (West)
Calibration file: cf100603a.115
Height above sea level:    40.0  m
CLT derived from channel 5
CLT scale factor used:   1.0
Ozone derived from channel pair ch3/ch1
Ozone scale factor used:   1.0
Drift factors ch1-ch6:   0.308  0.337  0.465  0.513  0.360  0.927
Ozone profile climatology: Mid  Latitude
Dose type:    CLW    Caldwell Plant 1971           

yyyy mm dd   jul   hh mm ss      SZA     dose rate       clt     Ozone
                              [degrees]   [W/m^2]        [%]     [DU]
2023  2 25    56   11 42  0     89.88   -0.2482E-03      68.7    -99.9
2023  2 25    56   11 43  0     89.70   -0.2310E-03      69.1    -99.9
2023  2 25    56   11 44  0     89.51   -0.2482E-03      69.5    -99.9
2023  2 25    56   11 45  0     89.33   -0.2319E-03      69.7    -99.9
2023  2 25    56   11 46  0     89.14   -0.2052E-03      69.6    -99.9
2023  2 25    56   11 47  0     88.96   -0.2024E-03      69.3    -99.9
2023  2 25    56   11 48  0     88.77   -0.1749E-03      68.9    -99.9
2023  2 25    56   11 49  0     88.59   -0.1767E-03      68.7    -99.9
2023  2 25    56   11 50  0     88.41   -0.1695E-03      68.3    -99.9
2023  2 25    56   11 51  0     88.22   -0.1646E-03      67.7    -99.9
2023  2 25    56   11 52  0     88.04   -0.1309E-03      66.8    -99.9
2023  2 25    56   11 53  0     87.85   -0.1323E-03      66.2    -99.9
2023  2 25    56   11 54  0     87.67   -0.1148E-03      66.2    -99.9
2023  2 25    56   11 55  0     87.48   -0.1054E-03      66.6    -99.9
2023  2 25    56   11 56  0     87.30   -0.7058E-04      67.0    -99.9
2023  2 25    56   11 57  0     87.12   -0.6989E-04      67.3    -99.9
2023  2 25    56   11 58  0     86.93   -0.3528E-04      67.5    -99.9
2023  2 25    56   11 59  0     86.75   -0.1962E-04      68.0    -99.9
2023  2 25    56   12  0  0     86.57    0.7284E-06      69.3    -99.9
2023  2 25    56   12  1  0     86.38    0.3583E-04      71.0    -99.9
2023  2 25    56   12  2  0     86.20    0.6170E-04      72.6    -99.9
2023  2 25    56   12  3  0     86.02    0.8129E-04      74.0    -99.9
2023  2 25    56   12  4  0     85.84    0.1311E-03      75.0    -99.9
2023  2 25    56   12  5  0     85.65    0.1873E-03      75.9    -99.9
2023  2 25    56   12  6  0     85.47    0.1982E-03      77.2    -99.9
2023  2 25    56   12  7  0     85.29    0.1987E-03      78.7    -99.9
2023  2 25    56   12  8  0     85.11    0.2409E-03      80.2    -99.9
2023  2 25    56   12  9  0     84.92    0.2656E-03      81.3    -99.9
2023  2 25    56   12 10  0     84.74    0.3106E-03      80.9    -99.9
2023  2 25    56   12 11  0     84.56    0.3454E-03      79.9    -99.9
2023  2 25    56   12 12  0     84.38    0.3730E-03      79.2    -99.9
2023  2 25    56   12 13  0     84.20    0.4596E-03      79.2    631.6
2023  2 25    56   12 14  0     84.02    0.4958E-03      79.4    634.1
2023  2 25    56   12 15  0     83.84    0.5723E-03      79.7    531.6
2023  2 25    56   12 16  0     83.66    0.6144E-03      80.1    531.1
2023  2 25    56   12 17  0     83.48    0.6772E-03      80.2    487.1
2023  2 25    56   12 18  0     83.30    0.7359E-03      80.4    464.5
2023  2 25    56   12 19  0     83.12    0.7711E-03      81.1    484.5
2023  2 25    56   12 20  0     82.94    0.8743E-03      82.1    410.9
2023  2 25    56   12 21  0     82.76    0.9157E-03      82.8    418.9
2023  2 25    56   12 22  0     82.58    0.9715E-03      83.7    408.6
2023  2 25    56   12 23  0     82.40    0.1032E-02      84.6    392.2
2023  2 25    56   12 24  0     82.22    0.1099E-02      85.1    368.7
2023  2 25    56   12 25  0     82.04    0.1154E-02      85.1    356.8
2023  2 25    56   12 26  0     81.86    0.1173E-02      84.6    373.9
2023  2 25    56   12 27  0     81.68    0.1198E-02      83.3    390.5
2023  2 25    56   12 28  0     81.50    0.1254E-02      81.3    379.8
2023  2 25    56   12 29  0     81.32    0.1325E-02      79.4    363.2
2023  2 25    56   12 30  0     81.15    0.1413E-02      78.1    342.3
2023  2 25    56   12 31  0     80.97    0.1486E-02      76.8    335.9
2023  2 25    56   12 32  0     80.79    0.1530E-02      74.6    343.4
2023  2 25    56   12 33  0     80.61    0.1592E-02      72.6    342.4
2023  2 25    56   12 34  0     80.44    0.1704E-02      72.1    320.4
2023  2 25    56   12 35  0     80.26    0.1771E-02      73.5    325.6
2023  2 25    56   12 36  0     80.08    0.1863E-02      76.2    323.5
2023  2 25    56   12 37  0     79.91    0.1933E-02      77.4    325.5
2023  2 25    56   12 38  0     79.73    0.2012E-02      75.7    314.7
2023  2 25    56   12 39  0     79.55    0.2070E-02      72.3    310.1
2023  2 25    56   12 40  0     79.38    0.2109E-02      69.1    312.1
2023  2 25    56   12 41  0     79.20    0.2171E-02      66.9    309.2
2023  2 25    56   12 42  0     79.03    0.2270E-02      65.4    299.4
2023  2 25    56   12 43  0     78.85    0.2303E-02      63.4    303.5
2023  2 25    56   12 44  0     78.67    0.2372E-02      61.2    298.3
2023  2 25    56   12 45  0     78.50    0.2471E-02      60.4    290.8
2023  2 25    56   12 46  0     78.33    0.2501E-02      60.4    298.8
2023  2 25    56   12 47  0     78.15    0.2578E-02      59.7    293.4
2023  2 25    56   12 48  0     77.98    0.2603E-02      58.2    296.3
2023  2 25    56   12 49  0     77.80    0.2676E-02      56.8    290.2
2023  2 25    56   12 50  0     77.63    0.2687E-02      55.4    296.1
2023  2 25    56   12 51  0     77.46    0.2761E-02      54.4    292.6
2023  2 25    56   12 52  0     77.28    0.2825E-02      54.0    294.9
2023  2 25    56   12 53  0     77.11    0.2961E-02      54.6    291.3
2023  2 25    56   12 54  0     76.94    0.3120E-02      55.8    288.3
2023  2 25    56   12 55  0     76.76    0.3230E-02      56.6    291.0
2023  2 25    56   12 56  0     76.59    0.3354E-02      56.9    290.6
2023  2 25    56   12 57  0     76.42    0.3475E-02      56.9    290.3
2023  2 25    56   12 58  0     76.25    0.3566E-02      56.4    291.8
2023  2 25    56   12 59  0     76.08    0.3673E-02      55.3    289.0
2023  2 25    56   13  0  0     75.90    0.3787E-02      54.6    289.0
2023  2 25    56   13  1  0     75.73    0.3992E-02      55.1    287.0
2023  2 25    56   13  2  0     75.56    0.4184E-02      55.9    288.3
2023  2 25    56   13  3  0     75.39    0.4348E-02      55.3    287.6
2023  2 25    56   13  4  0     75.22    0.4489E-02      53.9    284.6
2023  2 25    56   13  5  0     75.05    0.4693E-02      53.9    283.2
2023  2 25    56   13  6  0     74.88    0.4979E-02      56.1    285.8
2023  2 25    56   13  7  0     74.71    0.5439E-02      59.7    282.8
2023  2 25    56   13  8  0     74.54    0.5841E-02      63.0    282.7
2023  2 25    56   13  9  0     74.38    0.6114E-02      64.5    283.8
2023  2 25    56   13 10  0     74.21    0.6343E-02      63.8    281.8
2023  2 25    56   13 11  0     74.04    0.6512E-02      62.4    281.1
2023  2 25    56   13 12  0     73.87    0.6704E-02      61.3    281.4
2023  2 25    56   13 13  0     73.70    0.7020E-02      61.4    280.5
2023  2 25    56   13 14  0     73.53    0.7433E-02      62.7    280.4
2023  2 25    56   13 15  0     73.37    0.7976E-02      64.8    278.7
2023  2 25    56   13 16  0     73.20    0.8531E-02      67.2    277.7
2023  2 25    56   13 17  0     73.03    0.9094E-02      69.4    277.5
2023  2 25    56   13 18  0     72.87    0.9715E-02      72.0    277.0
2023  2 25    56   13 19  0     72.70    0.1038E-01      75.8    276.4
2023  2 25    56   13 20  0     72.54    0.1112E-01      81.5    275.9
2023  2 25    56   13 21  0     72.37    0.1178E-01      86.4    276.6
2023  2 25    56   13 22  0     72.21    0.1240E-01      91.6    277.0
2023  2 25    56   13 23  0     72.04    0.1288E-01      94.3    277.3
2023  2 25    56   13 24  0     71.88    0.1321E-01      95.9    278.3
2023  2 25    56   13 25  0     71.71    0.1333E-01      92.4    278.2
2023  2 25    56   13 26  0     71.55    0.1343E-01      89.5    278.5
2023  2 25    56   13 27  0     71.39    0.1358E-01      86.2    278.0
2023  2 25    56   13 28  0     71.22    0.1379E-01      84.9    278.0
2023  2 25    56   13 29  0     71.06    0.1410E-01      85.4    277.2
2023  2 25    56   13 30  0     70.90    0.1432E-01      84.5    277.5
2023  2 25    56   13 31  0     70.74    0.1437E-01      81.9    277.8
2023  2 25    56   13 32  0     70.57    0.1448E-01      79.1    277.4
2023  2 25    56   13 33  0     70.41    0.1464E-01      77.6    277.7
2023  2 25    56   13 34  0     70.25    0.1486E-01      76.3    276.8
2023  2 25    56   13 35  0     70.09    0.1499E-01      74.7    277.2
2023  2 25    56   13 36  0     69.93    0.1511E-01      72.8    277.6
2023  2 25    56   13 37  0     69.77    0.1510E-01      70.3    278.0
2023  2 25    56   13 38  0     69.61    0.1486E-01      66.4    278.2
2023  2 25    56   13 39  0     69.45    0.1467E-01      62.5    277.7
2023  2 25    56   13 40  0     69.29    0.1469E-01      60.8    278.3
2023  2 25    56   13 41  0     69.13    0.1499E-01      61.0    278.1
2023  2 25    56   13 42  0     68.98    0.1537E-01      61.9    278.5
2023  2 25    56   13 43  0     68.82    0.1565E-01      62.7    279.5
2023  2 25    56   13 44  0     68.66    0.1595E-01      63.3    280.0
2023  2 25    56   13 45  0     68.50    0.1623E-01      63.7    280.7
2023  2 25    56   13 46  0     68.35    0.1659E-01      64.5    281.3
2023  2 25    56   13 47  0     68.19    0.1687E-01      64.5    281.3
2023  2 25    56   13 48  0     68.04    0.1695E-01      63.6    281.6
2023  2 25    56   13 49  0     67.88    0.1696E-01      62.0    282.0
2023  2 25    56   13 50  0     67.73    0.1701E-01      60.2    281.8
2023  2 25    56   13 51  0     67.57    0.1703E-01      58.5    282.1
2023  2 25    56   13 52  0     67.42    0.1716E-01      57.0    281.4
2023  2 25    56   13 53  0     67.26    0.1735E-01      55.8    281.1
2023  2 25    56   13 54  0     67.11    0.1758E-01      55.1    281.2
2023  2 25    56   13 55  0     66.96    0.1775E-01      54.3    281.1
2023  2 25    56   13 56  0     66.80    0.1772E-01      52.5    280.9
2023  2 25    56   13 57  0     66.65    0.1790E-01      51.9    281.0
2023  2 25    56   13 58  0     66.50    0.1844E-01      53.1    281.4
2023  2 25    56   13 59  0     66.35    0.1882E-01      53.5    281.6
2023  2 25    56   14  0  0     66.20    0.1896E-01      52.4    281.6
2023  2 25    56   14  1  0     66.05    0.1931E-01      52.0    281.2
2023  2 25    56   14  2  0     65.90    0.1986E-01      52.3    281.1
2023  2 25    56   14  3  0     65.75    0.2082E-01      54.3    281.2
2023  2 25    56   14  4  0     65.60    0.2197E-01      56.9    281.2
2023  2 25    56   14  5  0     65.45    0.2272E-01      58.3    281.4
2023  2 25    56   14  6  0     65.30    0.2307E-01      58.3    281.5
2023  2 25    56   14  7  0     65.15    0.2319E-01      57.4    281.7
2023  2 25    56   14  8  0     65.00    0.2316E-01      56.0    282.1
2023  2 25    56   14  9  0     64.86    0.2312E-01      54.2    281.8
2023  2 25    56   14 10  0     64.71    0.2339E-01      53.4    281.7
2023  2 25    56   14 11  0     64.56    0.2392E-01      53.6    281.6
2023  2 25    56   14 12  0     64.42    0.2486E-01      54.9    281.3
2023  2 25    56   14 13  0     64.27    0.2653E-01      58.6    281.3
2023  2 25    56   14 14  0     64.13    0.2767E-01      60.8    281.1
2023  2 25    56   14 15  0     63.98    0.2730E-01      58.2    281.3
2023  2 25    56   14 16  0     63.84    0.2657E-01      54.3    281.2
2023  2 25    56   14 17  0     63.70    0.2662E-01      52.9    281.0
2023  2 25    56   14 18  0     63.55    0.2729E-01      53.8    281.1
2023  2 25    56   14 19  0     63.41    0.2774E-01      54.6    281.6
2023  2 25    56   14 20  0     63.27    0.2757E-01      53.7    282.0
2023  2 25    56   14 21  0     63.13    0.2696E-01      51.4    282.4
2023  2 25    56   14 22  0     62.99    0.2620E-01      48.6    282.5
2023  2 25    56   14 23  0     62.85    0.2573E-01      46.6    282.5
2023  2 25    56   14 24  0     62.71    0.2579E-01      45.9    282.7
2023  2 25    56   14 25  0     62.57    0.2624E-01      46.1    282.5
2023  2 25    56   14 26  0     62.43    0.2647E-01      45.5    282.4
2023  2 25    56   14 27  0     62.29    0.2707E-01      45.9    282.4
2023  2 25    56   14 28  0     62.16    0.2840E-01      48.3    282.6
2023  2 25    56   14 29  0     62.02    0.2996E-01      51.2    282.9
2023  2 25    56   14 30  0     61.88    0.3143E-01      53.6    283.4
2023  2 25    56   14 31  0     61.75    0.3239E-01      54.8    283.7
2023  2 25    56   14 32  0     61.61    0.3258E-01      54.6    284.3
2023  2 25    56   14 33  0     61.47    0.3241E-01      53.8    284.8
2023  2 25    56   14 34  0     61.34    0.3226E-01      53.3    285.5
2023  2 25    56   14 35  0     61.21    0.3162E-01      51.5    286.1
2023  2 25    56   14 36  0     61.07    0.3068E-01      48.8    286.4
2023  2 25    56   14 37  0     60.94    0.3019E-01      46.9    286.5
2023  2 25    56   14 38  0     60.81    0.2995E-01      45.3    286.4
2023  2 25    56   14 39  0     60.68    0.2942E-01      43.0    286.4
2023  2 25    56   14 40  0     60.55    0.2919E-01      41.1    285.8
2023  2 25    56   14 41  0     60.41    0.3045E-01      41.9    284.9
2023  2 25    56   14 42  0     60.28    0.3370E-01      46.7    284.0
2023  2 25    56   14 43  0     60.16    0.3706E-01      52.3    283.9
2023  2 25    56   14 44  0     60.03    0.3905E-01      56.1    284.6
2023  2 25    56   14 45  0     59.90    0.3882E-01      56.2    285.7
2023  2 25    56   14 46  0     59.77    0.3610E-01      51.8    286.9
2023  2 25    56   14 47  0     59.64    0.3246E-01      45.7    288.4
2023  2 25    56   14 48  0     59.52    0.2929E-01      40.1    289.4
2023  2 25    56   14 49  0     59.39    0.2737E-01      36.6    290.1
2023  2 25    56   14 50  0     59.27    0.2694E-01      35.4    290.1
2023  2 25    56   14 51  0     59.14    0.2741E-01      35.7    290.1
2023  2 25    56   14 52  0     59.02    0.2775E-01      35.7    290.1
2023  2 25    56   14 53  0     58.90    0.2804E-01      35.5    290.2
2023  2 25    56   14 54  0     58.77    0.2913E-01      36.5    290.0
2023  2 25    56   14 55  0     58.65    0.3009E-01      37.4    290.0
2023  2 25    56   14 56  0     58.53    0.3063E-01      37.5    289.9
2023  2 25    56   14 57  0     58.41    0.3101E-01      37.5    290.2
2023  2 25    56   14 58  0     58.29    0.3144E-01      37.6    290.3
2023  2 25    56   14 59  0     58.17    0.3228E-01      38.3    290.5
2023  2 25    56   15  0  0     58.05    0.3330E-01      39.3    290.4
2023  2 25    56   15  1  0     57.93    0.3427E-01      40.1    290.5
2023  2 25    56   15  2  0     57.82    0.3431E-01      39.6    291.0
2023  2 25    56   15  3  0     57.70    0.3453E-01      39.5    291.3
2023  2 25    56   15  4  0     57.58    0.3550E-01      40.6    291.5
2023  2 25    56   15  5  0     57.47    0.3604E-01      41.1    292.0
2023  2 25    56   15  6  0     57.35    0.3623E-01      40.9    292.3
2023  2 25    56   15  7  0     57.24    0.3642E-01      40.7    292.2
2023  2 25    56   15  8  0     57.12    0.3623E-01      40.0    292.2
2023  2 25    56   15  9  0     57.01    0.3590E-01      38.9    292.2
2023  2 25    56   15 10  0     56.90    0.3588E-01      38.2    292.1
2023  2 25    56   15 11  0     56.79    0.3672E-01      38.5    291.4
2023  2 25    56   15 12  0     56.68    0.3800E-01      39.5    290.8
2023  2 25    56   15 13  0     56.57    0.3864E-01      39.9    290.8
2023  2 25    56   15 14  0     56.46    0.3838E-01      39.1    291.0
2023  2 25    56   15 15  0     56.35    0.3868E-01      39.1    291.4
2023  2 25    56   15 16  0     56.24    0.4019E-01      40.5    291.3
2023  2 25    56   15 17  0     56.14    0.4197E-01      42.3    291.4
2023  2 25    56   15 18  0     56.03    0.4319E-01      43.1    291.4
2023  2 25    56   15 19  0     55.93    0.4436E-01      43.6    291.0
2023  2 25    56   15 20  0     55.82    0.4620E-01      45.1    290.7
2023  2 25    56   15 21  0     55.72    0.4722E-01      45.8    290.5
2023  2 25    56   15 22  0     55.61    0.4866E-01      47.6    291.0
2023  2 25    56   15 23  0     55.51    0.4669E-01      45.8    292.8
2023  2 25    56   15 24  0     55.41    0.4280E-01      41.6    294.9
2023  2 25    56   15 25  0     55.31    0.4153E-01      39.8    295.2
2023  2 25    56   15 26  0     55.21    0.4175E-01      39.9    295.2
2023  2 25    56   15 27  0     55.11    0.4113E-01      39.3    295.9
2023  2 25    56   15 28  0     55.01    0.3959E-01      37.7    296.9
2023  2 25    56   15 29  0     54.91    0.3685E-01      34.8    298.8
2023  2 25    56   15 30  0     54.81    0.3431E-01      32.1    300.0
2023  2 25    56   15 31  0     54.72    0.3273E-01      30.5    301.1
2023  2 25    56   15 32  0     54.62    0.3150E-01      29.3    302.0
2023  2 25    56   15 33  0     54.53    0.3100E-01      28.7    302.6
2023  2 25    56   15 34  0     54.43    0.3063E-01      28.2    302.8
2023  2 25    56   15 35  0     54.34    0.3078E-01      28.0    302.6
2023  2 25    56   15 36  0     54.25    0.3129E-01      28.2    301.9
2023  2 25    56   15 37  0     54.16    0.3099E-01      28.0    302.4
2023  2 25    56   15 38  0     54.07    0.2950E-01      26.8    304.2
2023  2 25    56   15 39  0     53.98    0.2827E-01      25.6    305.2
2023  2 25    56   15 40  0     53.89    0.2757E-01      24.9    305.9
2023  2 25    56   15 41  0     53.80    0.2761E-01      24.7    305.9
2023  2 25    56   15 42  0     53.71    0.2849E-01      25.2    305.4
2023  2 25    56   15 43  0     53.62    0.3006E-01      26.2    304.1
2023  2 25    56   15 44  0     53.54    0.3197E-01      27.5    303.1
2023  2 25    56   15 45  0     53.45    0.3442E-01      29.2    301.6
2023  2 25    56   15 46  0     53.37    0.3765E-01      31.5    300.0
2023  2 25    56   15 47  0     53.29    0.4037E-01      33.4    298.9
2023  2 25    56   15 48  0     53.21    0.4277E-01      35.2    298.1
2023  2 25    56   15 49  0     53.12    0.4565E-01      37.3    297.4
2023  2 25    56   15 50  0     53.04    0.4912E-01      39.8    296.5
2023  2 25    56   15 51  0     52.96    0.5316E-01      42.9    296.3
2023  2 25    56   15 52  0     52.89    0.5699E-01      45.8    295.6
2023  2 25    56   15 53  0     52.81    0.5841E-01      46.9    295.8
2023  2 25    56   15 54  0     52.73    0.6178E-01      49.3    294.8
2023  2 25    56   15 55  0     52.65    0.6880E-01      54.7    293.0
2023  2 25    56   15 56  0     52.58    0.7557E-01      60.1    291.6
2023  2 25    56   15 57  0     52.51    0.7882E-01      62.8    291.5
2023  2 25    56   15 58  0     52.43    0.7964E-01      63.9    292.1
2023  2 25    56   15 59  0     52.36    0.7829E-01      62.4    292.7
2023  2 25    56   16  0  0     52.29    0.7952E-01      63.1    292.7
2023  2 25    56   16  1  0     52.22    0.8323E-01      66.4    292.2
2023  2 25    56   16  2  0     52.15    0.8273E-01      65.2    292.1
2023  2 25    56   16  3  0     52.08    0.7699E-01      59.6    293.0
2023  2 25    56   16  4  0     52.01    0.7151E-01      54.4    294.0
2023  2 25    56   16  5  0     51.95    0.7033E-01      53.3    295.2
2023  2 25    56   16  6  0     51.88    0.7130E-01      53.8    295.2
2023  2 25    56   16  7  0     51.81    0.7366E-01      54.6    294.0
2023  2 25    56   16  8  0     51.75    0.7901E-01      57.7    292.7
2023  2 25    56   16  9  0     51.69    0.8571E-01      62.6    291.4
2023  2 25    56   16 10  0     51.63    0.9358E-01      69.7    290.9
2023  2 25    56   16 11  0     51.56    0.1040E+00      81.0    290.8
2023  2 25    56   16 12  0     51.50    0.1067E+00      84.3    291.0
2023  2 25    56   16 13  0     51.44    0.9256E-01      69.5    291.8
2023  2 25    56   16 14  0     51.39    0.8149E-01      59.6    293.3
2023  2 25    56   16 15  0     51.33    0.7489E-01      53.9    294.3
2023  2 25    56   16 16  0     51.27    0.7282E-01      51.3    294.2
2023  2 25    56   16 17  0     51.22    0.7527E-01      52.6    293.3
2023  2 25    56   16 18  0     51.16    0.7496E-01      52.7    293.6
2023  2 25    56   16 19  0     51.11    0.6993E-01      49.4    295.3
2023  2 25    56   16 20  0     51.06    0.6649E-01      47.0    296.5
2023  2 25    56   16 21  0     51.01    0.6786E-01      47.9    295.9
2023  2 25    56   16 22  0     50.96    0.6980E-01      49.3    295.9
2023  2 25    56   16 23  0     50.90    0.7097E-01      50.1    296.4
2023  2 25    56   16 24  0     50.86    0.7481E-01      52.3    295.7
2023  2 25    56   16 25  0     50.81    0.8116E-01      56.8    293.8
2023  2 25    56   16 26  0     50.76    0.8488E-01      59.4    293.4
2023  2 25    56   16 27  0     50.72    0.8579E-01      59.8    293.4
2023  2 25    56   16 28  0     50.67    0.8780E-01      60.9    293.2
2023  2 25    56   16 29  0     50.63    0.8814E-01      60.6    293.0
2023  2 25    56   16 30  0     50.59    0.8574E-01      58.4    293.2
2023  2 25    56   16 31  0     50.54    0.8338E-01      56.4    293.6
2023  2 25    56   16 32  0     50.50    0.8221E-01      55.2    293.6
2023  2 25    56   16 33  0     50.46    0.8302E-01      56.0    293.3
2023  2 25    56   16 34  0     50.43    0.8104E-01      55.2    294.3
2023  2 25    56   16 35  0     50.39    0.7610E-01      52.1    295.8
2023  2 25    56   16 36  0     50.35    0.7232E-01      49.4    296.6
2023  2 25    56   16 37  0     50.32    0.7150E-01      48.7    296.8
2023  2 25    56   16 38  0     50.28    0.7301E-01      49.5    296.4
2023  2 25    56   16 39  0     50.25    0.7526E-01      50.9    295.8
2023  2 25    56   16 40  0     50.22    0.7817E-01      53.2    295.6
2023  2 25    56   16 41  0     50.19    0.8111E-01      55.4    295.5
2023  2 25    56   16 42  0     50.16    0.8192E-01      56.1    295.6
2023  2 25    56   16 43  0     50.13    0.7935E-01      54.0    296.2
2023  2 25    56   16 44  0     50.10    0.7652E-01      51.9    297.0
2023  2 25    56   16 45  0     50.07    0.7513E-01      50.8    297.5
2023  2 25    56   16 46  0     50.05    0.7463E-01      50.5    298.0
2023  2 25    56   16 47  0     50.02    0.7425E-01      50.5    298.5
2023  2 25    56   16 48  0     50.00    0.7401E-01      50.7    299.0
2023  2 25    56   16 49  0     49.97    0.7441E-01      51.0    298.8
2023  2 25    56   16 50  0     49.95    0.7511E-01      51.7    298.7
2023  2 25    56   16 51  0     49.93    0.7459E-01      51.5    299.1
2023  2 25    56   16 52  0     49.91    0.7315E-01      50.5    299.7
2023  2 25    56   16 53  0     49.89    0.7173E-01      49.2    300.0
2023  2 25    56   16 54  0     49.88    0.7050E-01      48.1    300.5
2023  2 25    56   16 55  0     49.86    0.7092E-01      48.4    300.6
2023  2 25    56   16 56  0     49.84    0.7222E-01      49.3    300.5
2023  2 25    56   16 57  0     49.83    0.7352E-01      50.2    300.2
2023  2 25    56   16 58  0     49.82    0.7476E-01      50.8    299.8
2023  2 25    56   16 59  0     49.80    0.7453E-01      50.0    299.4
2023  2 25    56   17  0  0     49.79    0.7262E-01      48.1    299.6
2023  2 25    56   17  1  0     49.78    0.6989E-01      46.2    300.3
2023  2 25    56   17  2  0     49.78    0.6686E-01      44.4    301.1
2023  2 25    56   17  3  0     49.77    0.6466E-01      43.0    301.4
2023  2 25    56   17  4  0     49.76    0.6206E-01      41.3    302.0
2023  2 25    56   17  5  0     49.76    0.5925E-01      39.6    302.8
2023  2 25    56   17  6  0     49.75    0.5647E-01      38.0    303.7
2023  2 25    56   17  7  0     49.75    0.5385E-01      36.6    304.9
2023  2 25    56   17  8  0     49.74    0.5418E-01      37.3    305.3
2023  2 25    56   17  9  0     49.74    0.5934E-01      41.2    303.9
2023  2 25    56   17 10  0     49.74    0.6791E-01      47.4    301.9
2023  2 25    56   17 11  0     49.74    0.7742E-01      54.2    300.1
2023  2 25    56   17 12  0     49.75    0.8672E-01      60.7    298.5
2023  2 25    56   17 13  0     49.75    0.9341E-01      65.5    297.7
2023  2 25    56   17 14  0     49.75    0.9393E-01      65.6    297.5
2023  2 25    56   17 15  0     49.76    0.9187E-01      64.1    297.8
2023  2 25    56   17 16  0     49.76    0.8784E-01      61.0    298.1
2023  2 25    56   17 17  0     49.77    0.8160E-01      56.0    298.8
2023  2 25    56   17 18  0     49.78    0.7593E-01      51.7    299.7
2023  2 25    56   17 19  0     49.79    0.7228E-01      48.9    300.2
2023  2 25    56   17 20  0     49.80    0.6978E-01      47.0    300.3
2023  2 25    56   17 21  0     49.81    0.6590E-01      44.2    300.9
2023  2 25    56   17 22  0     49.82    0.6131E-01      41.0    301.8
2023  2 25    56   17 23  0     49.83    0.5767E-01      38.6    302.7
2023  2 25    56   17 24  0     49.85    0.5554E-01      37.2    303.1
2023  2 25    56   17 25  0     49.86    0.5502E-01      36.7    302.9
2023  2 25    56   17 26  0     49.88    0.5529E-01      36.6    302.2
2023  2 25    56   17 27  0     49.90    0.5601E-01      36.8    301.2
2023  2 25    56   17 28  0     49.92    0.5557E-01      36.3    300.7
2023  2 25    56   17 29  0     49.94    0.5379E-01      35.2    301.0
2023  2 25    56   17 30  0     49.96    0.5275E-01      34.8    301.9
2023  2 25    56   17 31  0     49.98    0.5376E-01      35.7    302.0
2023  2 25    56   17 32  0     50.00    0.5633E-01      37.6    301.4
2023  2 25    56   17 33  0     50.03    0.5827E-01      39.0    301.0
2023  2 25    56   17 34  0     50.05    0.5822E-01      39.1    301.3
2023  2 25    56   17 35  0     50.08    0.5697E-01      38.5    302.1
2023  2 25    56   17 36  0     50.10    0.5477E-01      37.3    302.9
2023  2 25    56   17 37  0     50.13    0.5183E-01      35.5    304.1
2023  2 25    56   17 38  0     50.16    0.4854E-01      33.6    305.6
2023  2 25    56   17 39  0     50.19    0.4643E-01      32.3    306.4
2023  2 25    56   17 40  0     50.22    0.4557E-01      31.9    306.6
2023  2 25    56   17 41  0     50.25    0.4478E-01      31.5    307.1
2023  2 25    56   17 42  0     50.29    0.4339E-01      30.6    307.4
2023  2 25    56   17 43  0     50.32    0.4128E-01      29.4    308.7
2023  2 25    56   17 44  0     50.36    0.3903E-01      28.1    310.1
2023  2 25    56   17 45  0     50.40    0.3787E-01      27.3    310.6
2023  2 25    56   17 46  0     50.43    0.3805E-01      27.3    309.6
2023  2 25    56   17 47  0     50.47    0.3879E-01      27.5    307.8
2023  2 25    56   17 48  0     50.51    0.3928E-01      27.6    306.6
2023  2 25    56   17 49  0     50.55    0.3904E-01      27.3    306.4
2023  2 25    56   17 50  0     50.59    0.3869E-01      27.1    306.7
2023  2 25    56   17 51  0     50.64    0.3851E-01      27.1    307.4
2023  2 25    56   17 52  0     50.68    0.3905E-01      27.6    307.6
2023  2 25    56   17 53  0     50.73    0.4065E-01      28.8    306.7
2023  2 25    56   17 54  0     50.77    0.4208E-01      30.0    306.4
2023  2 25    56   17 55  0     50.82    0.4322E-01      31.0    306.4
2023  2 25    56   17 56  0     50.87    0.4428E-01      32.0    306.4
2023  2 25    56   17 57  0     50.92    0.4459E-01      32.5    306.8
2023  2 25    56   17 58  0     50.96    0.4435E-01      32.5    307.4
2023  2 25    56   17 59  0     51.01    0.4388E-01      32.4    307.6
2023  2 25    56   18  0  0     51.07    0.4366E-01      32.4    307.3
2023  2 25    56   18  1  0     51.12    0.4346E-01      32.2    306.7
2023  2 25    56   18  2  0     51.17    0.4262E-01      31.5    306.4
2023  2 25    56   18  3  0     51.23    0.4196E-01      30.9    306.1
2023  2 25    56   18  4  0     51.28    0.4217E-01      31.1    305.8
2023  2 25    56   18  5  0     51.34    0.4301E-01      31.9    305.8
2023  2 25    56   18  6  0     51.40    0.4419E-01      33.0    305.8
2023  2 25    56   18  7  0     51.46    0.4563E-01      34.4    305.6
2023  2 25    56   18  8  0     51.52    0.4768E-01      36.0    305.1
2023  2 25    56   18  9  0     51.58    0.5047E-01      38.0    303.9
2023  2 25    56   18 10  0     51.64    0.5358E-01      40.1    302.7
2023  2 25    56   18 11  0     51.70    0.5616E-01      41.8    301.9
2023  2 25    56   18 12  0     51.76    0.5822E-01      43.2    301.3
2023  2 25    56   18 13  0     51.83    0.6033E-01      44.7    300.7
2023  2 25    56   18 14  0     51.89    0.6199E-01      46.0    300.0
2023  2 25    56   18 15  0     51.96    0.6246E-01      46.2    299.3
2023  2 25    56   18 16  0     52.03    0.6216E-01      46.0    298.6
2023  2 25    56   18 17  0     52.09    0.6093E-01      45.2    298.5
2023  2 25    56   18 18  0     52.16    0.5971E-01      44.9    299.1
2023  2 25    56   18 19  0     52.23    0.6062E-01      46.5    299.4
2023  2 25    56   18 20  0     52.30    0.6274E-01      48.7    299.0
2023  2 25    56   18 21  0     52.37    0.6405E-01      50.3    298.8
2023  2 25    56   18 22  0     52.45    0.6520E-01      51.8    298.5
2023  2 25    56   18 23  0     52.52    0.6532E-01      51.6    298.4
2023  2 25    56   18 24  0     52.60    0.6752E-01      53.8    298.1
2023  2 25    56   18 25  0     52.67    0.7220E-01      58.6    297.5
2023  2 25    56   18 26  0     52.75    0.7580E-01      61.8    296.6
2023  2 25    56   18 27  0     52.82    0.7586E-01      61.6    296.4
2023  2 25    56   18 28  0     52.90    0.7429E-01      60.7    296.9
2023  2 25    56   18 29  0     52.98    0.7324E-01      60.4    297.4
2023  2 25    56   18 30  0     53.06    0.7240E-01      60.5    297.5
2023  2 25    56   18 31  0     53.14    0.7128E-01      61.1    298.3
2023  2 25    56   18 32  0     53.22    0.6852E-01      59.8    299.6
2023  2 25    56   18 33  0     53.30    0.6718E-01      59.4    300.0
2023  2 25    56   18 34  0     53.39    0.6607E-01      57.9    299.7
2023  2 25    56   18 35  0     53.47    0.6441E-01      56.1    299.8
2023  2 25    56   18 36  0     53.56    0.6230E-01      54.5    300.4
2023  2 25    56   18 37  0     53.64    0.6156E-01      54.2    300.6
2023  2 25    56   18 38  0     53.73    0.6211E-01      55.1    300.4
2023  2 25    56   18 39  0     53.82    0.6208E-01      55.5    300.1
2023  2 25    56   18 40  0     53.90    0.6224E-01      56.5    300.1
2023  2 25    56   18 41  0     53.99    0.6363E-01      59.0    300.3
2023  2 25    56   18 42  0     54.08    0.6455E-01      60.5    300.4
2023  2 25    56   18 43  0     54.17    0.6454E-01      60.9    300.5
2023  2 25    56   18 44  0     54.26    0.6474E-01      61.9    300.5
2023  2 25    56   18 45  0     54.36    0.6432E-01      61.8    300.4
2023  2 25    56   18 46  0     54.45    0.6276E-01      59.9    300.4
2023  2 25    56   18 47  0     54.55    0.6145E-01      58.9    300.5
2023  2 25    56   18 48  0     54.64    0.6047E-01      57.7    300.3
2023  2 25    56   18 49  0     54.74    0.6081E-01      58.4    300.2
2023  2 25    56   18 50  0     54.83    0.6302E-01      61.6    300.1
2023  2 25    56   18 51  0     54.93    0.6478E-01      63.9    299.6
2023  2 25    56   18 52  0     55.03    0.6484E-01      64.2    299.2
2023  2 25    56   18 53  0     55.13    0.6415E-01      64.1    299.6
2023  2 25    56   18 54  0     55.23    0.6470E-01      65.9    299.6
2023  2 25    56   18 55  0     55.33    0.6470E-01      66.4    299.4
2023  2 25    56   18 56  0     55.43    0.6410E-01      65.8    299.1
2023  2 25    56   18 57  0     55.53    0.6352E-01      65.3    299.0
2023  2 25    56   18 58  0     55.63    0.6300E-01      65.6    299.0
2023  2 25    56   18 59  0     55.74    0.6189E-01      65.0    299.1
2023  2 25    56   19  0  0     55.84    0.5993E-01      63.6    299.3
2023  2 25    56   19  1  0     55.94    0.5741E-01      61.4    299.8
2023  2 25    56   19  2  0     56.05    0.5435E-01      58.5    300.3
2023  2 25    56   19  3  0     56.16    0.5321E-01      58.5    300.8
2023  2 25    56   19  4  0     56.26    0.5394E-01      60.7    301.1
2023  2 25    56   19  5  0     56.37    0.5528E-01      62.8    300.8
2023  2 25    56   19  6  0     56.48    0.5650E-01      64.6    300.4
2023  2 25    56   19  7  0     56.59    0.5589E-01      63.9    300.1
2023  2 25    56   19  8  0     56.70    0.5461E-01      62.5    300.0
2023  2 25    56   19  9  0     56.81    0.5325E-01      61.1    299.9
2023  2 25    56   19 10  0     56.92    0.5213E-01      60.4    300.0
2023  2 25    56   19 11  0     57.03    0.5108E-01      59.9    300.1
2023  2 25    56   19 12  0     57.15    0.5011E-01      59.7    300.3
2023  2 25    56   19 13  0     57.26    0.4980E-01      60.5    300.5
2023  2 25    56   19 14  0     57.37    0.4990E-01      62.1    301.0
2023  2 25    56   19 15  0     57.49    0.5054E-01      64.9    301.4
2023  2 25    56   19 16  0     57.60    0.5068E-01      66.6    301.9
2023  2 25    56   19 17  0     57.72    0.5120E-01      68.8    301.9
2023  2 25    56   19 18  0     57.84    0.5040E-01      68.1    301.9
2023  2 25    56   19 19  0     57.95    0.4863E-01      66.4    302.3
2023  2 25    56   19 20  0     58.07    0.4741E-01      66.0    302.9
2023  2 25    56   19 21  0     58.19    0.4738E-01      67.1    302.9
2023  2 25    56   19 22  0     58.31    0.4729E-01      67.1    302.4
2023  2 25    56   19 23  0     58.43    0.4733E-01      67.5    302.3
2023  2 25    56   19 24  0     58.55    0.4807E-01      69.5    301.9
2023  2 25    56   19 25  0     58.67    0.4822E-01      70.2    301.6
2023  2 25    56   19 26  0     58.80    0.4757E-01      69.5    301.1
2023  2 25    56   19 27  0     58.92    0.4652E-01      68.3    300.9
2023  2 25    56   19 28  0     59.04    0.4582E-01      67.7    300.8
2023  2 25    56   19 29  0     59.17    0.4513E-01      66.9    300.7
2023  2 25    56   19 30  0     59.29    0.4459E-01      67.0    300.6
2023  2 25    56   19 31  0     59.42    0.4427E-01      67.4    300.7
2023  2 25    56   19 32  0     59.54    0.4431E-01      68.3    300.9
2023  2 25    56   19 33  0     59.67    0.4441E-01      69.6    301.0
2023  2 25    56   19 34  0     59.79    0.4443E-01      70.6    300.9
2023  2 25    56   19 35  0     59.92    0.4430E-01      70.8    300.6
2023  2 25    56   19 36  0     60.05    0.4411E-01      71.2    300.4
2023  2 25    56   19 37  0     60.18    0.4426E-01      72.2    300.1
2023  2 25    56   19 38  0     60.31    0.4459E-01      74.1    300.1
2023  2 25    56   19 39  0     60.44    0.4483E-01      75.8    300.1
2023  2 25    56   19 40  0     60.57    0.4465E-01      75.6    299.5
2023  2 25    56   19 41  0     60.70    0.4405E-01      74.5    299.1
2023  2 25    56   19 42  0     60.83    0.4303E-01      73.7    299.1
2023  2 25    56   19 43  0     60.96    0.4253E-01      75.1    299.3
2023  2 25    56   19 44  0     61.10    0.4255E-01      77.1    299.1
2023  2 25    56   19 45  0     61.23    0.4150E-01      74.2    298.7
2023  2 25    56   19 46  0     61.36    0.4123E-01      75.5    298.9
2023  2 25    56   19 47  0     61.50    0.4065E-01      75.9    299.1
2023  2 25    56   19 48  0     61.63    0.4022E-01      76.7    299.4
2023  2 25    56   19 49  0     61.77    0.3992E-01      77.6    299.4
2023  2 25    56   19 50  0     61.91    0.3940E-01      77.2    299.1
2023  2 25    56   19 51  0     62.04    0.3936E-01      79.4    299.4
2023  2 25    56   19 52  0     62.18    0.3969E-01      82.6    299.4
2023  2 25    56   19 53  0     62.32    0.3969E-01      84.5    299.4
2023  2 25    56   19 54  0     62.46    0.3963E-01      85.9    299.2
2023  2 25    56   19 55  0     62.59    0.3940E-01      86.1    298.7
2023  2 25    56   19 56  0     62.73    0.3842E-01      82.4    298.1
2023  2 25    56   19 57  0     62.87    0.3756E-01      80.1    297.8
2023  2 25    56   19 58  0     63.01    0.3878E-01      91.5    298.9
2023  2 25    56   19 59  0     63.15    0.3802E-01      91.2    299.1
2023  2 25    56   20  0  0     63.30    0.3730E-01      90.5    299.2
2023  2 25    56   20  1  0     63.44    0.3657E-01      89.8    299.0
2023  2 25    56   20  2  0     63.58    0.3597E-01      90.7    299.3
2023  2 25    56   20  3  0     63.72    0.3490E-01      87.7    299.1
2023  2 25    56   20  4  0     63.87    0.3329E-01      81.4    298.4
2023  2 25    56   20  5  0     64.01    0.3173E-01      75.6    297.0
2023  2 25    56   20  6  0     64.15    0.3099E-01      76.9    297.9
2023  2 25    56   20  7  0     64.30    0.3067E-01      81.2    298.9
2023  2 25    56   20  8  0     64.44    0.3034E-01      84.8    299.9
2023  2 25    56   20  9  0     64.59    0.2978E-01      83.6    300.3
2023  2 25    56   20 10  0     64.74    0.3002E-01      85.8    299.8
2023  2 25    56   20 11  0     64.88    0.2935E-01      82.9    299.2
2023  2 25    56   20 12  0     65.03    0.2866E-01      80.7    298.5
2023  2 25    56   20 13  0     65.18    0.2815E-01      80.1    297.9
2023  2 25    56   20 14  0     65.32    0.2763E-01      81.6    298.4
2023  2 25    56   20 15  0     65.47    0.2693E-01      83.0    299.1
2023  2 25    56   20 16  0     65.62    0.2617E-01      82.1    299.1
2023  2 25    56   20 17  0     65.77    0.2517E-01      78.8    299.1
2023  2 25    56   20 18  0     65.92    0.2471E-01      78.7    299.3
2023  2 25    56   20 19  0     66.07    0.2455E-01      79.7    298.7
2023  2 25    56   20 20  0     66.22    0.2461E-01      84.0    298.8
2023  2 25    56   20 21  0     66.37    0.2410E-01      84.3    299.2
2023  2 25    56   20 22  0     66.52    0.2346E-01      83.4    299.4
2023  2 25    56   20 23  0     66.68    0.2283E-01      82.4    299.2
2023  2 25    56   20 24  0     66.83    0.2218E-01      81.8    299.3
2023  2 25    56   20 25  0     66.98    0.2151E-01      80.9    299.3
2023  2 25    56   20 26  0     67.13    0.2083E-01      79.8    299.0
2023  2 25    56   20 27  0     67.29    0.2014E-01      78.7    299.3
2023  2 25    56   20 28  0     67.44    0.1959E-01      78.7    299.3
2023  2 25    56   20 29  0     67.60    0.1909E-01      78.3    299.5
2023  2 25    56   20 30  0     67.75    0.1869E-01      77.8    299.4
2023  2 25    56   20 31  0     67.91    0.1822E-01      77.2    299.4
2023  2 25    56   20 32  0     68.06    0.1775E-01      76.9    299.5
2023  2 25    56   20 33  0     68.22    0.1725E-01      76.1    299.5
2023  2 25    56   20 34  0     68.37    0.1675E-01      75.2    299.4
2023  2 25    56   20 35  0     68.53    0.1625E-01      74.6    299.2
2023  2 25    56   20 36  0     68.69    0.1577E-01      74.0    299.4
2023  2 25    56   20 37  0     68.84    0.1531E-01      73.3    299.3
2023  2 25    56   20 38  0     69.00    0.1490E-01      73.0    299.1
2023  2 25    56   20 39  0     69.16    0.1452E-01      72.6    299.2
2023  2 25    56   20 40  0     69.32    0.1414E-01      72.2    298.7
2023  2 25    56   20 41  0     69.48    0.1367E-01      71.4    298.9
2023  2 25    56   20 42  0     69.64    0.1311E-01      70.5    299.2
2023  2 25    56   20 43  0     69.80    0.1256E-01      70.0    300.0
2023  2 25    56   20 44  0     69.96    0.1222E-01      69.5    299.5
2023  2 25    56   20 45  0     70.12    0.1191E-01      69.3    299.5
2023  2 25    56   20 46  0     70.28    0.1153E-01      69.4    300.3
2023  2 25    56   20 47  0     70.44    0.1128E-01      70.0    301.0
2023  2 25    56   20 48  0     70.60    0.1117E-01      70.5    299.5
2023  2 25    56   20 49  0     70.76    0.1094E-01      70.8    299.5
2023  2 25    56   20 50  0     70.92    0.1066E-01      71.1    300.4
2023  2 25    56   20 51  0     71.09    0.1031E-01      70.9    300.4
2023  2 25    56   20 52  0     71.25    0.9982E-02      70.9    300.3
2023  2 25    56   20 53  0     71.41    0.9755E-02      71.4    300.8
2023  2 25    56   20 54  0     71.57    0.9495E-02      71.6    301.2
2023  2 25    56   20 55  0     71.74    0.9134E-02      70.9    301.1
2023  2 25    56   20 56  0     71.90    0.8677E-02      69.6    301.6
2023  2 25    56   20 57  0     72.07    0.8348E-02      69.3    302.1
2023  2 25    56   20 58  0     72.23    0.8247E-02      70.0    301.9
2023  2 25    56   20 59  0     72.40    0.8105E-02      71.0    302.6
2023  2 25    56   21  0  0     72.56    0.7974E-02      72.1    302.7
2023  2 25    56   21  1  0     72.73    0.7878E-02      73.2    302.7
2023  2 25    56   21  2  0     72.89    0.7754E-02      74.0    302.5
2023  2 25    56   21  3  0     73.06    0.7595E-02      74.6    302.9
2023  2 25    56   21  4  0     73.23    0.7472E-02      75.0    300.6
2023  2 25    56   21  5  0     73.39    0.7244E-02      74.5    300.6
2023  2 25    56   21  6  0     73.56    0.6983E-02      74.2    302.0
2023  2 25    56   21  7  0     73.73    0.6861E-02      75.3    301.6
2023  2 25    56   21  8  0     73.89    0.6747E-02      76.4    301.5
2023  2 25    56   21  9  0     74.06    0.6592E-02      76.7    300.8
2023  2 25    56   21 10  0     74.23    0.6388E-02      76.2    299.6
2023  2 25    56   21 11  0     74.40    0.6066E-02      75.7    301.5
2023  2 25    56   21 12  0     74.57    0.5844E-02      76.6    303.8
2023  2 25    56   21 13  0     74.74    0.5900E-02      79.0    300.5
2023  2 25    56   21 14  0     74.91    0.5961E-02      80.7    297.1
2023  2 25    56   21 15  0     75.08    0.5829E-02      81.0    298.3
2023  2 25    56   21 16  0     75.25    0.5658E-02      81.2    299.7
2023  2 25    56   21 17  0     75.42    0.5544E-02      81.3    296.9
2023  2 25    56   21 18  0     75.59    0.5334E-02      81.4    298.9
2023  2 25    56   21 19  0     75.76    0.5166E-02      81.4    297.5
2023  2 25    56   21 20  0     75.93    0.5008E-02      82.3    297.4
2023  2 25    56   21 21  0     76.10    0.4879E-02      83.8    297.0
2023  2 25    56   21 22  0     76.27    0.4674E-02      84.7    302.6
2023  2 25    56   21 23  0     76.44    0.4550E-02      85.6    300.8
2023  2 25    56   21 24  0     76.61    0.4417E-02      86.3    299.5
2023  2 25    56   21 25  0     76.79    0.4199E-02      86.1    303.7
2023  2 25    56   21 26  0     76.96    0.4017E-02      85.3    301.7
2023  2 25    56   21 27  0     77.13    0.3832E-02      84.8    303.5
2023  2 25    56   21 28  0     77.30    0.3693E-02      84.6    303.0
2023  2 25    56   21 29  0     77.48    0.3543E-02      83.9    302.9
2023  2 25    56   21 30  0     77.65    0.3389E-02      83.6    305.0
2023  2 25    56   21 31  0     77.83    0.3282E-02      83.9    301.7
2023  2 25    56   21 32  0     78.00    0.3143E-02      84.3    304.2
2023  2 25    56   21 33  0     78.17    0.3013E-02      84.1    305.6
2023  2 25    56   21 34  0     78.35    0.2871E-02      83.3    308.2
2023  2 25    56   21 35  0     78.52    0.2711E-02      82.3    310.2
2023  2 25    56   21 36  0     78.70    0.2558E-02      81.5    310.1
2023  2 25    56   21 37  0     78.87    0.2369E-02      79.9    320.1
2023  2 25    56   21 38  0     79.05    0.2237E-02      79.1    321.0
2023  2 25    56   21 39  0     79.22    0.2077E-02      76.4    320.4
2023  2 25    56   21 40  0     79.40    0.1877E-02      73.5    332.6
2023  2 25    56   21 41  0     79.58    0.1722E-02      71.2    334.7
2023  2 25    56   21 42  0     79.75    0.1534E-02      69.5    362.8
2023  2 25    56   21 43  0     79.93    0.1404E-02      67.7    376.7
2023  2 25    56   21 44  0     80.10    0.1298E-02      66.0    380.7
2023  2 25    56   21 45  0     80.28    0.1157E-02      63.8    427.7
2023  2 25    56   21 46  0     80.46    0.1094E-02      61.2    398.1
2023  2 25    56   21 47  0     80.64    0.1018E-02      59.7    401.2
2023  2 25    56   21 48  0     80.81    0.9338E-03      60.1    457.8
2023  2 25    56   21 49  0     80.99    0.9312E-03      62.7    454.9
2023  2 25    56   21 50  0     81.17    0.9527E-03      65.7    437.5
2023  2 25    56   21 51  0     81.35    0.9601E-03      67.9    412.9
2023  2 25    56   21 52  0     81.52    0.9188E-03      68.9    419.5
2023  2 25    56   21 53  0     81.70    0.8702E-03      67.9    403.2
2023  2 25    56   21 54  0     81.88    0.7302E-03      66.1    518.7
2023  2 25    56   21 55  0     82.06    0.6659E-03      64.5    530.2
2023  2 25    56   21 56  0     82.24    0.6198E-03      64.0    534.2
2023  2 25    56   21 57  0     82.42    0.5834E-03      65.2    559.2
2023  2 25    56   21 58  0     82.60    0.5719E-03      66.8    523.5
2023  2 25    56   21 59  0     82.78    0.5447E-03      67.6    535.5
2023  2 25    56   22  0  0     82.96    0.4830E-03      67.6    618.4
2023  2 25    56   22  1  0     83.14    0.4509E-03      67.2    604.8
2023  2 25    56   22  2  0     83.32    0.3998E-03      68.1    -99.9
2023  2 25    56   22  3  0     83.50    0.4056E-03      69.3    625.1
2023  2 25    56   22  4  0     83.68    0.3446E-03      69.8    -99.9
2023  2 25    56   22  5  0     83.86    0.3165E-03      69.0    -99.9
2023  2 25    56   22  6  0     84.04    0.2620E-03      68.4    -99.9
2023  2 25    56   22  7  0     84.22    0.2112E-03      69.5    -99.9
2023  2 25    56   22  8  0     84.40    0.2384E-03      71.7    -99.9
2023  2 25    56   22  9  0     84.58    0.2520E-03      73.9    -99.9
2023  2 25    56   22 10  0     84.76    0.2038E-03      75.3    -99.9
2023  2 25    56   22 11  0     84.94    0.1912E-03      79.1    -99.9
2023  2 25    56   22 12  0     85.13    0.2126E-03      83.4    -99.9
2023  2 25    56   22 13  0     85.31    0.2082E-03      86.9    -99.9
2023  2 25    56   22 14  0     85.49    0.2268E-03      89.5    -99.9
2023  2 25    56   22 15  0     85.67    0.2121E-03      90.4    -99.9
2023  2 25    56   22 16  0     85.85    0.1354E-03      88.4    -99.9
2023  2 25    56   22 17  0     86.04    0.1239E-03      83.9    -99.9
2023  2 25    56   22 18  0     86.22    0.7068E-04      79.0    -99.9
2023  2 25    56   22 19  0     86.40    0.4110E-04      74.7    -99.9
2023  2 25    56   22 20  0     86.58   -0.1475E-04      70.8    -99.9
2023  2 25    56   22 21  0     86.77   -0.3265E-04      67.5    -99.9
2023  2 25    56   22 22  0     86.95   -0.4878E-04      65.2    -99.9
2023  2 25    56   22 23  0     87.13   -0.5661E-04      65.3    -99.9
2023  2 25    56   22 24  0     87.32   -0.8102E-04      66.5    -99.9
2023  2 25    56   22 25  0     87.50   -0.7479E-04      66.4    -99.9
2023  2 25    56   22 26  0     87.68   -0.1073E-03      63.1    -99.9
2023  2 25    56   22 27  0     87.87   -0.1387E-03      57.2    -99.9
2023  2 25    56   22 28  0     88.05   -0.1389E-03      52.2    -99.9
2023  2 25    56   22 29  0     88.24   -0.1830E-03      49.9    -99.9
2023  2 25    56   22 30  0     88.42   -0.1846E-03      50.0    -99.9
2023  2 25    56   22 31  0     88.61   -0.1833E-03      49.7    -99.9
2023  2 25    56   22 32  0     88.79   -0.2128E-03      48.1    -99.9
2023  2 25    56   22 33  0     88.97   -0.2309E-03      47.2    -99.9
2023  2 25    56   22 34  0     89.16   -0.2223E-03      48.3    -99.9
2023  2 25    56   22 35  0     89.34   -0.2032E-03      50.9    -99.9
2023  2 25    56   22 36  0     89.53   -0.1872E-03      54.0    -99.9
2023  2 25    56   22 37  0     89.71   -0.1908E-03      58.2    -99.9
2023  2 25    56   22 38  0     89.90   -0.1953E-03      59.6    -99.9
