                            NILUUV 115

Uvpro Version 2.0
Latitude :   40.74 (North)
Longitude:  -74.03  (West)
Calibration file: cf100603a.115
Height above sea level:    40.0  m
CLT derived from channel 5
CLT scale factor used:   1.0
Ozone derived from channel pair ch3/ch1
Ozone scale factor used:   1.0
Drift factors ch1-ch6:   0.401  0.383  0.568  0.566  0.369  0.917
Ozone profile climatology: Mid  Latitude
Dose type:    CLW    Caldwell Plant 1971           

yyyy mm dd   jul   hh mm ss      SZA     dose rate       clt     Ozone
                              [degrees]   [W/m^2]        [%]     [DU]
2019  5 21   141    0  0  0     88.88    0.1238E-02     158.1     50.7
2019  5 21   141    0  1  0     89.05    0.1224E-02     159.8     48.6
2019  5 21   141    0  2  0     89.22    0.1200E-02     160.8     47.3
2019  5 21   141    0  3  0     89.39    0.1168E-02     161.9     46.1
2019  5 21   141    0  4  0     89.56    0.1161E-02     163.4     43.8
2019  5 21   141    0  5  0     89.73    0.1153E-02     165.2     41.4
2019  5 21   141    0  6  0     89.90    0.1150E-02     167.4     38.7
2019  5 21   141    9 40  0     89.91    0.7079E-03      49.3     22.9
2019  5 21   141    9 41  0     89.74    0.7351E-03      51.4     24.1
2019  5 21   141    9 42  0     89.57    0.7232E-03      53.2     26.6
2019  5 21   141    9 43  0     89.40    0.7443E-03      55.2     28.1
2019  5 21   141    9 44  0     89.23    0.7422E-03      57.7     30.5
2019  5 21   141    9 45  0     89.06    0.7499E-03      60.1     32.5
2019  5 21   141    9 46  0     88.89    0.7772E-03      62.2     34.0
2019  5 21   141    9 47  0     88.72    0.7744E-03      64.3     37.2
2019  5 21   141    9 48  0     88.55    0.7881E-03      66.3     39.7
2019  5 21   141    9 49  0     88.38    0.8130E-03      68.4     41.4
2019  5 21   141    9 50  0     88.21    0.8314E-03      70.5     43.4
2019  5 21   141    9 51  0     88.04    0.8359E-03      72.5     46.1
2019  5 21   141    9 52  0     87.86    0.8400E-03      74.1     49.0
2019  5 21   141    9 53  0     87.69    0.8660E-03      75.0     50.9
2019  5 21   141    9 54  0     87.52    0.8777E-03      76.1     53.6
2019  5 21   141    9 55  0     87.35    0.8912E-03      76.7     56.0
2019  5 21   141    9 56  0     87.18    0.8751E-03      76.2     59.4
2019  5 21   141    9 57  0     87.00    0.8734E-03      75.1     61.3
2019  5 21   141    9 58  0     86.83    0.8844E-03      74.7     63.2
2019  5 21   141    9 59  0     86.66    0.9174E-03      75.7     65.0
2019  5 21   141   10  0  0     86.48    0.9234E-03      76.1     68.5
2019  5 21   141   10  1  0     86.31    0.9455E-03      76.3     70.8
2019  5 21   141   10  2  0     86.14    0.9600E-03      77.3     73.7
2019  5 21   141   10  3  0     85.96    0.9607E-03      79.0     78.4
2019  5 21   141   10  4  0     85.79    0.9748E-03      80.3     82.0
2019  5 21   141   10  5  0     85.61    0.9916E-03      80.6     85.2
2019  5 21   141   10  6  0     85.44    0.1013E-02      80.6     87.8
2019  5 21   141   10  7  0     85.27    0.1035E-02      81.6     90.6
2019  5 21   141   10  8  0     85.09    0.1051E-02      82.8     94.0
2019  5 21   141   10  9  0     84.92    0.1085E-02      83.3     97.2
2019  5 21   141   10 10  0     84.74    0.1120E-02      83.2     99.5
2019  5 21   141   10 11  0     84.56    0.1121E-02      83.4    103.9
2019  5 21   141   10 12  0     84.39    0.1129E-02      83.8    107.9
2019  5 21   141   10 13  0     84.21    0.1175E-02      83.6    109.4
2019  5 21   141   10 14  0     84.04    0.1185E-02      82.4    112.9
2019  5 21   141   10 15  0     83.86    0.1232E-02      80.7    114.2
2019  5 21   141   10 16  0     83.68    0.1254E-02      78.9    116.9
2019  5 21   141   10 17  0     83.51    0.1276E-02      77.4    119.1
2019  5 21   141   10 18  0     83.33    0.1287E-02      76.5    121.9
2019  5 21   141   10 19  0     83.15    0.1284E-02      75.2    125.3
2019  5 21   141   10 20  0     82.98    0.1277E-02      73.7    128.7
2019  5 21   141   10 21  0     82.80    0.1280E-02      72.4    131.0
2019  5 21   141   10 22  0     82.62    0.1295E-02      71.2    132.7
2019  5 21   141   10 23  0     82.44    0.1289E-02      69.6    136.2
2019  5 21   141   10 24  0     82.26    0.1296E-02      67.1    138.3
2019  5 21   141   10 25  0     82.09    0.1287E-02      63.8    140.3
2019  5 21   141   10 26  0     81.91    0.1299E-02      60.0    140.1
2019  5 21   141   10 27  0     81.73    0.1309E-02      57.0    141.2
2019  5 21   141   10 28  0     81.55    0.1344E-02      56.3    144.0
2019  5 21   141   10 29  0     81.37    0.1394E-02      57.6    149.0
2019  5 21   141   10 30  0     81.19    0.1455E-02      59.9    155.3
2019  5 21   141   10 31  0     81.01    0.1522E-02      61.7    160.5
2019  5 21   141   10 32  0     80.83    0.1583E-02      63.2    164.9
2019  5 21   141   10 33  0     80.66    0.1635E-02      64.3    168.9
2019  5 21   141   10 34  0     80.48    0.1676E-02      64.6    173.1
2019  5 21   141   10 35  0     80.30    0.1731E-02      64.4    175.5
2019  5 21   141   10 36  0     80.12    0.1774E-02      63.4    177.4
2019  5 21   141   10 37  0     79.94    0.1795E-02      62.3    180.9
2019  5 21   141   10 38  0     79.76    0.1864E-02      61.9    182.3
2019  5 21   141   10 39  0     79.57    0.1901E-02      62.1    188.0
2019  5 21   141   10 40  0     79.39    0.2004E-02      63.2    191.6
2019  5 21   141   10 41  0     79.21    0.2139E-02      65.1    195.1
2019  5 21   141   10 42  0     79.03    0.2283E-02      66.9    200.0
2019  5 21   141   10 43  0     78.85    0.2437E-02      67.7    204.6
2019  5 21   141   10 44  0     78.67    0.2597E-02      67.6    207.0
2019  5 21   141   10 45  0     78.49    0.2715E-02      67.6    207.2
2019  5 21   141   10 46  0     78.31    0.2701E-02      68.2    211.1
2019  5 21   141   10 47  0     78.13    0.2647E-02      67.5    213.0
2019  5 21   141   10 48  0     77.94    0.2560E-02      63.7    214.8
2019  5 21   141   10 49  0     77.76    0.2524E-02      59.6    214.6
2019  5 21   141   10 50  0     77.58    0.2505E-02      56.6    213.8
2019  5 21   141   10 51  0     77.40    0.2485E-02      54.5    215.5
2019  5 21   141   10 52  0     77.21    0.2472E-02      52.2    216.6
2019  5 21   141   10 53  0     77.03    0.2468E-02      49.4    216.6
2019  5 21   141   10 54  0     76.85    0.2459E-02      47.9    220.4
2019  5 21   141   10 55  0     76.67    0.2570E-02      47.8    220.0
2019  5 21   141   10 56  0     76.48    0.2639E-02      47.9    223.1
2019  5 21   141   10 57  0     76.30    0.2732E-02      48.9    227.9
2019  5 21   141   10 58  0     76.12    0.2940E-02      51.5    232.6
2019  5 21   141   10 59  0     75.93    0.3232E-02      55.0    237.1
2019  5 21   141   11  0  0     75.75    0.3557E-02      58.2    241.5
2019  5 21   141   11  1  0     75.57    0.3969E-02      61.4    245.7
2019  5 21   141   11  2  0     75.38    0.4385E-02      65.2    248.5
2019  5 21   141   11  3  0     75.20    0.4618E-02      69.9    253.4
2019  5 21   141   11  4  0     75.02    0.4707E-02      74.0    257.6
2019  5 21   141   11  5  0     74.83    0.4837E-02      76.8    259.9
2019  5 21   141   11  6  0     74.65    0.5054E-02      79.5    263.8
2019  5 21   141   11  7  0     74.46    0.5507E-02      94.5    267.8
2019  5 21   141   11  8  0     74.28    0.5949E-02     106.4    270.6
2019  5 21   141   11  9  0     74.10    0.6117E-02      97.4    270.8
2019  5 21   141   11 10  0     73.91    0.6207E-02      91.7    272.2
2019  5 21   141   11 11  0     73.73    0.6458E-02     107.7    275.5
2019  5 21   141   11 12  0     73.54    0.6565E-02     104.8    273.5
2019  5 21   141   11 13  0     73.36    0.6496E-02     101.8    274.1
2019  5 21   141   11 14  0     73.17    0.6100E-02      85.5    273.3
2019  5 21   141   11 15  0     72.99    0.6162E-02      79.2    273.9
2019  5 21   141   11 16  0     72.80    0.6779E-02      96.2    277.6
2019  5 21   141   11 17  0     72.62    0.6849E-02      95.6    278.4
2019  5 21   141   11 18  0     72.43    0.6601E-02      80.7    277.6
2019  5 21   141   11 19  0     72.25    0.6506E-02      67.3    275.1
2019  5 21   141   11 20  0     72.06    0.6757E-02      67.2    277.1
2019  5 21   141   11 21  0     71.87    0.7228E-02      68.4    279.6
2019  5 21   141   11 22  0     71.69    0.7939E-02      70.5    281.6
2019  5 21   141   11 23  0     71.50    0.8901E-02      73.4    282.3
2019  5 21   141   11 24  0     71.32    0.9723E-02      74.8    282.8
2019  5 21   141   11 25  0     71.13    0.1009E-01      74.0    282.6
2019  5 21   141   11 26  0     70.94    0.1027E-01      77.0    283.7
2019  5 21   141   11 27  0     70.76    0.1014E-01      74.3    285.5
2019  5 21   141   11 28  0     70.57    0.1010E-01      76.1    287.2
2019  5 21   141   11 29  0     70.38    0.9776E-02      72.7    287.7
2019  5 21   141   11 30  0     70.20    0.9433E-02      69.1    288.4
2019  5 21   141   11 31  0     70.01    0.9590E-02      70.2    289.2
2019  5 21   141   11 32  0     69.82    0.1003E-01      71.3    290.2
2019  5 21   141   11 33  0     69.64    0.1065E-01      73.6    291.7
2019  5 21   141   11 34  0     69.45    0.1091E-01      70.9    291.5
2019  5 21   141   11 35  0     69.26    0.1100E-01      67.2    290.4
2019  5 21   141   11 36  0     69.08    0.1094E-01      68.5    292.8
2019  5 21   141   11 37  0     68.89    0.1046E-01      66.6    294.8
2019  5 21   141   11 38  0     68.70    0.1038E-01      68.0    296.3
2019  5 21   141   11 39  0     68.52    0.1061E-01      63.7    294.5
2019  5 21   141   11 40  0     68.33    0.1112E-01      64.4    296.5
2019  5 21   141   11 41  0     68.14    0.1182E-01      66.5    297.9
2019  5 21   141   11 42  0     67.95    0.1308E-01      75.7    300.1
2019  5 21   141   11 43  0     67.77    0.1501E-01      98.6    305.0
2019  5 21   141   11 44  0     67.58    0.1567E-01      91.1    303.0
2019  5 21   141   11 45  0     67.39    0.1753E-01     107.9    306.2
2019  5 21   141   11 46  0     67.20    0.1907E-01     118.5    308.2
2019  5 21   141   11 47  0     67.01    0.1971E-01     115.1    307.2
2019  5 21   141   11 48  0     66.83    0.2067E-01     114.6    306.2
2019  5 21   141   11 49  0     66.64    0.2089E-01     100.9    303.7
2019  5 21   141   11 50  0     66.45    0.2242E-01     113.6    305.8
2019  5 21   141   11 51  0     66.26    0.2203E-01      93.7    303.1
2019  5 21   141   11 52  0     66.07    0.2337E-01     103.8    304.6
2019  5 21   141   11 53  0     65.89    0.2493E-01     114.6    306.4
2019  5 21   141   11 54  0     65.70    0.2567E-01     115.0    306.9
2019  5 21   141   11 55  0     65.51    0.2633E-01     115.5    307.6
2019  5 21   141   11 56  0     65.32    0.2693E-01     115.1    307.7
2019  5 21   141   11 57  0     65.13    0.2759E-01     115.0    308.1
2019  5 21   141   11 58  0     64.94    0.2820E-01     114.6    308.5
2019  5 21   141   11 59  0     64.75    0.2895E-01     116.0    309.0
2019  5 21   141   12  0  0     64.57    0.2959E-01     116.3    309.5
2019  5 21   141   12  1  0     64.38    0.3022E-01     115.5    309.5
2019  5 21   141   12  2  0     64.19    0.3084E-01     115.2    310.0
2019  5 21   141   12  3  0     64.00    0.3156E-01     115.4    310.4
2019  5 21   141   12  4  0     63.81    0.3228E-01     115.7    310.9
2019  5 21   141   12  5  0     63.62    0.3298E-01     115.8    311.4
2019  5 21   141   12  6  0     63.43    0.3365E-01     115.9    311.9
2019  5 21   141   12  7  0     63.24    0.3437E-01     116.1    312.1
2019  5 21   141   12  8  0     63.06    0.3502E-01     115.8    312.3
2019  5 21   141   12  9  0     62.87    0.3579E-01     115.8    313.7
2019  5 21   141   12 10  0     62.68    0.3657E-01     116.2    312.9
2019  5 21   141   12 11  0     62.49    0.3732E-01     116.3    313.3
2019  5 21   141   12 12  0     62.30    0.3816E-01     116.3    313.4
2019  5 21   141   12 13  0     62.11    0.3899E-01     116.7    313.6
2019  5 21   141   12 14  0     61.92    0.3989E-01     116.7    314.5
2019  5 21   141   12 15  0     61.73    0.4081E-01     116.5    314.4
2019  5 21   141   12 16  0     61.54    0.4168E-01     116.7    313.7
2019  5 21   141   12 17  0     61.35    0.4257E-01     116.7    313.7
2019  5 21   141   12 18  0     61.16    0.4353E-01     117.0    313.8
2019  5 21   141   12 19  0     60.97    0.4447E-01     117.0    314.6
2019  5 21   141   12 20  0     60.79    0.4534E-01     116.7    314.8
2019  5 21   141   12 21  0     60.60    0.4623E-01     116.9    314.2
2019  5 21   141   12 22  0     60.41    0.4715E-01     116.8    314.3
2019  5 21   141   12 23  0     60.22    0.4792E-01     115.8    314.2
2019  5 21   141   12 24  0     60.03    0.4837E-01     113.2    314.1
2019  5 21   141   12 25  0     59.84    0.4981E-01     116.4    315.5
2019  5 21   141   12 26  0     59.65    0.5080E-01     116.3    315.6
2019  5 21   141   12 27  0     59.46    0.5182E-01     116.6    315.1
2019  5 21   141   12 28  0     59.27    0.5265E-01     116.0    315.2
2019  5 21   141   12 29  0     59.08    0.5379E-01     116.5    315.3
2019  5 21   141   12 30  0     58.89    0.5490E-01     117.0    316.1
2019  5 21   141   12 31  0     58.70    0.5594E-01     117.0    316.2
2019  5 21   141   12 32  0     58.51    0.5708E-01     117.2    315.4
2019  5 21   141   12 33  0     58.32    0.5814E-01     117.1    315.6
2019  5 21   141   12 34  0     58.13    0.5914E-01     117.0    315.8
2019  5 21   141   12 35  0     57.94    0.6018E-01     116.7    316.3
2019  5 21   141   12 36  0     57.75    0.6138E-01     117.2    316.5
2019  5 21   141   12 37  0     57.56    0.6254E-01     117.3    316.5
2019  5 21   141   12 38  0     57.37    0.6365E-01     117.4    316.0
2019  5 21   141   12 39  0     57.19    0.6485E-01     117.3    315.9
2019  5 21   141   12 40  0     57.00    0.6604E-01     117.3    316.4
2019  5 21   141   12 41  0     56.81    0.6720E-01     117.2    316.4
2019  5 21   141   12 42  0     56.62    0.6865E-01     118.3    316.6
2019  5 21   141   12 43  0     56.43    0.6990E-01     118.4    316.0
2019  5 21   141   12 44  0     56.24    0.7100E-01     117.4    315.8
2019  5 21   141   12 45  0     56.05    0.7232E-01     117.7    315.8
2019  5 21   141   12 46  0     55.86    0.7368E-01     117.8    316.4
2019  5 21   141   12 47  0     55.67    0.7503E-01     117.8    316.3
2019  5 21   141   12 48  0     55.48    0.7637E-01     117.9    315.6
2019  5 21   141   12 49  0     55.29    0.7773E-01     118.3    315.6
2019  5 21   141   12 50  0     55.10    0.7910E-01     118.3    315.5
2019  5 21   141   12 51  0     54.91    0.8044E-01     118.3    316.1
2019  5 21   141   12 52  0     54.72    0.8188E-01     118.4    316.1
2019  5 21   141   12 53  0     54.53    0.8323E-01     118.5    315.6
2019  5 21   141   12 54  0     54.34    0.8458E-01     118.8    315.7
2019  5 21   141   12 55  0     54.16    0.8599E-01     118.9    315.6
2019  5 21   141   12 56  0     53.97    0.8727E-01     119.0    316.4
2019  5 21   141   12 57  0     53.78    0.8859E-01     119.1    316.6
2019  5 21   141   12 58  0     53.59    0.9010E-01     119.2    316.5
2019  5 21   141   12 59  0     53.40    0.9161E-01     119.1    315.8
2019  5 21   141   13  0  0     53.21    0.9307E-01     119.1    315.7
2019  5 21   141   13  1  0     53.02    0.9452E-01     119.3    315.7
2019  5 21   141   13  2  0     52.83    0.9589E-01     119.2    316.3
2019  5 21   141   13  3  0     52.64    0.9744E-01     119.4    316.3
2019  5 21   141   13  4  0     52.46    0.9895E-01     119.4    315.7
2019  5 21   141   13  5  0     52.27    0.1005E+00     119.4    315.7
2019  5 21   141   13  6  0     52.08    0.1022E+00     119.3    315.4
2019  5 21   141   13  7  0     51.89    0.1036E+00     119.4    316.1
2019  5 21   141   13  8  0     51.70    0.1052E+00     119.5    316.2
2019  5 21   141   13  9  0     51.51    0.1068E+00     119.7    315.6
2019  5 21   141   13 10  0     51.32    0.1085E+00     119.8    315.5
2019  5 21   141   13 11  0     51.13    0.1100E+00     119.7    315.4
2019  5 21   141   13 12  0     50.95    0.1117E+00     119.7    315.9
2019  5 21   141   13 13  0     50.76    0.1140E+00     121.4    316.0
2019  5 21   141   13 14  0     50.57    0.1160E+00     121.8    315.2
2019  5 21   141   13 15  0     50.38    0.1173E+00     121.2    315.1
2019  5 21   141   13 16  0     50.19    0.1191E+00     121.2    315.0
2019  5 21   141   13 17  0     50.01    0.1206E+00     120.8    314.9
2019  5 21   141   13 18  0     49.82    0.1220E+00     120.2    315.3
2019  5 21   141   13 19  0     49.63    0.1238E+00     120.4    314.7
2019  5 21   141   13 20  0     49.44    0.1253E+00     120.4    314.8
2019  5 21   141   13 21  0     49.25    0.1272E+00     120.5    314.8
2019  5 21   141   13 22  0     49.07    0.1290E+00     120.6    314.7
2019  5 21   141   13 23  0     48.88    0.1307E+00     120.5    315.2
2019  5 21   141   13 24  0     48.69    0.1323E+00     120.4    314.6
2019  5 21   141   13 25  0     48.51    0.1341E+00     120.5    314.5
2019  5 21   141   13 26  0     48.32    0.1359E+00     120.4    314.4
2019  5 21   141   13 27  0     48.13    0.1379E+00     120.7    314.4
2019  5 21   141   13 28  0     47.94    0.1397E+00     121.0    315.1
2019  5 21   141   13 29  0     47.76    0.1412E+00     120.6    314.4
2019  5 21   141   13 30  0     47.57    0.1431E+00     120.6    314.4
2019  5 21   141   13 31  0     47.38    0.1451E+00     121.0    314.4
2019  5 21   141   13 32  0     47.20    0.1470E+00     121.2    314.5
2019  5 21   141   13 33  0     47.01    0.1489E+00     121.4    314.5
2019  5 21   141   13 34  0     46.82    0.1506E+00     121.2    314.4
2019  5 21   141   13 35  0     46.64    0.1526E+00     121.3    314.4
2019  5 21   141   13 36  0     46.45    0.1548E+00     121.8    314.3
2019  5 21   141   13 37  0     46.27    0.1573E+00     122.8    314.3
2019  5 21   141   13 38  0     46.08    0.1494E+00     108.8    312.5
2019  5 21   141   13 39  0     45.89    0.1395E+00      98.0    313.8
2019  5 21   141   13 40  0     45.71    0.1657E+00     126.8    314.2
2019  5 21   141   13 41  0     45.52    0.1600E+00     116.8    313.2
2019  5 21   141   13 42  0     45.34    0.1591E+00     114.1    313.4
2019  5 21   141   13 43  0     45.15    0.1701E+00     123.8    313.4
2019  5 21   141   13 44  0     44.97    0.1708E+00     122.3    313.5
2019  5 21   141   13 45  0     44.78    0.1727E+00     122.6    313.8
2019  5 21   141   13 46  0     44.60    0.1749E+00     123.0    313.8
2019  5 21   141   13 47  0     44.41    0.1766E+00     122.5    313.5
2019  5 21   141   13 48  0     44.23    0.1788E+00     122.7    313.5
2019  5 21   141   13 49  0     44.04    0.1806E+00     122.7    313.6
2019  5 21   141   13 50  0     43.86    0.1824E+00     122.7    313.6
2019  5 21   141   13 51  0     43.68    0.1842E+00     122.6    313.6
2019  5 21   141   13 52  0     43.49    0.1862E+00     122.6    313.6
2019  5 21   141   13 53  0     43.31    0.1884E+00     123.0    313.7
2019  5 21   141   13 54  0     43.13    0.1908E+00     123.7    313.9
2019  5 21   141   13 55  0     42.94    0.1925E+00     123.5    314.0
2019  5 21   141   13 56  0     42.76    0.1945E+00     123.1    313.8
2019  5 21   141   13 57  0     42.58    0.1965E+00     123.1    313.7
2019  5 21   141   13 58  0     42.39    0.1985E+00     123.3    313.8
2019  5 21   141   13 59  0     42.21    0.2009E+00     123.5    313.6
2019  5 21   141   14  0  0     42.03    0.2031E+00     123.7    313.7
2019  5 21   141   14  1  0     41.85    0.2052E+00     123.9    313.7
2019  5 21   141   14  2  0     41.66    0.2075E+00     124.0    313.5
2019  5 21   141   14  3  0     41.48    0.2094E+00     123.8    313.4
2019  5 21   141   14  4  0     41.30    0.2118E+00     124.1    313.3
2019  5 21   141   14  5  0     41.12    0.2140E+00     124.1    313.2
2019  5 21   141   14  6  0     40.94    0.2162E+00     124.2    313.1
2019  5 21   141   14  7  0     40.76    0.2180E+00     124.2    313.2
2019  5 21   141   14  8  0     40.58    0.2203E+00     124.3    313.1
2019  5 21   141   14  9  0     40.40    0.2224E+00     124.4    313.1
2019  5 21   141   14 10  0     40.22    0.2243E+00     124.5    313.3
2019  5 21   141   14 11  0     40.04    0.2267E+00     124.7    313.2
2019  5 21   141   14 12  0     39.86    0.2288E+00     124.7    313.0
2019  5 21   141   14 13  0     39.68    0.2308E+00     124.7    313.0
2019  5 21   141   14 14  0     39.50    0.2324E+00     124.5    313.2
2019  5 21   141   14 15  0     39.32    0.2345E+00     124.5    313.1
2019  5 21   141   14 16  0     39.14    0.2371E+00     124.6    312.8
2019  5 21   141   14 17  0     38.96    0.2391E+00     124.7    312.8
2019  5 21   141   14 18  0     38.79    0.2409E+00     124.8    313.2
2019  5 21   141   14 19  0     38.61    0.2433E+00     124.8    312.8
2019  5 21   141   14 20  0     38.43    0.2453E+00     124.9    313.0
2019  5 21   141   14 21  0     38.25    0.2475E+00     124.9    312.8
2019  5 21   141   14 22  0     38.08    0.2493E+00     124.8    312.9
2019  5 21   141   14 23  0     37.90    0.2518E+00     125.0    312.8
2019  5 21   141   14 24  0     37.72    0.2546E+00     125.1    312.4
2019  5 21   141   14 25  0     37.55    0.2566E+00     125.1    312.4
2019  5 21   141   14 26  0     37.37    0.2585E+00     124.7    312.0
2019  5 21   141   14 27  0     37.20    0.2602E+00     124.7    312.2
2019  5 21   141   14 28  0     37.02    0.2625E+00     124.9    312.2
2019  5 21   141   14 29  0     36.85    0.2643E+00     124.5    312.0
2019  5 21   141   14 30  0     36.67    0.2677E+00     125.4    312.1
2019  5 21   141   14 31  0     36.50    0.2702E+00     126.1    312.6
2019  5 21   141   14 32  0     36.32    0.2726E+00     126.4    312.7
2019  5 21   141   14 33  0     36.15    0.2748E+00     126.2    312.4
2019  5 21   141   14 34  0     35.98    0.2779E+00     126.5    312.1
2019  5 21   141   14 35  0     35.81    0.2801E+00     126.8    312.4
2019  5 21   141   14 36  0     35.63    0.2814E+00     126.8    312.7
2019  5 21   141   14 37  0     35.46    0.2834E+00     126.7    312.8
2019  5 21   141   14 38  0     35.29    0.2863E+00     126.9    312.4
2019  5 21   141   14 39  0     35.12    0.2884E+00     127.0    312.5
2019  5 21   141   14 40  0     34.95    0.2907E+00     127.0    312.3
2019  5 21   141   14 41  0     34.78    0.2928E+00     126.9    312.1
2019  5 21   141   14 42  0     34.61    0.2953E+00     127.0    311.8
2019  5 21   141   14 43  0     34.44    0.2978E+00     127.0    311.5
2019  5 21   141   14 44  0     34.27    0.2995E+00     127.0    311.5
2019  5 21   141   14 45  0     34.10    0.3015E+00     127.1    311.6
2019  5 21   141   14 46  0     33.93    0.3038E+00     127.1    311.4
2019  5 21   141   14 47  0     33.76    0.3060E+00     127.0    311.2
2019  5 21   141   14 48  0     33.60    0.3080E+00     126.9    310.9
2019  5 21   141   14 49  0     33.43    0.3102E+00     127.1    310.9
2019  5 21   141   14 50  0     33.26    0.3122E+00     127.0    310.8
2019  5 21   141   14 51  0     33.10    0.3143E+00     126.9    310.6
2019  5 21   141   14 52  0     32.93    0.3166E+00     126.9    310.4
2019  5 21   141   14 53  0     32.77    0.3187E+00     127.0    310.4
2019  5 21   141   14 54  0     32.60    0.3209E+00     127.1    310.4
2019  5 21   141   14 55  0     32.44    0.3233E+00     127.2    310.2
2019  5 21   141   14 56  0     32.28    0.3252E+00     127.2    310.3
2019  5 21   141   14 57  0     32.11    0.3270E+00     127.3    310.5
2019  5 21   141   14 58  0     31.95    0.3285E+00     127.2    310.6
2019  5 21   141   14 59  0     31.79    0.3311E+00     127.2    310.3
2019  5 21   141   15  0  0     31.63    0.3332E+00     127.0    310.1
2019  5 21   141   15  1  0     31.47    0.3355E+00     127.4    310.2
2019  5 21   141   15  2  0     31.31    0.3372E+00     127.6    310.6
2019  5 21   141   15  3  0     31.15    0.3396E+00     127.7    310.4
2019  5 21   141   15  4  0     30.99    0.3420E+00     127.5    310.0
2019  5 21   141   15  5  0     30.83    0.3444E+00     127.6    309.8
2019  5 21   141   15  6  0     30.67    0.3465E+00     127.8    309.7
2019  5 21   141   15  7  0     30.52    0.3466E+00     126.9    309.7
2019  5 21   141   15  8  0     30.36    0.3501E+00     127.8    309.8
2019  5 21   141   15  9  0     30.21    0.3526E+00     128.2    309.7
2019  5 21   141   15 10  0     30.05    0.3544E+00     128.1    309.6
2019  5 21   141   15 11  0     29.90    0.3566E+00     128.2    309.5
2019  5 21   141   15 12  0     29.74    0.3583E+00     128.0    309.4
2019  5 21   141   15 13  0     29.59    0.3600E+00     127.8    309.3
2019  5 21   141   15 14  0     29.44    0.3630E+00     128.2    309.1
2019  5 21   141   15 15  0     29.29    0.3651E+00     127.9    308.8
2019  5 21   141   15 16  0     29.14    0.3669E+00     128.1    308.9
2019  5 21   141   15 17  0     28.99    0.3694E+00     128.7    309.1
2019  5 21   141   15 18  0     28.84    0.3712E+00     128.7    309.1
2019  5 21   141   15 19  0     28.69    0.3730E+00     128.6    308.9
2019  5 21   141   15 20  0     28.54    0.3750E+00     128.7    308.9
2019  5 21   141   15 21  0     28.39    0.3770E+00     128.7    308.9
2019  5 21   141   15 22  0     28.25    0.3794E+00     128.8    308.7
2019  5 21   141   15 23  0     28.10    0.3819E+00     129.0    308.5
2019  5 21   141   15 24  0     27.96    0.3834E+00     128.9    308.6
2019  5 21   141   15 25  0     27.81    0.3854E+00     129.0    308.5
2019  5 21   141   15 26  0     27.67    0.3875E+00     129.2    308.6
2019  5 21   141   15 27  0     27.53    0.3901E+00     129.5    308.5
2019  5 21   141   15 28  0     27.39    0.3917E+00     129.5    308.5
2019  5 21   141   15 29  0     27.25    0.3937E+00     129.6    308.4
2019  5 21   141   15 30  0     27.11    0.3947E+00     129.5    308.6
2019  5 21   141   15 31  0     26.97    0.3966E+00     129.6    308.5
2019  5 21   141   15 32  0     26.83    0.3985E+00     129.7    308.4
2019  5 21   141   15 33  0     26.70    0.4002E+00     129.5    308.2
2019  5 21   141   15 34  0     26.56    0.4020E+00     129.7    308.3
2019  5 21   141   15 35  0     26.43    0.4039E+00     129.8    308.2
2019  5 21   141   15 36  0     26.30    0.4051E+00     129.8    308.2
2019  5 21   141   15 37  0     26.16    0.4066E+00     129.8    308.2
2019  5 21   141   15 38  0     26.03    0.4086E+00     129.7    308.0
2019  5 21   141   15 39  0     25.90    0.4101E+00     129.6    307.9
2019  5 21   141   15 40  0     25.77    0.4102E+00     129.4    308.2
2019  5 21   141   15 41  0     25.64    0.4120E+00     129.5    308.2
2019  5 21   141   15 42  0     25.52    0.4134E+00     129.6    308.3
2019  5 21   141   15 43  0     25.39    0.4159E+00     130.0    308.4
2019  5 21   141   15 44  0     25.27    0.4182E+00     130.4    308.3
2019  5 21   141   15 45  0     25.14    0.4157E+00     129.0    308.3
2019  5 21   141   15 46  0     25.02    0.4149E+00     127.9    308.0
2019  5 21   141   15 47  0     24.90    0.4180E+00     128.7    308.1
2019  5 21   141   15 48  0     24.78    0.4201E+00     129.2    308.4
2019  5 21   141   15 49  0     24.66    0.4223E+00     129.8    308.5
2019  5 21   141   15 50  0     24.54    0.4247E+00     130.1    308.3
2019  5 21   141   15 51  0     24.43    0.4254E+00     129.9    308.3
2019  5 21   141   15 52  0     24.31    0.4253E+00     129.5    308.4
2019  5 21   141   15 53  0     24.20    0.4254E+00     129.1    308.4
2019  5 21   141   15 54  0     24.09    0.4255E+00     128.6    308.4
2019  5 21   141   15 55  0     23.98    0.4275E+00     129.2    308.6
2019  5 21   141   15 56  0     23.87    0.4234E+00     127.0    308.5
2019  5 21   141   15 57  0     23.76    0.4325E+00     130.0    308.2
2019  5 21   141   15 58  0     23.65    0.4268E+00     127.2    308.1
2019  5 21   141   15 59  0     23.55    0.4304E+00     128.4    308.3
2019  5 21   141   16  0  0     23.44    0.4342E+00     129.0    308.0
2019  5 21   141   16  1  0     23.34    0.4395E+00     130.4    307.9
2019  5 21   141   16  2  0     23.24    0.4433E+00     131.6    308.1
2019  5 21   141   16  3  0     23.14    0.4449E+00     131.9    308.1
2019  5 21   141   16  4  0     23.04    0.4448E+00     131.4    308.2
2019  5 21   141   16  5  0     22.95    0.4483E+00     132.4    308.2
2019  5 21   141   16  6  0     22.85    0.4487E+00     132.1    308.1
2019  5 21   141   16  7  0     22.76    0.4405E+00     129.5    308.8
2019  5 21   141   16  8  0     22.67    0.4543E+00     134.0    308.5
2019  5 21   141   16  9  0     22.58    0.4442E+00     129.4    308.1
2019  5 21   141   16 10  0     22.49    0.4298E+00     123.8    308.5
2019  5 21   141   16 11  0     22.41    0.4551E+00     132.9    308.1
2019  5 21   141   16 12  0     22.32    0.4574E+00     133.5    308.2
2019  5 21   141   16 13  0     22.24    0.4596E+00     133.8    308.0
2019  5 21   141   16 14  0     22.16    0.4616E+00     133.9    307.8
2019  5 21   141   16 15  0     22.08    0.4637E+00     134.3    307.6
2019  5 21   141   16 16  0     22.00    0.4600E+00     132.6    307.6
2019  5 21   141   16 17  0     21.92    0.4509E+00     129.0    307.7
2019  5 21   141   16 18  0     21.85    0.4638E+00     133.5    307.6
2019  5 21   141   16 19  0     21.78    0.4685E+00     134.8    307.4
2019  5 21   141   16 20  0     21.71    0.4631E+00     132.4    307.4
2019  5 21   141   16 21  0     21.64    0.4673E+00     133.5    307.1
2019  5 21   141   16 22  0     21.57    0.4608E+00     130.6    306.9
2019  5 21   141   16 23  0     21.51    0.4640E+00     131.7    307.0
2019  5 21   141   16 24  0     21.44    0.4723E+00     134.1    306.7
2019  5 21   141   16 25  0     21.38    0.4784E+00     136.2    306.6
2019  5 21   141   16 26  0     21.32    0.4776E+00     136.0    306.8
2019  5 21   141   16 27  0     21.27    0.4726E+00     134.7    307.2
2019  5 21   141   16 28  0     21.21    0.4479E+00     125.6    307.4
2019  5 21   141   16 29  0     21.16    0.4422E+00     124.3    308.1
2019  5 21   141   16 30  0     21.11    0.4534E+00     128.4    308.3
2019  5 21   141   16 31  0     21.06    0.4710E+00     135.4    308.6
2019  5 21   141   16 32  0     21.01    0.4132E+00     114.6    309.3
2019  5 21   141   16 33  0     20.97    0.3480E+00      91.9    311.0
2019  5 21   141   16 34  0     20.92    0.3820E+00     105.4    311.5
2019  5 21   141   16 35  0     20.88    0.4325E+00     123.3    310.4
2019  5 21   141   16 36  0     20.84    0.3886E+00     107.5    311.4
2019  5 21   141   16 37  0     20.81    0.3940E+00     109.9    311.5
2019  5 21   141   16 38  0     20.77    0.3506E+00      95.0    312.8
2019  5 21   141   16 39  0     20.74    0.3399E+00      92.2    313.9
2019  5 21   141   16 40  0     20.71    0.3029E+00      78.8    314.7
2019  5 21   141   16 41  0     20.68    0.3496E+00      96.8    315.0
2019  5 21   141   16 42  0     20.66    0.3759E+00     104.7    313.3
2019  5 21   141   16 43  0     20.63    0.3761E+00     104.3    313.1
2019  5 21   141   16 44  0     20.61    0.3814E+00     105.6    312.4
2019  5 21   141   16 45  0     20.59    0.3876E+00     107.9    312.3
2019  5 21   141   16 46  0     20.57    0.4125E+00     116.1    311.1
2019  5 21   141   16 47  0     20.56    0.4283E+00     120.5    310.1
2019  5 21   141   16 48  0     20.55    0.4312E+00     120.5    309.6
2019  5 21   141   16 49  0     20.54    0.4501E+00     125.7    308.6
2019  5 21   141   16 50  0     20.53    0.4641E+00     130.0    308.0
2019  5 21   141   16 51  0     20.52    0.4667E+00     128.9    306.8
2019  5 21   141   16 52  0     20.52    0.4792E+00     134.3    307.4
2019  5 21   141   16 53  0     20.52    0.4885E+00     136.4    306.7
2019  5 21   141   16 54  0     20.52    0.4862E+00     135.5    306.5
2019  5 21   141   16 55  0     20.52    0.4827E+00     133.6    306.0
2019  5 21   141   16 56  0     20.52    0.4782E+00     131.3    305.6
2019  5 21   141   16 57  0     20.53    0.4795E+00     132.0    305.7
2019  5 21   141   16 58  0     20.54    0.4861E+00     133.9    305.2
2019  5 21   141   16 59  0     20.55    0.4873E+00     133.9    304.9
2019  5 21   141   17  0  0     20.57    0.4871E+00     133.9    305.0
2019  5 21   141   17  1  0     20.58    0.4876E+00     134.2    305.0
2019  5 21   141   17  2  0     20.60    0.4876E+00     134.4    305.1
2019  5 21   141   17  3  0     20.62    0.4859E+00     133.5    304.9
2019  5 21   141   17  4  0     20.64    0.4708E+00     127.8    304.6
2019  5 21   141   17  5  0     20.67    0.4904E+00     135.1    304.4
2019  5 21   141   17  6  0     20.69    0.4690E+00     127.4    304.3
2019  5 21   141   17  7  0     20.72    0.4472E+00     121.1    305.6
2019  5 21   141   17  8  0     20.75    0.4817E+00     133.2    305.3
2019  5 21   141   17  9  0     20.79    0.4890E+00     135.4    304.8
2019  5 21   141   17 10  0     20.82    0.4799E+00     132.1    304.7
2019  5 21   141   17 11  0     20.86    0.4802E+00     132.5    304.6
2019  5 21   141   17 12  0     20.90    0.4451E+00     120.7    305.2
2019  5 21   141   17 13  0     20.94    0.4323E+00     117.1    305.9
2019  5 21   141   17 14  0     20.98    0.4366E+00     119.3    306.1
2019  5 21   141   17 15  0     21.03    0.4696E+00     131.4    305.7
2019  5 21   141   17 16  0     21.08    0.4845E+00     137.2    305.8
2019  5 21   141   17 17  0     21.13    0.4936E+00     140.8    305.9
2019  5 21   141   17 18  0     21.18    0.4567E+00     126.8    305.4
2019  5 21   141   17 19  0     21.23    0.4701E+00     134.2    306.6
2019  5 21   141   17 20  0     21.29    0.4303E+00     121.1    307.6
2019  5 21   141   17 21  0     21.35    0.4237E+00     119.2    307.4
2019  5 21   141   17 22  0     21.41    0.3254E+00      86.1    310.5
2019  5 21   141   17 23  0     21.47    0.3648E+00     100.8    309.8
2019  5 21   141   17 24  0     21.53    0.4116E+00     117.7    308.7
2019  5 21   141   17 25  0     21.60    0.3983E+00     112.5    308.5
2019  5 21   141   17 26  0     21.67    0.3380E+00      90.4    309.3
2019  5 21   141   17 27  0     21.74    0.3452E+00      93.9    310.2
2019  5 21   141   17 28  0     21.81    0.3955E+00     109.7    307.2
2019  5 21   141   17 29  0     21.88    0.3646E+00      98.1    307.3
2019  5 21   141   17 30  0     21.96    0.4240E+00     121.0    307.5
2019  5 21   141   17 31  0     22.03    0.4246E+00     119.9    306.5
2019  5 21   141   17 32  0     22.11    0.4728E+00     137.8    306.0
2019  5 21   141   17 33  0     22.19    0.4554E+00     131.0    305.7
2019  5 21   141   17 34  0     22.27    0.4389E+00     125.2    305.9
2019  5 21   141   17 35  0     22.36    0.4512E+00     130.9    306.4
2019  5 21   141   17 36  0     22.44    0.4492E+00     130.2    306.1
2019  5 21   141   17 37  0     22.53    0.4460E+00     129.4    306.0
2019  5 21   141   17 38  0     22.62    0.4244E+00     122.4    306.7
2019  5 21   141   17 39  0     22.71    0.4411E+00     128.8    306.5
2019  5 21   141   17 40  0     22.80    0.4412E+00     128.9    306.4
2019  5 21   141   17 41  0     22.89    0.4356E+00     127.3    306.5
2019  5 21   141   17 42  0     22.99    0.4346E+00     126.9    306.2
2019  5 21   141   17 43  0     23.09    0.4253E+00     123.3    305.8
2019  5 21   141   17 44  0     23.18    0.3959E+00     113.2    306.4
2019  5 21   141   17 45  0     23.28    0.3380E+00      91.9    306.7
2019  5 21   141   17 46  0     23.39    0.2962E+00      78.0    308.5
2019  5 21   141   17 47  0     23.49    0.2914E+00      76.2    308.1
2019  5 21   141   17 48  0     23.59    0.2758E+00      71.2    309.0
2019  5 21   141   17 49  0     23.70    0.3099E+00      84.9    309.1
2019  5 21   141   17 50  0     23.81    0.3518E+00     100.0    307.4
2019  5 21   141   17 51  0     23.91    0.3678E+00     106.1    307.0
2019  5 21   141   17 52  0     24.02    0.3994E+00     118.8    306.6
2019  5 21   141   17 53  0     24.14    0.3751E+00     108.7    306.1
2019  5 21   141   17 54  0     24.25    0.4249E+00     129.5    306.4
2019  5 21   141   17 55  0     24.36    0.4092E+00     122.4    305.5
2019  5 21   141   17 56  0     24.48    0.3487E+00     101.5    307.4
2019  5 21   141   17 57  0     24.59    0.3497E+00     103.4    307.9
2019  5 21   141   17 58  0     24.71    0.3882E+00     119.2    307.7
2019  5 21   141   17 59  0     24.83    0.3943E+00     121.7    307.3
2019  5 21   141   18  0  0     24.95    0.3899E+00     121.6    308.2
2019  5 21   141   18  1  0     25.07    0.3733E+00     115.5    308.3
2019  5 21   141   18  2  0     25.20    0.3185E+00      95.8    310.5
2019  5 21   141   18  3  0     25.32    0.3316E+00     101.4    310.1
2019  5 21   141   18  4  0     25.44    0.3191E+00      97.8    311.3
2019  5 21   141   18  5  0     25.57    0.2857E+00      84.5    311.6
2019  5 21   141   18  6  0     25.70    0.2747E+00      81.8    313.2
2019  5 21   141   18  7  0     25.83    0.2489E+00      70.6    313.0
2019  5 21   141   18  8  0     25.96    0.2892E+00      87.1    311.9
2019  5 21   141   18  9  0     26.09    0.2931E+00      87.4    310.6
2019  5 21   141   18 10  0     26.22    0.3478E+00     109.2    308.9
2019  5 21   141   18 11  0     26.35    0.3959E+00     127.4    307.0
2019  5 21   141   18 12  0     26.48    0.4253E+00     138.2    305.8
2019  5 21   141   18 13  0     26.62    0.4246E+00     138.5    305.8
2019  5 21   141   18 14  0     26.75    0.4286E+00     140.9    305.7
2019  5 21   141   18 15  0     26.89    0.3644E+00     113.9    305.5
2019  5 21   141   18 16  0     27.03    0.3641E+00     115.9    306.4
2019  5 21   141   18 17  0     27.17    0.3606E+00     115.9    307.1
2019  5 21   141   18 18  0     27.31    0.3317E+00     103.0    306.6
2019  5 21   141   18 19  0     27.45    0.3155E+00      98.4    308.8
2019  5 21   141   18 20  0     27.59    0.4162E+00     138.9    305.7
2019  5 21   141   18 21  0     27.73    0.4067E+00     134.4    305.2
2019  5 21   141   18 22  0     27.87    0.4060E+00     134.8    305.3
2019  5 21   141   18 23  0     28.02    0.3937E+00     130.9    305.8
2019  5 21   141   18 24  0     28.16    0.3898E+00     130.3    305.8
2019  5 21   141   18 25  0     28.31    0.3524E+00     114.8    305.7
2019  5 21   141   18 26  0     28.45    0.3070E+00      97.4    307.1
2019  5 21   141   18 27  0     28.60    0.2944E+00      92.8    307.6
2019  5 21   141   18 28  0     28.75    0.2929E+00      92.2    307.6
2019  5 21   141   18 29  0     28.90    0.3455E+00     115.8    306.8
2019  5 21   141   18 30  0     29.05    0.3711E+00     126.5    306.0
2019  5 21   141   18 31  0     29.20    0.3965E+00     137.2    304.9
2019  5 21   141   18 32  0     29.35    0.3937E+00     136.2    304.7
2019  5 21   141   18 33  0     29.50    0.3829E+00     131.6    304.5
2019  5 21   141   18 34  0     29.65    0.3821E+00     132.0    304.4
2019  5 21   141   18 35  0     29.81    0.3811E+00     132.6    304.4
2019  5 21   141   18 36  0     29.96    0.3820E+00     133.7    304.4
2019  5 21   141   18 37  0     30.12    0.3799E+00     133.4    304.4
2019  5 21   141   18 38  0     30.27    0.3760E+00     132.4    304.3
2019  5 21   141   18 39  0     30.43    0.3708E+00     130.8    304.3
2019  5 21   141   18 40  0     30.58    0.3718E+00     132.6    304.6
2019  5 21   141   18 41  0     30.74    0.3697E+00     132.2    304.4
2019  5 21   141   18 42  0     30.90    0.3682E+00     131.9    303.9
2019  5 21   141   18 43  0     31.06    0.3667E+00     131.8    303.6
2019  5 21   141   18 44  0     31.21    0.3642E+00     131.4    303.6
2019  5 21   141   18 45  0     31.37    0.3617E+00     131.3    303.8
2019  5 21   141   18 46  0     31.53    0.3605E+00     131.7    303.8
2019  5 21   141   18 47  0     31.70    0.3589E+00     131.9    303.8
2019  5 21   141   18 48  0     31.86    0.3571E+00     131.9    303.8
2019  5 21   141   18 49  0     32.02    0.3542E+00     131.6    304.0
2019  5 21   141   18 50  0     32.18    0.3438E+00     127.4    304.2
2019  5 21   141   18 51  0     32.34    0.3491E+00     131.3    304.2
2019  5 21   141   18 52  0     32.51    0.3482E+00     131.6    304.0
2019  5 21   141   18 53  0     32.67    0.3461E+00     131.7    304.2
2019  5 21   141   18 54  0     32.84    0.3439E+00     131.4    304.0
2019  5 21   141   18 55  0     33.00    0.3414E+00     131.2    303.9
2019  5 21   141   18 56  0     33.17    0.3397E+00     131.4    304.0
2019  5 21   141   18 57  0     33.33    0.3371E+00     131.3    304.2
2019  5 21   141   18 58  0     33.50    0.3351E+00     131.2    303.9
2019  5 21   141   18 59  0     33.67    0.3332E+00     131.5    304.2
2019  5 21   141   19  0  0     33.83    0.3310E+00     131.3    304.1
2019  5 21   141   19  1  0     34.00    0.3292E+00     131.3    303.9
2019  5 21   141   19  2  0     34.17    0.3270E+00     131.2    303.9
2019  5 21   141   19  3  0     34.34    0.3245E+00     131.2    304.1
2019  5 21   141   19  4  0     34.51    0.3223E+00     130.9    303.8
2019  5 21   141   19  5  0     34.68    0.3203E+00     130.9    303.8
2019  5 21   141   19  6  0     34.85    0.3185E+00     130.8    303.5
2019  5 21   141   19  7  0     35.02    0.3157E+00     130.3    303.3
2019  5 21   141   19  8  0     35.19    0.3143E+00     130.4    303.1
2019  5 21   141   19  9  0     35.36    0.3117E+00     130.2    303.1
2019  5 21   141   19 10  0     35.53    0.3113E+00     131.1    303.1
2019  5 21   141   19 11  0     35.70    0.3096E+00     131.3    303.2
2019  5 21   141   19 12  0     35.87    0.3073E+00     131.2    303.2
2019  5 21   141   19 13  0     36.05    0.3049E+00     131.0    303.1
2019  5 21   141   19 14  0     36.22    0.3031E+00     131.0    302.9
2019  5 21   141   19 15  0     36.39    0.3011E+00     130.8    302.6
2019  5 21   141   19 16  0     36.57    0.2990E+00     130.7    302.4
2019  5 21   141   19 17  0     36.74    0.2971E+00     130.6    302.3
2019  5 21   141   19 18  0     36.92    0.2954E+00     130.8    302.1
2019  5 21   141   19 19  0     37.09    0.2934E+00     130.8    302.1
2019  5 21   141   19 20  0     37.27    0.2909E+00     130.9    302.4
2019  5 21   141   19 21  0     37.44    0.2893E+00     130.9    302.0
2019  5 21   141   19 22  0     37.62    0.2878E+00     131.0    301.9
2019  5 21   141   19 23  0     37.79    0.2855E+00     130.7    301.6
2019  5 21   141   19 24  0     37.97    0.2829E+00     130.3    301.6
2019  5 21   141   19 25  0     38.15    0.2805E+00     130.1    301.4
2019  5 21   141   19 26  0     38.32    0.2794E+00     130.6    301.2
2019  5 21   141   19 27  0     38.50    0.2772E+00     130.6    301.2
2019  5 21   141   19 28  0     38.68    0.2751E+00     130.6    301.2
2019  5 21   141   19 29  0     38.86    0.2726E+00     130.4    301.2
2019  5 21   141   19 30  0     39.03    0.2700E+00     130.0    301.0
2019  5 21   141   19 31  0     39.21    0.2681E+00     130.3    301.0
2019  5 21   141   19 32  0     39.39    0.2662E+00     130.7    301.2
2019  5 21   141   19 33  0     39.57    0.2641E+00     130.6    301.1
2019  5 21   141   19 34  0     39.75    0.2623E+00     130.5    300.8
2019  5 21   141   19 35  0     39.93    0.2608E+00     130.8    300.7
2019  5 21   141   19 36  0     40.11    0.2589E+00     131.2    300.8
2019  5 21   141   19 37  0     40.29    0.2570E+00     131.2    300.7
2019  5 21   141   19 38  0     40.47    0.2552E+00     131.6    300.9
2019  5 21   141   19 39  0     40.65    0.2529E+00     131.4    300.8
2019  5 21   141   19 40  0     40.83    0.2506E+00     131.2    300.5
2019  5 21   141   19 41  0     41.01    0.2481E+00     131.2    300.7
2019  5 21   141   19 42  0     41.19    0.2457E+00     131.2    300.8
2019  5 21   141   19 43  0     41.37    0.2433E+00     130.9    300.6
2019  5 21   141   19 44  0     41.55    0.2413E+00     130.8    300.4
2019  5 21   141   19 45  0     41.73    0.2394E+00     130.6    300.0
2019  5 21   141   19 46  0     41.92    0.2369E+00     130.6    300.1
2019  5 21   141   19 47  0     42.10    0.2347E+00     130.6    300.1
2019  5 21   141   19 48  0     42.28    0.2324E+00     130.5    300.1
2019  5 21   141   19 49  0     42.46    0.2304E+00     130.7    300.1
2019  5 21   141   19 50  0     42.65    0.2285E+00     130.9    300.2
2019  5 21   141   19 51  0     42.83    0.2269E+00     131.2    300.1
2019  5 21   141   19 52  0     43.01    0.2247E+00     131.1    299.9
2019  5 21   141   19 53  0     43.20    0.2221E+00     130.9    300.0
2019  5 21   141   19 54  0     43.38    0.2193E+00     130.3    299.8
2019  5 21   141   19 55  0     43.56    0.2171E+00     130.3    299.8
2019  5 21   141   19 56  0     43.75    0.2148E+00     130.3    299.9
2019  5 21   141   19 57  0     43.93    0.2132E+00     130.7    299.9
2019  5 21   141   19 58  0     44.11    0.2111E+00     130.7    299.8
2019  5 21   141   19 59  0     44.30    0.2089E+00     130.8    299.9
2019  5 21   141   20  0  0     44.48    0.2072E+00     130.9    299.7
2019  5 21   141   20  1  0     44.67    0.2057E+00     130.8    299.2
2019  5 21   141   20  2  0     44.85    0.2027E+00     130.7    299.6
2019  5 21   141   20  3  0     45.04    0.2007E+00     130.7    299.5
2019  5 21   141   20  4  0     45.22    0.1989E+00     130.8    299.4
2019  5 21   141   20  5  0     45.41    0.1966E+00     130.6    299.4
2019  5 21   141   20  6  0     45.59    0.1941E+00     130.3    299.3
2019  5 21   141   20  7  0     45.78    0.1922E+00     130.2    299.1
2019  5 21   141   20  8  0     45.96    0.1906E+00     130.6    299.1
2019  5 21   141   20  9  0     46.15    0.1883E+00     130.6    299.1
2019  5 21   141   20 10  0     46.34    0.1860E+00     130.3    299.1
2019  5 21   141   20 11  0     46.52    0.1839E+00     130.6    299.4
2019  5 21   141   20 12  0     46.71    0.1814E+00     130.0    299.3
2019  5 21   141   20 13  0     46.89    0.1798E+00     130.3    299.1
2019  5 21   141   20 14  0     47.08    0.1779E+00     130.4    298.8
2019  5 21   141   20 15  0     47.27    0.1757E+00     130.6    299.3
2019  5 21   141   20 16  0     47.45    0.1743E+00     130.7    298.8
2019  5 21   141   20 17  0     47.64    0.1724E+00     131.0    298.8
2019  5 21   141   20 18  0     47.83    0.1700E+00     130.9    299.0
2019  5 21   141   20 19  0     48.01    0.1678E+00     130.9    299.1
2019  5 21   141   20 20  0     48.20    0.1666E+00     130.9    298.4
2019  5 21   141   20 21  0     48.39    0.1643E+00     130.7    298.6
2019  5 21   141   20 22  0     48.57    0.1624E+00     130.7    298.6
2019  5 21   141   20 23  0     48.76    0.1608E+00     130.8    298.2
2019  5 21   141   20 24  0     48.95    0.1589E+00     130.7    298.1
2019  5 21   141   20 25  0     49.14    0.1572E+00     130.8    297.6
2019  5 21   141   20 26  0     49.32    0.1553E+00     130.6    297.5
2019  5 21   141   20 27  0     49.51    0.1535E+00     130.8    297.7
2019  5 21   141   20 28  0     49.70    0.1517E+00     130.9    297.6
2019  5 21   141   20 29  0     49.89    0.1502E+00     131.3    297.5
2019  5 21   141   20 30  0     50.07    0.1484E+00     131.3    297.0
2019  5 21   141   20 31  0     50.26    0.1463E+00     131.2    297.1
2019  5 21   141   20 32  0     50.45    0.1442E+00     130.9    297.0
2019  5 21   141   20 33  0     50.64    0.1423E+00     130.8    297.3
2019  5 21   141   20 34  0     50.83    0.1406E+00     130.7    296.9
2019  5 21   141   20 35  0     51.01    0.1386E+00     130.5    296.5
2019  5 21   141   20 36  0     51.20    0.1369E+00     130.5    296.4
2019  5 21   141   20 37  0     51.39    0.1349E+00     130.5    296.4
2019  5 21   141   20 38  0     51.58    0.1332E+00     130.5    296.2
2019  5 21   141   20 39  0     51.77    0.1315E+00     130.6    296.5
2019  5 21   141   20 40  0     51.96    0.1297E+00     130.6    296.4
2019  5 21   141   20 41  0     52.14    0.1280E+00     130.5    295.7
2019  5 21   141   20 42  0     52.33    0.1257E+00     129.5    295.5
2019  5 21   141   20 43  0     52.52    0.1240E+00     129.5    295.2
2019  5 21   141   20 44  0     52.71    0.1225E+00     129.7    295.0
2019  5 21   141   20 45  0     52.90    0.1210E+00     130.0    295.4
2019  5 21   141   20 46  0     53.09    0.1197E+00     130.3    294.5
2019  5 21   141   20 47  0     53.28    0.1181E+00     130.2    294.2
2019  5 21   141   20 48  0     53.46    0.1165E+00     130.4    294.2
2019  5 21   141   20 49  0     53.65    0.1148E+00     130.6    294.3
2019  5 21   141   20 50  0     53.84    0.1134E+00     130.5    293.8
2019  5 21   141   20 51  0     54.03    0.1117E+00     130.3    293.7
2019  5 21   141   20 52  0     54.22    0.1104E+00     130.8    293.5
2019  5 21   141   20 53  0     54.41    0.1090E+00     131.0    293.3
2019  5 21   141   20 54  0     54.60    0.1074E+00     130.9    293.1
2019  5 21   141   20 55  0     54.79    0.1058E+00     130.7    292.9
2019  5 21   141   20 56  0     54.98    0.1042E+00     130.6    292.7
2019  5 21   141   20 57  0     55.17    0.1027E+00     130.7    292.5
2019  5 21   141   20 58  0     55.36    0.1013E+00     131.2    292.5
2019  5 21   141   20 59  0     55.54    0.9973E-01     130.9    292.3
2019  5 21   141   21  0  0     55.73    0.9818E-01     130.9    292.1
2019  5 21   141   21  1  0     55.92    0.9673E-01     130.9    291.8
2019  5 21   141   21  2  0     56.11    0.9526E-01     131.0    291.7
2019  5 21   141   21  3  0     56.30    0.9378E-01     131.1    291.7
2019  5 21   141   21  4  0     56.49    0.9237E-01     131.0    291.4
2019  5 21   141   21  5  0     56.68    0.9089E-01     130.9    291.2
2019  5 21   141   21  6  0     56.87    0.8950E-01     130.9    290.9
2019  5 21   141   21  7  0     57.06    0.8822E-01     131.2    290.7
2019  5 21   141   21  8  0     57.25    0.8686E-01     131.1    290.5
2019  5 21   141   21  9  0     57.44    0.8535E-01     131.1    290.5
2019  5 21   141   21 10  0     57.63    0.8397E-01     131.0    290.1
2019  5 21   141   21 11  0     57.82    0.8261E-01     130.9    289.9
2019  5 21   141   21 12  0     58.01    0.8129E-01     131.0    289.5
2019  5 21   141   21 13  0     58.20    0.7987E-01     131.0    289.5
2019  5 21   141   21 14  0     58.38    0.7859E-01     130.9    289.2
2019  5 21   141   21 15  0     58.57    0.7730E-01     130.9    289.0
2019  5 21   141   21 16  0     58.76    0.7602E-01     131.1    288.9
2019  5 21   141   21 17  0     58.95    0.7475E-01     131.2    288.6
2019  5 21   141   21 18  0     59.14    0.7346E-01     131.0    288.3
2019  5 21   141   21 19  0     59.33    0.7215E-01     130.8    288.1
2019  5 21   141   21 20  0     59.52    0.7090E-01     130.8    287.9
2019  5 21   141   21 21  0     59.71    0.6950E-01     130.2    287.6
2019  5 21   141   21 22  0     59.90    0.6829E-01     130.1    287.4
2019  5 21   141   21 23  0     60.09    0.6718E-01     130.6    287.1
2019  5 21   141   21 24  0     60.28    0.6585E-01     130.5    287.2
2019  5 21   141   21 25  0     60.47    0.6469E-01     130.6    286.9
2019  5 21   141   21 26  0     60.66    0.6346E-01     130.4    286.6
2019  5 21   141   21 27  0     60.84    0.6226E-01     130.0    286.3
2019  5 21   141   21 28  0     61.03    0.6114E-01     130.1    286.0
2019  5 21   141   21 29  0     61.22    0.5995E-01     129.9    285.8
2019  5 21   141   21 30  0     61.41    0.5871E-01     129.6    285.6
2019  5 21   141   21 31  0     61.60    0.5761E-01     129.5    285.3
2019  5 21   141   21 32  0     61.79    0.5653E-01     129.6    285.2
2019  5 21   141   21 33  0     61.98    0.5547E-01     129.6    284.9
2019  5 21   141   21 34  0     62.17    0.5449E-01     129.8    284.5
2019  5 21   141   21 35  0     62.36    0.5349E-01     129.9    284.3
2019  5 21   141   21 36  0     62.55    0.5248E-01     130.1    284.1
2019  5 21   141   21 37  0     62.73    0.5139E-01     130.0    283.9
2019  5 21   141   21 38  0     62.92    0.5044E-01     130.3    283.6
2019  5 21   141   21 39  0     63.11    0.4934E-01     130.0    283.5
2019  5 21   141   21 40  0     63.30    0.4831E-01     129.7    283.2
2019  5 21   141   21 41  0     63.49    0.4735E-01     129.6    282.9
2019  5 21   141   21 42  0     63.68    0.4637E-01     129.6    282.6
2019  5 21   141   21 43  0     63.87    0.4542E-01     129.4    282.2
2019  5 21   141   21 44  0     64.06    0.4452E-01     129.6    282.0
2019  5 21   141   21 45  0     64.24    0.4359E-01     129.7    281.8
2019  5 21   141   21 46  0     64.43    0.4270E-01     129.9    281.6
2019  5 21   141   21 47  0     64.62    0.4183E-01     129.9    281.2
2019  5 21   141   21 48  0     64.81    0.4091E-01     129.7    281.0
2019  5 21   141   21 49  0     65.00    0.4005E-01     129.8    280.6
2019  5 21   141   21 50  0     65.19    0.3914E-01     129.6    280.5
2019  5 21   141   21 51  0     65.37    0.3834E-01     129.6    280.1
2019  5 21   141   21 52  0     65.56    0.3745E-01     129.2    279.9
2019  5 21   141   21 53  0     65.75    0.3663E-01     128.9    279.5
2019  5 21   141   21 54  0     65.94    0.3582E-01     128.8    279.2
2019  5 21   141   21 55  0     66.13    0.3503E-01     129.0    278.7
2019  5 21   141   21 56  0     66.32    0.3426E-01     129.3    278.7
2019  5 21   141   21 57  0     66.50    0.3349E-01     129.5    278.3
2019  5 21   141   21 58  0     66.69    0.3276E-01     129.7    277.9
2019  5 21   141   21 59  0     66.88    0.3200E-01     129.9    277.6
2019  5 21   141   22  0  0     67.07    0.3126E-01     130.2    276.8
2019  5 21   141   22  1  0     67.25    0.3056E-01     130.5    276.5
2019  5 21   141   22  2  0     67.44    0.2986E-01     130.5    276.7
2019  5 21   141   22  3  0     67.63    0.2920E-01     130.6    276.1
2019  5 21   141   22  4  0     67.82    0.2849E-01     130.5    275.9
2019  5 21   141   22  5  0     68.00    0.2783E-01     130.5    274.5
2019  5 21   141   22  6  0     68.19    0.2717E-01     130.6    274.1
2019  5 21   141   22  7  0     68.38    0.2656E-01     130.8    273.5
2019  5 21   141   22  8  0     68.57    0.2590E-01     130.6    273.1
2019  5 21   141   22  9  0     68.75    0.2523E-01     130.2    273.8
2019  5 21   141   22 10  0     68.94    0.2457E-01     129.4    273.2
2019  5 21   141   22 11  0     69.13    0.2394E-01     129.2    271.6
2019  5 21   141   22 12  0     69.31    0.2335E-01     129.2    271.0
2019  5 21   141   22 13  0     69.50    0.2277E-01     129.2    270.5
2019  5 21   141   22 14  0     69.69    0.2220E-01     129.2    269.9
2019  5 21   141   22 15  0     69.87    0.2163E-01     129.2    269.3
2019  5 21   141   22 16  0     70.06    0.2110E-01     129.6    268.8
2019  5 21   141   22 17  0     70.25    0.2056E-01     129.9    268.2
2019  5 21   141   22 18  0     70.43    0.2000E-01     129.6    267.7
2019  5 21   141   22 19  0     70.62    0.1947E-01     129.2    267.0
2019  5 21   141   22 20  0     70.81    0.1898E-01     129.7    266.3
2019  5 21   141   22 21  0     70.99    0.1847E-01     129.7    265.8
2019  5 21   141   22 22  0     71.18    0.1795E-01     129.6    265.5
2019  5 21   141   22 23  0     71.36    0.1750E-01     129.4    264.6
2019  5 21   141   22 24  0     71.55    0.1702E-01     128.4    263.8
2019  5 21   141   22 25  0     71.73    0.1659E-01     128.9    263.1
2019  5 21   141   22 26  0     71.92    0.1614E-01     129.4    262.7
2019  5 21   141   22 27  0     72.10    0.1573E-01     129.2    261.8
2019  5 21   141   22 28  0     72.29    0.1531E-01     129.3    261.1
2019  5 21   141   22 29  0     72.48    0.1491E-01     130.3    260.7
2019  5 21   141   22 30  0     72.66    0.1454E-01     131.0    259.9
2019  5 21   141   22 31  0     72.85    0.1415E-01     130.6    259.0
2019  5 21   141   22 32  0     73.03    0.1380E-01     131.2    257.6
2019  5 21   141   22 33  0     73.22    0.1344E-01     131.8    256.9
2019  5 21   141   22 34  0     73.40    0.1309E-01     131.7    256.4
2019  5 21   141   22 35  0     73.58    0.1270E-01     131.4    255.9
2019  5 21   141   22 36  0     73.77    0.1234E-01     131.3    255.0
2019  5 21   141   22 37  0     73.95    0.1199E-01     131.6    254.3
2019  5 21   141   22 38  0     74.14    0.1167E-01     131.8    252.0
2019  5 21   141   22 39  0     74.32    0.1133E-01     131.9    251.5
2019  5 21   141   22 40  0     74.51    0.1101E-01     132.3    250.3
2019  5 21   141   22 41  0     74.69    0.1071E-01     132.6    249.1
2019  5 21   141   22 42  0     74.87    0.1039E-01     132.8    248.2
2019  5 21   141   22 43  0     75.06    0.1007E-01     133.0    247.5
2019  5 21   141   22 44  0     75.24    0.9790E-02     133.2    246.2
2019  5 21   141   22 45  0     75.42    0.9519E-02     133.2    244.8
2019  5 21   141   22 46  0     75.61    0.9255E-02     133.1    243.0
2019  5 21   141   22 47  0     75.79    0.8954E-02     132.9    242.3
2019  5 21   141   22 48  0     75.97    0.8693E-02     132.5    240.6
2019  5 21   141   22 49  0     76.16    0.8410E-02     132.4    239.7
2019  5 21   141   22 50  0     76.34    0.8160E-02     132.3    238.2
2019  5 21   141   22 51  0     76.52    0.7901E-02     132.6    237.1
2019  5 21   141   22 52  0     76.71    0.7651E-02     132.6    235.7
2019  5 21   141   22 53  0     76.89    0.7392E-02     132.5    234.6
2019  5 21   141   22 54  0     77.07    0.7180E-02     132.9    231.5
2019  5 21   141   22 55  0     77.25    0.6960E-02     133.0    229.7
2019  5 21   141   22 56  0     77.43    0.6709E-02     132.7    228.9
2019  5 21   141   22 57  0     77.62    0.6481E-02     132.7    227.5
2019  5 21   141   22 58  0     77.80    0.6262E-02     132.5    225.9
2019  5 21   141   22 59  0     77.98    0.6051E-02     132.8    224.3
2019  5 21   141   23  0  0     78.16    0.5872E-02     133.0    222.1
2019  5 21   141   23  1  0     78.34    0.5684E-02     133.7    220.4
2019  5 21   141   23  2  0     78.52    0.5479E-02     134.5    219.5
2019  5 21   141   23  3  0     78.70    0.5308E-02     135.2    217.5
2019  5 21   141   23  4  0     78.89    0.5142E-02     135.7    215.4
2019  5 21   141   23  5  0     79.07    0.4974E-02     136.4    213.1
2019  5 21   141   23  6  0     79.25    0.4796E-02     136.8    211.8
2019  5 21   141   23  7  0     79.43    0.4673E-02     137.5    208.5
2019  5 21   141   23  8  0     79.61    0.4510E-02     137.7    206.8
2019  5 21   141   23  9  0     79.79    0.4356E-02     138.0    205.1
2019  5 21   141   23 10  0     79.97    0.4209E-02     138.2    203.0
2019  5 21   141   23 11  0     80.15    0.4051E-02     138.3    201.9
2019  5 21   141   23 12  0     80.33    0.3938E-02     138.4    198.9
2019  5 21   141   23 13  0     80.51    0.3802E-02     138.7    197.2
2019  5 21   141   23 14  0     80.69    0.3685E-02     139.0    194.2
2019  5 21   141   23 15  0     80.86    0.3572E-02     139.2    191.3
2019  5 21   141   23 16  0     81.04    0.3443E-02     139.4    189.6
2019  5 21   141   23 17  0     81.22    0.3328E-02     140.1    187.4
2019  5 21   141   23 18  0     81.40    0.3235E-02     141.2    184.4
2019  5 21   141   23 19  0     81.58    0.3142E-02     141.9    181.2
2019  5 21   141   23 20  0     81.76    0.3050E-02     142.8    178.1
2019  5 21   141   23 21  0     81.94    0.2950E-02     143.6    175.6
2019  5 21   141   23 22  0     82.11    0.2861E-02     144.0    172.1
2019  5 21   141   23 23  0     82.29    0.2744E-02     144.7    171.0
2019  5 21   141   23 24  0     82.47    0.2667E-02     145.0    167.4
2019  5 21   141   23 25  0     82.65    0.2557E-02     145.5    165.9
2019  5 21   141   23 26  0     82.82    0.2481E-02     145.9    162.5
2019  5 21   141   23 27  0     83.00    0.2416E-02     146.7    158.5
2019  5 21   141   23 28  0     83.18    0.2328E-02     147.0    156.3
2019  5 21   141   23 29  0     83.35    0.2263E-02     147.2    152.6
2019  5 21   141   23 30  0     83.53    0.2218E-02     147.7    147.8
2019  5 21   141   23 31  0     83.71    0.2121E-02     148.3    146.5
2019  5 21   141   23 32  0     83.88    0.2077E-02     148.8    141.7
2019  5 21   141   23 33  0     84.06    0.2010E-02     149.4    138.8
2019  5 21   141   23 34  0     84.23    0.1947E-02     150.3    136.1
2019  5 21   141   23 35  0     84.41    0.1910E-02     150.8    131.7
2019  5 21   141   23 36  0     84.59    0.1846E-02     151.2    129.0
2019  5 21   141   23 37  0     84.76    0.1776E-02     152.0    126.9
2019  5 21   141   23 38  0     84.94    0.1741E-02     153.0    122.5
2019  5 21   141   23 39  0     85.11    0.1684E-02     153.6    120.1
2019  5 21   141   23 40  0     85.29    0.1642E-02     154.0    117.3
2019  5 21   141   23 41  0     85.46    0.1610E-02     154.5    114.0
2019  5 21   141   23 42  0     85.63    0.1554E-02     155.0    112.2
2019  5 21   141   23 43  0     85.81    0.1533E-02     155.9    108.5
2019  5 21   141   23 44  0     85.98    0.1505E-02     156.8    105.1
2019  5 21   141   23 45  0     86.16    0.1460E-02     157.3    103.4
2019  5 21   141   23 46  0     86.33    0.1444E-02     158.1    100.3
2019  5 21   141   23 47  0     86.50    0.1405E-02     158.7     98.0
2019  5 21   141   23 48  0     86.67    0.1369E-02     159.5     95.6
2019  5 21   141   23 49  0     86.85    0.1341E-02     160.4     92.8
2019  5 21   141   23 50  0     87.02    0.1309E-02     161.4     90.3
2019  5 21   141   23 51  0     87.19    0.1280E-02     162.0     88.3
2019  5 21   141   23 52  0     87.36    0.1263E-02     162.7     85.6
2019  5 21   141   23 53  0     87.54    0.1239E-02     163.5     83.2
2019  5 21   141   23 54  0     87.71    0.1218E-02     164.4     80.4
2019  5 21   141   23 55  0     87.88    0.1175E-02     165.6     78.9
2019  5 21   141   23 56  0     88.05    0.1177E-02     166.5     75.0
2019  5 21   141   23 57  0     88.22    0.1157E-02     166.8     73.0
2019  5 21   141   23 58  0     88.39    0.1134E-02     167.3     71.0
2019  5 21   141   23 59  0     88.56    0.1131E-02     167.9     67.6
