                            NILUUV 115

Uvpro Version 2.0
Latitude :   40.74 (North)
Longitude:  -74.03  (West)
Calibration file: cf100603a.115
Height above sea level:    40.0  m
CLT derived from channel 5
CLT scale factor used:   1.0
Ozone derived from channel pair ch3/ch1
Ozone scale factor used:   1.0
Drift factors ch1-ch6:   0.393  0.377  0.558  0.551  0.362  0.910
Ozone profile climatology: Mid  Latitude
Dose type:    CLW    Caldwell Plant 1971           

yyyy mm dd   jul   hh mm ss      SZA     dose rate       clt     Ozone
                              [degrees]   [W/m^2]        [%]     [DU]
2019  7  5   186    0  0  0     85.66    0.2510E-02     232.4    148.0
2019  7  5   186    0  1  0     85.83    0.2444E-02     234.0    145.2
2019  7  5   186    0  2  0     86.00    0.2379E-02     236.7    141.8
2019  7  5   186    0  3  0     86.17    0.2329E-02     238.6    139.8
2019  7  5   186    0  4  0     86.34    0.2279E-02     240.5    137.6
2019  7  5   186    0  5  0     86.50    0.2199E-02     242.8    137.8
2019  7  5   186    0  6  0     86.67    0.2140E-02     245.7    136.2
2019  7  5   186    0  7  0     86.84    0.2082E-02     248.9    134.2
2019  7  5   186    0  8  0     87.01    0.2006E-02     252.6    133.9
2019  7  5   186    0  9  0     87.18    0.1986E-02     255.9    130.9
2019  7  5   186    0 10  0     87.34    0.1908E-02     259.7    133.7
2019  7  5   186    0 11  0     87.51    0.1884E-02     263.5    127.1
2019  7  5   186    0 12  0     87.68    0.1826E-02     267.8    127.1
2019  7  5   186    0 13  0     87.84    0.1800E-02     272.9    124.5
2019  7  5   186    0 14  0     88.01    0.1767E-02     278.0    123.1
2019  7  5   186    0 15  0     88.17    0.1709E-02     282.0    124.5
2019  7  5   186    0 16  0     88.34    0.1696E-02     287.2    122.7
2019  7  5   186    0 17  0     88.51    0.1655E-02     293.4    123.1
2019  7  5   186    0 18  0     88.67    0.1621E-02     299.9    122.2
2019  7  5   186    0 19  0     88.83    0.1605E-02     308.0    119.5
2019  7  5   186    0 20  0     89.00    0.1548E-02     316.8    120.2
2019  7  5   186    0 21  0     89.16    0.1521E-02     322.9    121.5
2019  7  5   186    0 22  0     89.33    0.1501E-02     329.8    121.3
2019  7  5   186    0 23  0     89.49    0.1492E-02     338.3    119.6
2019  7  5   186    0 24  0     89.65    0.1447E-02     348.2    120.8
2019  7  5   186    0 25  0     89.82    0.1441E-02     360.0    117.7
2019  7  5   186    0 26  0     89.98    0.1422E-02     374.2    115.4
2019  7  5   186    9 37  0     89.89    0.8598E-03      -3.8      0.8
2019  7  5   186    9 38  0     89.73    0.8915E-03      -3.5      1.0
2019  7  5   186    9 39  0     89.56    0.8530E-03      -3.3      1.7
2019  7  5   186    9 40  0     89.40    0.8696E-03      -2.8      2.1
2019  7  5   186    9 41  0     89.23    0.8669E-03      -1.7      2.7
2019  7  5   186    9 42  0     89.07    0.8869E-03      -0.5      3.2
2019  7  5   186    9 43  0     88.91    0.8904E-03       0.5      3.7
2019  7  5   186    9 44  0     88.74    0.8846E-03       1.4      4.3
2019  7  5   186    9 45  0     88.58    0.8770E-03       2.1      5.0
2019  7  5   186    9 46  0     88.41    0.8753E-03       2.9      5.7
2019  7  5   186    9 47  0     88.25    0.8983E-03       3.9      6.3
2019  7  5   186    9 48  0     88.08    0.9069E-03       5.0      7.3
2019  7  5   186    9 49  0     87.91    0.8907E-03       6.2      9.0
2019  7  5   186    9 50  0     87.75    0.9147E-03       7.5     10.3
2019  7  5   186    9 51  0     87.58    0.9107E-03       8.9     12.4
2019  7  5   186    9 52  0     87.41    0.9136E-03      10.4     14.8
2019  7  5   186    9 53  0     87.25    0.9347E-03      11.8     17.0
2019  7  5   186    9 54  0     87.08    0.9332E-03      13.1     19.9
2019  7  5   186    9 55  0     86.91    0.9509E-03      14.2     21.1
2019  7  5   186    9 56  0     86.75    0.9780E-03      15.3     22.2
2019  7  5   186    9 57  0     86.58    0.9650E-03      16.5     24.2
2019  7  5   186    9 58  0     86.41    0.9647E-03      17.4     25.9
2019  7  5   186    9 59  0     86.24    0.9796E-03      18.0     27.1
2019  7  5   186   10  0  0     86.07    0.9551E-03      18.2     29.0
2019  7  5   186   10  1  0     85.90    0.9577E-03      18.3     30.2
2019  7  5   186   10  2  0     85.73    0.9710E-03      18.2     31.0
2019  7  5   186   10  3  0     85.57    0.9859E-03      18.0     31.7
2019  7  5   186   10  4  0     85.40    0.9648E-03      17.8     33.7
2019  7  5   186   10  5  0     85.23    0.9691E-03      17.7     35.2
2019  7  5   186   10  6  0     85.06    0.9717E-03      18.1     37.5
2019  7  5   186   10  7  0     84.89    0.9816E-03      18.9     40.5
2019  7  5   186   10  8  0     84.71    0.9966E-03      20.1     43.0
2019  7  5   186   10  9  0     84.54    0.1031E-02      21.3     45.1
2019  7  5   186   10 10  0     84.37    0.9979E-03      22.3     49.3
2019  7  5   186   10 11  0     84.20    0.1030E-02      23.1     51.3
2019  7  5   186   10 12  0     84.03    0.1030E-02      23.8     54.5
2019  7  5   186   10 13  0     83.86    0.1049E-02      24.8     58.6
2019  7  5   186   10 14  0     83.69    0.1039E-02      25.8     62.0
2019  7  5   186   10 15  0     83.51    0.1054E-02      26.8     64.8
2019  7  5   186   10 16  0     83.34    0.1098E-02      27.9     67.0
2019  7  5   186   10 17  0     83.17    0.1097E-02      29.1     71.2
2019  7  5   186   10 18  0     83.00    0.1116E-02      30.5     76.6
2019  7  5   186   10 19  0     82.82    0.1149E-02      31.4     78.8
2019  7  5   186   10 20  0     82.65    0.1154E-02      32.0     81.8
2019  7  5   186   10 21  0     82.48    0.1156E-02      32.2     84.7
2019  7  5   186   10 22  0     82.30    0.1180E-02      32.6     87.2
2019  7  5   186   10 23  0     82.13    0.1197E-02      32.9     90.1
2019  7  5   186   10 24  0     81.96    0.1223E-02      33.2     92.5
2019  7  5   186   10 25  0     81.78    0.1229E-02      33.2     97.0
2019  7  5   186   10 26  0     81.61    0.1225E-02      33.0     99.6
2019  7  5   186   10 27  0     81.43    0.1224E-02      32.9    102.4
2019  7  5   186   10 28  0     81.26    0.1241E-02      32.9    104.8
2019  7  5   186   10 29  0     81.08    0.1262E-02      33.0    107.6
2019  7  5   186   10 30  0     80.91    0.1272E-02      33.2    111.0
2019  7  5   186   10 31  0     80.73    0.1295E-02      33.0    113.5
2019  7  5   186   10 32  0     80.56    0.1291E-02      32.6    117.5
2019  7  5   186   10 33  0     80.38    0.1313E-02      32.2    119.4
2019  7  5   186   10 34  0     80.21    0.1324E-02      31.9    122.1
2019  7  5   186   10 35  0     80.03    0.1348E-02      31.8    124.7
2019  7  5   186   10 36  0     79.86    0.1383E-02      31.9    127.2
2019  7  5   186   10 37  0     79.68    0.1407E-02      31.7    130.0
2019  7  5   186   10 38  0     79.50    0.1412E-02      31.2    132.9
2019  7  5   186   10 39  0     79.33    0.1393E-02      30.3    136.1
2019  7  5   186   10 40  0     79.15    0.1403E-02      29.3    137.3
2019  7  5   186   10 41  0     78.97    0.1415E-02      28.9    140.3
2019  7  5   186   10 42  0     78.79    0.1480E-02      29.2    142.3
2019  7  5   186   10 43  0     78.62    0.1489E-02      29.7    148.1
2019  7  5   186   10 44  0     78.44    0.1517E-02      30.2    152.6
2019  7  5   186   10 45  0     78.26    0.1550E-02      30.3    156.2
2019  7  5   186   10 46  0     78.08    0.1598E-02      30.7    160.1
2019  7  5   186   10 47  0     77.91    0.1654E-02      31.4    163.9
2019  7  5   186   10 48  0     77.73    0.1713E-02      31.7    166.7
2019  7  5   186   10 49  0     77.55    0.1706E-02      31.5    171.3
2019  7  5   186   10 50  0     77.37    0.1738E-02      30.9    172.5
2019  7  5   186   10 51  0     77.19    0.1750E-02      30.1    174.7
2019  7  5   186   10 52  0     77.01    0.1761E-02      29.5    177.7
2019  7  5   186   10 53  0     76.83    0.1785E-02      29.3    181.1
2019  7  5   186   10 54  0     76.65    0.1844E-02      29.6    183.6
2019  7  5   186   10 55  0     76.47    0.1882E-02      30.1    188.1
2019  7  5   186   10 56  0     76.30    0.1952E-02      30.4    190.8
2019  7  5   186   10 57  0     76.12    0.1983E-02      30.7    195.5
2019  7  5   186   10 58  0     75.94    0.2035E-02      30.9    199.1
2019  7  5   186   10 59  0     75.76    0.2086E-02      31.1    202.0
2019  7  5   186   11  0  0     75.58    0.2152E-02      31.6    205.6
2019  7  5   186   11  1  0     75.40    0.2261E-02      32.5    209.8
2019  7  5   186   11  2  0     75.21    0.2381E-02      33.8    215.0
2019  7  5   186   11  3  0     75.03    0.2480E-02      35.0    220.1
2019  7  5   186   11  4  0     74.85    0.2590E-02      36.2    222.9
2019  7  5   186   11  5  0     74.67    0.2707E-02      37.6    226.6
2019  7  5   186   11  6  0     74.49    0.2842E-02      39.4    232.5
2019  7  5   186   11  7  0     74.31    0.3027E-02      41.3    237.4
2019  7  5   186   11  8  0     74.13    0.3183E-02      42.7    241.8
2019  7  5   186   11  9  0     73.95    0.3321E-02      43.3    245.2
2019  7  5   186   11 10  0     73.77    0.3425E-02      43.6    247.5
2019  7  5   186   11 11  0     73.58    0.3499E-02      43.5    248.4
2019  7  5   186   11 12  0     73.40    0.3495E-02      42.8    251.5
2019  7  5   186   11 13  0     73.22    0.3537E-02      42.0    252.9
2019  7  5   186   11 14  0     73.04    0.3579E-02      41.4    255.8
2019  7  5   186   11 15  0     72.86    0.3648E-02      41.0    257.9
2019  7  5   186   11 16  0     72.67    0.3721E-02      41.0    259.6
2019  7  5   186   11 17  0     72.49    0.3831E-02      41.5    261.7
2019  7  5   186   11 18  0     72.31    0.3976E-02      42.6    265.1
2019  7  5   186   11 19  0     72.12    0.4183E-02      44.2    268.1
2019  7  5   186   11 20  0     71.94    0.4444E-02      46.4    273.4
2019  7  5   186   11 21  0     71.76    0.4772E-02      49.2    277.7
2019  7  5   186   11 22  0     71.58    0.5205E-02      52.2    280.4
2019  7  5   186   11 23  0     71.39    0.5607E-02      54.9    284.5
2019  7  5   186   11 24  0     71.21    0.6068E-02      57.5    285.6
2019  7  5   186   11 25  0     71.03    0.6461E-02      60.2    288.6
2019  7  5   186   11 26  0     70.84    0.6779E-02      62.6    293.5
2019  7  5   186   11 27  0     70.66    0.7048E-02      64.6    296.5
2019  7  5   186   11 28  0     70.47    0.7294E-02      65.6    298.3
2019  7  5   186   11 29  0     70.29    0.7494E-02      65.3    299.9
2019  7  5   186   11 30  0     70.11    0.7634E-02      64.7    301.6
2019  7  5   186   11 31  0     69.92    0.7791E-02      63.9    301.9
2019  7  5   186   11 32  0     69.74    0.7920E-02      62.7    302.8
2019  7  5   186   11 33  0     69.55    0.8086E-02      61.4    303.5
2019  7  5   186   11 34  0     69.37    0.8310E-02      60.5    304.4
2019  7  5   186   11 35  0     69.18    0.8597E-02      60.8    305.5
2019  7  5   186   11 36  0     69.00    0.8916E-02      62.2    307.0
2019  7  5   186   11 37  0     68.81    0.9155E-02      62.9    309.0
2019  7  5   186   11 38  0     68.63    0.9359E-02      62.8    309.7
2019  7  5   186   11 39  0     68.44    0.9490E-02      62.7    311.3
2019  7  5   186   11 40  0     68.26    0.9665E-02      62.5    312.4
2019  7  5   186   11 41  0     68.07    0.9902E-02      62.3    312.5
2019  7  5   186   11 42  0     67.89    0.1008E-01      61.8    314.0
2019  7  5   186   11 43  0     67.70    0.1019E-01      61.4    314.4
2019  7  5   186   11 44  0     67.52    0.1018E-01      61.1    316.4
2019  7  5   186   11 45  0     67.33    0.1030E-01      61.7    316.3
2019  7  5   186   11 46  0     67.14    0.1048E-01      63.4    318.4
2019  7  5   186   11 47  0     66.96    0.1074E-01      63.2    319.5
2019  7  5   186   11 48  0     66.77    0.1120E-01      63.7    320.1
2019  7  5   186   11 49  0     66.59    0.1185E-01      65.2    320.9
2019  7  5   186   11 50  0     66.40    0.1245E-01      66.0    321.8
2019  7  5   186   11 51  0     66.21    0.1288E-01      65.1    321.6
2019  7  5   186   11 52  0     66.03    0.1304E-01      63.2    321.2
2019  7  5   186   11 53  0     65.84    0.1303E-01      62.2    321.5
2019  7  5   186   11 54  0     65.66    0.1309E-01      64.2    322.6
2019  7  5   186   11 55  0     65.47    0.1290E-01      59.2    322.7
2019  7  5   186   11 56  0     65.28    0.1322E-01      60.6    322.8
2019  7  5   186   11 57  0     65.09    0.1352E-01      59.0    323.4
2019  7  5   186   11 58  0     64.91    0.1411E-01      59.9    323.9
2019  7  5   186   11 59  0     64.72    0.1491E-01      62.8    324.7
2019  7  5   186   12  0  0     64.53    0.1575E-01      65.8    325.8
2019  7  5   186   12  1  0     64.35    0.1653E-01      67.7    326.4
2019  7  5   186   12  2  0     64.16    0.1714E-01      67.9    326.7
2019  7  5   186   12  3  0     63.97    0.1760E-01      67.5    326.4
2019  7  5   186   12  4  0     63.79    0.1777E-01      64.3    325.6
2019  7  5   186   12  5  0     63.60    0.1807E-01      63.4    325.7
2019  7  5   186   12  6  0     63.41    0.1843E-01      63.7    326.8
2019  7  5   186   12  7  0     63.22    0.1897E-01      66.1    328.1
2019  7  5   186   12  8  0     63.04    0.1912E-01      62.7    327.7
2019  7  5   186   12  9  0     62.85    0.1960E-01      63.6    328.7
2019  7  5   186   12 10  0     62.66    0.2029E-01      66.9    330.1
2019  7  5   186   12 11  0     62.47    0.2116E-01      69.2    330.3
2019  7  5   186   12 12  0     62.28    0.2193E-01      69.7    330.5
2019  7  5   186   12 13  0     62.10    0.2340E-01      76.7    331.2
2019  7  5   186   12 14  0     61.91    0.2459E-01      80.9    333.2
2019  7  5   186   12 15  0     61.72    0.2594E-01      86.3    334.3
2019  7  5   186   12 16  0     61.53    0.2603E-01      78.1    332.8
2019  7  5   186   12 17  0     61.34    0.2698E-01      78.4    332.7
2019  7  5   186   12 18  0     61.16    0.2827E-01      82.4    333.1
2019  7  5   186   12 19  0     60.97    0.2872E-01      78.9    333.3
2019  7  5   186   12 20  0     60.78    0.2900E-01      75.6    331.7
2019  7  5   186   12 21  0     60.59    0.2958E-01      74.8    331.7
2019  7  5   186   12 22  0     60.40    0.3038E-01      75.4    331.7
2019  7  5   186   12 23  0     60.21    0.3115E-01      76.0    331.8
2019  7  5   186   12 24  0     60.03    0.3187E-01      76.8    332.5
2019  7  5   186   12 25  0     59.84    0.3267E-01      78.1    334.0
2019  7  5   186   12 26  0     59.65    0.3347E-01      78.8    333.3
2019  7  5   186   12 27  0     59.46    0.3401E-01      78.6    333.9
2019  7  5   186   12 28  0     59.27    0.3476E-01      79.2    334.2
2019  7  5   186   12 29  0     59.08    0.3622E-01      83.8    335.2
2019  7  5   186   12 30  0     58.89    0.3756E-01      86.1    336.1
2019  7  5   186   12 31  0     58.70    0.3752E-01      80.8    335.6
2019  7  5   186   12 32  0     58.52    0.3857E-01      82.6    335.2
2019  7  5   186   12 33  0     58.33    0.3996E-01      86.2    335.7
2019  7  5   186   12 34  0     58.14    0.4046E-01      84.0    335.4
2019  7  5   186   12 35  0     57.95    0.4100E-01      81.6    335.3
2019  7  5   186   12 36  0     57.76    0.4141E-01      79.0    334.4
2019  7  5   186   12 37  0     57.57    0.4204E-01      78.3    333.2
2019  7  5   186   12 38  0     57.38    0.4225E-01      76.0    332.8
2019  7  5   186   12 39  0     57.19    0.4281E-01      75.4    332.9
2019  7  5   186   12 40  0     57.00    0.4516E-01      83.3    334.3
2019  7  5   186   12 41  0     56.81    0.4481E-01      77.5    334.5
2019  7  5   186   12 42  0     56.63    0.4469E-01      74.2    333.4
2019  7  5   186   12 43  0     56.44    0.4486E-01      72.9    333.5
2019  7  5   186   12 44  0     56.25    0.4486E-01      72.0    333.4
2019  7  5   186   12 45  0     56.06    0.4501E-01      71.9    333.9
2019  7  5   186   12 46  0     55.87    0.4685E-01      77.5    335.5
2019  7  5   186   12 47  0     55.68    0.4938E-01      84.5    336.4
2019  7  5   186   12 48  0     55.49    0.5038E-01      82.5    335.4
2019  7  5   186   12 49  0     55.30    0.5117E-01      79.2    334.6
2019  7  5   186   12 50  0     55.11    0.5255E-01      79.2    334.4
2019  7  5   186   12 51  0     54.92    0.5582E-01      87.4    335.9
2019  7  5   186   12 52  0     54.73    0.5902E-01      97.9    337.4
2019  7  5   186   12 53  0     54.54    0.6345E-01     112.1    338.6
2019  7  5   186   12 54  0     54.35    0.6410E-01     110.2    338.7
2019  7  5   186   12 55  0     54.16    0.6508E-01     108.3    338.2
2019  7  5   186   12 56  0     53.98    0.6605E-01     105.6    337.8
2019  7  5   186   12 57  0     53.79    0.6133E-01      82.4    334.9
2019  7  5   186   12 58  0     53.60    0.6197E-01      80.5    334.1
2019  7  5   186   12 59  0     53.41    0.6657E-01      90.9    335.4
2019  7  5   186   13  0  0     53.22    0.6622E-01      84.3    334.5
2019  7  5   186   13  1  0     53.03    0.6900E-01      89.2    335.4
2019  7  5   186   13  2  0     52.84    0.7644E-01     105.6    336.7
2019  7  5   186   13  3  0     52.65    0.7806E-01     105.6    336.2
2019  7  5   186   13  4  0     52.46    0.7754E-01     100.2    334.8
2019  7  5   186   13  5  0     52.27    0.7287E-01      84.4    333.3
2019  7  5   186   13  6  0     52.08    0.7709E-01      96.4    335.4
2019  7  5   186   13  7  0     51.89    0.8036E-01     102.3    336.1
2019  7  5   186   13  8  0     51.70    0.7280E-01      80.3    333.9
2019  7  5   186   13  9  0     51.51    0.7262E-01      77.5    333.4
2019  7  5   186   13 10  0     51.32    0.7158E-01      72.9    333.0
2019  7  5   186   13 11  0     51.14    0.7334E-01      75.2    333.4
2019  7  5   186   13 12  0     50.95    0.7494E-01      77.3    334.7
2019  7  5   186   13 13  0     50.76    0.8028E-01      87.2    335.9
2019  7  5   186   13 14  0     50.57    0.8499E-01      93.4    335.5
2019  7  5   186   13 15  0     50.38    0.8485E-01      88.5    334.5
2019  7  5   186   13 16  0     50.19    0.9053E-01      98.2    334.9
2019  7  5   186   13 17  0     50.00    0.1012E+00     118.7    335.6
2019  7  5   186   13 18  0     49.81    0.1000E+00     111.9    335.5
2019  7  5   186   13 19  0     49.62    0.9933E-01     108.4    335.2
2019  7  5   186   13 20  0     49.43    0.9632E-01      98.0    333.9
2019  7  5   186   13 21  0     49.24    0.9069E-01      85.5    333.6
2019  7  5   186   13 22  0     49.06    0.1069E+00     116.7    335.2
2019  7  5   186   13 23  0     48.87    0.9886E-01      97.2    333.9
2019  7  5   186   13 24  0     48.68    0.9227E-01      81.9    332.4
2019  7  5   186   13 25  0     48.49    0.9264E-01      82.0    333.0
2019  7  5   186   13 26  0     48.30    0.1015E+00      97.9    334.4
2019  7  5   186   13 27  0     48.11    0.1072E+00     105.7    334.4
2019  7  5   186   13 28  0     47.92    0.1051E+00      98.4    333.7
2019  7  5   186   13 29  0     47.73    0.1077E+00     101.8    334.5
2019  7  5   186   13 30  0     47.55    0.9994E-01      84.4    333.1
2019  7  5   186   13 31  0     47.36    0.9789E-01      78.7    332.9
2019  7  5   186   13 32  0     47.17    0.1014E+00      82.6    333.1
2019  7  5   186   13 33  0     46.98    0.1061E+00      88.5    333.3
2019  7  5   186   13 34  0     46.79    0.1224E+00     112.6    334.1
2019  7  5   186   13 35  0     46.60    0.1149E+00      95.2    332.5
2019  7  5   186   13 36  0     46.42    0.1245E+00     108.3    333.5
2019  7  5   186   13 37  0     46.23    0.1186E+00      94.7    332.2
2019  7  5   186   13 38  0     46.04    0.1216E+00      96.6    332.1
2019  7  5   186   13 39  0     45.85    0.1256E+00     101.7    332.9
2019  7  5   186   13 40  0     45.66    0.1257E+00      99.2    332.4
2019  7  5   186   13 41  0     45.48    0.1151E+00      83.5    332.1
2019  7  5   186   13 42  0     45.29    0.1178E+00      86.4    332.5
2019  7  5   186   13 43  0     45.10    0.1208E+00      89.0    332.7
2019  7  5   186   13 44  0     44.91    0.1270E+00      95.0    332.9
2019  7  5   186   13 45  0     44.73    0.1491E+00     121.7    333.2
2019  7  5   186   13 46  0     44.54    0.1482E+00     117.0    333.1
2019  7  5   186   13 47  0     44.35    0.1553E+00     123.9    333.1
2019  7  5   186   13 48  0     44.16    0.1578E+00     124.3    332.7
2019  7  5   186   13 49  0     43.98    0.1572E+00     120.9    332.2
2019  7  5   186   13 50  0     43.79    0.1612E+00     124.9    332.1
2019  7  5   186   13 51  0     43.60    0.1323E+00      84.8    329.8
2019  7  5   186   13 52  0     43.42    0.1426E+00      99.2    332.2
2019  7  5   186   13 53  0     43.23    0.1452E+00      98.0    330.9
2019  7  5   186   13 54  0     43.04    0.1461E+00      96.7    331.3
2019  7  5   186   13 55  0     42.86    0.1538E+00     103.6    331.9
2019  7  5   186   13 56  0     42.67    0.1743E+00     124.8    332.0
2019  7  5   186   13 57  0     42.48    0.1769E+00     125.0    331.9
2019  7  5   186   13 58  0     42.30    0.1766E+00     121.0    331.6
2019  7  5   186   13 59  0     42.11    0.1790E+00     121.3    331.7
2019  7  5   186   14  0  0     41.93    0.1794E+00     118.7    331.3
2019  7  5   186   14  1  0     41.74    0.1809E+00     119.6    332.1
2019  7  5   186   14  2  0     41.56    0.1866E+00     123.9    332.1
2019  7  5   186   14  3  0     41.37    0.1887E+00     124.1    331.9
2019  7  5   186   14  4  0     41.18    0.1874E+00     120.4    331.7
2019  7  5   186   14  5  0     41.00    0.1887E+00     120.5    331.7
2019  7  5   186   14  6  0     40.81    0.1731E+00     100.9    330.8
2019  7  5   186   14  7  0     40.63    0.1784E+00     106.3    331.8
2019  7  5   186   14  8  0     40.45    0.1883E+00     114.1    331.4
2019  7  5   186   14  9  0     40.26    0.1891E+00     113.1    331.3
2019  7  5   186   14 10  0     40.08    0.1904E+00     111.5    330.9
2019  7  5   186   14 11  0     39.89    0.1954E+00     115.6    331.2
2019  7  5   186   14 12  0     39.71    0.1923E+00     110.4    330.8
2019  7  5   186   14 13  0     39.52    0.1901E+00     106.2    330.9
2019  7  5   186   14 14  0     39.34    0.2006E+00     114.6    331.2
2019  7  5   186   14 15  0     39.16    0.2093E+00     120.5    330.9
2019  7  5   186   14 16  0     38.97    0.2132E+00     121.8    330.5
2019  7  5   186   14 17  0     38.79    0.2168E+00     122.9    330.1
2019  7  5   186   14 18  0     38.61    0.2215E+00     125.6    330.2
2019  7  5   186   14 19  0     38.43    0.2283E+00     130.6    330.5
2019  7  5   186   14 20  0     38.24    0.2299E+00     129.6    330.4
2019  7  5   186   14 21  0     38.06    0.2318E+00     128.7    330.0
2019  7  5   186   14 22  0     37.88    0.2360E+00     130.4    329.7
2019  7  5   186   14 23  0     37.70    0.2381E+00     130.5    329.4
2019  7  5   186   14 24  0     37.51    0.2419E+00     132.8    329.4
2019  7  5   186   14 25  0     37.33    0.2412E+00     130.7    329.2
2019  7  5   186   14 26  0     37.15    0.2415E+00     129.8    329.0
2019  7  5   186   14 27  0     36.97    0.2423E+00     129.5    328.7
2019  7  5   186   14 28  0     36.79    0.2446E+00     130.8    328.7
2019  7  5   186   14 29  0     36.61    0.2416E+00     127.3    328.5
2019  7  5   186   14 30  0     36.43    0.2281E+00     115.0    328.4
2019  7  5   186   14 31  0     36.25    0.2280E+00     114.5    328.3
2019  7  5   186   14 32  0     36.07    0.2039E+00      94.4    327.7
2019  7  5   186   14 33  0     35.89    0.1868E+00      81.5    328.5
2019  7  5   186   14 34  0     35.71    0.1980E+00      89.0    329.2
2019  7  5   186   14 35  0     35.53    0.2221E+00     105.4    329.0
2019  7  5   186   14 36  0     35.35    0.2205E+00     101.6    328.1
2019  7  5   186   14 37  0     35.17    0.1896E+00      77.6    327.3
2019  7  5   186   14 38  0     35.00    0.1813E+00      72.4    328.3
2019  7  5   186   14 39  0     34.82    0.1885E+00      77.2    328.8
2019  7  5   186   14 40  0     34.64    0.2286E+00     105.1    329.3
2019  7  5   186   14 41  0     34.46    0.2539E+00     121.0    328.6
2019  7  5   186   14 42  0     34.29    0.2148E+00      89.2    326.9
2019  7  5   186   14 43  0     34.11    0.2080E+00      84.4    327.9
2019  7  5   186   14 44  0     33.93    0.2379E+00     103.4    327.9
2019  7  5   186   14 45  0     33.76    0.2464E+00     107.0    327.6
2019  7  5   186   14 46  0     33.58    0.2681E+00     121.1    327.8
2019  7  5   186   14 47  0     33.40    0.2909E+00     134.8    327.3
2019  7  5   186   14 48  0     33.23    0.2906E+00     133.1    327.1
2019  7  5   186   14 49  0     33.05    0.2898E+00     131.3    327.0
2019  7  5   186   14 50  0     32.88    0.2984E+00     136.3    326.9
2019  7  5   186   14 51  0     32.71    0.2749E+00     117.6    325.8
2019  7  5   186   14 52  0     32.53    0.2285E+00      88.6    327.4
2019  7  5   186   14 53  0     32.36    0.2737E+00     116.0    327.0
2019  7  5   186   14 54  0     32.19    0.2749E+00     114.4    326.5
2019  7  5   186   14 55  0     32.01    0.2875E+00     121.3    325.8
2019  7  5   186   14 56  0     31.84    0.2255E+00      83.0    326.9
2019  7  5   186   14 57  0     31.67    0.2273E+00      84.1    327.2
2019  7  5   186   14 58  0     31.50    0.2389E+00      90.4    327.8
2019  7  5   186   14 59  0     31.33    0.3026E+00     128.7    327.8
2019  7  5   186   15  0  0     31.16    0.3258E+00     139.7    326.1
2019  7  5   186   15  1  0     30.99    0.3078E+00     126.9    325.7
2019  7  5   186   15  2  0     30.82    0.3142E+00     130.1    325.3
2019  7  5   186   15  3  0     30.65    0.2823E+00     111.4    326.6
2019  7  5   186   15  4  0     30.48    0.3316E+00     140.5    326.1
2019  7  5   186   15  5  0     30.31    0.3127E+00     126.1    325.5
2019  7  5   186   15  6  0     30.14    0.2782E+00     102.5    324.2
2019  7  5   186   15  7  0     29.98    0.2457E+00      84.6    326.0
2019  7  5   186   15  8  0     29.81    0.3024E+00     117.2    327.0
2019  7  5   186   15  9  0     29.64    0.3258E+00     126.3    325.4
2019  7  5   186   15 10  0     29.48    0.3086E+00     113.6    324.9
2019  7  5   186   15 11  0     29.31    0.3187E+00     119.6    325.8
2019  7  5   186   15 12  0     29.15    0.3545E+00     138.5    325.0
2019  7  5   186   15 13  0     28.98    0.3596E+00     141.4    325.2
2019  7  5   186   15 14  0     28.82    0.3543E+00     137.6    325.0
2019  7  5   186   15 15  0     28.66    0.3477E+00     133.4    324.2
2019  7  5   186   15 16  0     28.49    0.2996E+00     107.6    325.0
2019  7  5   186   15 17  0     28.33    0.2914E+00     103.3    324.7
2019  7  5   186   15 18  0     28.17    0.2689E+00      91.7    325.1
2019  7  5   186   15 19  0     28.01    0.2700E+00      92.3    325.4
2019  7  5   186   15 20  0     27.85    0.2670E+00      90.1    325.3
2019  7  5   186   15 21  0     27.69    0.2874E+00     101.1    325.9
2019  7  5   186   15 22  0     27.53    0.2831E+00      96.9    324.6
2019  7  5   186   15 23  0     27.37    0.2682E+00      89.7    325.0
2019  7  5   186   15 24  0     27.22    0.2553E+00      83.8    325.6
2019  7  5   186   15 25  0     27.06    0.2594E+00      85.5    325.6
2019  7  5   186   15 26  0     26.90    0.2637E+00      86.9    325.4
2019  7  5   186   15 27  0     26.75    0.2653E+00      86.8    325.4
2019  7  5   186   15 28  0     26.59    0.2916E+00     100.0    326.0
2019  7  5   186   15 29  0     26.44    0.3506E+00     127.0    323.9
2019  7  5   186   15 30  0     26.29    0.3197E+00     110.6    324.2
2019  7  5   186   15 31  0     26.13    0.3440E+00     123.7    325.1
2019  7  5   186   15 32  0     25.98    0.3661E+00     133.2    324.3
2019  7  5   186   15 33  0     25.83    0.3702E+00     134.3    323.9
2019  7  5   186   15 34  0     25.68    0.3716E+00     134.1    323.7
2019  7  5   186   15 35  0     25.53    0.3871E+00     141.5    323.7
2019  7  5   186   15 36  0     25.38    0.3465E+00     120.1    323.9
2019  7  5   186   15 37  0     25.24    0.3793E+00     136.4    324.1
2019  7  5   186   15 38  0     25.09    0.3527E+00     120.4    323.1
2019  7  5   186   15 39  0     24.94    0.3008E+00      95.7    324.1
2019  7  5   186   15 40  0     24.80    0.3228E+00     105.5    324.0
2019  7  5   186   15 41  0     24.65    0.3702E+00     128.0    323.6
2019  7  5   186   15 42  0     24.51    0.3262E+00     105.3    322.9
2019  7  5   186   15 43  0     24.37    0.2957E+00      91.7    323.5
2019  7  5   186   15 44  0     24.23    0.2838E+00      86.7    324.2
2019  7  5   186   15 45  0     24.09    0.2852E+00      86.5    324.3
2019  7  5   186   15 46  0     23.95    0.2935E+00      88.9    324.3
2019  7  5   186   15 47  0     23.81    0.3562E+00     115.6    323.6
2019  7  5   186   15 48  0     23.67    0.3864E+00     126.0    322.2
2019  7  5   186   15 49  0     23.54    0.4258E+00     141.4    321.3
2019  7  5   186   15 50  0     23.40    0.4048E+00     129.7    321.3
2019  7  5   186   15 51  0     23.27    0.3900E+00     121.0    320.9
2019  7  5   186   15 52  0     23.14    0.3491E+00     102.6    321.8
2019  7  5   186   15 53  0     23.01    0.3774E+00     114.9    321.6
2019  7  5   186   15 54  0     22.87    0.4159E+00     131.1    320.7
2019  7  5   186   15 55  0     22.75    0.4241E+00     134.7    320.6
2019  7  5   186   15 56  0     22.62    0.4345E+00     139.5    320.5
2019  7  5   186   15 57  0     22.49    0.4335E+00     138.9    320.4
2019  7  5   186   15 58  0     22.36    0.4397E+00     141.2    320.1
2019  7  5   186   15 59  0     22.24    0.4434E+00     142.2    320.0
2019  7  5   186   16  0  0     22.12    0.4461E+00     142.2    319.8
2019  7  5   186   16  1  0     22.00    0.4427E+00     139.1    319.7
2019  7  5   186   16  2  0     21.88    0.4396E+00     136.6    319.6
2019  7  5   186   16  3  0     21.76    0.4396E+00     135.4    319.4
2019  7  5   186   16  4  0     21.64    0.4423E+00     135.6    319.2
2019  7  5   186   16  5  0     21.52    0.4444E+00     135.5    319.0
2019  7  5   186   16  6  0     21.41    0.4390E+00     132.1    318.8
2019  7  5   186   16  7  0     21.29    0.4404E+00     132.1    318.7
2019  7  5   186   16  8  0     21.18    0.4398E+00     131.0    318.6
2019  7  5   186   16  9  0     21.07    0.4443E+00     132.7    318.9
2019  7  5   186   16 10  0     20.96    0.4469E+00     133.2    319.0
2019  7  5   186   16 11  0     20.86    0.4477E+00     132.6    318.8
2019  7  5   186   16 12  0     20.75    0.4502E+00     133.0    318.5
2019  7  5   186   16 13  0     20.65    0.4552E+00     134.3    318.0
2019  7  5   186   16 14  0     20.54    0.4547E+00     133.8    318.1
2019  7  5   186   16 15  0     20.44    0.4534E+00     133.0    318.4
2019  7  5   186   16 16  0     20.34    0.4548E+00     133.2    318.5
2019  7  5   186   16 17  0     20.25    0.4567E+00     133.2    318.1
2019  7  5   186   16 18  0     20.15    0.4586E+00     133.3    317.7
2019  7  5   186   16 19  0     20.06    0.4557E+00     131.9    317.8
2019  7  5   186   16 20  0     19.96    0.4571E+00     132.3    318.2
2019  7  5   186   16 21  0     19.87    0.4579E+00     132.2    317.9
2019  7  5   186   16 22  0     19.78    0.4603E+00     132.4    317.5
2019  7  5   186   16 23  0     19.70    0.4637E+00     133.1    317.1
2019  7  5   186   16 24  0     19.61    0.4651E+00     133.3    317.1
2019  7  5   186   16 25  0     19.53    0.4636E+00     132.6    317.4
2019  7  5   186   16 26  0     19.45    0.4639E+00     132.5    317.5
2019  7  5   186   16 27  0     19.37    0.4671E+00     133.1    317.2
2019  7  5   186   16 28  0     19.29    0.4676E+00     132.6    316.7
2019  7  5   186   16 29  0     19.22    0.4694E+00     132.9    316.6
2019  7  5   186   16 30  0     19.14    0.4703E+00     133.1    316.8
2019  7  5   186   16 31  0     19.07    0.4710E+00     133.2    316.9
2019  7  5   186   16 32  0     19.00    0.4717E+00     133.2    316.9
2019  7  5   186   16 33  0     18.94    0.4718E+00     132.8    316.6
2019  7  5   186   16 34  0     18.87    0.4736E+00     133.1    316.5
2019  7  5   186   16 35  0     18.81    0.4753E+00     133.4    316.3
2019  7  5   186   16 36  0     18.75    0.4752E+00     133.2    316.3
2019  7  5   186   16 37  0     18.69    0.4767E+00     133.5    316.2
2019  7  5   186   16 38  0     18.63    0.4764E+00     133.1    316.1
2019  7  5   186   16 39  0     18.58    0.4745E+00     132.2    316.1
2019  7  5   186   16 40  0     18.53    0.4698E+00     129.7    316.2
2019  7  5   186   16 41  0     18.48    0.4748E+00     131.9    316.4
2019  7  5   186   16 42  0     18.43    0.4823E+00     134.6    316.1
2019  7  5   186   16 43  0     18.38    0.4858E+00     135.6    315.9
2019  7  5   186   16 44  0     18.34    0.4849E+00     134.9    315.8
2019  7  5   186   16 45  0     18.30    0.4806E+00     133.3    316.1
2019  7  5   186   16 46  0     18.26    0.4780E+00     131.8    316.1
2019  7  5   186   16 47  0     18.23    0.4752E+00     130.6    316.1
2019  7  5   186   16 48  0     18.19    0.4758E+00     130.4    315.8
2019  7  5   186   16 49  0     18.16    0.4827E+00     133.5    316.0
2019  7  5   186   16 50  0     18.13    0.4865E+00     134.9    316.1
2019  7  5   186   16 51  0     18.11    0.4875E+00     134.6    316.0
2019  7  5   186   16 52  0     18.08    0.4945E+00     136.7    315.8
2019  7  5   186   16 53  0     18.06    0.4948E+00     136.3    315.5
2019  7  5   186   16 54  0     18.04    0.4921E+00     135.2    315.5
2019  7  5   186   16 55  0     18.03    0.4870E+00     133.1    315.7
2019  7  5   186   16 56  0     18.01    0.4933E+00     136.1    316.0
2019  7  5   186   16 57  0     18.00    0.4905E+00     135.0    316.0
2019  7  5   186   16 58  0     17.99    0.4953E+00     136.8    315.9
2019  7  5   186   16 59  0     17.98    0.4979E+00     137.5    315.6
2019  7  5   186   17  0  0     17.98    0.4981E+00     137.6    315.6
2019  7  5   186   17  1  0     17.98    0.4936E+00     135.7    315.4
2019  7  5   186   17  2  0     17.98    0.4909E+00     134.7    315.5
2019  7  5   186   17  3  0     17.98    0.4599E+00     121.9    315.5
2019  7  5   186   17  4  0     17.99    0.3930E+00      98.0    317.2
2019  7  5   186   17  5  0     18.00    0.4299E+00     113.6    317.7
2019  7  5   186   17  6  0     18.01    0.4864E+00     134.5    316.0
2019  7  5   186   17  7  0     18.02    0.4998E+00     139.4    315.7
2019  7  5   186   17  8  0     18.04    0.4955E+00     137.0    315.6
2019  7  5   186   17  9  0     18.05    0.4847E+00     132.5    315.7
2019  7  5   186   17 10  0     18.07    0.5029E+00     139.4    315.2
2019  7  5   186   17 11  0     18.10    0.5006E+00     138.4    315.0
2019  7  5   186   17 12  0     18.12    0.4991E+00     138.0    315.1
2019  7  5   186   17 13  0     18.15    0.4811E+00     130.6    314.8
2019  7  5   186   17 14  0     18.18    0.4067E+00     104.2    316.8
2019  7  5   186   17 15  0     18.21    0.4462E+00     120.3    317.0
2019  7  5   186   17 16  0     18.25    0.4605E+00     124.6    316.2
2019  7  5   186   17 17  0     18.28    0.4859E+00     133.5    315.5
2019  7  5   186   17 18  0     18.32    0.4908E+00     135.4    315.7
2019  7  5   186   17 19  0     18.37    0.5095E+00     142.4    314.9
2019  7  5   186   17 20  0     18.41    0.4959E+00     137.3    314.9
2019  7  5   186   17 21  0     18.46    0.4501E+00     120.1    315.1
2019  7  5   186   17 22  0     18.51    0.4133E+00     108.4    316.9
2019  7  5   186   17 23  0     18.56    0.3887E+00      99.8    317.2
2019  7  5   186   17 24  0     18.61    0.3679E+00      93.0    318.3
2019  7  5   186   17 25  0     18.66    0.3857E+00      98.6    317.3
2019  7  5   186   17 26  0     18.72    0.4663E+00     130.2    316.7
2019  7  5   186   17 27  0     18.78    0.5196E+00     149.7    314.8
2019  7  5   186   17 28  0     18.84    0.5212E+00     150.7    314.4
2019  7  5   186   17 29  0     18.91    0.5186E+00     150.6    313.9
2019  7  5   186   17 30  0     18.98    0.4632E+00     129.8    313.9
2019  7  5   186   17 31  0     19.04    0.3775E+00     100.4    316.3
2019  7  5   186   17 32  0     19.11    0.3666E+00      97.9    317.4
2019  7  5   186   17 33  0     19.19    0.3984E+00     110.5    317.1
2019  7  5   186   17 34  0     19.26    0.4007E+00     108.9    314.9
2019  7  5   186   17 35  0     19.34    0.3503E+00      92.0    317.3
2019  7  5   186   17 36  0     19.42    0.3532E+00      93.1    317.2
2019  7  5   186   17 37  0     19.50    0.3369E+00      87.8    318.0
2019  7  5   186   17 38  0     19.58    0.3307E+00      85.9    318.1
2019  7  5   186   17 39  0     19.66    0.3185E+00      81.9    318.2
2019  7  5   186   17 40  0     19.75    0.3128E+00      80.4    318.0
2019  7  5   186   17 41  0     19.84    0.3047E+00      78.6    318.5
2019  7  5   186   17 42  0     19.93    0.2986E+00      77.5    318.9
2019  7  5   186   17 43  0     20.02    0.2971E+00      77.8    319.0
2019  7  5   186   17 44  0     20.11    0.3035E+00      80.3    318.8
2019  7  5   186   17 45  0     20.21    0.3185E+00      85.4    318.3
2019  7  5   186   17 46  0     20.30    0.3540E+00      97.9    317.4
2019  7  5   186   17 47  0     20.40    0.3709E+00     102.2    316.0
2019  7  5   186   17 48  0     20.50    0.3694E+00     101.5    316.7
2019  7  5   186   17 49  0     20.60    0.3726E+00     101.9    316.3
2019  7  5   186   17 50  0     20.71    0.4355E+00     126.1    314.8
2019  7  5   186   17 51  0     20.81    0.4164E+00     116.7    313.9
2019  7  5   186   17 52  0     20.92    0.3734E+00     101.2    315.6
2019  7  5   186   17 53  0     21.03    0.3649E+00      97.9    315.9
2019  7  5   186   17 54  0     21.14    0.3502E+00      92.0    316.3
2019  7  5   186   17 55  0     21.25    0.3613E+00      95.5    316.0
2019  7  5   186   17 56  0     21.36    0.4240E+00     119.0    314.7
2019  7  5   186   17 57  0     21.48    0.5014E+00     148.0    312.5
2019  7  5   186   17 58  0     21.59    0.5143E+00     151.6    312.0
2019  7  5   186   17 59  0     21.71    0.5118E+00     150.2    311.9
2019  7  5   186   18  0  0     21.83    0.5056E+00     147.6    311.8
2019  7  5   186   18  1  0     21.95    0.4990E+00     144.5    311.6
2019  7  5   186   18  2  0     22.07    0.4998E+00     144.9    311.3
2019  7  5   186   18  3  0     22.19    0.4949E+00     143.1    311.3
2019  7  5   186   18  4  0     22.32    0.4722E+00     133.2    311.1
2019  7  5   186   18  5  0     22.44    0.4657E+00     131.4    311.4
2019  7  5   186   18  6  0     22.57    0.4886E+00     141.5    310.8
2019  7  5   186   18  7  0     22.69    0.4824E+00     139.5    310.9
2019  7  5   186   18  8  0     22.82    0.4914E+00     144.4    310.8
2019  7  5   186   18  9  0     22.95    0.4912E+00     144.9    310.6
2019  7  5   186   18 10  0     23.08    0.4897E+00     144.8    310.4
2019  7  5   186   18 11  0     23.22    0.4861E+00     143.1    310.1
2019  7  5   186   18 12  0     23.35    0.4852E+00     143.0    310.0
2019  7  5   186   18 13  0     23.48    0.4806E+00     141.6    310.0
2019  7  5   186   18 14  0     23.62    0.4820E+00     142.8    309.8
2019  7  5   186   18 15  0     23.76    0.4810E+00     142.6    309.5
2019  7  5   186   18 16  0     23.89    0.4836E+00     144.2    309.2
2019  7  5   186   18 17  0     24.03    0.4833E+00     144.6    309.0
2019  7  5   186   18 18  0     24.17    0.4796E+00     143.8    309.0
2019  7  5   186   18 19  0     24.31    0.4792E+00     144.6    308.9
2019  7  5   186   18 20  0     24.46    0.4798E+00     145.5    308.6
2019  7  5   186   18 21  0     24.60    0.4807E+00     146.7    308.4
2019  7  5   186   18 22  0     24.74    0.4776E+00     146.0    308.3
2019  7  5   186   18 23  0     24.89    0.4782E+00     147.1    308.2
2019  7  5   186   18 24  0     25.03    0.4746E+00     146.0    307.9
2019  7  5   186   18 25  0     25.18    0.4727E+00     145.8    307.7
2019  7  5   186   18 26  0     25.33    0.4724E+00     146.6    307.5
2019  7  5   186   18 27  0     25.47    0.4659E+00     144.8    307.5
2019  7  5   186   18 28  0     25.62    0.4609E+00     143.6    307.5
2019  7  5   186   18 29  0     25.77    0.4598E+00     143.9    307.3
2019  7  5   186   18 30  0     25.92    0.4515E+00     141.0    307.5
2019  7  5   186   18 31  0     26.07    0.4528E+00     142.6    307.6
2019  7  5   186   18 32  0     26.23    0.4485E+00     141.4    307.5
2019  7  5   186   18 33  0     26.38    0.4518E+00     143.8    307.2
2019  7  5   186   18 34  0     26.53    0.4519E+00     144.7    306.9
2019  7  5   186   18 35  0     26.69    0.4448E+00     142.6    306.8
2019  7  5   186   18 36  0     26.84    0.4342E+00     139.6    307.2
2019  7  5   186   18 37  0     27.00    0.4204E+00     133.7    306.5
2019  7  5   186   18 38  0     27.16    0.3673E+00     112.2    308.2
2019  7  5   186   18 39  0     27.31    0.3813E+00     117.7    306.9
2019  7  5   186   18 40  0     27.47    0.3802E+00     118.8    307.7
2019  7  5   186   18 41  0     27.63    0.4237E+00     138.4    306.6
2019  7  5   186   18 42  0     27.79    0.4361E+00     144.1    305.9
2019  7  5   186   18 43  0     27.95    0.3726E+00     115.8    306.4
2019  7  5   186   18 44  0     28.11    0.3481E+00     106.5    307.3
2019  7  5   186   18 45  0     28.27    0.3672E+00     115.8    306.8
2019  7  5   186   18 46  0     28.43    0.3724E+00     119.2    306.9
2019  7  5   186   18 47  0     28.59    0.4122E+00     137.4    305.8
2019  7  5   186   18 48  0     28.76    0.4398E+00     150.8    305.2
2019  7  5   186   18 49  0     28.92    0.4356E+00     147.9    304.5
2019  7  5   186   18 50  0     29.08    0.4321E+00     147.2    304.4
2019  7  5   186   18 51  0     29.25    0.4328E+00     148.5    304.2
2019  7  5   186   18 52  0     29.41    0.4287E+00     147.4    304.1
2019  7  5   186   18 53  0     29.58    0.4227E+00     145.1    303.9
2019  7  5   186   18 54  0     29.74    0.3978E+00     133.4    303.6
2019  7  5   186   18 55  0     29.91    0.3976E+00     135.0    303.7
2019  7  5   186   18 56  0     30.08    0.4193E+00     146.8    303.2
2019  7  5   186   18 57  0     30.25    0.3880E+00     132.1    303.1
2019  7  5   186   18 58  0     30.41    0.3591E+00     119.2    303.3
2019  7  5   186   18 59  0     30.58    0.3640E+00     124.4    303.9
2019  7  5   186   19  0  0     30.75    0.3679E+00     127.2    303.1
2019  7  5   186   19  1  0     30.92    0.3161E+00     103.6    304.0
2019  7  5   186   19  2  0     31.09    0.3095E+00     101.1    303.6
2019  7  5   186   19  3  0     31.26    0.3263E+00     111.1    303.9
2019  7  5   186   19  4  0     31.43    0.3718E+00     133.8    302.9
2019  7  5   186   19  5  0     31.60    0.3730E+00     134.1    302.4
2019  7  5   186   19  6  0     31.77    0.3891E+00     143.3    302.2
2019  7  5   186   19  7  0     31.95    0.3825E+00     140.4    302.1
2019  7  5   186   19  8  0     32.12    0.3770E+00     138.2    301.9
2019  7  5   186   19  9  0     32.29    0.3388E+00     119.9    302.5
2019  7  5   186   19 10  0     32.47    0.3134E+00     107.2    302.0
2019  7  5   186   19 11  0     32.64    0.2967E+00     100.4    302.7
2019  7  5   186   19 12  0     32.81    0.3123E+00     109.3    302.5
2019  7  5   186   19 13  0     32.99    0.3114E+00     108.7    302.0
2019  7  5   186   19 14  0     33.16    0.3211E+00     114.3    301.8
2019  7  5   186   19 15  0     33.34    0.3381E+00     123.9    301.4
2019  7  5   186   19 16  0     33.51    0.3462E+00     127.7    300.2
2019  7  5   186   19 17  0     33.69    0.3369E+00     124.0    300.3
2019  7  5   186   19 18  0     33.86    0.3360E+00     125.2    300.4
2019  7  5   186   19 19  0     34.04    0.3337E+00     125.7    300.7
2019  7  5   186   19 20  0     34.22    0.3481E+00     135.2    300.6
2019  7  5   186   19 21  0     34.39    0.3579E+00     141.8    300.2
2019  7  5   186   19 22  0     34.57    0.3687E+00     149.6    299.8
2019  7  5   186   19 23  0     34.75    0.3608E+00     146.2    299.4
2019  7  5   186   19 24  0     34.93    0.3310E+00     131.1    299.6
2019  7  5   186   19 25  0     35.10    0.3028E+00     117.3    300.1
2019  7  5   186   19 26  0     35.28    0.2842E+00     108.1    300.1
2019  7  5   186   19 27  0     35.46    0.2934E+00     114.0    299.9
2019  7  5   186   19 28  0     35.64    0.2909E+00     112.3    299.4
2019  7  5   186   19 29  0     35.82    0.2975E+00     116.6    299.2
2019  7  5   186   19 30  0     36.00    0.3002E+00     118.3    298.5
2019  7  5   186   19 31  0     36.18    0.2874E+00     111.5    298.2
2019  7  5   186   19 32  0     36.36    0.2999E+00     120.3    298.2
2019  7  5   186   19 33  0     36.54    0.3175E+00     132.4    298.3
2019  7  5   186   19 34  0     36.72    0.3483E+00     154.0    298.2
2019  7  5   186   19 35  0     36.90    0.3572E+00     161.0    297.7
2019  7  5   186   19 36  0     37.08    0.3236E+00     141.5    297.3
2019  7  5   186   19 37  0     37.26    0.2939E+00     126.8    298.2
2019  7  5   186   19 38  0     37.44    0.3063E+00     137.7    298.7
2019  7  5   186   19 39  0     37.63    0.3180E+00     145.6    297.8
2019  7  5   186   19 40  0     37.81    0.2941E+00     130.7    297.3
2019  7  5   186   19 41  0     37.99    0.2670E+00     114.9    297.4
2019  7  5   186   19 42  0     38.17    0.2441E+00     102.2    297.4
2019  7  5   186   19 43  0     38.36    0.2369E+00      99.4    297.7
2019  7  5   186   19 44  0     38.54    0.2469E+00     107.0    297.5
2019  7  5   186   19 45  0     38.72    0.2606E+00     116.6    297.4
2019  7  5   186   19 46  0     38.90    0.2724E+00     125.2    297.3
2019  7  5   186   19 47  0     39.09    0.2860E+00     134.3    296.8
2019  7  5   186   19 48  0     39.27    0.2992E+00     142.8    296.2
2019  7  5   186   19 49  0     39.45    0.3095E+00     150.4    295.8
2019  7  5   186   19 50  0     39.64    0.3196E+00     157.6    295.0
2019  7  5   186   19 51  0     39.82    0.3135E+00     154.5    295.0
2019  7  5   186   19 52  0     40.01    0.3105E+00     154.0    295.1
2019  7  5   186   19 53  0     40.19    0.3066E+00     152.4    294.8
2019  7  5   186   19 54  0     40.38    0.3011E+00     149.4    294.4
2019  7  5   186   19 55  0     40.56    0.2967E+00     147.7    294.3
2019  7  5   186   19 56  0     40.75    0.2952E+00     148.8    294.4
2019  7  5   186   19 57  0     40.93    0.2941E+00     149.6    294.2
2019  7  5   186   19 58  0     41.12    0.2943E+00     151.2    293.9
2019  7  5   186   19 59  0     41.30    0.2910E+00     150.0    293.6
2019  7  5   186   20  0  0     41.49    0.2839E+00     146.1    293.5
2019  7  5   186   20  1  0     41.67    0.2785E+00     143.7    293.4
2019  7  5   186   20  2  0     41.86    0.2776E+00     144.4    293.2
2019  7  5   186   20  3  0     42.04    0.2773E+00     145.8    292.8
2019  7  5   186   20  4  0     42.23    0.2770E+00     147.6    292.7
2019  7  5   186   20  5  0     42.41    0.2734E+00     146.9    292.7
2019  7  5   186   20  6  0     42.60    0.2709E+00     147.3    292.8
2019  7  5   186   20  7  0     42.79    0.2695E+00     148.1    292.8
2019  7  5   186   20  8  0     42.97    0.2683E+00     148.8    292.4
2019  7  5   186   20  9  0     43.16    0.2679E+00     150.1    292.0
2019  7  5   186   20 10  0     43.35    0.2656E+00     150.1    291.8
2019  7  5   186   20 11  0     43.53    0.2630E+00     149.8    291.4
2019  7  5   186   20 12  0     43.72    0.2605E+00     149.5    291.0
2019  7  5   186   20 13  0     43.91    0.2585E+00     150.3    290.9
2019  7  5   186   20 14  0     44.09    0.2569E+00     151.6    290.9
2019  7  5   186   20 15  0     44.28    0.2545E+00     151.9    290.9
2019  7  5   186   20 16  0     44.47    0.2518E+00     151.6    290.6
2019  7  5   186   20 17  0     44.66    0.2483E+00     150.2    290.1
2019  7  5   186   20 18  0     44.84    0.2431E+00     147.6    290.0
2019  7  5   186   20 19  0     45.03    0.2213E+00     127.2    289.1
2019  7  5   186   20 20  0     45.22    0.2281E+00     138.9    290.2
2019  7  5   186   20 21  0     45.41    0.2155E+00     126.4    288.6
2019  7  5   186   20 22  0     45.59    0.2076E+00     123.3    289.4
2019  7  5   186   20 23  0     45.78    0.1953E+00     111.4    288.2
2019  7  5   186   20 24  0     45.97    0.2196E+00     141.0    289.7
2019  7  5   186   20 25  0     46.16    0.2306E+00     154.1    289.5
2019  7  5   186   20 26  0     46.35    0.2277E+00     152.3    289.0
2019  7  5   186   20 27  0     46.53    0.2169E+00     142.7    288.7
2019  7  5   186   20 28  0     46.72    0.2236E+00     152.7    288.6
2019  7  5   186   20 29  0     46.91    0.2179E+00     148.8    288.5
2019  7  5   186   20 30  0     47.10    0.2195E+00     153.7    288.5
2019  7  5   186   20 31  0     47.29    0.2163E+00     152.2    288.1
2019  7  5   186   20 32  0     47.48    0.2108E+00     147.4    287.6
2019  7  5   186   20 33  0     47.67    0.2086E+00     146.9    287.5
2019  7  5   186   20 34  0     47.85    0.2070E+00     147.5    287.4
2019  7  5   186   20 35  0     48.04    0.2056E+00     148.9    287.4
2019  7  5   186   20 36  0     48.23    0.2051E+00     150.8    287.1
2019  7  5   186   20 37  0     48.42    0.2027E+00     150.5    286.9
2019  7  5   186   20 38  0     48.61    0.1991E+00     148.5    286.7
2019  7  5   186   20 39  0     48.80    0.1970E+00     148.7    286.7
2019  7  5   186   20 40  0     48.99    0.1952E+00     149.0    286.4
2019  7  5   186   20 41  0     49.18    0.1945E+00     150.7    286.2
2019  7  5   186   20 42  0     49.36    0.1946E+00     153.7    286.1
2019  7  5   186   20 43  0     49.55    0.1925E+00     154.7    286.2
2019  7  5   186   20 44  0     49.74    0.1902E+00     155.7    286.3
2019  7  5   186   20 45  0     49.93    0.1876E+00     156.2    286.1
2019  7  5   186   20 46  0     50.12    0.1833E+00     154.1    285.9
2019  7  5   186   20 47  0     50.31    0.1789E+00     150.8    285.6
2019  7  5   186   20 48  0     50.50    0.1773E+00     150.3    285.4
2019  7  5   186   20 49  0     50.69    0.1766E+00     150.7    284.8
2019  7  5   186   20 50  0     50.88    0.1738E+00     148.9    284.5
2019  7  5   186   20 51  0     51.07    0.1716E+00     148.1    284.3
2019  7  5   186   20 52  0     51.26    0.1690E+00     147.1    284.1
2019  7  5   186   20 53  0     51.45    0.1666E+00     147.0    284.2
2019  7  5   186   20 54  0     51.64    0.1652E+00     148.2    284.0
2019  7  5   186   20 55  0     51.82    0.1633E+00     148.9    283.8
2019  7  5   186   20 56  0     52.01    0.1620E+00     150.2    283.6
2019  7  5   186   20 57  0     52.20    0.1594E+00     149.3    283.5
2019  7  5   186   20 58  0     52.39    0.1567E+00     147.9    283.3
2019  7  5   186   20 59  0     52.58    0.1559E+00     149.9    283.1
2019  7  5   186   21  0  0     52.77    0.1540E+00     149.7    282.7
2019  7  5   186   21  1  0     52.96    0.1518E+00     149.2    282.4
2019  7  5   186   21  2  0     53.15    0.1486E+00     147.6    282.3
2019  7  5   186   21  3  0     53.34    0.1324E+00     121.5    281.3
2019  7  5   186   21  4  0     53.53    0.1421E+00     144.8    282.3
2019  7  5   186   21  5  0     53.72    0.1434E+00     150.4    282.1
2019  7  5   186   21  6  0     53.91    0.1417E+00     150.5    281.9
2019  7  5   186   21  7  0     54.10    0.1400E+00     150.8    281.5
2019  7  5   186   21  8  0     54.29    0.1369E+00     148.2    281.1
2019  7  5   186   21  9  0     54.48    0.1347E+00     147.8    280.9
2019  7  5   186   21 10  0     54.67    0.1336E+00     149.9    280.9
2019  7  5   186   21 11  0     54.86    0.1330E+00     151.9    280.7
2019  7  5   186   21 12  0     55.04    0.1309E+00     151.7    280.5
2019  7  5   186   21 13  0     55.23    0.1281E+00     150.0    280.1
2019  7  5   186   21 14  0     55.42    0.1253E+00     148.9    280.0
2019  7  5   186   21 15  0     55.61    0.1249E+00     151.4    279.8
2019  7  5   186   21 16  0     55.80    0.1227E+00     149.6    279.5
2019  7  5   186   21 17  0     55.99    0.1215E+00     149.9    279.4
2019  7  5   186   21 18  0     56.18    0.1204E+00     150.0    279.1
2019  7  5   186   21 19  0     56.37    0.1191E+00     149.9    278.8
2019  7  5   186   21 20  0     56.56    0.1177E+00     149.6    278.5
2019  7  5   186   21 21  0     56.75    0.1163E+00     150.6    278.4
2019  7  5   186   21 22  0     56.94    0.1145E+00     150.6    278.2
2019  7  5   186   21 23  0     57.13    0.1124E+00     150.0    277.7
2019  7  5   186   21 24  0     57.32    0.1103E+00     148.9    277.5
2019  7  5   186   21 25  0     57.51    0.1097E+00     151.5    277.7
2019  7  5   186   21 26  0     57.69    0.1079E+00     150.6    277.3
2019  7  5   186   21 27  0     57.88    0.1065E+00     151.1    277.0
2019  7  5   186   21 28  0     58.07    0.1049E+00     151.5    276.3
2019  7  5   186   21 29  0     58.26    0.1033E+00     152.3    276.2
2019  7  5   186   21 30  0     58.45    0.1016E+00     152.7    276.1
2019  7  5   186   21 31  0     58.64    0.9971E-01     151.8    276.3
2019  7  5   186   21 32  0     58.83    0.9854E-01     153.0    276.1
2019  7  5   186   21 33  0     59.02    0.9785E-01     154.9    275.2
2019  7  5   186   21 34  0     59.21    0.9642E-01     154.8    274.8
2019  7  5   186   21 35  0     59.40    0.9547E-01     156.2    274.4
2019  7  5   186   21 36  0     59.58    0.9399E-01     156.1    274.1
2019  7  5   186   21 37  0     59.77    0.9232E-01     155.4    273.7
2019  7  5   186   21 38  0     59.96    0.9053E-01     154.3    274.2
2019  7  5   186   21 39  0     60.15    0.8909E-01     154.4    273.0
2019  7  5   186   21 40  0     60.34    0.8758E-01     154.3    272.8
2019  7  5   186   21 41  0     60.53    0.8639E-01     154.9    272.4
2019  7  5   186   21 42  0     60.72    0.8515E-01     155.3    272.0
2019  7  5   186   21 43  0     60.90    0.8371E-01     155.1    271.6
2019  7  5   186   21 44  0     61.09    0.8209E-01     154.3    271.3
2019  7  5   186   21 45  0     61.28    0.8045E-01     153.4    271.1
2019  7  5   186   21 46  0     61.47    0.7919E-01     154.0    270.8
2019  7  5   186   21 47  0     61.66    0.7808E-01     154.8    270.5
2019  7  5   186   21 48  0     61.85    0.7674E-01     155.1    270.3
2019  7  5   186   21 49  0     62.03    0.7563E-01     156.5    270.1
2019  7  5   186   21 50  0     62.22    0.7446E-01     157.5    269.9
2019  7  5   186   21 51  0     62.41    0.7286E-01     156.2    269.5
2019  7  5   186   21 52  0     62.60    0.7126E-01     154.9    269.1
2019  7  5   186   21 53  0     62.79    0.6991E-01     154.8    268.7
2019  7  5   186   21 54  0     62.97    0.6857E-01     155.3    268.5
2019  7  5   186   21 55  0     63.16    0.6739E-01     156.0    268.3
2019  7  5   186   21 56  0     63.35    0.6578E-01     153.5    267.8
2019  7  5   186   21 57  0     63.54    0.6471E-01     154.4    267.7
2019  7  5   186   21 58  0     63.72    0.6391E-01     156.5    267.4
2019  7  5   186   21 59  0     63.91    0.6274E-01     156.3    267.0
2019  7  5   186   22  0  0     64.10    0.6152E-01     155.7    266.6
2019  7  5   186   22  1  0     64.29    0.6044E-01     156.2    266.3
2019  7  5   186   22  2  0     64.47    0.5927E-01     155.5    265.8
2019  7  5   186   22  3  0     64.66    0.5825E-01     156.1    265.4
2019  7  5   186   22  4  0     64.85    0.5713E-01     157.1    265.0
2019  7  5   186   22  5  0     65.03    0.5586E-01     157.8    264.7
2019  7  5   186   22  6  0     65.22    0.5435E-01     156.4    264.3
2019  7  5   186   22  7  0     65.41    0.5311E-01     156.2    264.2
2019  7  5   186   22  8  0     65.59    0.5232E-01     156.7    263.8
2019  7  5   186   22  9  0     65.78    0.5070E-01     150.4    263.0
2019  7  5   186   22 10  0     65.97    0.4944E-01     147.0    262.5
2019  7  5   186   22 11  0     66.15    0.5067E-01     164.2    263.3
2019  7  5   186   22 12  0     66.34    0.4998E-01     164.1    262.7
2019  7  5   186   22 13  0     66.53    0.4938E-01     166.6    262.5
2019  7  5   186   22 14  0     66.71    0.4837E-01     166.1    261.9
2019  7  5   186   22 15  0     66.90    0.4726E-01     165.0    261.3
2019  7  5   186   22 16  0     67.09    0.4611E-01     163.2    260.7
2019  7  5   186   22 17  0     67.27    0.4540E-01     165.5    260.4
2019  7  5   186   22 18  0     67.46    0.4435E-01     165.4    260.0
2019  7  5   186   22 19  0     67.64    0.4324E-01     164.7    259.7
2019  7  5   186   22 20  0     67.83    0.4224E-01     165.3    259.2
2019  7  5   186   22 21  0     68.01    0.4142E-01     168.1    259.1
2019  7  5   186   22 22  0     68.20    0.4065E-01     169.6    259.0
2019  7  5   186   22 23  0     68.38    0.3993E-01     170.5    258.5
2019  7  5   186   22 24  0     68.57    0.3906E-01     170.1    257.9
2019  7  5   186   22 25  0     68.76    0.3809E-01     170.8    257.7
2019  7  5   186   22 26  0     68.94    0.3744E-01     175.1    257.7
2019  7  5   186   22 27  0     69.13    0.3683E-01     173.5    256.1
2019  7  5   186   22 28  0     69.31    0.3618E-01     172.6    255.4
2019  7  5   186   22 29  0     69.50    0.3547E-01     171.9    254.8
2019  7  5   186   22 30  0     69.68    0.3479E-01     172.5    255.1
2019  7  5   186   22 31  0     69.86    0.3407E-01     171.4    254.4
2019  7  5   186   22 32  0     70.05    0.3306E-01     167.3    252.6
2019  7  5   186   22 33  0     70.23    0.3190E-01     162.9    251.8
2019  7  5   186   22 34  0     70.42    0.3119E-01     170.0    251.9
2019  7  5   186   22 35  0     70.60    0.2995E-01     169.3    251.5
2019  7  5   186   22 36  0     70.79    0.2917E-01     171.3    251.4
2019  7  5   186   22 37  0     70.97    0.2864E-01     165.2    249.9
2019  7  5   186   22 38  0     71.15    0.2851E-01     172.9    249.7
2019  7  5   186   22 39  0     71.34    0.2793E-01     173.3    249.2
2019  7  5   186   22 40  0     71.52    0.2750E-01     175.1    248.9
2019  7  5   186   22 41  0     71.70    0.2698E-01     175.9    248.5
2019  7  5   186   22 42  0     71.89    0.2643E-01     176.1    247.8
2019  7  5   186   22 43  0     72.07    0.2585E-01     177.4    247.4
2019  7  5   186   22 44  0     72.25    0.2529E-01     179.2    247.1
2019  7  5   186   22 45  0     72.44    0.2472E-01     180.1    246.4
2019  7  5   186   22 46  0     72.62    0.2404E-01     179.3    245.7
2019  7  5   186   22 47  0     72.80    0.2345E-01     179.9    245.0
2019  7  5   186   22 48  0     72.98    0.2282E-01     179.6    244.3
2019  7  5   186   22 49  0     73.17    0.2221E-01     179.6    243.8
2019  7  5   186   22 50  0     73.35    0.2163E-01     179.7    243.2
2019  7  5   186   22 51  0     73.53    0.2108E-01     179.9    242.7
2019  7  5   186   22 52  0     73.71    0.2046E-01     179.1    242.1
2019  7  5   186   22 53  0     73.89    0.1981E-01     177.7    241.3
2019  7  5   186   22 54  0     74.08    0.1916E-01     177.7    240.5
2019  7  5   186   22 55  0     74.26    0.1862E-01     183.2    240.7
2019  7  5   186   22 56  0     74.44    0.1818E-01     182.4    239.9
2019  7  5   186   22 57  0     74.62    0.1776E-01     182.2    238.5
2019  7  5   186   22 58  0     74.80    0.1715E-01     181.1    237.8
2019  7  5   186   22 59  0     74.98    0.1646E-01     179.7    236.8
2019  7  5   186   23  0  0     75.16    0.1544E-01     165.3    234.4
2019  7  5   186   23  1  0     75.34    0.1510E-01     180.8    234.6
2019  7  5   186   23  2  0     75.52    0.1467E-01     169.5    232.9
2019  7  5   186   23  3  0     75.70    0.1434E-01     169.1    231.8
2019  7  5   186   23  4  0     75.88    0.1410E-01     183.1    233.2
2019  7  5   186   23  5  0     76.06    0.1376E-01     189.1    232.4
2019  7  5   186   23  6  0     76.24    0.1356E-01     190.5    232.0
2019  7  5   186   23  7  0     76.42    0.1334E-01     187.5    230.1
2019  7  5   186   23  8  0     76.60    0.1300E-01     186.3    228.7
2019  7  5   186   23  9  0     76.78    0.1260E-01     186.6    228.0
2019  7  5   186   23 10  0     76.96    0.1215E-01     181.0    226.7
2019  7  5   186   23 11  0     77.14    0.1182E-01     187.9    226.3
2019  7  5   186   23 12  0     77.32    0.1149E-01     188.3    225.0
2019  7  5   186   23 13  0     77.50    0.1110E-01     187.7    224.4
2019  7  5   186   23 14  0     77.68    0.1075E-01     186.5    222.7
2019  7  5   186   23 15  0     77.86    0.1036E-01     184.5    221.3
2019  7  5   186   23 16  0     78.03    0.9974E-02     182.4    219.8
2019  7  5   186   23 17  0     78.21    0.9635E-02     181.4    218.6
2019  7  5   186   23 18  0     78.39    0.9376E-02     181.5    217.1
2019  7  5   186   23 19  0     78.57    0.9098E-02     181.4    216.2
2019  7  5   186   23 20  0     78.75    0.8802E-02     180.9    215.2
2019  7  5   186   23 21  0     78.92    0.8506E-02     180.2    213.2
2019  7  5   186   23 22  0     79.10    0.8107E-02     180.9    211.2
2019  7  5   186   23 23  0     79.28    0.7734E-02     179.5    210.3
2019  7  5   186   23 24  0     79.46    0.7486E-02     178.0    208.1
2019  7  5   186   23 25  0     79.63    0.7203E-02     179.9    206.7
2019  7  5   186   23 26  0     79.81    0.7001E-02     182.4    205.2
2019  7  5   186   23 27  0     79.98    0.6868E-02     185.6    204.6
2019  7  5   186   23 28  0     80.16    0.6769E-02     189.7    205.0
2019  7  5   186   23 29  0     80.34    0.6663E-02     189.2    203.1
2019  7  5   186   23 30  0     80.51    0.6501E-02     187.3    201.3
2019  7  5   186   23 31  0     80.69    0.6263E-02     187.5    199.5
2019  7  5   186   23 32  0     80.86    0.5980E-02     190.3    198.1
2019  7  5   186   23 33  0     81.04    0.5715E-02     191.9    197.9
2019  7  5   186   23 34  0     81.21    0.5528E-02     190.4    194.9
2019  7  5   186   23 35  0     81.39    0.5273E-02     187.8    192.6
2019  7  5   186   23 36  0     81.56    0.5010E-02     188.0    190.8
2019  7  5   186   23 37  0     81.74    0.4809E-02     185.8    187.9
2019  7  5   186   23 38  0     81.91    0.4702E-02     188.5    187.0
2019  7  5   186   23 39  0     82.09    0.4630E-02     188.0    184.6
2019  7  5   186   23 40  0     82.26    0.4382E-02     182.7    181.9
2019  7  5   186   23 41  0     82.43    0.4029E-02     173.6    177.4
2019  7  5   186   23 42  0     82.61    0.3732E-02     167.2    171.4
2019  7  5   186   23 43  0     82.78    0.3437E-02     165.5    168.7
2019  7  5   186   23 44  0     82.95    0.3358E-02     166.7    165.7
2019  7  5   186   23 45  0     83.13    0.3394E-02     175.2    166.6
2019  7  5   186   23 46  0     83.30    0.3418E-02     183.7    166.0
2019  7  5   186   23 47  0     83.47    0.3339E-02     183.1    164.4
2019  7  5   186   23 48  0     83.64    0.3216E-02     184.7    164.7
2019  7  5   186   23 49  0     83.82    0.3136E-02     181.2    160.8
2019  7  5   186   23 50  0     83.99    0.2992E-02     175.3    156.2
2019  7  5   186   23 51  0     84.16    0.2751E-02     163.3    148.4
2019  7  5   186   23 52  0     84.33    0.2533E-02     154.0    142.2
2019  7  5   186   23 53  0     84.50    0.2494E-02     157.3    141.4
2019  7  5   186   23 54  0     84.67    0.2514E-02     163.7    141.3
2019  7  5   186   23 55  0     84.84    0.2418E-02     167.6    139.6
2019  7  5   186   23 56  0     85.02    0.2358E-02     172.9    138.5
2019  7  5   186   23 57  0     85.19    0.2286E-02     172.2    136.5
2019  7  5   186   23 58  0     85.36    0.2157E-02     161.1    131.2
2019  7  5   186   23 59  0     85.53    0.1966E-02     141.1    119.6
