                            NILUUV 115

Uvpro Version 2.0
Latitude :   40.74 (North)
Longitude:  -74.03  (West)
Calibration file: cf100603a.115
Height above sea level:    40.0  m
CLT derived from channel 5
CLT scale factor used:   1.0
Ozone derived from channel pair ch3/ch1
Ozone scale factor used:   1.0
Drift factors ch1-ch6:   0.398  0.382  0.567  0.558  0.365  0.928
Ozone profile climatology: Mid  Latitude
Dose type:    CLW    Caldwell Plant 1971           

yyyy mm dd   jul   hh mm ss      SZA     dose rate       clt     Ozone
                              [degrees]   [W/m^2]        [%]     [DU]
2019 10 13   286   11 10  0     89.98    0.7339E-03      68.2     30.3
2019 10 13   286   11 11  0     89.79    0.7298E-03      70.6     33.6
2019 10 13   286   11 12  0     89.60    0.7388E-03      72.9     36.3
2019 10 13   286   11 13  0     89.42    0.7432E-03      75.3     39.3
2019 10 13   286   11 14  0     89.23    0.7839E-03      77.7     40.5
2019 10 13   286   11 15  0     89.05    0.8146E-03      80.2     41.9
2019 10 13   286   11 16  0     88.86    0.7920E-03      82.0     46.4
2019 10 13   286   11 17  0     88.68    0.8204E-03      83.7     48.5
2019 10 13   286   11 18  0     88.49    0.8341E-03      85.7     51.4
2019 10 13   286   11 19  0     88.31    0.8447E-03      87.8     54.5
2019 10 13   286   11 20  0     88.12    0.8537E-03      89.9     57.7
2019 10 13   286   11 21  0     87.94    0.8583E-03      91.3     61.3
2019 10 13   286   11 22  0     87.75    0.9033E-03      91.9     62.8
2019 10 13   286   11 23  0     87.57    0.9099E-03      92.1     66.3
2019 10 13   286   11 24  0     87.38    0.9232E-03      92.2     69.5
2019 10 13   286   11 25  0     87.20    0.9551E-03      92.3     71.5
2019 10 13   286   11 26  0     87.01    0.9754E-03      92.9     74.3
2019 10 13   286   11 27  0     86.83    0.1025E-02      93.5     76.1
2019 10 13   286   11 28  0     86.64    0.1025E-02      94.8     80.9
2019 10 13   286   11 29  0     86.46    0.1047E-02      96.5     84.3
2019 10 13   286   11 30  0     86.27    0.1088E-02      98.4     86.6
2019 10 13   286   11 31  0     86.09    0.1100E-02     100.0     90.4
2019 10 13   286   11 32  0     85.91    0.1124E-02     101.0     93.7
2019 10 13   286   11 33  0     85.72    0.1127E-02     101.6     98.9
2019 10 13   286   11 34  0     85.54    0.1175E-02     102.2    100.7
2019 10 13   286   11 35  0     85.36    0.1207E-02     102.8    103.7
2019 10 13   286   11 36  0     85.17    0.1226E-02     103.7    107.5
2019 10 13   286   11 37  0     84.99    0.1283E-02     104.5    109.2
2019 10 13   286   11 38  0     84.81    0.1326E-02     105.2    112.5
2019 10 13   286   11 39  0     84.62    0.1356E-02     105.6    116.5
2019 10 13   286   11 40  0     84.44    0.1394E-02     105.9    119.6
2019 10 13   286   11 41  0     84.26    0.1416E-02     106.1    123.9
2019 10 13   286   11 42  0     84.08    0.1466E-02     106.1    125.7
2019 10 13   286   11 43  0     83.89    0.1467E-02     106.4    131.5
2019 10 13   286   11 44  0     83.71    0.1537E-02     106.9    133.4
2019 10 13   286   11 45  0     83.53    0.1567E-02     107.5    139.9
2019 10 13   286   11 46  0     83.35    0.1663E-02     108.0    142.1
2019 10 13   286   11 47  0     83.17    0.1744E-02     106.9    144.5
2019 10 13   286   11 48  0     82.98    0.1769E-02     105.6    149.4
2019 10 13   286   11 49  0     82.80    0.1804E-02     104.7    151.2
2019 10 13   286   11 50  0     82.62    0.1806E-02     102.3    152.8
2019 10 13   286   11 51  0     82.44    0.1831E-02      99.0    153.0
2019 10 13   286   11 52  0     82.26    0.1845E-02      96.2    155.4
2019 10 13   286   11 53  0     82.08    0.1878E-02      93.8    157.2
2019 10 13   286   11 54  0     81.90    0.1929E-02      91.3    158.0
2019 10 13   286   11 55  0     81.72    0.1973E-02      90.3    160.9
2019 10 13   286   11 56  0     81.54    0.2059E-02      89.8    163.9
2019 10 13   286   11 57  0     81.36    0.2164E-02      89.5    166.2
2019 10 13   286   11 58  0     81.18    0.2210E-02      89.0    169.3
2019 10 13   286   11 59  0     81.00    0.2232E-02      88.0    173.3
2019 10 13   286   12  0  0     80.82    0.2308E-02      87.9    175.7
2019 10 13   286   12  1  0     80.64    0.2417E-02      89.9    179.8
2019 10 13   286   12  2  0     80.46    0.2564E-02      91.6    182.4
2019 10 13   286   12  3  0     80.28    0.2684E-02      91.7    185.2
2019 10 13   286   12  4  0     80.10    0.2819E-02      91.3    188.4
2019 10 13   286   12  5  0     79.93    0.3007E-02      91.9    190.0
2019 10 13   286   12  6  0     79.75    0.3186E-02      93.0    192.6
2019 10 13   286   12  7  0     79.57    0.3361E-02      92.7    195.4
2019 10 13   286   12  8  0     79.39    0.3517E-02      90.8    197.4
2019 10 13   286   12  9  0     79.21    0.3669E-02      86.6    197.9
2019 10 13   286   12 10  0     79.04    0.3770E-02      78.7    199.0
2019 10 13   286   12 11  0     78.86    0.3861E-02      75.7    199.3
2019 10 13   286   12 12  0     78.68    0.3835E-02      70.3    200.3
2019 10 13   286   12 13  0     78.51    0.3788E-02      69.1    202.2
2019 10 13   286   12 14  0     78.33    0.3830E-02      68.8    203.9
2019 10 13   286   12 15  0     78.15    0.3975E-02      72.3    205.9
2019 10 13   286   12 16  0     77.98    0.4185E-02      70.2    207.7
2019 10 13   286   12 17  0     77.80    0.4443E-02      72.2    210.2
2019 10 13   286   12 18  0     77.62    0.4675E-02      71.8    212.1
2019 10 13   286   12 19  0     77.45    0.4847E-02      73.5    215.4
2019 10 13   286   12 20  0     77.27    0.5043E-02      76.8    217.6
2019 10 13   286   12 21  0     77.10    0.5227E-02      80.8    220.8
2019 10 13   286   12 22  0     76.92    0.5499E-02      86.8    223.6
2019 10 13   286   12 23  0     76.75    0.5788E-02      96.7    228.4
2019 10 13   286   12 24  0     76.57    0.6072E-02     110.0    232.1
2019 10 13   286   12 25  0     76.40    0.6224E-02     112.9    234.3
2019 10 13   286   12 26  0     76.23    0.6207E-02     110.2    234.1
2019 10 13   286   12 27  0     76.05    0.6108E-02     106.6    235.6
2019 10 13   286   12 28  0     75.88    0.6008E-02      99.1    236.5
2019 10 13   286   12 29  0     75.71    0.5977E-02      98.2    237.1
2019 10 13   286   12 30  0     75.53    0.5890E-02      88.1    236.2
2019 10 13   286   12 31  0     75.36    0.5987E-02      88.4    237.6
2019 10 13   286   12 32  0     75.19    0.6163E-02      76.3    236.6
2019 10 13   286   12 33  0     75.02    0.6632E-02      74.3    237.3
2019 10 13   286   12 34  0     74.84    0.7329E-02      79.1    239.5
2019 10 13   286   12 35  0     74.67    0.8201E-02      90.2    241.4
2019 10 13   286   12 36  0     74.50    0.8947E-02      97.9    243.7
2019 10 13   286   12 37  0     74.33    0.9498E-02      96.6    244.2
2019 10 13   286   12 38  0     74.16    0.9899E-02      95.9    245.0
2019 10 13   286   12 39  0     73.99    0.1026E-01      96.1    245.5
2019 10 13   286   12 40  0     73.82    0.1062E-01      97.2    246.7
2019 10 13   286   12 41  0     73.65    0.1122E-01     111.8    249.4
2019 10 13   286   12 42  0     73.48    0.1131E-01      96.1    247.8
2019 10 13   286   12 43  0     73.31    0.1166E-01      95.6    248.6
2019 10 13   286   12 44  0     73.14    0.1215E-01      99.5    249.3
2019 10 13   286   12 45  0     72.97    0.1245E-01      93.9    249.5
2019 10 13   286   12 46  0     72.80    0.1287E-01      93.8    250.4
2019 10 13   286   12 47  0     72.63    0.1342E-01     102.2    252.6
2019 10 13   286   12 48  0     72.46    0.1397E-01     111.3    254.4
2019 10 13   286   12 49  0     72.29    0.1391E-01      95.7    253.2
2019 10 13   286   12 50  0     72.13    0.1424E-01      96.7    253.9
2019 10 13   286   12 51  0     71.96    0.1464E-01      98.4    255.2
2019 10 13   286   12 52  0     71.79    0.1486E-01      94.2    255.3
2019 10 13   286   12 53  0     71.63    0.1531E-01      96.0    255.6
2019 10 13   286   12 54  0     71.46    0.1556E-01      90.2    254.1
2019 10 13   286   12 55  0     71.29    0.1595E-01      90.0    254.9
2019 10 13   286   12 56  0     71.13    0.1644E-01      91.5    255.2
2019 10 13   286   12 57  0     70.96    0.1701E-01      95.6    256.6
2019 10 13   286   12 58  0     70.80    0.1812E-01     115.0    259.2
2019 10 13   286   12 59  0     70.63    0.1843E-01     111.4    259.0
2019 10 13   286   13  0  0     70.47    0.1877E-01     109.3    259.0
2019 10 13   286   13  1  0     70.30    0.1977E-01     122.7    260.6
2019 10 13   286   13  2  0     70.14    0.2013E-01     121.7    260.9
2019 10 13   286   13  3  0     69.98    0.2030E-01     116.3    260.0
2019 10 13   286   13  4  0     69.81    0.1985E-01      97.2    257.9
2019 10 13   286   13  5  0     69.65    0.2004E-01      93.2    257.9
2019 10 13   286   13  6  0     69.49    0.2044E-01      91.4    257.7
2019 10 13   286   13  7  0     69.32    0.2038E-01      81.7    255.9
2019 10 13   286   13  8  0     69.16    0.2081E-01      81.2    256.4
2019 10 13   286   13  9  0     69.00    0.2132E-01      80.9    256.9
2019 10 13   286   13 10  0     68.84    0.2199E-01      82.1    258.0
2019 10 13   286   13 11  0     68.68    0.2313E-01      89.6    259.8
2019 10 13   286   13 12  0     68.52    0.2422E-01      95.2    261.2
2019 10 13   286   13 13  0     68.36    0.2487E-01      96.9    261.8
2019 10 13   286   13 14  0     68.20    0.2531E-01      98.4    262.6
2019 10 13   286   13 15  0     68.04    0.2566E-01     100.3    263.2
2019 10 13   286   13 16  0     67.88    0.2595E-01     100.9    263.8
2019 10 13   286   13 17  0     67.72    0.2599E-01      97.5    263.5
2019 10 13   286   13 18  0     67.56    0.2573E-01      90.6    263.1
2019 10 13   286   13 19  0     67.41    0.2596E-01      87.8    262.8
2019 10 13   286   13 20  0     67.25    0.2663E-01      89.0    262.9
2019 10 13   286   13 21  0     67.09    0.2690E-01      85.0    262.5
2019 10 13   286   13 22  0     66.93    0.2836E-01      93.1    263.5
2019 10 13   286   13 23  0     66.78    0.3062E-01     110.7    265.8
2019 10 13   286   13 24  0     66.62    0.3088E-01     106.5    265.0
2019 10 13   286   13 25  0     66.47    0.2908E-01      83.3    262.1
2019 10 13   286   13 26  0     66.31    0.2935E-01      81.3    261.8
2019 10 13   286   13 27  0     66.16    0.2931E-01      74.9    261.0
2019 10 13   286   13 28  0     66.00    0.3060E-01      79.2    261.5
2019 10 13   286   13 29  0     65.85    0.3147E-01      78.6    261.6
2019 10 13   286   13 30  0     65.69    0.3184E-01      74.0    261.1
2019 10 13   286   13 31  0     65.54    0.3332E-01      78.4    261.9
2019 10 13   286   13 32  0     65.39    0.3548E-01      87.5    263.0
2019 10 13   286   13 33  0     65.24    0.3665E-01      88.1    263.2
2019 10 13   286   13 34  0     65.08    0.3854E-01      94.3    264.0
2019 10 13   286   13 35  0     64.93    0.3977E-01      96.1    264.4
2019 10 13   286   13 36  0     64.78    0.3984E-01      91.1    264.0
2019 10 13   286   13 37  0     64.63    0.4131E-01      96.5    264.8
2019 10 13   286   13 38  0     64.48    0.4447E-01     114.0    267.0
2019 10 13   286   13 39  0     64.33    0.4568E-01     115.1    267.2
2019 10 13   286   13 40  0     64.18    0.4775E-01     124.3    268.2
2019 10 13   286   13 41  0     64.03    0.4854E-01     124.2    268.2
2019 10 13   286   13 42  0     63.88    0.4880E-01     121.3    268.1
2019 10 13   286   13 43  0     63.74    0.4847E-01     113.7    267.4
2019 10 13   286   13 44  0     63.59    0.4929E-01     113.2    267.6
2019 10 13   286   13 45  0     63.44    0.4957E-01     109.6    267.5
2019 10 13   286   13 46  0     63.29    0.5069E-01     110.4    267.6
2019 10 13   286   13 47  0     63.15    0.5054E-01     102.5    266.8
2019 10 13   286   13 48  0     63.00    0.5151E-01     101.9    266.8
2019 10 13   286   13 49  0     62.86    0.5648E-01     123.1    269.1
2019 10 13   286   13 50  0     62.71    0.5730E-01     123.0    269.2
2019 10 13   286   13 51  0     62.57    0.5743E-01     121.3    269.3
2019 10 13   286   13 52  0     62.43    0.5640E-01     113.1    268.8
2019 10 13   286   13 53  0     62.28    0.5844E-01     118.3    269.4
2019 10 13   286   13 54  0     62.14    0.5957E-01     118.9    269.4
2019 10 13   286   13 55  0     62.00    0.6115E-01     121.7    269.8
2019 10 13   286   13 56  0     61.86    0.6107E-01     116.1    269.2
2019 10 13   286   13 57  0     61.71    0.6135E-01     114.6    269.5
2019 10 13   286   13 58  0     61.57    0.6555E-01     129.8    270.8
2019 10 13   286   13 59  0     61.43    0.6419E-01     121.1    270.1
2019 10 13   286   14  0  0     61.29    0.6074E-01     103.9    268.6
2019 10 13   286   14  1  0     61.15    0.6061E-01      99.9    268.2
2019 10 13   286   14  2  0     61.02    0.6235E-01     103.9    268.8
2019 10 13   286   14  3  0     60.88    0.6219E-01     100.1    268.5
2019 10 13   286   14  4  0     60.74    0.6778E-01     118.1    270.4
2019 10 13   286   14  5  0     60.60    0.7211E-01     130.3    271.4
2019 10 13   286   14  6  0     60.47    0.6657E-01     105.9    269.1
2019 10 13   286   14  7  0     60.33    0.7059E-01     119.3    270.9
2019 10 13   286   14  8  0     60.20    0.7466E-01     130.6    271.7
2019 10 13   286   14  9  0     60.06    0.7024E-01     113.6    270.7
2019 10 13   286   14 10  0     59.93    0.7470E-01     128.6    272.1
2019 10 13   286   14 11  0     59.79    0.6883E-01     106.2    270.3
2019 10 13   286   14 12  0     59.66    0.6767E-01      99.5    269.5
2019 10 13   286   14 13  0     59.53    0.6529E-01      88.5    268.4
2019 10 13   286   14 14  0     59.40    0.6640E-01      89.4    268.7
2019 10 13   286   14 15  0     59.26    0.6923E-01      93.0    268.9
2019 10 13   286   14 16  0     59.13    0.7989E-01     120.3    271.5
2019 10 13   286   14 17  0     59.00    0.8884E-01     139.7    272.3
2019 10 13   286   14 18  0     58.87    0.9102E-01     140.4    272.2
2019 10 13   286   14 19  0     58.74    0.8776E-01     125.8    271.0
2019 10 13   286   14 20  0     58.62    0.8807E-01     124.3    271.1
2019 10 13   286   14 21  0     58.49    0.9098E-01     130.7    271.7
2019 10 13   286   14 22  0     58.36    0.9171E-01     131.0    271.9
2019 10 13   286   14 23  0     58.23    0.9491E-01     138.3    272.4
2019 10 13   286   14 24  0     58.11    0.9474E-01     135.1    272.0
2019 10 13   286   14 25  0     57.98    0.9417E-01     129.4    271.4
2019 10 13   286   14 26  0     57.86    0.9139E-01     119.3    270.6
2019 10 13   286   14 27  0     57.73    0.8180E-01      91.8    268.1
2019 10 13   286   14 28  0     57.61    0.8662E-01     105.3    270.1
2019 10 13   286   14 29  0     57.49    0.8755E-01     107.2    270.6
2019 10 13   286   14 30  0     57.36    0.8638E-01     102.6    270.6
2019 10 13   286   14 31  0     57.24    0.9336E-01     120.1    272.4
2019 10 13   286   14 32  0     57.12    0.8799E-01     108.1    272.0
2019 10 13   286   14 33  0     57.00    0.7876E-01      87.9    271.0
2019 10 13   286   14 34  0     56.88    0.7413E-01      77.9    270.4
2019 10 13   286   14 35  0     56.76    0.7327E-01      75.8    270.6
2019 10 13   286   14 36  0     56.65    0.7821E-01      84.9    271.4
2019 10 13   286   14 37  0     56.53    0.8383E-01      93.0    271.3
2019 10 13   286   14 38  0     56.41    0.8041E-01      80.1    269.1
2019 10 13   286   14 39  0     56.29    0.7606E-01      67.4    267.5
2019 10 13   286   14 40  0     56.18    0.7737E-01      67.5    267.3
2019 10 13   286   14 41  0     56.06    0.8004E-01      70.8    267.7
2019 10 13   286   14 42  0     55.95    0.8501E-01      76.8    268.1
2019 10 13   286   14 43  0     55.84    0.1018E+00     109.7    271.5
2019 10 13   286   14 44  0     55.72    0.1027E+00     108.0    271.0
2019 10 13   286   14 45  0     55.61    0.1002E+00     100.9    270.4
2019 10 13   286   14 46  0     55.50    0.9764E-01      95.0    270.1
2019 10 13   286   14 47  0     55.39    0.9376E-01      86.3    269.4
2019 10 13   286   14 48  0     55.28    0.9016E-01      78.4    268.9
2019 10 13   286   14 49  0     55.17    0.9670E-01      91.0    270.5
2019 10 13   286   14 50  0     55.06    0.9490E-01      84.5    269.2
2019 10 13   286   14 51  0     54.95    0.9073E-01      76.2    268.8
2019 10 13   286   14 52  0     54.85    0.9609E-01      85.4    269.9
2019 10 13   286   14 53  0     54.74    0.9368E-01      78.0    268.9
2019 10 13   286   14 54  0     54.64    0.9698E-01      81.7    269.3
2019 10 13   286   14 55  0     54.53    0.9827E-01      82.6    269.3
2019 10 13   286   14 56  0     54.43    0.1024E+00      89.9    270.7
2019 10 13   286   14 57  0     54.32    0.1064E+00      93.8    270.4
2019 10 13   286   14 58  0     54.22    0.1109E+00     100.8    271.4
2019 10 13   286   14 59  0     54.12    0.1136E+00     102.9    271.5
2019 10 13   286   15  0  0     54.02    0.1269E+00     121.6    272.3
2019 10 13   286   15  1  0     53.92    0.1240E+00     113.6    271.5
2019 10 13   286   15  2  0     53.82    0.1195E+00     104.2    270.9
2019 10 13   286   15  3  0     53.72    0.1183E+00     101.1    270.8
2019 10 13   286   15  4  0     53.62    0.1213E+00     105.9    271.4
2019 10 13   286   15  5  0     53.53    0.1282E+00     115.1    271.9
2019 10 13   286   15  6  0     53.43    0.1288E+00     114.5    271.8
2019 10 13   286   15  7  0     53.34    0.1293E+00     113.7    271.8
2019 10 13   286   15  8  0     53.24    0.1303E+00     112.4    271.4
2019 10 13   286   15  9  0     53.15    0.1389E+00     124.4    272.2
2019 10 13   286   15 10  0     53.06    0.1394E+00     122.7    271.7
2019 10 13   286   15 11  0     52.96    0.1363E+00     117.3    271.7
2019 10 13   286   15 12  0     52.87    0.1435E+00     126.8    272.1
2019 10 13   286   15 13  0     52.78    0.1427E+00     124.5    271.9
2019 10 13   286   15 14  0     52.69    0.1281E+00     100.0    270.1
2019 10 13   286   15 15  0     52.60    0.1397E+00     117.9    271.8
2019 10 13   286   15 16  0     52.52    0.1471E+00     128.4    272.4
2019 10 13   286   15 17  0     52.43    0.1304E+00     102.3    270.2
2019 10 13   286   15 18  0     52.34    0.1136E+00      78.5    269.4
2019 10 13   286   15 19  0     52.26    0.1278E+00      97.6    271.0
2019 10 13   286   15 20  0     52.17    0.1380E+00     108.9    271.1
2019 10 13   286   15 21  0     52.09    0.1392E+00     110.1    271.3
2019 10 13   286   15 22  0     52.01    0.1348E+00     104.6    271.4
2019 10 13   286   15 23  0     51.93    0.1396E+00     111.6    272.0
2019 10 13   286   15 24  0     51.84    0.1229E+00      87.3    270.2
2019 10 13   286   15 25  0     51.76    0.1250E+00      88.3    270.5
2019 10 13   286   15 26  0     51.69    0.1442E+00     110.8    271.5
2019 10 13   286   15 27  0     51.61    0.1638E+00     133.9    272.1
2019 10 13   286   15 28  0     51.53    0.1504E+00     112.7    270.5
2019 10 13   286   15 29  0     51.45    0.1614E+00     126.4    271.4
2019 10 13   286   15 30  0     51.38    0.1701E+00     136.2    271.7
2019 10 13   286   15 31  0     51.30    0.1714E+00     136.3    271.6
2019 10 13   286   15 32  0     51.23    0.1714E+00     135.1    271.3
2019 10 13   286   15 33  0     51.16    0.1606E+00     120.5    270.5
2019 10 13   286   15 34  0     51.09    0.1565E+00     116.8    270.7
2019 10 13   286   15 35  0     51.02    0.1481E+00     107.7    270.5
2019 10 13   286   15 36  0     50.95    0.1251E+00      78.8    268.7
2019 10 13   286   15 37  0     50.88    0.1370E+00      93.5    270.2
2019 10 13   286   15 38  0     50.81    0.1358E+00      88.5    268.6
2019 10 13   286   15 39  0     50.74    0.1327E+00      86.3    269.2
2019 10 13   286   15 40  0     50.68    0.1350E+00      90.2    269.5
2019 10 13   286   15 41  0     50.61    0.1258E+00      80.7    269.7
2019 10 13   286   15 42  0     50.55    0.1141E+00      66.6    268.7
2019 10 13   286   15 43  0     50.49    0.1138E+00      66.1    268.9
2019 10 13   286   15 44  0     50.42    0.1346E+00      88.7    270.3
2019 10 13   286   15 45  0     50.36    0.1571E+00     111.1    270.6
2019 10 13   286   15 46  0     50.30    0.1614E+00     114.0    270.3
2019 10 13   286   15 47  0     50.24    0.1352E+00      82.5    268.2
2019 10 13   286   15 48  0     50.18    0.1264E+00      75.6    269.0
2019 10 13   286   15 49  0     50.13    0.1311E+00      82.9    270.1
2019 10 13   286   15 50  0     50.07    0.1204E+00      70.7    269.3
2019 10 13   286   15 51  0     50.02    0.1290E+00      81.0    270.2
2019 10 13   286   15 52  0     49.96    0.1273E+00      78.7    269.8
2019 10 13   286   15 53  0     49.91    0.1230E+00      73.6    269.5
2019 10 13   286   15 54  0     49.86    0.1193E+00      69.7    269.5
2019 10 13   286   15 55  0     49.81    0.1193E+00      70.3    269.7
2019 10 13   286   15 56  0     49.76    0.1195E+00      70.5    270.0
2019 10 13   286   15 57  0     49.71    0.1216E+00      72.1    270.1
2019 10 13   286   15 58  0     49.66    0.1206E+00      71.3    270.2
2019 10 13   286   15 59  0     49.61    0.1164E+00      67.5    270.3
2019 10 13   286   16  0  0     49.57    0.1172E+00      69.4    271.2
2019 10 13   286   16  1  0     49.52    0.1174E+00      69.6    271.2
2019 10 13   286   16  2  0     49.48    0.1106E+00      62.1    270.8
2019 10 13   286   16  3  0     49.43    0.1100E+00      60.8    270.7
2019 10 13   286   16  4  0     49.39    0.1130E+00      62.4    270.4
2019 10 13   286   16  5  0     49.35    0.1218E+00      69.0    270.0
2019 10 13   286   16  6  0     49.31    0.1312E+00      77.0    270.0
2019 10 13   286   16  7  0     49.27    0.1297E+00      74.3    269.7
2019 10 13   286   16  8  0     49.23    0.1407E+00      85.8    270.7
2019 10 13   286   16  9  0     49.20    0.1508E+00      95.5    271.0
2019 10 13   286   16 10  0     49.16    0.1321E+00      73.1    269.0
2019 10 13   286   16 11  0     49.13    0.1777E+00     121.4    272.4
2019 10 13   286   16 12  0     49.09    0.1951E+00     134.9    271.4
2019 10 13   286   16 13  0     49.06    0.1974E+00     136.5    271.3
2019 10 13   286   16 14  0     49.03    0.1651E+00     101.2    269.2
2019 10 13   286   16 15  0     49.00    0.1535E+00      90.4    269.5
2019 10 13   286   16 16  0     48.97    0.1688E+00     105.1    270.0
2019 10 13   286   16 17  0     48.94    0.1895E+00     126.2    270.9
2019 10 13   286   16 18  0     48.91    0.1853E+00     121.8    270.5
2019 10 13   286   16 19  0     48.89    0.1648E+00     100.7    269.6
2019 10 13   286   16 20  0     48.86    0.1599E+00      95.8    269.4
2019 10 13   286   16 21  0     48.84    0.1747E+00     111.7    270.4
2019 10 13   286   16 22  0     48.81    0.1541E+00      88.4    268.4
2019 10 13   286   16 23  0     48.79    0.1582E+00      95.4    270.3
2019 10 13   286   16 24  0     48.77    0.1597E+00      93.9    268.7
2019 10 13   286   16 25  0     48.75    0.1451E+00      79.7    268.8
2019 10 13   286   16 26  0     48.73    0.1780E+00     112.5    270.5
2019 10 13   286   16 27  0     48.71    0.1990E+00     131.9    270.6
2019 10 13   286   16 28  0     48.70    0.1994E+00     132.3    270.7
2019 10 13   286   16 29  0     48.68    0.1883E+00     121.8    270.3
2019 10 13   286   16 30  0     48.67    0.1633E+00      97.2    269.1
2019 10 13   286   16 31  0     48.66    0.1474E+00      83.4    269.2
2019 10 13   286   16 32  0     48.64    0.1423E+00      78.6    269.1
2019 10 13   286   16 33  0     48.63    0.1563E+00      93.1    270.4
2019 10 13   286   16 34  0     48.62    0.1601E+00      95.7    269.8
2019 10 13   286   16 35  0     48.61    0.1501E+00      86.6    269.9
2019 10 13   286   16 36  0     48.61    0.1434E+00      80.0    269.8
2019 10 13   286   16 37  0     48.60    0.1411E+00      77.4    269.9
2019 10 13   286   16 38  0     48.59    0.1689E+00     104.5    271.0
2019 10 13   286   16 39  0     48.59    0.1725E+00     105.2    270.3
2019 10 13   286   16 40  0     48.59    0.1891E+00     121.3    270.9
2019 10 13   286   16 41  0     48.58    0.1880E+00     118.4    270.4
2019 10 13   286   16 42  0     48.58    0.1852E+00     115.8    270.3
2019 10 13   286   16 43  0     48.58    0.1866E+00     117.5    270.4
2019 10 13   286   16 44  0     48.58    0.1689E+00      98.8    269.1
2019 10 13   286   16 45  0     48.59    0.1949E+00     128.3    271.5
2019 10 13   286   16 46  0     48.59    0.1594E+00      89.0    268.3
2019 10 13   286   16 47  0     48.59    0.1629E+00      96.6    270.4
2019 10 13   286   16 48  0     48.60    0.1721E+00     105.1    270.5
2019 10 13   286   16 49  0     48.60    0.1715E+00     102.8    269.7
2019 10 13   286   16 50  0     48.61    0.1669E+00      99.8    270.8
2019 10 13   286   16 51  0     48.62    0.1923E+00     124.2    271.0
2019 10 13   286   16 52  0     48.63    0.1847E+00     116.4    270.8
2019 10 13   286   16 53  0     48.64    0.1762E+00     107.4    270.4
2019 10 13   286   16 54  0     48.65    0.1888E+00     120.6    271.1
2019 10 13   286   16 55  0     48.67    0.1782E+00     109.5    270.5
2019 10 13   286   16 56  0     48.68    0.1828E+00     115.3    271.0
2019 10 13   286   16 57  0     48.70    0.1705E+00     102.1    270.1
2019 10 13   286   16 58  0     48.71    0.1772E+00     110.3    271.0
2019 10 13   286   16 59  0     48.73    0.1824E+00     114.3    270.8
2019 10 13   286   17  0  0     48.75    0.1863E+00     117.4    270.6
2019 10 13   286   17  1  0     48.77    0.1860E+00     117.4    270.5
2019 10 13   286   17  2  0     48.79    0.1797E+00     111.4    270.4
2019 10 13   286   17  3  0     48.81    0.1916E+00     123.5    270.6
2019 10 13   286   17  4  0     48.83    0.1841E+00     116.0    270.4
2019 10 13   286   17  5  0     48.86    0.1902E+00     122.6    270.6
2019 10 13   286   17  6  0     48.88    0.1980E+00     131.1    271.0
2019 10 13   286   17  7  0     48.91    0.1938E+00     126.9    270.6
2019 10 13   286   17  8  0     48.93    0.1645E+00      96.1    269.0
2019 10 13   286   17  9  0     48.96    0.1901E+00     126.7    271.7
2019 10 13   286   17 10  0     48.99    0.1916E+00     126.1    271.0
2019 10 13   286   17 11  0     49.02    0.1954E+00     129.9    271.0
2019 10 13   286   17 12  0     49.05    0.1949E+00     129.2    270.8
2019 10 13   286   17 13  0     49.08    0.1841E+00     118.0    270.3
2019 10 13   286   17 14  0     49.12    0.1919E+00     127.8    271.0
2019 10 13   286   17 15  0     49.15    0.1956E+00     131.9    271.0
2019 10 13   286   17 16  0     49.19    0.1960E+00     133.2    271.0
2019 10 13   286   17 17  0     49.22    0.1970E+00     135.0    271.1
2019 10 13   286   17 18  0     49.26    0.1966E+00     135.0    271.0
2019 10 13   286   17 19  0     49.30    0.1923E+00     130.1    270.6
2019 10 13   286   17 20  0     49.34    0.1915E+00     130.3    270.8
2019 10 13   286   17 21  0     49.38    0.1993E+00     139.5    271.1
2019 10 13   286   17 22  0     49.42    0.1958E+00     136.8    271.0
2019 10 13   286   17 23  0     49.46    0.1780E+00     118.8    270.4
2019 10 13   286   17 24  0     49.51    0.1693E+00     113.1    271.1
2019 10 13   286   17 25  0     49.55    0.1690E+00     113.0    271.0
2019 10 13   286   17 26  0     49.60    0.1790E+00     124.2    271.6
2019 10 13   286   17 27  0     49.64    0.1891E+00     134.4    271.4
2019 10 13   286   17 28  0     49.69    0.1902E+00     134.9    271.1
2019 10 13   286   17 29  0     49.74    0.1915E+00     135.9    270.8
2019 10 13   286   17 30  0     49.79    0.1940E+00     138.7    270.7
2019 10 13   286   17 31  0     49.84    0.1924E+00     136.9    270.3
2019 10 13   286   17 32  0     49.89    0.1884E+00     133.7    270.2
2019 10 13   286   17 33  0     49.95    0.1825E+00     128.1    269.9
2019 10 13   286   17 34  0     50.00    0.1747E+00     120.7    269.5
2019 10 13   286   17 35  0     50.06    0.1667E+00     113.1    269.2
2019 10 13   286   17 36  0     50.11    0.1645E+00     111.4    269.1
2019 10 13   286   17 37  0     50.17    0.1598E+00     107.0    269.0
2019 10 13   286   17 38  0     50.23    0.1563E+00     104.0    268.7
2019 10 13   286   17 39  0     50.29    0.1546E+00     103.3    268.7
2019 10 13   286   17 40  0     50.35    0.1451E+00      93.0    268.1
2019 10 13   286   17 41  0     50.41    0.1459E+00      95.8    268.6
2019 10 13   286   17 42  0     50.47    0.1550E+00     108.1    269.5
2019 10 13   286   17 43  0     50.53    0.1591E+00     114.1    269.7
2019 10 13   286   17 44  0     50.60    0.1531E+00     107.1    269.1
2019 10 13   286   17 45  0     50.66    0.1521E+00     106.7    269.3
2019 10 13   286   17 46  0     50.73    0.1561E+00     111.4    269.3
2019 10 13   286   17 47  0     50.80    0.1605E+00     116.8    269.3
2019 10 13   286   17 48  0     50.86    0.1659E+00     123.2    269.4
2019 10 13   286   17 49  0     50.93    0.1701E+00     128.7    269.4
2019 10 13   286   17 50  0     51.00    0.1698E+00     128.1    268.9
2019 10 13   286   17 51  0     51.07    0.1653E+00     123.2    268.6
2019 10 13   286   17 52  0     51.14    0.1665E+00     126.4    268.9
2019 10 13   286   17 53  0     51.21    0.1654E+00     125.3    268.5
2019 10 13   286   17 54  0     51.29    0.1631E+00     123.0    268.1
2019 10 13   286   17 55  0     51.36    0.1580E+00     117.1    267.7
2019 10 13   286   17 56  0     51.44    0.1548E+00     115.6    266.8
2019 10 13   286   17 57  0     51.51    0.1485E+00     107.2    267.1
2019 10 13   286   17 58  0     51.59    0.1440E+00     102.3    266.7
2019 10 13   286   17 59  0     51.67    0.1497E+00     111.5    267.5
2019 10 13   286   18  0  0     51.75    0.1439E+00     104.4    266.8
2019 10 13   286   18  1  0     51.83    0.1434E+00     105.4    267.1
2019 10 13   286   18  2  0     51.91    0.1461E+00     111.2    267.8
2019 10 13   286   18  3  0     51.99    0.1404E+00     103.4    266.8
2019 10 13   286   18  4  0     52.07    0.1316E+00      93.4    266.4
2019 10 13   286   18  5  0     52.15    0.1336E+00      97.3    266.7
2019 10 13   286   18  6  0     52.24    0.1335E+00      96.2    266.0
2019 10 13   286   18  7  0     52.32    0.1349E+00      98.9    266.3
2019 10 13   286   18  8  0     52.41    0.1384E+00     104.5    266.5
2019 10 13   286   18  9  0     52.49    0.1492E+00     121.9    267.7
2019 10 13   286   18 10  0     52.58    0.1489E+00     120.9    267.0
2019 10 13   286   18 11  0     52.67    0.1449E+00     117.0    267.0
2019 10 13   286   18 12  0     52.76    0.1444E+00     116.7    266.6
2019 10 13   286   18 13  0     52.85    0.1407E+00     112.7    266.5
2019 10 13   286   18 14  0     52.94    0.1508E+00     130.9    267.8
2019 10 13   286   18 15  0     53.03    0.1422E+00     120.8    267.3
2019 10 13   286   18 16  0     53.12    0.1302E+00     101.0    265.3
2019 10 13   286   18 17  0     53.22    0.1418E+00     121.0    266.5
2019 10 13   286   18 18  0     53.31    0.1310E+00     106.2    265.4
2019 10 13   286   18 19  0     53.41    0.1235E+00      97.2    265.0
2019 10 13   286   18 20  0     53.50    0.1297E+00     110.5    266.7
2019 10 13   286   18 21  0     53.60    0.1477E+00     138.8    267.8
2019 10 13   286   18 22  0     53.70    0.1506E+00     144.4    267.8
2019 10 13   286   18 23  0     53.80    0.1360E+00     121.6    265.9
2019 10 13   286   18 24  0     53.89    0.1231E+00     102.9    264.8
2019 10 13   286   18 25  0     53.99    0.1227E+00     104.7    265.3
2019 10 13   286   18 26  0     54.10    0.1274E+00     111.7    264.9
2019 10 13   286   18 27  0     54.20    0.1228E+00     106.9    265.1
2019 10 13   286   18 28  0     54.30    0.1236E+00     108.1    264.5
2019 10 13   286   18 29  0     54.40    0.1059E+00      79.4    262.3
2019 10 13   286   18 30  0     54.50    0.1113E+00      91.8    263.8
2019 10 13   286   18 31  0     54.61    0.1161E+00     101.7    264.6
2019 10 13   286   18 32  0     54.72    0.1280E+00     123.7    265.8
2019 10 13   286   18 33  0     54.82    0.1295E+00     125.2    265.0
2019 10 13   286   18 34  0     54.93    0.1258E+00     120.1    264.5
2019 10 13   286   18 35  0     55.03    0.1303E+00     130.5    264.8
2019 10 13   286   18 36  0     55.14    0.1297E+00     131.3    264.8
2019 10 13   286   18 37  0     55.25    0.1217E+00     117.0    263.5
2019 10 13   286   18 38  0     55.36    0.1187E+00     114.3    263.5
2019 10 13   286   18 39  0     55.47    0.1015E+00      81.5    260.6
2019 10 13   286   18 40  0     55.58    0.1053E+00      91.9    262.1
2019 10 13   286   18 41  0     55.70    0.1226E+00     128.3    264.8
2019 10 13   286   18 42  0     55.81    0.1212E+00     125.7    264.3
2019 10 13   286   18 43  0     55.92    0.1250E+00     135.7    264.8
2019 10 13   286   18 44  0     56.04    0.1222E+00     131.7    264.5
2019 10 13   286   18 45  0     56.15    0.1223E+00     134.6    264.7
2019 10 13   286   18 46  0     56.27    0.1205E+00     132.5    264.4
2019 10 13   286   18 47  0     56.38    0.1176E+00     128.5    264.1
2019 10 13   286   18 48  0     56.50    0.1193E+00     134.8    264.4
2019 10 13   286   18 49  0     56.62    0.1177E+00     133.7    264.3
2019 10 13   286   18 50  0     56.74    0.1148E+00     130.3    264.0
2019 10 13   286   18 51  0     56.85    0.1132E+00     129.7    263.9
2019 10 13   286   18 52  0     56.97    0.1111E+00     128.1    263.7
2019 10 13   286   18 53  0     57.09    0.1097E+00     128.0    263.7
2019 10 13   286   18 54  0     57.22    0.1070E+00     124.0    263.2
2019 10 13   286   18 55  0     57.34    0.1013E+00     112.5    262.2
2019 10 13   286   18 56  0     57.46    0.9877E-01     110.1    262.0
2019 10 13   286   18 57  0     57.58    0.9875E-01     112.8    262.2
2019 10 13   286   18 58  0     57.70    0.1016E+00     123.2    262.9
2019 10 13   286   18 59  0     57.83    0.1020E+00     126.7    263.0
2019 10 13   286   19  0  0     57.95    0.1020E+00     129.8    263.2
2019 10 13   286   19  1  0     58.08    0.1009E+00     129.3    263.0
2019 10 13   286   19  2  0     58.20    0.1008E+00     131.6    263.2
2019 10 13   286   19  3  0     58.33    0.1001E+00     132.2    263.1
2019 10 13   286   19  4  0     58.46    0.9938E-01     132.6    263.0
2019 10 13   286   19  5  0     58.58    0.9871E-01     133.4    263.0
2019 10 13   286   19  6  0     58.71    0.9757E-01     132.8    262.8
2019 10 13   286   19  7  0     58.84    0.9623E-01     132.1    262.7
2019 10 13   286   19  8  0     58.97    0.9551E-01     133.1    262.6
2019 10 13   286   19  9  0     59.10    0.9461E-01     133.7    262.5
2019 10 13   286   19 10  0     59.23    0.9339E-01     133.5    262.5
2019 10 13   286   19 11  0     59.36    0.8819E-01     119.7    261.2
2019 10 13   286   19 12  0     59.50    0.8648E-01     120.0    261.4
2019 10 13   286   19 13  0     59.63    0.8416E-01     114.4    260.7
2019 10 13   286   19 14  0     59.76    0.8711E-01     129.7    262.2
2019 10 13   286   19 15  0     59.89    0.8483E-01     123.1    261.1
2019 10 13   286   19 16  0     60.03    0.7826E-01     105.5    259.7
2019 10 13   286   19 17  0     60.16    0.8119E-01     120.8    261.1
2019 10 13   286   19 18  0     60.30    0.8256E-01     128.4    261.2
2019 10 13   286   19 19  0     60.43    0.7501E-01     107.6    259.9
2019 10 13   286   19 20  0     60.57    0.7815E-01     121.4    260.6
2019 10 13   286   19 21  0     60.71    0.7844E-01     128.4    261.3
2019 10 13   286   19 22  0     60.84    0.7866E-01     133.1    261.4
2019 10 13   286   19 23  0     60.98    0.7762E-01     134.0    261.4
2019 10 13   286   19 24  0     61.12    0.7618E-01     132.4    261.2
2019 10 13   286   19 25  0     61.26    0.7524E-01     133.1    261.3
2019 10 13   286   19 26  0     61.40    0.7035E-01     113.9    259.3
2019 10 13   286   19 27  0     61.54    0.6682E-01     104.8    258.8
2019 10 13   286   19 28  0     61.68    0.7376E-01     136.6    261.0
2019 10 13   286   19 29  0     61.82    0.7349E-01     137.7    260.9
2019 10 13   286   19 30  0     61.96    0.7230E-01     135.9    260.5
2019 10 13   286   19 31  0     62.11    0.7075E-01     133.8    260.2
2019 10 13   286   19 32  0     62.25    0.6893E-01     131.4    259.9
2019 10 13   286   19 33  0     62.39    0.6610E-01     123.9    259.1
2019 10 13   286   19 34  0     62.54    0.6415E-01     121.2    258.9
2019 10 13   286   19 35  0     62.68    0.6363E-01     124.0    259.0
2019 10 13   286   19 36  0     62.82    0.6321E-01     127.2    259.2
2019 10 13   286   19 37  0     62.97    0.6257E-01     128.9    259.3
2019 10 13   286   19 38  0     63.11    0.6167E-01     128.9    259.0
2019 10 13   286   19 39  0     63.26    0.6045E-01     127.7    259.0
2019 10 13   286   19 40  0     63.41    0.5900E-01     125.0    258.6
2019 10 13   286   19 41  0     63.55    0.5750E-01     122.3    258.2
2019 10 13   286   19 42  0     63.70    0.5569E-01     117.5    257.7
2019 10 13   286   19 43  0     63.85    0.5472E-01     116.9    257.5
2019 10 13   286   19 44  0     64.00    0.5393E-01     117.1    257.4
2019 10 13   286   19 45  0     64.15    0.5352E-01     119.4    257.0
2019 10 13   286   19 46  0     64.30    0.5368E-01     125.4    257.9
2019 10 13   286   19 47  0     64.45    0.5300E-01     125.9    257.8
2019 10 13   286   19 48  0     64.60    0.5191E-01     124.5    257.5
2019 10 13   286   19 49  0     64.75    0.5079E-01     123.5    257.3
2019 10 13   286   19 50  0     64.90    0.4949E-01     121.1    256.9
2019 10 13   286   19 51  0     65.05    0.4801E-01     117.8    255.9
2019 10 13   286   19 52  0     65.20    0.4680E-01     115.9    255.5
2019 10 13   286   19 53  0     65.36    0.4532E-01     112.3    255.0
2019 10 13   286   19 54  0     65.51    0.4400E-01     109.2    254.5
2019 10 13   286   19 55  0     65.66    0.4295E-01     107.2    254.0
2019 10 13   286   19 56  0     65.81    0.4244E-01     110.8    255.4
2019 10 13   286   19 57  0     65.97    0.4136E-01     108.1    254.9
2019 10 13   286   19 58  0     66.12    0.4041E-01     107.6    253.6
2019 10 13   286   19 59  0     66.28    0.3920E-01     104.0    253.2
2019 10 13   286   20  0  0     66.43    0.3761E-01      97.1    252.1
2019 10 13   286   20  1  0     66.59    0.3766E-01     105.3    253.0
2019 10 13   286   20  2  0     66.74    0.3634E-01      99.9    252.0
2019 10 13   286   20  3  0     66.90    0.3544E-01      98.7    251.8
2019 10 13   286   20  4  0     67.06    0.3472E-01      98.7    251.5
2019 10 13   286   20  5  0     67.21    0.3389E-01      97.7    251.2
2019 10 13   286   20  6  0     67.37    0.3328E-01      98.5    251.0
2019 10 13   286   20  7  0     67.53    0.3262E-01      98.5    250.6
2019 10 13   286   20  8  0     67.69    0.3257E-01     106.1    251.3
2019 10 13   286   20  9  0     67.85    0.3263E-01     113.1    251.8
2019 10 13   286   20 10  0     68.01    0.3103E-01      98.8    249.7
2019 10 13   286   20 11  0     68.16    0.2983E-01      91.6    248.5
2019 10 13   286   20 12  0     68.32    0.2878E-01      86.1    247.1
2019 10 13   286   20 13  0     68.49    0.2801E-01      85.5    246.8
2019 10 13   286   20 14  0     68.65    0.2774E-01      91.2    247.4
2019 10 13   286   20 15  0     68.81    0.2675E-01      86.5    246.5
2019 10 13   286   20 16  0     68.97    0.2593E-01      84.7    245.9
2019 10 13   286   20 17  0     69.13    0.2525E-01      86.2    245.9
2019 10 13   286   20 18  0     69.29    0.2477E-01      91.4    247.0
2019 10 13   286   20 19  0     69.45    0.2397E-01      90.6    246.8
2019 10 13   286   20 20  0     69.62    0.2337E-01      92.1    247.0
2019 10 13   286   20 21  0     69.78    0.2273E-01      90.6    246.3
2019 10 13   286   20 22  0     69.94    0.2200E-01      87.1    245.1
2019 10 13   286   20 23  0     70.10    0.2147E-01      87.3    244.8
2019 10 13   286   20 24  0     70.27    0.2088E-01      86.7    244.6
2019 10 13   286   20 25  0     70.43    0.2025E-01      86.2    244.3
2019 10 13   286   20 26  0     70.60    0.1936E-01      84.4    244.2
2019 10 13   286   20 27  0     70.76    0.1857E-01      89.3    245.1
2019 10 13   286   20 28  0     70.93    0.1764E-01      90.1    245.6
2019 10 13   286   20 29  0     71.09    0.1765E-01     103.9    247.6
2019 10 13   286   20 30  0     71.26    0.1767E-01     108.8    247.8
2019 10 13   286   20 31  0     71.43    0.1777E-01     111.8    247.8
2019 10 13   286   20 32  0     71.59    0.1786E-01     114.0    246.9
2019 10 13   286   20 33  0     71.76    0.1768E-01     111.3    246.0
2019 10 13   286   20 34  0     71.93    0.1769E-01     116.6    246.1
2019 10 13   286   20 35  0     72.09    0.1739E-01     113.6    245.2
2019 10 13   286   20 36  0     72.26    0.1731E-01     118.3    244.7
2019 10 13   286   20 37  0     72.43    0.1701E-01     117.3    243.5
2019 10 13   286   20 38  0     72.60    0.1662E-01     114.8    242.4
2019 10 13   286   20 39  0     72.77    0.1622E-01     112.7    241.4
2019 10 13   286   20 40  0     72.93    0.1593E-01     114.7    240.8
2019 10 13   286   20 41  0     73.10    0.1555E-01     115.0    240.0
2019 10 13   286   20 42  0     73.27    0.1513E-01     115.3    239.7
2019 10 13   286   20 43  0     73.44    0.1470E-01     115.3    239.2
2019 10 13   286   20 44  0     73.61    0.1426E-01     112.7    238.1
2019 10 13   286   20 45  0     73.78    0.1376E-01     108.6    236.9
2019 10 13   286   20 46  0     73.95    0.1336E-01     110.5    236.2
2019 10 13   286   20 47  0     74.13    0.1298E-01     112.4    235.0
2019 10 13   286   20 48  0     74.30    0.1256E-01     111.1    234.4
2019 10 13   286   20 49  0     74.47    0.1221E-01     110.4    233.1
2019 10 13   286   20 50  0     74.64    0.1181E-01     107.4    231.9
2019 10 13   286   20 51  0     74.81    0.1149E-01     110.0    232.8
2019 10 13   286   20 52  0     74.98    0.1115E-01     108.8    231.9
2019 10 13   286   20 53  0     75.15    0.1079E-01     103.3    228.5
2019 10 13   286   20 54  0     75.33    0.1041E-01     100.8    227.8
2019 10 13   286   20 55  0     75.50    0.1015E-01     104.5    227.3
2019 10 13   286   20 56  0     75.67    0.9808E-02     101.2    226.4
2019 10 13   286   20 57  0     75.85    0.9514E-02     101.7    225.6
2019 10 13   286   20 58  0     76.02    0.9265E-02     104.0    224.6
2019 10 13   286   20 59  0     76.19    0.9020E-02     107.0    223.9
2019 10 13   286   21  0  0     76.37    0.8720E-02     106.7    223.5
2019 10 13   286   21  1  0     76.54    0.8475E-02     110.5    222.8
2019 10 13   286   21  2  0     76.72    0.8266E-02     116.9    222.3
2019 10 13   286   21  3  0     76.89    0.8001E-02     117.9    221.8
2019 10 13   286   21  4  0     77.07    0.7767E-02     116.3    220.3
2019 10 13   286   21  5  0     77.24    0.7517E-02     116.4    219.8
2019 10 13   286   21  6  0     77.42    0.7289E-02     115.9    218.8
2019 10 13   286   21  7  0     77.59    0.7062E-02     116.6    218.1
2019 10 13   286   21  8  0     77.77    0.6832E-02     113.2    216.5
2019 10 13   286   21  9  0     77.94    0.6601E-02     110.0    214.6
2019 10 13   286   21 10  0     78.12    0.6355E-02     108.2    212.7
2019 10 13   286   21 11  0     78.30    0.6134E-02     106.9    210.8
2019 10 13   286   21 12  0     78.47    0.5891E-02     105.9    209.9
2019 10 13   286   21 13  0     78.65    0.5697E-02     105.1    207.9
2019 10 13   286   21 14  0     78.83    0.5495E-02     105.2    206.1
2019 10 13   286   21 15  0     79.01    0.5297E-02     105.0    203.9
2019 10 13   286   21 16  0     79.18    0.5115E-02     104.5    201.2
2019 10 13   286   21 17  0     79.36    0.4904E-02     102.1    199.0
2019 10 13   286   21 18  0     79.54    0.4697E-02      98.8    196.6
2019 10 13   286   21 19  0     79.72    0.4525E-02      97.2    192.8
2019 10 13   286   21 20  0     79.89    0.4333E-02      96.9    191.1
2019 10 13   286   21 21  0     80.07    0.4189E-02      99.0    188.8
2019 10 13   286   21 22  0     80.25    0.4039E-02      99.0    187.5
2019 10 13   286   21 23  0     80.43    0.3892E-02     100.3    186.7
2019 10 13   286   21 24  0     80.61    0.3762E-02     102.5    185.4
2019 10 13   286   21 25  0     80.79    0.3622E-02     104.6    184.3
2019 10 13   286   21 26  0     80.97    0.3488E-02     106.2    182.6
2019 10 13   286   21 27  0     81.15    0.3354E-02     107.3    181.0
2019 10 13   286   21 28  0     81.33    0.3225E-02     108.0    179.4
2019 10 13   286   21 29  0     81.51    0.3127E-02     108.2    176.3
2019 10 13   286   21 30  0     81.69    0.3022E-02     107.7    172.6
2019 10 13   286   21 31  0     81.87    0.2902E-02     106.6    169.9
2019 10 13   286   21 32  0     82.05    0.2788E-02     105.2    166.7
2019 10 13   286   21 33  0     82.23    0.2704E-02     104.1    162.5
2019 10 13   286   21 34  0     82.41    0.2633E-02     103.4    158.2
2019 10 13   286   21 35  0     82.59    0.2528E-02     103.4    156.1
2019 10 13   286   21 36  0     82.77    0.2421E-02     104.0    154.2
2019 10 13   286   21 37  0     82.96    0.2327E-02     104.9    151.8
2019 10 13   286   21 38  0     83.14    0.2247E-02     105.9    149.1
2019 10 13   286   21 39  0     83.32    0.2183E-02     106.7    145.6
2019 10 13   286   21 40  0     83.50    0.2102E-02     107.2    142.9
2019 10 13   286   21 41  0     83.68    0.2030E-02     107.1    139.5
2019 10 13   286   21 42  0     83.87    0.1969E-02     106.6    135.3
2019 10 13   286   21 43  0     84.05    0.1899E-02     105.6    132.1
2019 10 13   286   21 44  0     84.23    0.1840E-02     104.9    128.6
2019 10 13   286   21 45  0     84.41    0.1784E-02     104.9    125.6
2019 10 13   286   21 46  0     84.59    0.1754E-02     104.9    121.1
2019 10 13   286   21 47  0     84.78    0.1704E-02     104.4    117.5
2019 10 13   286   21 48  0     84.96    0.1648E-02     103.2    114.6
2019 10 13   286   21 49  0     85.14    0.1612E-02     101.4    110.5
2019 10 13   286   21 50  0     85.33    0.1548E-02     100.1    108.0
2019 10 13   286   21 51  0     85.51    0.1509E-02     100.3    105.0
2019 10 13   286   21 52  0     85.69    0.1460E-02     101.1    102.9
2019 10 13   286   21 53  0     85.88    0.1436E-02     102.3     99.8
2019 10 13   286   21 54  0     86.06    0.1384E-02     103.2     98.1
2019 10 13   286   21 55  0     86.25    0.1375E-02     103.4     94.1
2019 10 13   286   21 56  0     86.43    0.1329E-02     103.3     92.0
2019 10 13   286   21 57  0     86.62    0.1306E-02     103.6     88.5
2019 10 13   286   21 58  0     86.80    0.1290E-02     104.5     84.7
2019 10 13   286   21 59  0     86.98    0.1257E-02     106.2     82.1
2019 10 13   286   22  0  0     87.17    0.1234E-02     107.9     79.6
2019 10 13   286   22  1  0     87.36    0.1168E-02     109.8     79.5
2019 10 13   286   22  2  0     87.54    0.1166E-02     111.6     75.7
2019 10 13   286   22  3  0     87.72    0.1140E-02     112.7     73.0
2019 10 13   286   22  4  0     87.91    0.1117E-02     113.3     70.1
2019 10 13   286   22  5  0     88.10    0.1106E-02     112.9     66.8
2019 10 13   286   22  6  0     88.28    0.1086E-02     111.6     64.1
2019 10 13   286   22  7  0     88.47    0.1038E-02     110.8     62.9
2019 10 13   286   22  8  0     88.65    0.1028E-02     111.6     59.7
2019 10 13   286   22  9  0     88.84    0.1018E-02     113.3     57.0
2019 10 13   286   22 10  0     89.02    0.1019E-02     114.7     53.8
2019 10 13   286   22 11  0     89.21    0.1018E-02     114.7     51.1
2019 10 13   286   22 12  0     89.40    0.9982E-03     114.3     49.1
2019 10 13   286   22 13  0     89.58    0.9741E-03     113.6     46.8
2019 10 13   286   22 14  0     89.77    0.9805E-03     113.3     42.9
2019 10 13   286   22 15  0     89.95    0.9300E-03     113.4     41.8
