                            NILUUV 115

Uvpro Version 2.0
Latitude :   40.74 (North)
Longitude:  -74.03  (West)
Calibration file: cf100603a.115
Height above sea level:    40.0  m
CLT derived from channel 5
CLT scale factor used:   1.0
Ozone derived from channel pair ch3/ch1
Ozone scale factor used:   1.0
Drift factors ch1-ch6:   0.401  0.383  0.568  0.566  0.369  0.917
Ozone profile climatology: Mid  Latitude
Dose type:    CLW    Caldwell Plant 1971           

yyyy mm dd   jul   hh mm ss      SZA     dose rate       clt     Ozone
                              [degrees]   [W/m^2]        [%]     [DU]
2019  5 20   140    0  0  0     89.04    0.1057E-02     129.6     51.5
2019  5 20   140    0  1  0     89.21    0.1055E-02     129.3     49.1
2019  5 20   140    0  2  0     89.38    0.1056E-02     129.5     46.4
2019  5 20   140    0  3  0     89.55    0.1013E-02     129.9     45.7
2019  5 20   140    0  4  0     89.72    0.1004E-02     130.5     43.2
2019  5 20   140    0  5  0     89.89    0.9999E-03     131.7     40.3
2019  5 20   140    9 41  0     89.87    0.8313E-03      40.7     17.9
2019  5 20   140    9 42  0     89.70    0.8492E-03      42.1     19.5
2019  5 20   140    9 43  0     89.53    0.8479E-03      43.4     21.0
2019  5 20   140    9 44  0     89.36    0.8623E-03      44.9     22.2
2019  5 20   140    9 45  0     89.19    0.8514E-03      46.5     23.8
2019  5 20   140    9 46  0     89.02    0.8503E-03      47.7     25.2
2019  5 20   140    9 47  0     88.85    0.8600E-03      47.9     26.3
2019  5 20   140    9 48  0     88.68    0.8554E-03      47.5     27.8
2019  5 20   140    9 49  0     88.51    0.8731E-03      47.2     28.9
2019  5 20   140    9 50  0     88.34    0.8895E-03      47.3     30.3
2019  5 20   140    9 51  0     88.17    0.8928E-03      47.6     32.3
2019  5 20   140    9 52  0     88.00    0.9046E-03      48.4     34.2
2019  5 20   140    9 53  0     87.82    0.9066E-03      49.1     37.0
2019  5 20   140    9 54  0     87.65    0.9047E-03      49.8     40.0
2019  5 20   140    9 55  0     87.48    0.9205E-03      50.8     42.1
2019  5 20   140    9 56  0     87.31    0.9530E-03      52.2     43.8
2019  5 20   140    9 57  0     87.13    0.9461E-03      53.6     46.9
2019  5 20   140    9 58  0     86.96    0.9487E-03      54.7     50.1
2019  5 20   140    9 59  0     86.79    0.9768E-03      55.3     52.5
2019  5 20   140   10  0  0     86.61    0.1004E-02      56.0     55.1
2019  5 20   140   10  1  0     86.44    0.1009E-02      56.7     59.0
2019  5 20   140   10  2  0     86.26    0.1030E-02      57.7     61.4
2019  5 20   140   10  3  0     86.09    0.1046E-02      58.9     64.1
2019  5 20   140   10  4  0     85.92    0.1063E-02      59.9     66.8
2019  5 20   140   10  5  0     85.74    0.1091E-02      60.8     69.2
2019  5 20   140   10  6  0     85.57    0.1096E-02      61.5     72.6
2019  5 20   140   10  7  0     85.39    0.1131E-02      61.7     74.8
2019  5 20   140   10  8  0     85.22    0.1110E-02      61.6     79.8
2019  5 20   140   10  9  0     85.04    0.1139E-02      61.6     82.1
2019  5 20   140   10 10  0     84.87    0.1184E-02      62.0     84.3
2019  5 20   140   10 11  0     84.69    0.1201E-02      63.0     88.1
2019  5 20   140   10 12  0     84.51    0.1217E-02      64.4     92.3
2019  5 20   140   10 13  0     84.34    0.1250E-02      65.7     95.7
2019  5 20   140   10 14  0     84.16    0.1272E-02      67.0     99.7
2019  5 20   140   10 15  0     83.98    0.1300E-02      68.0    102.5
2019  5 20   140   10 16  0     83.81    0.1321E-02      68.9    105.7
2019  5 20   140   10 17  0     83.63    0.1338E-02      69.9    109.3
2019  5 20   140   10 18  0     83.45    0.1370E-02      70.9    112.0
2019  5 20   140   10 19  0     83.28    0.1379E-02      71.7    116.0
2019  5 20   140   10 20  0     83.10    0.1393E-02      72.2    120.0
2019  5 20   140   10 21  0     82.92    0.1467E-02      72.0    121.4
2019  5 20   140   10 22  0     82.74    0.1500E-02      71.8    125.7
2019  5 20   140   10 23  0     82.57    0.1577E-02      72.5    128.1
2019  5 20   140   10 24  0     82.39    0.1600E-02      73.4    133.3
2019  5 20   140   10 25  0     82.21    0.1660E-02      73.8    135.4
2019  5 20   140   10 26  0     82.03    0.1658E-02      73.6    139.9
2019  5 20   140   10 27  0     81.85    0.1651E-02      73.2    143.5
2019  5 20   140   10 28  0     81.67    0.1636E-02      72.3    146.6
2019  5 20   140   10 29  0     81.49    0.1643E-02      69.9    147.5
2019  5 20   140   10 30  0     81.32    0.1673E-02      67.1    148.8
2019  5 20   140   10 31  0     81.14    0.1739E-02      65.4    150.1
2019  5 20   140   10 32  0     80.96    0.1794E-02      64.7    154.2
2019  5 20   140   10 33  0     80.78    0.1833E-02      64.2    157.7
2019  5 20   140   10 34  0     80.60    0.1846E-02      63.5    162.5
2019  5 20   140   10 35  0     80.42    0.1886E-02      62.8    165.6
2019  5 20   140   10 36  0     80.24    0.1937E-02      62.2    168.3
2019  5 20   140   10 37  0     80.06    0.2001E-02      62.1    171.1
2019  5 20   140   10 38  0     79.88    0.2095E-02      62.2    174.0
2019  5 20   140   10 39  0     79.69    0.2156E-02      62.1    177.8
2019  5 20   140   10 40  0     79.51    0.2237E-02      62.3    180.8
2019  5 20   140   10 41  0     79.33    0.2308E-02      63.5    185.2
2019  5 20   140   10 42  0     79.15    0.2367E-02      66.3    191.3
2019  5 20   140   10 43  0     78.97    0.2478E-02      69.8    195.2
2019  5 20   140   10 44  0     78.79    0.2554E-02      72.4    199.5
2019  5 20   140   10 45  0     78.61    0.2668E-02      73.4    201.9
2019  5 20   140   10 46  0     78.43    0.2761E-02      74.1    206.2
2019  5 20   140   10 47  0     78.24    0.2904E-02      75.4    208.6
2019  5 20   140   10 48  0     78.06    0.3012E-02      77.5    213.0
2019  5 20   140   10 49  0     77.88    0.3103E-02      79.2    217.3
2019  5 20   140   10 50  0     77.70    0.3193E-02      80.1    219.9
2019  5 20   140   10 51  0     77.52    0.3268E-02      80.4    223.8
2019  5 20   140   10 52  0     77.33    0.3398E-02      80.4    226.1
2019  5 20   140   10 53  0     77.15    0.3544E-02      80.2    228.6
2019  5 20   140   10 54  0     76.97    0.3711E-02      79.7    231.5
2019  5 20   140   10 55  0     76.79    0.3884E-02      79.7    233.6
2019  5 20   140   10 56  0     76.60    0.4058E-02      80.1    236.2
2019  5 20   140   10 57  0     76.42    0.4271E-02      80.3    237.8
2019  5 20   140   10 58  0     76.24    0.4499E-02      81.2    239.4
2019  5 20   140   10 59  0     76.05    0.4725E-02      82.6    241.1
2019  5 20   140   11  0  0     75.87    0.4908E-02      84.0    244.3
2019  5 20   140   11  1  0     75.69    0.5071E-02      85.0    247.4
2019  5 20   140   11  2  0     75.50    0.5259E-02      85.6    248.9
2019  5 20   140   11  3  0     75.32    0.5439E-02      86.0    250.9
2019  5 20   140   11  4  0     75.13    0.5642E-02      86.3    251.7
2019  5 20   140   11  5  0     74.95    0.5819E-02      86.4    254.5
2019  5 20   140   11  6  0     74.77    0.5980E-02      86.6    256.5
2019  5 20   140   11  7  0     74.58    0.6127E-02      86.7    258.5
2019  5 20   140   11  8  0     74.40    0.6289E-02      86.9    259.6
2019  5 20   140   11  9  0     74.21    0.6399E-02      88.0    261.7
2019  5 20   140   11 10  0     74.03    0.6461E-02      87.3    263.4
2019  5 20   140   11 11  0     73.84    0.6495E-02      86.9    265.2
2019  5 20   140   11 12  0     73.66    0.6485E-02      85.5    265.9
2019  5 20   140   11 13  0     73.47    0.6393E-02      81.7    266.5
2019  5 20   140   11 14  0     73.29    0.6247E-02      75.7    267.4
2019  5 20   140   11 15  0     73.10    0.6216E-02      72.5    266.6
2019  5 20   140   11 16  0     72.92    0.6197E-02      70.0    267.7
2019  5 20   140   11 17  0     72.73    0.6212E-02      68.2    268.8
2019  5 20   140   11 18  0     72.55    0.6264E-02      65.5    269.1
2019  5 20   140   11 19  0     72.36    0.6350E-02      64.5    271.0
2019  5 20   140   11 20  0     72.17    0.6490E-02      63.9    271.3
2019  5 20   140   11 21  0     71.99    0.6546E-02      62.7    273.3
2019  5 20   140   11 22  0     71.80    0.6546E-02      60.4    273.6
2019  5 20   140   11 23  0     71.62    0.6529E-02      57.8    274.5
2019  5 20   140   11 24  0     71.43    0.6617E-02      56.0    273.4
2019  5 20   140   11 25  0     71.24    0.6749E-02      55.2    274.7
2019  5 20   140   11 26  0     71.06    0.6910E-02      54.7    275.6
2019  5 20   140   11 27  0     70.87    0.7025E-02      54.1    277.3
2019  5 20   140   11 28  0     70.69    0.7150E-02      53.3    277.8
2019  5 20   140   11 29  0     70.50    0.7304E-02      52.8    278.9
2019  5 20   140   11 30  0     70.31    0.7534E-02      52.8    279.8
2019  5 20   140   11 31  0     70.12    0.7895E-02      53.4    280.3
2019  5 20   140   11 32  0     69.94    0.8411E-02      55.0    281.4
2019  5 20   140   11 33  0     69.75    0.9066E-02      57.7    282.9
2019  5 20   140   11 34  0     69.56    0.9811E-02      60.6    283.9
2019  5 20   140   11 35  0     69.38    0.1054E-01      63.0    285.4
2019  5 20   140   11 36  0     69.19    0.1126E-01      65.6    286.5
2019  5 20   140   11 37  0     69.00    0.1196E-01      67.5    286.7
2019  5 20   140   11 38  0     68.81    0.1263E-01      69.3    287.1
2019  5 20   140   11 39  0     68.63    0.1325E-01      70.9    287.5
2019  5 20   140   11 40  0     68.44    0.1380E-01      72.2    288.5
2019  5 20   140   11 41  0     68.25    0.1431E-01      73.4    289.2
2019  5 20   140   11 42  0     68.06    0.1476E-01      74.4    290.1
2019  5 20   140   11 43  0     67.88    0.1520E-01      75.2    290.8
2019  5 20   140   11 44  0     67.69    0.1559E-01      75.7    291.4
2019  5 20   140   11 45  0     67.50    0.1596E-01      75.4    291.7
2019  5 20   140   11 46  0     67.31    0.1633E-01      74.8    291.7
2019  5 20   140   11 47  0     67.13    0.1670E-01      73.9    291.8
2019  5 20   140   11 48  0     66.94    0.1712E-01      74.0    293.2
2019  5 20   140   11 49  0     66.75    0.1753E-01      73.7    292.3
2019  5 20   140   11 50  0     66.56    0.1790E-01      73.1    292.6
2019  5 20   140   11 51  0     66.37    0.1822E-01      71.5    292.6
2019  5 20   140   11 52  0     66.19    0.1854E-01      70.0    292.4
2019  5 20   140   11 53  0     66.00    0.1897E-01      70.7    293.8
2019  5 20   140   11 54  0     65.81    0.1930E-01      70.1    294.2
2019  5 20   140   11 55  0     65.62    0.1967E-01      70.0    293.8
2019  5 20   140   11 56  0     65.43    0.2000E-01      70.3    294.8
2019  5 20   140   11 57  0     65.24    0.2017E-01      68.0    294.8
2019  5 20   140   11 58  0     65.05    0.2043E-01      68.1    295.7
2019  5 20   140   11 59  0     64.87    0.2070E-01      67.9    296.8
2019  5 20   140   12  0  0     64.68    0.2093E-01      66.2    296.7
2019  5 20   140   12  1  0     64.49    0.2100E-01      62.3    296.5
2019  5 20   140   12  2  0     64.30    0.2136E-01      60.9    295.7
2019  5 20   140   12  3  0     64.11    0.2195E-01      60.4    295.3
2019  5 20   140   12  4  0     63.92    0.2250E-01      58.2    295.3
2019  5 20   140   12  5  0     63.73    0.2320E-01      57.1    295.0
2019  5 20   140   12  6  0     63.54    0.2410E-01      57.6    294.1
2019  5 20   140   12  7  0     63.35    0.2503E-01      58.9    294.8
2019  5 20   140   12  8  0     63.17    0.2605E-01      60.8    295.6
2019  5 20   140   12  9  0     62.98    0.2716E-01      63.8    297.3
2019  5 20   140   12 10  0     62.79    0.2869E-01      69.8    299.0
2019  5 20   140   12 11  0     62.60    0.3091E-01      81.5    301.6
2019  5 20   140   12 12  0     62.41    0.3252E-01      87.2    303.3
2019  5 20   140   12 13  0     62.22    0.3396E-01      93.7    304.8
2019  5 20   140   12 14  0     62.03    0.3449E-01      93.8    305.0
2019  5 20   140   12 15  0     61.84    0.3514E-01      94.4    305.1
2019  5 20   140   12 16  0     61.65    0.3552E-01      92.0    304.5
2019  5 20   140   12 17  0     61.46    0.3466E-01      78.4    302.4
2019  5 20   140   12 18  0     61.27    0.3582E-01      80.1    302.8
2019  5 20   140   12 19  0     61.08    0.3793E-01      86.7    303.8
2019  5 20   140   12 20  0     60.90    0.3975E-01      91.7    304.8
2019  5 20   140   12 21  0     60.71    0.4169E-01      97.3    305.5
2019  5 20   140   12 22  0     60.52    0.4193E-01      92.9    305.2
2019  5 20   140   12 23  0     60.33    0.4164E-01      85.0    304.6
2019  5 20   140   12 24  0     60.14    0.4373E-01      92.6    305.8
2019  5 20   140   12 25  0     59.95    0.4618E-01     101.8    307.1
2019  5 20   140   12 26  0     59.76    0.4743E-01     102.8    307.3
2019  5 20   140   12 27  0     59.57    0.4864E-01     104.0    307.7
2019  5 20   140   12 28  0     59.38    0.4988E-01     104.8    307.9
2019  5 20   140   12 29  0     59.19    0.5098E-01     105.1    308.0
2019  5 20   140   12 30  0     59.00    0.5215E-01     105.4    308.1
2019  5 20   140   12 31  0     58.81    0.5345E-01     106.7    308.3
2019  5 20   140   12 32  0     58.62    0.5440E-01     106.4    308.5
2019  5 20   140   12 33  0     58.43    0.5545E-01     106.5    308.7
2019  5 20   140   12 34  0     58.24    0.5641E-01     106.4    308.9
2019  5 20   140   12 35  0     58.05    0.5747E-01     106.7    309.1
2019  5 20   140   12 36  0     57.86    0.5842E-01     106.0    309.1
2019  5 20   140   12 37  0     57.67    0.5985E-01     107.4    309.4
2019  5 20   140   12 38  0     57.48    0.6119E-01     108.3    309.5
2019  5 20   140   12 39  0     57.30    0.6213E-01     107.8    309.7
2019  5 20   140   12 40  0     57.11    0.6333E-01     108.3    310.0
2019  5 20   140   12 41  0     56.92    0.6469E-01     109.1    310.2
2019  5 20   140   12 42  0     56.73    0.6608E-01     109.9    310.2
2019  5 20   140   12 43  0     56.54    0.6714E-01     109.6    310.3
2019  5 20   140   12 44  0     56.35    0.6778E-01     107.7    310.3
2019  5 20   140   12 45  0     56.16    0.6947E-01     110.2    310.5
2019  5 20   140   12 46  0     55.97    0.7082E-01     110.8    310.6
2019  5 20   140   12 47  0     55.78    0.7079E-01     106.2    310.3
2019  5 20   140   12 48  0     55.59    0.7496E-01     115.9    311.5
2019  5 20   140   12 49  0     55.40    0.7867E-01     123.9    312.8
2019  5 20   140   12 50  0     55.21    0.7971E-01     125.2    313.4
2019  5 20   140   12 51  0     55.02    0.8037E-01     128.8    314.4
2019  5 20   140   12 52  0     54.83    0.6985E-01      97.7    312.3
2019  5 20   140   12 53  0     54.64    0.6413E-01      81.8    311.3
2019  5 20   140   12 54  0     54.45    0.6171E-01      74.4    310.8
2019  5 20   140   12 55  0     54.27    0.6032E-01      69.0    310.0
2019  5 20   140   12 56  0     54.08    0.5985E-01      65.2    309.4
2019  5 20   140   12 57  0     53.89    0.6065E-01      63.6    308.8
2019  5 20   140   12 58  0     53.70    0.6296E-01      65.0    308.6
2019  5 20   140   12 59  0     53.51    0.6761E-01      72.3    309.4
2019  5 20   140   13  0  0     53.32    0.7344E-01      82.2    310.3
2019  5 20   140   13  1  0     53.13    0.7169E-01      74.0    309.2
2019  5 20   140   13  2  0     52.94    0.7615E-01      80.5    309.8
2019  5 20   140   13  3  0     52.75    0.7958E-01      85.1    310.2
2019  5 20   140   13  4  0     52.57    0.7939E-01      81.7    309.9
2019  5 20   140   13  5  0     52.38    0.8089E-01      81.3    309.6
2019  5 20   140   13  6  0     52.19    0.8480E-01      88.5    310.8
2019  5 20   140   13  7  0     52.00    0.8427E-01      82.8    309.4
2019  5 20   140   13  8  0     51.81    0.8023E-01      72.9    309.0
2019  5 20   140   13  9  0     51.62    0.8145E-01      72.3    308.8
2019  5 20   140   13 10  0     51.43    0.8951E-01      85.3    310.5
2019  5 20   140   13 11  0     51.25    0.9784E-01      98.4    311.8
2019  5 20   140   13 12  0     51.06    0.1036E+00     105.3    312.0
2019  5 20   140   13 13  0     50.87    0.1073E+00     110.8    312.8
2019  5 20   140   13 14  0     50.68    0.1121E+00     118.2    313.5
2019  5 20   140   13 15  0     50.49    0.1137E+00     119.9    313.6
2019  5 20   140   13 16  0     50.31    0.1084E+00     107.7    312.6
2019  5 20   140   13 17  0     50.12    0.1049E+00      99.1    312.4
2019  5 20   140   13 18  0     49.93    0.1144E+00     112.1    312.6
2019  5 20   140   13 19  0     49.74    0.1013E+00      85.7    310.5
2019  5 20   140   13 20  0     49.55    0.1064E+00      93.1    311.4
2019  5 20   140   13 21  0     49.37    0.9693E-01      75.0    309.8
2019  5 20   140   13 22  0     49.18    0.1003E+00      81.8    311.7
2019  5 20   140   13 23  0     48.99    0.1092E+00      94.5    311.6
2019  5 20   140   13 24  0     48.80    0.8837E-01      60.8    309.4
2019  5 20   140   13 25  0     48.62    0.9016E-01      61.5    309.4
2019  5 20   140   13 26  0     48.43    0.9763E-01      71.0    310.4
2019  5 20   140   13 27  0     48.24    0.1086E+00      84.7    311.0
2019  5 20   140   13 28  0     48.06    0.1059E+00      77.1    310.2
2019  5 20   140   13 29  0     47.87    0.1246E+00     102.9    312.6
2019  5 20   140   13 30  0     47.68    0.1371E+00     118.0    312.7
2019  5 20   140   13 31  0     47.50    0.1256E+00     100.8    311.9
2019  5 20   140   13 32  0     47.31    0.1150E+00      84.2    311.1
2019  5 20   140   13 33  0     47.12    0.1334E+00     107.6    312.8
2019  5 20   140   13 34  0     46.94    0.1460E+00     122.1    313.0
2019  5 20   140   13 35  0     46.75    0.1380E+00     108.0    312.2
2019  5 20   140   13 36  0     46.57    0.1310E+00      95.7    310.9
2019  5 20   140   13 37  0     46.38    0.1375E+00     103.1    312.2
2019  5 20   140   13 38  0     46.19    0.1332E+00      94.7    311.2
2019  5 20   140   13 39  0     46.01    0.1488E+00     112.0    311.9
2019  5 20   140   13 40  0     45.82    0.1440E+00     103.6    311.5
2019  5 20   140   13 41  0     45.64    0.1552E+00     114.9    311.7
2019  5 20   140   13 42  0     45.45    0.1484E+00     104.1    311.3
2019  5 20   140   13 43  0     45.27    0.1602E+00     114.9    311.1
2019  5 20   140   13 44  0     45.08    0.1645E+00     117.1    311.4
2019  5 20   140   13 45  0     44.90    0.1668E+00     117.1    311.3
2019  5 20   140   13 46  0     44.71    0.1671E+00     115.4    311.3
2019  5 20   140   13 47  0     44.53    0.1702E+00     116.4    311.2
2019  5 20   140   13 48  0     44.34    0.1749E+00     119.4    311.5
2019  5 20   140   13 49  0     44.16    0.1773E+00     120.2    311.4
2019  5 20   140   13 50  0     43.98    0.1730E+00     113.1    310.9
2019  5 20   140   13 51  0     43.79    0.1779E+00     117.4    311.7
2019  5 20   140   13 52  0     43.61    0.1811E+00     118.2    311.4
2019  5 20   140   13 53  0     43.43    0.1828E+00     118.2    311.4
2019  5 20   140   13 54  0     43.24    0.1862E+00     119.1    311.3
2019  5 20   140   13 55  0     43.06    0.1883E+00     118.9    311.1
2019  5 20   140   13 56  0     42.88    0.1925E+00     120.9    311.2
2019  5 20   140   13 57  0     42.69    0.1931E+00     119.6    311.0
2019  5 20   140   13 58  0     42.51    0.1943E+00     119.1    311.0
2019  5 20   140   13 59  0     42.33    0.1968E+00     119.6    311.1
2019  5 20   140   14  0  0     42.15    0.1993E+00     120.3    311.3
2019  5 20   140   14  1  0     41.97    0.2025E+00     121.4    311.3
2019  5 20   140   14  2  0     41.78    0.2003E+00     117.1    311.0
2019  5 20   140   14  3  0     41.60    0.2107E+00     125.6    311.4
2019  5 20   140   14  4  0     41.42    0.2168E+00     129.4    311.6
2019  5 20   140   14  5  0     41.24    0.2237E+00     134.5    312.1
2019  5 20   140   14  6  0     41.06    0.2262E+00     135.0    312.1
2019  5 20   140   14  7  0     40.88    0.2263E+00     134.3    312.8
2019  5 20   140   14  8  0     40.70    0.2437E+00     148.7    313.5
2019  5 20   140   14  9  0     40.52    0.2522E+00     154.9    313.7
2019  5 20   140   14 10  0     40.34    0.2450E+00     148.9    314.0
2019  5 20   140   14 11  0     40.16    0.2057E+00     115.8    313.9
2019  5 20   140   14 12  0     39.98    0.1745E+00      91.0    314.9
2019  5 20   140   14 13  0     39.80    0.1723E+00      88.9    315.1
2019  5 20   140   14 14  0     39.62    0.1793E+00      94.7    315.9
2019  5 20   140   14 15  0     39.44    0.1805E+00      97.0    317.0
2019  5 20   140   14 16  0     39.26    0.1622E+00      83.9    317.8
2019  5 20   140   14 17  0     39.09    0.1456E+00      72.2    319.1
2019  5 20   140   14 18  0     38.91    0.1437E+00      69.8    319.1
2019  5 20   140   14 19  0     38.73    0.1469E+00      70.6    318.7
2019  5 20   140   14 20  0     38.55    0.1489E+00      71.1    318.8
2019  5 20   140   14 21  0     38.38    0.1478E+00      69.8    319.0
2019  5 20   140   14 22  0     38.20    0.1457E+00      67.5    319.2
2019  5 20   140   14 23  0     38.02    0.1462E+00      66.5    318.8
2019  5 20   140   14 24  0     37.85    0.1494E+00      67.0    318.5
2019  5 20   140   14 25  0     37.67    0.1534E+00      68.2    318.2
2019  5 20   140   14 26  0     37.50    0.1546E+00      67.8    317.6
2019  5 20   140   14 27  0     37.32    0.1540E+00      66.2    317.4
2019  5 20   140   14 28  0     37.15    0.1514E+00      62.7    316.7
2019  5 20   140   14 29  0     36.97    0.1525E+00      61.4    315.7
2019  5 20   140   14 30  0     36.80    0.1580E+00      62.7    314.7
2019  5 20   140   14 31  0     36.63    0.1691E+00      66.9    313.6
2019  5 20   140   14 32  0     36.45    0.2057E+00      89.2    314.1
2019  5 20   140   14 33  0     36.28    0.2632E+00     124.8    313.7
2019  5 20   140   14 34  0     36.11    0.2739E+00     128.7    313.0
2019  5 20   140   14 35  0     35.93    0.2730E+00     126.1    312.9
2019  5 20   140   14 36  0     35.76    0.2725E+00     123.7    312.5
2019  5 20   140   14 37  0     35.59    0.2752E+00     123.8    312.5
2019  5 20   140   14 38  0     35.42    0.2778E+00     124.1    312.6
2019  5 20   140   14 39  0     35.25    0.2795E+00     124.0    312.8
2019  5 20   140   14 40  0     35.08    0.2812E+00     124.0    312.9
2019  5 20   140   14 41  0     34.91    0.2833E+00     124.2    313.1
2019  5 20   140   14 42  0     34.74    0.2853E+00     124.4    313.1
2019  5 20   140   14 43  0     34.57    0.2872E+00     124.9    313.6
2019  5 20   140   14 44  0     34.40    0.2890E+00     125.0    313.7
2019  5 20   140   14 45  0     34.23    0.2901E+00     124.4    313.5
2019  5 20   140   14 46  0     34.07    0.2928E+00     124.4    313.3
2019  5 20   140   14 47  0     33.90    0.2946E+00     124.2    313.2
2019  5 20   140   14 48  0     33.73    0.2946E+00     123.2    313.2
2019  5 20   140   14 49  0     33.56    0.2972E+00     123.5    313.1
2019  5 20   140   14 50  0     33.40    0.2995E+00     123.6    312.9
2019  5 20   140   14 51  0     33.23    0.3015E+00     123.7    312.9
2019  5 20   140   14 52  0     33.07    0.3038E+00     123.9    312.9
2019  5 20   140   14 53  0     32.90    0.3063E+00     124.2    312.9
2019  5 20   140   14 54  0     32.74    0.3086E+00     124.5    312.8
2019  5 20   140   14 55  0     32.58    0.3086E+00     123.7    312.9
2019  5 20   140   14 56  0     32.41    0.3095E+00     123.5    313.1
2019  5 20   140   14 57  0     32.25    0.3113E+00     123.6    313.2
2019  5 20   140   14 58  0     32.09    0.3153E+00     124.6    313.2
2019  5 20   140   14 59  0     31.93    0.3163E+00     124.2    313.2
2019  5 20   140   15  0  0     31.77    0.3169E+00     123.6    313.1
2019  5 20   140   15  1  0     31.61    0.3171E+00     122.7    313.0
2019  5 20   140   15  2  0     31.45    0.3119E+00     118.8    313.1
2019  5 20   140   15  3  0     31.29    0.3220E+00     123.3    313.1
2019  5 20   140   15  4  0     31.13    0.3282E+00     126.1    313.5
2019  5 20   140   15  5  0     30.97    0.3300E+00     125.9    313.1
2019  5 20   140   15  6  0     30.82    0.3308E+00     125.4    313.1
2019  5 20   140   15  7  0     30.66    0.3306E+00     124.6    313.2
2019  5 20   140   15  8  0     30.51    0.3338E+00     125.3    313.2
2019  5 20   140   15  9  0     30.35    0.3369E+00     125.7    313.0
2019  5 20   140   15 10  0     30.20    0.3406E+00     126.4    312.8
2019  5 20   140   15 11  0     30.04    0.3443E+00     127.2    312.7
2019  5 20   140   15 12  0     29.89    0.3444E+00     126.5    312.7
2019  5 20   140   15 13  0     29.74    0.3438E+00     125.8    313.1
2019  5 20   140   15 14  0     29.59    0.3497E+00     128.0    313.0
2019  5 20   140   15 15  0     29.43    0.3573E+00     131.2    313.0
2019  5 20   140   15 16  0     29.28    0.3552E+00     129.8    313.0
2019  5 20   140   15 17  0     29.13    0.3182E+00     109.5    312.0
2019  5 20   140   15 18  0     28.99    0.2699E+00      88.3    314.8
2019  5 20   140   15 19  0     28.84    0.3449E+00     123.9    313.5
2019  5 20   140   15 20  0     28.69    0.3659E+00     132.9    313.1
2019  5 20   140   15 21  0     28.54    0.3750E+00     136.5    313.0
2019  5 20   140   15 22  0     28.40    0.3618E+00     129.5    313.0
2019  5 20   140   15 23  0     28.25    0.3766E+00     135.6    312.8
2019  5 20   140   15 24  0     28.11    0.3806E+00     136.0    312.6
2019  5 20   140   15 25  0     27.97    0.3812E+00     135.5    312.5
2019  5 20   140   15 26  0     27.83    0.3213E+00     104.7    311.6
2019  5 20   140   15 27  0     27.68    0.3223E+00     107.5    313.3
2019  5 20   140   15 28  0     27.54    0.3101E+00     101.7    313.8
2019  5 20   140   15 29  0     27.40    0.3621E+00     126.2    313.6
2019  5 20   140   15 30  0     27.27    0.3436E+00     115.6    312.4
2019  5 20   140   15 31  0     27.13    0.2873E+00      91.1    315.0
2019  5 20   140   15 32  0     26.99    0.3797E+00     131.5    312.9
2019  5 20   140   15 33  0     26.86    0.3662E+00     122.8    311.8
2019  5 20   140   15 34  0     26.72    0.3411E+00     114.3    314.9
2019  5 20   140   15 35  0     26.59    0.3955E+00     136.0    312.9
2019  5 20   140   15 36  0     26.46    0.3924E+00     133.0    312.4
2019  5 20   140   15 37  0     26.32    0.3371E+00     105.7    311.9
2019  5 20   140   15 38  0     26.19    0.3401E+00     109.2    313.8
2019  5 20   140   15 39  0     26.06    0.3995E+00     134.1    312.3
2019  5 20   140   15 40  0     25.94    0.4077E+00     136.3    311.9
2019  5 20   140   15 41  0     25.81    0.4005E+00     132.4    311.6
2019  5 20   140   15 42  0     25.68    0.3782E+00     120.9    311.0
2019  5 20   140   15 43  0     25.56    0.3912E+00     127.6    312.0
2019  5 20   140   15 44  0     25.43    0.4026E+00     131.3    311.4
2019  5 20   140   15 45  0     25.31    0.3931E+00     126.8    311.5
2019  5 20   140   15 46  0     25.19    0.3577E+00     110.1    311.5
2019  5 20   140   15 47  0     25.07    0.3886E+00     123.8    311.2
2019  5 20   140   15 48  0     24.95    0.3938E+00     125.9    311.1
2019  5 20   140   15 49  0     24.83    0.4149E+00     137.0    312.3
2019  5 20   140   15 50  0     24.71    0.4314E+00     142.7    311.5
2019  5 20   140   15 51  0     24.60    0.3433E+00     105.0    313.0
2019  5 20   140   15 52  0     24.49    0.2980E+00      87.5    314.3
2019  5 20   140   15 53  0     24.37    0.2745E+00      80.7    316.1
2019  5 20   140   15 54  0     24.26    0.2727E+00      81.9    317.1
2019  5 20   140   15 55  0     24.15    0.2980E+00      90.2    315.7
2019  5 20   140   15 56  0     24.04    0.3086E+00      92.5    314.7
2019  5 20   140   15 57  0     23.94    0.3107E+00      93.1    315.2
2019  5 20   140   15 58  0     23.83    0.3204E+00      96.2    314.4
2019  5 20   140   15 59  0     23.73    0.3192E+00      96.8    315.3
2019  5 20   140   16  0  0     23.62    0.3611E+00     113.9    314.2
2019  5 20   140   16  1  0     23.52    0.3129E+00      92.8    314.7
2019  5 20   140   16  2  0     23.42    0.3279E+00      98.6    314.5
2019  5 20   140   16  3  0     23.32    0.3427E+00     104.9    314.8
2019  5 20   140   16  4  0     23.23    0.3482E+00     105.4    313.3
2019  5 20   140   16  5  0     23.13    0.3188E+00      94.9    315.4
2019  5 20   140   16  6  0     23.04    0.3200E+00      94.0    314.7
2019  5 20   140   16  7  0     22.94    0.3663E+00     110.2    312.9
2019  5 20   140   16  8  0     22.85    0.3654E+00     109.3    313.6
2019  5 20   140   16  9  0     22.76    0.4739E+00     150.0    310.6
2019  5 20   140   16 10  0     22.68    0.4704E+00     148.0    310.4
2019  5 20   140   16 11  0     22.59    0.4635E+00     145.0    310.4
2019  5 20   140   16 12  0     22.51    0.3787E+00     109.3    310.5
2019  5 20   140   16 13  0     22.42    0.4221E+00     127.5    311.3
2019  5 20   140   16 14  0     22.34    0.4638E+00     142.5    310.0
2019  5 20   140   16 15  0     22.27    0.4587E+00     139.3    309.7
2019  5 20   140   16 16  0     22.19    0.4561E+00     137.7    309.7
2019  5 20   140   16 17  0     22.11    0.4425E+00     131.8    309.5
2019  5 20   140   16 18  0     22.04    0.4136E+00     120.2    310.0
2019  5 20   140   16 19  0     21.97    0.4408E+00     130.2    309.5
2019  5 20   140   16 20  0     21.90    0.4464E+00     131.9    309.2
2019  5 20   140   16 21  0     21.83    0.4455E+00     131.9    309.4
2019  5 20   140   16 22  0     21.76    0.4375E+00     128.9    309.7
2019  5 20   140   16 23  0     21.70    0.4482E+00     133.2    309.8
2019  5 20   140   16 24  0     21.64    0.4350E+00     127.6    309.6
2019  5 20   140   16 25  0     21.58    0.4171E+00     120.3    309.6
2019  5 20   140   16 26  0     21.52    0.4234E+00     123.1    309.9
2019  5 20   140   16 27  0     21.46    0.4438E+00     131.0    309.7
2019  5 20   140   16 28  0     21.41    0.4453E+00     130.4    309.3
2019  5 20   140   16 29  0     21.35    0.4449E+00     129.2    309.0
2019  5 20   140   16 30  0     21.30    0.4471E+00     129.4    308.7
2019  5 20   140   16 31  0     21.26    0.4455E+00     128.6    308.8
2019  5 20   140   16 32  0     21.21    0.4502E+00     130.2    308.8
2019  5 20   140   16 33  0     21.16    0.4475E+00     129.1    308.9
2019  5 20   140   16 34  0     21.12    0.4521E+00     130.8    308.7
2019  5 20   140   16 35  0     21.08    0.4598E+00     134.1    308.8
2019  5 20   140   16 36  0     21.04    0.3895E+00     106.3    308.1
2019  5 20   140   16 37  0     21.01    0.2949E+00      73.0    312.0
2019  5 20   140   16 38  0     20.97    0.4380E+00     125.6    308.9
2019  5 20   140   16 39  0     20.94    0.3968E+00     108.4    308.9
2019  5 20   140   16 40  0     20.91    0.4409E+00     125.3    308.3
2019  5 20   140   16 41  0     20.88    0.4461E+00     126.9    308.2
2019  5 20   140   16 42  0     20.86    0.4522E+00     128.9    307.9
2019  5 20   140   16 43  0     20.83    0.4544E+00     130.0    307.9
2019  5 20   140   16 44  0     20.81    0.3480E+00      88.3    306.8
2019  5 20   140   16 45  0     20.79    0.3539E+00      92.8    309.5
2019  5 20   140   16 46  0     20.78    0.4376E+00     124.4    308.4
2019  5 20   140   16 47  0     20.76    0.4634E+00     132.3    307.0
2019  5 20   140   16 48  0     20.75    0.3590E+00      91.9    307.5
2019  5 20   140   16 49  0     20.74    0.4640E+00     133.1    307.7
2019  5 20   140   16 50  0     20.73    0.4633E+00     131.7    307.2
2019  5 20   140   16 51  0     20.73    0.4641E+00     132.0    307.3
2019  5 20   140   16 52  0     20.72    0.4688E+00     133.7    307.2
2019  5 20   140   16 53  0     20.72    0.4643E+00     132.4    307.3
2019  5 20   140   16 54  0     20.72    0.4113E+00     112.8    307.5
2019  5 20   140   16 55  0     20.72    0.2736E+00      60.0    307.6
2019  5 20   140   16 56  0     20.73    0.3922E+00     108.2    310.4
2019  5 20   140   16 57  0     20.74    0.4699E+00     134.5    307.7
2019  5 20   140   16 58  0     20.75    0.4701E+00     134.1    307.5
2019  5 20   140   16 59  0     20.76    0.3531E+00      88.1    306.6
2019  5 20   140   17  0  0     20.77    0.4147E+00     115.1    309.6
2019  5 20   140   17  1  0     20.79    0.4709E+00     135.2    307.5
2019  5 20   140   17  2  0     20.80    0.4308E+00     121.2    308.0
2019  5 20   140   17  3  0     20.82    0.3122E+00      76.4    308.9
2019  5 20   140   17  4  0     20.85    0.3496E+00      91.6    309.8
2019  5 20   140   17  5  0     20.87    0.2771E+00      62.5    309.5
2019  5 20   140   17  6  0     20.90    0.4088E+00     114.0    310.2
2019  5 20   140   17  7  0     20.93    0.4782E+00     137.8    307.5
2019  5 20   140   17  8  0     20.96    0.4256E+00     118.2    307.1
2019  5 20   140   17  9  0     20.99    0.3331E+00      86.8    311.2
2019  5 20   140   17 10  0     21.03    0.3840E+00     102.2    307.4
2019  5 20   140   17 11  0     21.06    0.4060E+00     114.0    310.3
2019  5 20   140   17 12  0     21.10    0.3798E+00      99.8    308.2
2019  5 20   140   17 13  0     21.14    0.4680E+00     135.4    308.0
2019  5 20   140   17 14  0     21.19    0.4154E+00     115.2    308.3
2019  5 20   140   17 15  0     21.23    0.4672E+00     137.0    308.5
2019  5 20   140   17 16  0     21.28    0.4781E+00     142.8    308.8
2019  5 20   140   17 17  0     21.33    0.4734E+00     142.0    308.8
2019  5 20   140   17 18  0     21.38    0.3656E+00     100.3    308.8
2019  5 20   140   17 19  0     21.44    0.2793E+00      70.0    311.8
2019  5 20   140   17 20  0     21.49    0.3472E+00      97.6    311.8
2019  5 20   140   17 21  0     21.55    0.2996E+00      79.2    310.3
2019  5 20   140   17 22  0     21.61    0.2287E+00      57.8    315.3
2019  5 20   140   17 23  0     21.67    0.2391E+00      63.8    317.2
2019  5 20   140   17 24  0     21.73    0.2903E+00      80.9    314.7
2019  5 20   140   17 25  0     21.80    0.3747E+00     112.6    311.7
2019  5 20   140   17 26  0     21.87    0.2495E+00      66.3    315.0
2019  5 20   140   17 27  0     21.94    0.2525E+00      69.6    316.8
2019  5 20   140   17 28  0     22.01    0.2600E+00      72.8    317.2
2019  5 20   140   17 29  0     22.08    0.3557E+00     108.2    313.9
2019  5 20   140   17 30  0     22.15    0.3209E+00      90.5    310.7
2019  5 20   140   17 31  0     22.23    0.2503E+00      67.7    315.4
2019  5 20   140   17 32  0     22.31    0.2474E+00      68.6    316.2
2019  5 20   140   17 33  0     22.39    0.2097E+00      57.5    319.4
2019  5 20   140   17 34  0     22.47    0.1962E+00      55.1    321.6
2019  5 20   140   17 35  0     22.55    0.1969E+00      56.6    322.1
2019  5 20   140   17 36  0     22.64    0.2062E+00      59.6    320.7
2019  5 20   140   17 37  0     22.72    0.2127E+00      61.3    319.3
2019  5 20   140   17 38  0     22.81    0.2148E+00      62.0    318.6
2019  5 20   140   17 39  0     22.90    0.1947E+00      54.6    319.7
2019  5 20   140   17 40  0     22.99    0.1917E+00      53.1    319.8
2019  5 20   140   17 41  0     23.09    0.2028E+00      56.2    318.4
2019  5 20   140   17 42  0     23.18    0.2142E+00      59.6    316.3
2019  5 20   140   17 43  0     23.28    0.2172E+00      61.9    316.4
2019  5 20   140   17 44  0     23.38    0.2132E+00      60.7    316.8
2019  5 20   140   17 45  0     23.48    0.2118E+00      59.9    317.6
2019  5 20   140   17 46  0     23.58    0.2274E+00      63.6    316.8
2019  5 20   140   17 47  0     23.68    0.2492E+00      69.6    315.4
2019  5 20   140   17 48  0     23.78    0.2677E+00      75.4    314.2
2019  5 20   140   17 49  0     23.89    0.2652E+00      73.5    313.7
2019  5 20   140   17 50  0     23.99    0.2650E+00      74.0    313.8
2019  5 20   140   17 51  0     24.10    0.2331E+00      63.6    316.1
2019  5 20   140   17 52  0     24.21    0.2404E+00      67.0    316.3
2019  5 20   140   17 53  0     24.32    0.2632E+00      75.3    315.1
2019  5 20   140   17 54  0     24.43    0.2933E+00      86.0    313.5
2019  5 20   140   17 55  0     24.55    0.3388E+00     103.2    310.6
2019  5 20   140   17 56  0     24.66    0.2295E+00      61.7    314.1
2019  5 20   140   17 57  0     24.78    0.2671E+00      80.0    315.9
2019  5 20   140   17 58  0     24.90    0.3762E+00     120.3    311.3
2019  5 20   140   17 59  0     25.01    0.4262E+00     137.1    308.9
2019  5 20   140   18  0  0     25.13    0.4411E+00     141.6    307.9
2019  5 20   140   18  1  0     25.25    0.4553E+00     148.8    307.9
2019  5 20   140   18  2  0     25.38    0.4075E+00     128.1    306.9
2019  5 20   140   18  3  0     25.50    0.3324E+00     102.3    311.6
2019  5 20   140   18  4  0     25.62    0.3310E+00      98.3    309.2
2019  5 20   140   18  5  0     25.75    0.3090E+00      88.4    308.8
2019  5 20   140   18  6  0     25.88    0.3847E+00     123.1    309.3
2019  5 20   140   18  7  0     26.01    0.3761E+00     117.6    306.9
2019  5 20   140   18  8  0     26.13    0.2929E+00      85.6    309.1
2019  5 20   140   18  9  0     26.26    0.3034E+00      93.6    310.8
2019  5 20   140   18 10  0     26.39    0.2700E+00      78.3    310.4
2019  5 20   140   18 11  0     26.53    0.2817E+00      83.6    311.3
2019  5 20   140   18 12  0     26.66    0.4104E+00     139.5    308.9
2019  5 20   140   18 13  0     26.79    0.3724E+00     122.4    308.7
2019  5 20   140   18 14  0     26.93    0.4208E+00     145.6    309.0
2019  5 20   140   18 15  0     27.07    0.4025E+00     134.8    307.4
2019  5 20   140   18 16  0     27.20    0.3397E+00     107.2    307.1
2019  5 20   140   18 17  0     27.34    0.2875E+00      85.6    308.4
2019  5 20   140   18 18  0     27.48    0.2989E+00      93.4    309.7
2019  5 20   140   18 19  0     27.62    0.3686E+00     126.1    308.8
2019  5 20   140   18 20  0     27.76    0.3648E+00     122.8    308.3
2019  5 20   140   18 21  0     27.90    0.4122E+00     145.7    307.9
2019  5 20   140   18 22  0     28.04    0.3761E+00     130.2    307.7
2019  5 20   140   18 23  0     28.19    0.4018E+00     144.7    308.1
2019  5 20   140   18 24  0     28.33    0.4039E+00     144.9    307.6
2019  5 20   140   18 25  0     28.48    0.3951E+00     141.5    307.6
2019  5 20   140   18 26  0     28.62    0.4048E+00     147.5    307.8
2019  5 20   140   18 27  0     28.77    0.3304E+00     109.2    306.2
2019  5 20   140   18 28  0     28.92    0.3264E+00     113.5    309.5
2019  5 20   140   18 29  0     29.07    0.2557E+00      78.0    307.1
2019  5 20   140   18 30  0     29.21    0.2101E+00      61.7    311.0
2019  5 20   140   18 31  0     29.36    0.2240E+00      70.8    313.2
2019  5 20   140   18 32  0     29.51    0.3332E+00     118.5    307.8
2019  5 20   140   18 33  0     29.67    0.2812E+00      92.3    307.7
2019  5 20   140   18 34  0     29.82    0.3656E+00     135.8    307.6
2019  5 20   140   18 35  0     29.97    0.3536E+00     129.1    306.6
2019  5 20   140   18 36  0     30.12    0.3385E+00     122.6    306.2
2019  5 20   140   18 37  0     30.28    0.2994E+00     106.1    307.3
2019  5 20   140   18 38  0     30.43    0.2245E+00      71.7    309.5
2019  5 20   140   18 39  0     30.59    0.2876E+00     104.1    309.1
2019  5 20   140   18 40  0     30.74    0.3202E+00     119.3    308.2
2019  5 20   140   18 41  0     30.90    0.2720E+00      94.9    308.3
2019  5 20   140   18 42  0     31.06    0.3405E+00     132.4    308.1
2019  5 20   140   18 43  0     31.22    0.3393E+00     130.8    307.0
2019  5 20   140   18 44  0     31.38    0.2694E+00      94.0    306.6
2019  5 20   140   18 45  0     31.53    0.2205E+00      72.9    308.7
2019  5 20   140   18 46  0     31.69    0.2068E+00      68.8    310.3
2019  5 20   140   18 47  0     31.85    0.2320E+00      83.8    311.2
2019  5 20   140   18 48  0     32.02    0.2386E+00      86.2    310.6
2019  5 20   140   18 49  0     32.18    0.2667E+00      98.9    308.3
2019  5 20   140   18 50  0     32.34    0.2230E+00      76.0    308.8
2019  5 20   140   18 51  0     32.50    0.2116E+00      71.9    309.3
2019  5 20   140   18 52  0     32.66    0.2050E+00      70.1    309.7
2019  5 20   140   18 53  0     32.83    0.2013E+00      70.1    310.1
2019  5 20   140   18 54  0     32.99    0.1985E+00      70.1    310.4
2019  5 20   140   18 55  0     33.16    0.2036E+00      73.5    310.2
2019  5 20   140   18 56  0     33.32    0.1961E+00      69.6    309.2
2019  5 20   140   18 57  0     33.49    0.2115E+00      82.2    310.4
2019  5 20   140   18 58  0     33.65    0.1763E+00      64.5    311.7
2019  5 20   140   18 59  0     33.82    0.1702E+00      61.5    311.8
2019  5 20   140   19  0  0     33.99    0.1680E+00      61.6    312.5
2019  5 20   140   19  1  0     34.15    0.1676E+00      61.8    311.7
2019  5 20   140   19  2  0     34.32    0.1598E+00      59.9    312.5
2019  5 20   140   19  3  0     34.49    0.1342E+00      49.0    314.8
2019  5 20   140   19  4  0     34.66    0.1192E+00      44.4    318.3
2019  5 20   140   19  5  0     34.83    0.1135E+00      43.1    319.9
2019  5 20   140   19  6  0     35.00    0.1195E+00      46.3    319.5
2019  5 20   140   19  7  0     35.17    0.1275E+00      49.4    317.5
2019  5 20   140   19  8  0     35.34    0.1280E+00      49.2    316.5
2019  5 20   140   19  9  0     35.51    0.1194E+00      45.9    317.3
2019  5 20   140   19 10  0     35.68    0.1107E+00      44.0    319.7
2019  5 20   140   19 11  0     35.85    0.1129E+00      46.5    319.5
2019  5 20   140   19 12  0     36.02    0.1220E+00      50.7    317.0
2019  5 20   140   19 13  0     36.20    0.1308E+00      55.2    315.2
2019  5 20   140   19 14  0     36.37    0.1502E+00      64.3    312.7
2019  5 20   140   19 15  0     36.54    0.1717E+00      73.0    310.2
2019  5 20   140   19 16  0     36.72    0.2607E+00     127.3    308.4
2019  5 20   140   19 17  0     36.89    0.2583E+00     118.8    305.8
2019  5 20   140   19 18  0     37.06    0.2405E+00     104.7    304.8
2019  5 20   140   19 19  0     37.24    0.2317E+00      99.0    304.7
2019  5 20   140   19 20  0     37.41    0.2577E+00     116.6    304.3
2019  5 20   140   19 21  0     37.59    0.2034E+00      82.7    304.3
2019  5 20   140   19 22  0     37.76    0.1911E+00      76.3    304.9
2019  5 20   140   19 23  0     37.94    0.1871E+00      74.1    305.1
2019  5 20   140   19 24  0     38.11    0.1832E+00      71.7    305.1
2019  5 20   140   19 25  0     38.29    0.2487E+00     117.6    306.1
2019  5 20   140   19 26  0     38.47    0.2805E+00     138.4    304.5
2019  5 20   140   19 27  0     38.65    0.2733E+00     134.7    304.2
2019  5 20   140   19 28  0     38.82    0.2402E+00     109.4    302.5
2019  5 20   140   19 29  0     39.00    0.2417E+00     114.6    304.0
2019  5 20   140   19 30  0     39.18    0.2591E+00     129.8    304.3
2019  5 20   140   19 31  0     39.36    0.2599E+00     132.0    304.0
2019  5 20   140   19 32  0     39.53    0.2550E+00     131.0    304.1
2019  5 20   140   19 33  0     39.71    0.1837E+00      75.4    301.4
2019  5 20   140   19 34  0     39.89    0.1730E+00      70.0    302.1
2019  5 20   140   19 35  0     40.07    0.1615E+00      62.1    301.5
2019  5 20   140   19 36  0     40.25    0.1773E+00      76.8    303.6
2019  5 20   140   19 37  0     40.43    0.2432E+00     130.2    304.8
2019  5 20   140   19 38  0     40.61    0.2488E+00     134.5    304.1
2019  5 20   140   19 39  0     40.79    0.2439E+00     132.8    304.2
2019  5 20   140   19 40  0     40.97    0.2396E+00     131.6    304.3
2019  5 20   140   19 41  0     41.15    0.2391E+00     133.0    304.4
2019  5 20   140   19 42  0     41.33    0.2367E+00     133.3    304.5
2019  5 20   140   19 43  0     41.51    0.1783E+00      82.7    301.4
2019  5 20   140   19 44  0     41.69    0.1475E+00      59.6    301.0
2019  5 20   140   19 45  0     41.88    0.2001E+00     112.4    306.3
2019  5 20   140   19 46  0     42.06    0.2233E+00     130.9    305.0
2019  5 20   140   19 47  0     42.24    0.1701E+00      84.9    304.1
2019  5 20   140   19 48  0     42.42    0.2180E+00     131.0    305.4
2019  5 20   140   19 49  0     42.60    0.2173E+00     133.1    305.4
2019  5 20   140   19 50  0     42.79    0.2107E+00     129.5    305.6
2019  5 20   140   19 51  0     42.97    0.2083E+00     128.6    305.3
2019  5 20   140   19 52  0     43.15    0.2077E+00     130.5    305.4
2019  5 20   140   19 53  0     43.34    0.2032E+00     130.5    305.8
2019  5 20   140   19 54  0     43.52    0.2046E+00     134.8    306.4
2019  5 20   140   19 55  0     43.70    0.2056E+00     138.0    306.6
2019  5 20   140   19 56  0     43.88    0.1794E+00     110.9    304.4
2019  5 20   140   19 57  0     44.07    0.1416E+00      77.6    304.0
2019  5 20   140   19 58  0     44.25    0.1610E+00     105.5    308.2
2019  5 20   140   19 59  0     44.44    0.1941E+00     138.6    307.7
2019  5 20   140   20  0  0     44.62    0.1922E+00     135.5    306.8
2019  5 20   140   20  1  0     44.81    0.1842E+00     126.2    305.5
2019  5 20   140   20  2  0     44.99    0.1914E+00     135.5    305.6
2019  5 20   140   20  3  0     45.17    0.1935E+00     138.2    305.5
2019  5 20   140   20  4  0     45.36    0.1919E+00     137.4    305.2
2019  5 20   140   20  5  0     45.54    0.1896E+00     136.4    305.0
2019  5 20   140   20  6  0     45.73    0.1862E+00     135.4    305.1
2019  5 20   140   20  7  0     45.91    0.1836E+00     135.3    305.3
2019  5 20   140   20  8  0     46.10    0.1838E+00     137.6    305.4
2019  5 20   140   20  9  0     46.29    0.1830E+00     138.1    305.2
2019  5 20   140   20 10  0     46.47    0.1814E+00     137.5    305.0
2019  5 20   140   20 11  0     46.66    0.1786E+00     136.5    304.9
2019  5 20   140   20 12  0     46.84    0.1744E+00     134.1    304.9
2019  5 20   140   20 13  0     47.03    0.1714E+00     132.9    304.8
2019  5 20   140   20 14  0     47.21    0.1693E+00     132.5    304.7
2019  5 20   140   20 15  0     47.40    0.1673E+00     132.3    304.6
2019  5 20   140   20 16  0     47.59    0.1642E+00     130.9    304.6
2019  5 20   140   20 17  0     47.77    0.1629E+00     131.9    304.4
2019  5 20   140   20 18  0     47.96    0.1610E+00     132.7    304.6
2019  5 20   140   20 19  0     48.15    0.1586E+00     132.6    304.5
2019  5 20   140   20 20  0     48.33    0.1557E+00     131.5    304.4
2019  5 20   140   20 21  0     48.52    0.1542E+00     131.7    304.1
2019  5 20   140   20 22  0     48.71    0.1380E+00     110.6    302.9
2019  5 20   140   20 23  0     48.90    0.1481E+00     131.2    304.4
2019  5 20   140   20 24  0     49.08    0.1501E+00     137.6    304.6
2019  5 20   140   20 25  0     49.27    0.1277E+00     105.8    302.5
2019  5 20   140   20 26  0     49.46    0.1375E+00     129.2    305.4
2019  5 20   140   20 27  0     49.65    0.1334E+00     124.2    304.4
2019  5 20   140   20 28  0     49.83    0.1318E+00     123.1    303.6
2019  5 20   140   20 29  0     50.02    0.1164E+00     100.2    302.0
2019  5 20   140   20 30  0     50.21    0.9976E-01      77.1    300.6
2019  5 20   140   20 31  0     50.40    0.1205E+00     117.2    304.1
2019  5 20   140   20 32  0     50.58    0.1105E+00     101.9    302.3
2019  5 20   140   20 33  0     50.77    0.1102E+00     105.6    302.7
2019  5 20   140   20 34  0     50.96    0.1101E+00     109.1    302.9
2019  5 20   140   20 35  0     51.15    0.1220E+00     132.3    304.0
2019  5 20   140   20 36  0     51.34    0.9832E-01      90.3    301.2
2019  5 20   140   20 37  0     51.52    0.9560E-01      88.2    301.2
2019  5 20   140   20 38  0     51.71    0.8578E-01      72.7    299.8
2019  5 20   140   20 39  0     51.90    0.9397E-01      91.3    301.7
2019  5 20   140   20 40  0     52.09    0.1074E+00     118.4    302.8
2019  5 20   140   20 41  0     52.28    0.9106E-01      84.6    299.1
2019  5 20   140   20 42  0     52.47    0.7962E-01      67.8    298.4
2019  5 20   140   20 43  0     52.65    0.7699E-01      69.3    299.5
2019  5 20   140   20 44  0     52.84    0.7650E-01      72.0    300.7
2019  5 20   140   20 45  0     53.03    0.9074E-01     103.2    303.8
2019  5 20   140   20 46  0     53.22    0.1035E+00     127.9    304.1
2019  5 20   140   20 47  0     53.41    0.1047E+00     128.7    303.1
2019  5 20   140   20 48  0     53.60    0.9646E-01     114.0    302.8
2019  5 20   140   20 49  0     53.79    0.1066E+00     138.1    303.4
2019  5 20   140   20 50  0     53.98    0.1035E+00     132.0    302.4
2019  5 20   140   20 51  0     54.17    0.8123E-01      81.2    298.0
2019  5 20   140   20 52  0     54.35    0.8739E-01     102.3    300.6
2019  5 20   140   20 53  0     54.54    0.7521E-01      76.3    298.4
2019  5 20   140   20 54  0     54.73    0.7871E-01      90.3    300.5
2019  5 20   140   20 55  0     54.92    0.7579E-01      83.4    299.4
2019  5 20   140   20 56  0     55.11    0.7124E-01      76.3    299.0
2019  5 20   140   20 57  0     55.30    0.7984E-01     106.4    302.8
2019  5 20   140   20 58  0     55.49    0.8821E-01     131.5    303.9
2019  5 20   140   20 59  0     55.68    0.8385E-01     119.6    302.7
2019  5 20   140   21  0  0     55.87    0.8946E-01     136.3    302.8
2019  5 20   140   21  1  0     56.06    0.8818E-01     133.7    301.9
2019  5 20   140   21  2  0     56.24    0.8581E-01     129.4    301.2
2019  5 20   140   21  3  0     56.43    0.8288E-01     124.7    300.7
2019  5 20   140   21  4  0     56.62    0.8113E-01     123.5    300.6
2019  5 20   140   21  5  0     56.81    0.8088E-01     127.4    300.8
2019  5 20   140   21  6  0     57.00    0.7871E-01     126.2    300.7
2019  5 20   140   21  7  0     57.19    0.7684E-01     126.6    301.0
2019  5 20   140   21  8  0     57.38    0.7594E-01     129.1    301.3
2019  5 20   140   21  9  0     57.57    0.7411E-01     128.7    301.6
2019  5 20   140   21 10  0     57.76    0.6461E-01      97.0    298.4
2019  5 20   140   21 11  0     57.95    0.5658E-01      74.0    296.2
2019  5 20   140   21 12  0     58.14    0.5716E-01      83.3    297.3
2019  5 20   140   21 13  0     58.33    0.6179E-01     106.4    299.9
2019  5 20   140   21 14  0     58.52    0.6490E-01     124.4    301.5
2019  5 20   140   21 15  0     58.71    0.6579E-01     131.5    301.8
2019  5 20   140   21 16  0     58.89    0.6521E-01     131.5    301.1
2019  5 20   140   21 17  0     59.08    0.6408E-01     129.5    300.3
2019  5 20   140   21 18  0     59.27    0.6366E-01     130.9    300.1
2019  5 20   140   21 19  0     59.46    0.6280E-01     130.8    299.9
2019  5 20   140   21 20  0     59.65    0.6190E-01     130.9    299.7
2019  5 20   140   21 21  0     59.84    0.6062E-01     129.9    299.4
2019  5 20   140   21 22  0     60.03    0.5564E-01     109.1    296.6
2019  5 20   140   21 23  0     60.22    0.5406E-01     109.4    297.2
2019  5 20   140   21 24  0     60.41    0.5635E-01     125.8    298.6
2019  5 20   140   21 25  0     60.60    0.5540E-01     127.2    298.4
2019  5 20   140   21 26  0     60.79    0.5353E-01     125.0    298.2
2019  5 20   140   21 27  0     60.98    0.4951E-01     112.0    297.3
2019  5 20   140   21 28  0     61.17    0.4951E-01     123.7    299.2
2019  5 20   140   21 29  0     61.36    0.5020E-01     133.7    300.4
2019  5 20   140   21 30  0     61.54    0.5052E-01     136.9    300.2
2019  5 20   140   21 31  0     61.73    0.4978E-01     133.5    298.8
2019  5 20   140   21 32  0     61.92    0.4659E-01     115.9    296.4
2019  5 20   140   21 33  0     62.11    0.4558E-01     116.6    295.7
2019  5 20   140   21 34  0     62.30    0.4666E-01     128.5    296.3
2019  5 20   140   21 35  0     62.49    0.4610E-01     130.9    297.0
2019  5 20   140   21 36  0     62.68    0.4574E-01     133.3    297.2
2019  5 20   140   21 37  0     62.87    0.4509E-01     132.3    296.5
2019  5 20   140   21 38  0     63.06    0.4384E-01     129.2    295.0
2019  5 20   140   21 39  0     63.25    0.4236E-01     124.4    294.0
2019  5 20   140   21 40  0     63.43    0.3611E-01      81.2    288.4
2019  5 20   140   21 41  0     63.62    0.3686E-01      99.2    291.0
2019  5 20   140   21 42  0     63.81    0.3929E-01     126.6    294.7
2019  5 20   140   21 43  0     64.00    0.3911E-01     132.6    294.4
2019  5 20   140   21 44  0     64.19    0.3878E-01     134.9    294.5
2019  5 20   140   21 45  0     64.38    0.3800E-01     132.8    293.8
2019  5 20   140   21 46  0     64.57    0.3721E-01     131.9    293.0
2019  5 20   140   21 47  0     64.76    0.3633E-01     130.9    292.4
2019  5 20   140   21 48  0     64.94    0.3536E-01     129.5    293.0
2019  5 20   140   21 49  0     65.13    0.3442E-01     128.1    291.2
2019  5 20   140   21 50  0     65.32    0.3342E-01     125.4    290.5
2019  5 20   140   21 51  0     65.51    0.3036E-01      98.2    286.8
2019  5 20   140   21 52  0     65.70    0.2857E-01      86.7    285.1
2019  5 20   140   21 53  0     65.89    0.2759E-01      82.9    284.1
2019  5 20   140   21 54  0     66.07    0.2915E-01     112.2    287.6
2019  5 20   140   21 55  0     66.26    0.2752E-01      96.9    284.8
2019  5 20   140   21 56  0     66.45    0.2569E-01      83.4    283.0
2019  5 20   140   21 57  0     66.64    0.2523E-01      86.3    283.3
2019  5 20   140   21 58  0     66.83    0.2698E-01     119.4    287.1
2019  5 20   140   21 59  0     67.01    0.2686E-01     126.4    287.2
2019  5 20   140   22  0  0     67.20    0.2573E-01     123.8    286.5
2019  5 20   140   22  1  0     67.39    0.2471E-01     125.2    286.9
2019  5 20   140   22  2  0     67.58    0.2361E-01     119.4    286.0
2019  5 20   140   22  3  0     67.76    0.2222E-01     106.8    283.6
2019  5 20   140   22  4  0     67.95    0.2006E-01      82.2    279.1
2019  5 20   140   22  5  0     68.14    0.1880E-01      78.2    278.9
2019  5 20   140   22  6  0     68.33    0.1809E-01      78.3    278.9
2019  5 20   140   22  7  0     68.51    0.1828E-01      93.0    280.4
2019  5 20   140   22  8  0     68.70    0.1833E-01      99.4    280.6
2019  5 20   140   22  9  0     68.89    0.1898E-01     121.5    283.3
2019  5 20   140   22 10  0     69.07    0.1907E-01     128.4    283.9
2019  5 20   140   22 11  0     69.26    0.1900E-01     130.8    283.8
2019  5 20   140   22 12  0     69.45    0.1874E-01     125.7    282.5
2019  5 20   140   22 13  0     69.63    0.1839E-01     122.1    281.6
2019  5 20   140   22 14  0     69.82    0.1790E-01     117.0    280.3
2019  5 20   140   22 15  0     70.01    0.1763E-01     124.8    281.0
2019  5 20   140   22 16  0     70.19    0.1739E-01     129.0    281.1
2019  5 20   140   22 17  0     70.38    0.1739E-01     137.4    281.1
2019  5 20   140   22 18  0     70.57    0.1731E-01     143.6    280.8
2019  5 20   140   22 19  0     70.75    0.1700E-01     144.9    279.9
2019  5 20   140   22 20  0     70.94    0.1653E-01     144.1    278.9
2019  5 20   140   22 21  0     71.13    0.1613E-01     144.3    277.5
2019  5 20   140   22 22  0     71.31    0.1576E-01     144.0    276.3
2019  5 20   140   22 23  0     71.50    0.1539E-01     143.0    275.8
2019  5 20   140   22 24  0     71.68    0.1503E-01     144.0    275.0
2019  5 20   140   22 25  0     71.87    0.1439E-01     138.4    273.2
2019  5 20   140   22 26  0     72.06    0.1361E-01     131.8    269.9
2019  5 20   140   22 27  0     72.24    0.1274E-01     120.9    268.2
2019  5 20   140   22 28  0     72.43    0.1186E-01     107.5    265.3
2019  5 20   140   22 29  0     72.61    0.1118E-01     106.8    263.3
2019  5 20   140   22 30  0     72.80    0.1017E-01      88.4    259.2
2019  5 20   140   22 31  0     72.98    0.9405E-02      82.6    256.9
2019  5 20   140   22 32  0     73.17    0.8696E-02      80.9    254.9
2019  5 20   140   22 33  0     73.35    0.8057E-02      79.0    252.6
2019  5 20   140   22 34  0     73.54    0.7575E-02      76.8    249.9
2019  5 20   140   22 35  0     73.72    0.7156E-02      76.7    249.3
2019  5 20   140   22 36  0     73.91    0.6868E-02      84.0    249.9
2019  5 20   140   22 37  0     74.09    0.6649E-02      86.1    250.3
2019  5 20   140   22 38  0     74.28    0.6819E-02      96.5    251.4
2019  5 20   140   22 39  0     74.46    0.7145E-02     104.1    252.9
2019  5 20   140   22 40  0     74.64    0.7477E-02     104.5    251.8
2019  5 20   140   22 41  0     74.83    0.7643E-02     105.5    252.5
2019  5 20   140   22 42  0     75.01    0.7604E-02     104.5    249.1
2019  5 20   140   22 43  0     75.20    0.7347E-02     101.6    247.1
2019  5 20   140   22 44  0     75.38    0.6970E-02      98.5    245.0
2019  5 20   140   22 45  0     75.56    0.6572E-02      95.4    242.7
2019  5 20   140   22 46  0     75.75    0.6343E-02      96.3    240.3
2019  5 20   140   22 47  0     75.93    0.6285E-02      98.7    237.2
2019  5 20   140   22 48  0     76.11    0.6170E-02     100.1    235.2
2019  5 20   140   22 49  0     76.30    0.6018E-02      99.8    233.0
2019  5 20   140   22 50  0     76.48    0.5855E-02      99.6    229.2
2019  5 20   140   22 51  0     76.66    0.5609E-02     100.0    228.1
2019  5 20   140   22 52  0     76.84    0.5372E-02     101.4    227.2
2019  5 20   140   22 53  0     77.03    0.5173E-02     105.3    226.1
2019  5 20   140   22 54  0     77.21    0.4993E-02     110.3    225.3
2019  5 20   140   22 55  0     77.39    0.4802E-02     112.2    224.7
2019  5 20   140   22 56  0     77.57    0.4653E-02     121.4    224.4
2019  5 20   140   22 57  0     77.76    0.4495E-02     125.3    223.7
2019  5 20   140   22 58  0     77.94    0.4416E-02     130.8    221.3
2019  5 20   140   22 59  0     78.12    0.4327E-02     135.6    220.5
2019  5 20   140   23  0  0     78.30    0.4244E-02     140.8    220.1
2019  5 20   140   23  1  0     78.48    0.4162E-02     146.2    219.8
2019  5 20   140   23  2  0     78.66    0.4118E-02     150.9    217.7
2019  5 20   140   23  3  0     78.84    0.4040E-02     154.7    216.6
2019  5 20   140   23  4  0     79.03    0.3957E-02     157.0    214.7
2019  5 20   140   23  5  0     79.21    0.3872E-02     156.3    211.9
2019  5 20   140   23  6  0     79.39    0.3761E-02     158.1    209.7
2019  5 20   140   23  7  0     79.57    0.3658E-02     160.7    206.7
2019  5 20   140   23  8  0     79.75    0.3540E-02     159.1    204.2
2019  5 20   140   23  9  0     79.93    0.3436E-02     157.6    202.4
2019  5 20   140   23 10  0     80.11    0.3376E-02     159.5    199.8
2019  5 20   140   23 11  0     80.29    0.3320E-02     158.8    196.4
2019  5 20   140   23 12  0     80.47    0.3249E-02     162.1    193.6
2019  5 20   140   23 13  0     80.65    0.3155E-02     162.0    191.6
2019  5 20   140   23 14  0     80.83    0.3088E-02     160.1    187.1
2019  5 20   140   23 15  0     81.01    0.3023E-02     157.9    182.1
2019  5 20   140   23 16  0     81.19    0.2932E-02     155.4    178.8
2019  5 20   140   23 17  0     81.37    0.2857E-02     153.0    174.6
2019  5 20   140   23 18  0     81.54    0.2811E-02     150.7    169.7
2019  5 20   140   23 19  0     81.72    0.2729E-02     149.2    167.1
2019  5 20   140   23 20  0     81.90    0.2675E-02     147.4    163.2
2019  5 20   140   23 21  0     82.08    0.2602E-02     145.9    160.3
2019  5 20   140   23 22  0     82.26    0.2525E-02     144.4    157.7
2019  5 20   140   23 23  0     82.44    0.2470E-02     142.9    153.6
2019  5 20   140   23 24  0     82.61    0.2394E-02     141.4    150.6
2019  5 20   140   23 25  0     82.79    0.2324E-02     140.4    147.4
2019  5 20   140   23 26  0     82.97    0.2260E-02     139.9    144.0
2019  5 20   140   23 27  0     83.15    0.2205E-02     139.6    140.5
2019  5 20   140   23 28  0     83.32    0.2168E-02     139.5    136.3
2019  5 20   140   23 29  0     83.50    0.2090E-02     139.4    134.3
2019  5 20   140   23 30  0     83.68    0.2015E-02     139.3    132.0
2019  5 20   140   23 31  0     83.85    0.1994E-02     138.8    127.0
2019  5 20   140   23 32  0     84.03    0.1934E-02     138.2    124.0
2019  5 20   140   23 33  0     84.21    0.1914E-02     137.9    119.6
2019  5 20   140   23 34  0     84.38    0.1866E-02     138.0    117.0
2019  5 20   140   23 35  0     84.56    0.1808E-02     138.2    114.8
2019  5 20   140   23 36  0     84.73    0.1796E-02     138.5    110.7
2019  5 20   140   23 37  0     84.91    0.1740E-02     139.0    108.6
2019  5 20   140   23 38  0     85.08    0.1703E-02     139.6    106.1
2019  5 20   140   23 39  0     85.26    0.1678E-02     139.9    103.2
2019  5 20   140   23 40  0     85.43    0.1629E-02     140.2    101.4
2019  5 20   140   23 41  0     85.61    0.1613E-02     140.6     98.3
2019  5 20   140   23 42  0     85.78    0.1569E-02     141.5     95.9
2019  5 20   140   23 43  0     85.96    0.1555E-02     142.3     92.5
2019  5 20   140   23 44  0     86.13    0.1528E-02     142.8     90.0
2019  5 20   140   23 45  0     86.30    0.1497E-02     143.3     87.9
2019  5 20   140   23 46  0     86.48    0.1475E-02     143.9     85.3
2019  5 20   140   23 47  0     86.65    0.1452E-02     144.7     82.7
2019  5 20   140   23 48  0     86.82    0.1427E-02     145.4     80.2
2019  5 20   140   23 49  0     87.00    0.1412E-02     146.5     77.0
2019  5 20   140   23 50  0     87.17    0.1395E-02     147.2     74.6
2019  5 20   140   23 51  0     87.34    0.1378E-02     148.1     72.2
2019  5 20   140   23 52  0     87.51    0.1356E-02     149.0     69.9
2019  5 20   140   23 53  0     87.69    0.1326E-02     149.8     67.8
2019  5 20   140   23 54  0     87.86    0.1327E-02     150.9     64.5
2019  5 20   140   23 55  0     88.03    0.1286E-02     152.1     63.0
2019  5 20   140   23 56  0     88.20    0.1277E-02     152.8     60.7
2019  5 20   140   23 57  0     88.37    0.1260E-02     153.8     58.5
2019  5 20   140   23 58  0     88.54    0.1237E-02     154.8     56.6
2019  5 20   140   23 59  0     88.71    0.1256E-02     156.2     52.8
