                            NILUUV 115

Uvpro Version 2.0
Latitude :   40.74 (North)
Longitude:  -74.03  (West)
Calibration file: cf100603a.115
Height above sea level:    40.0  m
CLT derived from channel 4
CLT scale factor used:   1.0
Ozone derived from channel pair ch3/ch1
Ozone scale factor used:   1.0
Drift factors ch1-ch6:   0.484  0.517  0.597  0.651  0.493  0.877
Ozone profile climatology: Mid  Latitude
Dose type:    CLW    Caldwell Plant 1971           

yyyy mm dd   jul   hh mm ss      SZA     dose rate       clt     Ozone
                              [degrees]   [W/m^2]        [%]     [DU]
2015  6 28   179    0  0  0     85.57    0.6603E-03      12.0     27.2
2015  6 28   179    0  1  0     85.74    0.6503E-03      11.5     25.1
2015  6 28   179    0  2  0     85.91    0.6641E-03      11.8     23.8
2015  6 28   179    0  3  0     86.08    0.6418E-03      11.8     23.2
2015  6 28   179    0  4  0     86.24    0.6671E-03      11.3     20.8
2015  6 28   179    0  5  0     86.41    0.6360E-03      11.1     20.4
2015  6 28   179    0  6  0     86.58    0.6502E-03      12.7     21.0
2015  6 28   179    0  7  0     86.74    0.6503E-03      14.1     21.4
2015  6 28   179    0  8  0     86.91    0.6520E-03      14.3     20.5
2015  6 28   179    0  9  0     87.08    0.6516E-03      14.7     19.7
2015  6 28   179    0 10  0     87.24    0.6580E-03      15.7     19.6
2015  6 28   179    0 11  0     87.41    0.6434E-03      15.7     18.1
2015  6 28   179    0 12  0     87.58    0.6512E-03      14.9     15.0
2015  6 28   179    0 13  0     87.74    0.6330E-03      14.2     13.1
2015  6 28   179    0 14  0     87.91    0.6410E-03      12.9      9.8
2015  6 28   179    0 15  0     88.07    0.6375E-03      12.2      8.0
2015  6 28   179    0 16  0     88.24    0.6342E-03      13.8      8.8
2015  6 28   179    0 17  0     88.40    0.6446E-03      13.7      7.5
2015  6 28   179    0 18  0     88.56    0.6365E-03      12.5      5.7
2015  6 28   179    0 19  0     88.73    0.6357E-03      11.3      4.1
2015  6 28   179    0 20  0     88.89    0.6091E-03      11.9      4.2
2015  6 28   179    0 21  0     89.05    0.6325E-03      12.9      3.8
2015  6 28   179    0 22  0     89.22    0.6195E-03      13.0      3.6
2015  6 28   179    0 23  0     89.38    0.6411E-03      12.7      2.6
2015  6 28   179    0 24  0     89.54    0.6361E-03      11.7      1.7
2015  6 28   179    0 25  0     89.71    0.6391E-03      11.4      1.1
2015  6 28   179    0 26  0     89.87    0.6388E-03      11.6      0.8
2015  6 28   179    9 33  0     89.97    0.7254E-03      34.0      7.9
2015  6 28   179    9 34  0     89.81    0.7352E-03      34.6      9.0
2015  6 28   179    9 35  0     89.65    0.7142E-03      32.4      9.8
2015  6 28   179    9 36  0     89.48    0.7303E-03      26.2      7.7
2015  6 28   179    9 37  0     89.32    0.7366E-03      23.4      7.3
2015  6 28   179    9 38  0     89.16    0.7363E-03      22.6      7.7
2015  6 28   179    9 39  0     89.00    0.7205E-03      20.3      7.7
2015  6 28   179    9 40  0     88.83    0.7266E-03      21.1      9.2
2015  6 28   179    9 41  0     88.67    0.7134E-03      21.6     11.2
2015  6 28   179    9 42  0     88.50    0.7180E-03      23.4     14.0
2015  6 28   179    9 43  0     88.34    0.7294E-03      30.1     20.7
2015  6 28   179    9 44  0     88.18    0.7376E-03      30.2     21.8
2015  6 28   179    9 45  0     88.01    0.7308E-03      27.5     21.8
2015  6 28   179    9 46  0     87.85    0.7629E-03      25.9     21.6
2015  6 28   179    9 47  0     87.68    0.7445E-03      25.5     23.2
2015  6 28   179    9 48  0     87.51    0.7695E-03      30.6     27.7
2015  6 28   179    9 49  0     87.35    0.7538E-03      29.9     29.5
2015  6 28   179    9 50  0     87.18    0.7725E-03      28.1     29.3
2015  6 28   179    9 51  0     87.02    0.7628E-03      26.5     30.2
2015  6 28   179    9 52  0     86.85    0.7572E-03      25.8     31.8
2015  6 28   179    9 53  0     86.68    0.7510E-03      24.0     32.3
2015  6 28   179    9 54  0     86.52    0.7480E-03      21.8     32.1
2015  6 28   179    9 55  0     86.35    0.7458E-03      22.5     35.3
2015  6 28   179    9 56  0     86.18    0.7554E-03      25.5     41.0
2015  6 28   179    9 57  0     86.01    0.7615E-03      26.1     43.2
2015  6 28   179    9 58  0     85.85    0.7823E-03      32.3     51.0
2015  6 28   179    9 59  0     85.68    0.8183E-03      35.8     56.0
2015  6 28   179   10  0  0     85.51    0.8075E-03      33.2     56.5
2015  6 28   179   10  1  0     85.34    0.8099E-03      33.4     59.7
2015  6 28   179   10  2  0     85.17    0.8322E-03      36.2     63.9
2015  6 28   179   10  3  0     85.00    0.8442E-03      36.9     66.6
2015  6 28   179   10  4  0     84.83    0.8571E-03      36.6     68.7
2015  6 28   179   10  5  0     84.66    0.8600E-03      35.7     70.7
2015  6 28   179   10  6  0     84.49    0.8255E-03      33.7     73.4
2015  6 28   179   10  7  0     84.32    0.8344E-03      31.1     72.6
2015  6 28   179   10  8  0     84.15    0.8493E-03      29.9     73.4
2015  6 28   179   10  9  0     83.98    0.8563E-03      30.7     78.3
2015  6 28   179   10 10  0     83.81    0.8752E-03      30.5     80.1
2015  6 28   179   10 11  0     83.64    0.8684E-03      29.5     82.0
2015  6 28   179   10 12  0     83.47    0.8999E-03      28.3     81.8
2015  6 28   179   10 13  0     83.30    0.9018E-03      28.5     84.7
2015  6 28   179   10 14  0     83.13    0.8988E-03      29.4     89.5
2015  6 28   179   10 15  0     82.95    0.9328E-03      30.8     95.1
2015  6 28   179   10 16  0     82.78    0.9692E-03      33.3    100.0
2015  6 28   179   10 17  0     82.61    0.9916E-03      35.0    104.7
2015  6 28   179   10 18  0     82.44    0.1022E-02      34.3    105.5
2015  6 28   179   10 19  0     82.27    0.1012E-02      32.3    106.4
2015  6 28   179   10 20  0     82.09    0.1027E-02      32.5    109.6
2015  6 28   179   10 21  0     81.92    0.1049E-02      33.6    115.3
2015  6 28   179   10 22  0     81.75    0.1068E-02      32.4    115.7
2015  6 28   179   10 23  0     81.57    0.1065E-02      32.1    119.1
2015  6 28   179   10 24  0     81.40    0.1067E-02      30.1    118.5
2015  6 28   179   10 25  0     81.23    0.1068E-02      29.6    121.2
2015  6 28   179   10 26  0     81.05    0.1093E-02      29.6    123.2
2015  6 28   179   10 27  0     80.88    0.1130E-02      31.1    128.1
2015  6 28   179   10 28  0     80.70    0.1167E-02      32.7    134.7
2015  6 28   179   10 29  0     80.53    0.1260E-02      37.3    144.1
2015  6 28   179   10 30  0     80.35    0.1318E-02      38.5    148.6
2015  6 28   179   10 31  0     80.18    0.1399E-02      39.8    152.7
2015  6 28   179   10 32  0     80.00    0.1409E-02      37.9    153.2
2015  6 28   179   10 33  0     79.83    0.1415E-02      37.4    158.0
2015  6 28   179   10 34  0     79.65    0.1447E-02      36.8    159.4
2015  6 28   179   10 35  0     79.48    0.1401E-02      33.1    157.7
2015  6 28   179   10 36  0     79.30    0.1468E-02      34.4    161.3
2015  6 28   179   10 37  0     79.12    0.1539E-02      36.7    168.2
2015  6 28   179   10 38  0     78.95    0.1572E-02      36.6    170.4
2015  6 28   179   10 39  0     78.77    0.1547E-02      34.1    169.2
2015  6 28   179   10 40  0     78.59    0.1649E-02      38.1    178.9
2015  6 28   179   10 41  0     78.42    0.1734E-02      39.9    183.0
2015  6 28   179   10 42  0     78.24    0.1614E-02      34.1    176.8
2015  6 28   179   10 43  0     78.06    0.1688E-02      35.7    181.6
2015  6 28   179   10 44  0     77.89    0.1794E-02      38.5    188.5
2015  6 28   179   10 45  0     77.71    0.1937E-02      41.1    194.6
2015  6 28   179   10 46  0     77.53    0.2019E-02      42.1    197.9
2015  6 28   179   10 47  0     77.35    0.2046E-02      42.1    200.2
2015  6 28   179   10 48  0     77.17    0.2212E-02      46.0    206.5
2015  6 28   179   10 49  0     77.00    0.2215E-02      45.2    208.6
2015  6 28   179   10 50  0     76.82    0.2285E-02      46.6    214.4
2015  6 28   179   10 51  0     76.64    0.2472E-02      50.1    219.4
2015  6 28   179   10 52  0     76.46    0.2636E-02      52.8    225.3
2015  6 28   179   10 53  0     76.28    0.2462E-02      46.8    221.7
2015  6 28   179   10 54  0     76.10    0.2398E-02      43.8    221.4
2015  6 28   179   10 55  0     75.92    0.2514E-02      44.7    223.9
2015  6 28   179   10 56  0     75.74    0.2508E-02      42.7    224.8
2015  6 28   179   10 57  0     75.56    0.2495E-02      40.7    224.2
2015  6 28   179   10 58  0     75.38    0.2566E-02      40.2    226.1
2015  6 28   179   10 59  0     75.20    0.2602E-02      39.4    226.4
2015  6 28   179   11  0  0     75.02    0.2551E-02      36.6    225.5
2015  6 28   179   11  1  0     74.84    0.2516E-02      34.2    226.5
2015  6 28   179   11  2  0     74.66    0.2423E-02      30.5    222.4
2015  6 28   179   11  3  0     74.48    0.2354E-02      28.9    223.1
2015  6 28   179   11  4  0     74.30    0.2434E-02      29.5    226.6
2015  6 28   179   11  5  0     74.12    0.2695E-02      32.5    232.2
2015  6 28   179   11  6  0     73.94    0.2648E-02      31.0    233.8
2015  6 28   179   11  7  0     73.76    0.2742E-02      31.7    237.5
2015  6 28   179   11  8  0     73.58    0.2622E-02      28.8    235.2
2015  6 28   179   11  9  0     73.40    0.2717E-02      29.5    238.2
2015  6 28   179   11 10  0     73.22    0.2908E-02      31.4    242.8
2015  6 28   179   11 11  0     73.03    0.2967E-02      31.0    243.8
2015  6 28   179   11 12  0     72.85    0.2954E-02      29.8    244.8
2015  6 28   179   11 13  0     72.67    0.2981E-02      28.8    244.8
2015  6 28   179   11 14  0     72.49    0.3127E-02      29.2    247.9
2015  6 28   179   11 15  0     72.31    0.3209E-02      28.7    247.9
2015  6 28   179   11 16  0     72.12    0.3371E-02      29.0    249.8
2015  6 28   179   11 17  0     71.94    0.3673E-02      30.8    254.0
2015  6 28   179   11 18  0     71.76    0.4030E-02      33.3    257.4
2015  6 28   179   11 19  0     71.58    0.4261E-02      34.5    259.4
2015  6 28   179   11 20  0     71.39    0.4776E-02      38.8    264.2
2015  6 28   179   11 21  0     71.21    0.5049E-02      40.4    266.4
2015  6 28   179   11 22  0     71.03    0.4925E-02      38.6    267.4
2015  6 28   179   11 23  0     70.85    0.4866E-02      37.4    268.5
2015  6 28   179   11 24  0     70.66    0.5066E-02      38.3    270.3
2015  6 28   179   11 25  0     70.48    0.5224E-02      38.8    271.9
2015  6 28   179   11 26  0     70.30    0.5452E-02      39.9    274.5
2015  6 28   179   11 27  0     70.11    0.5601E-02      40.2    275.9
2015  6 28   179   11 28  0     69.93    0.5754E-02      40.7    278.5
2015  6 28   179   11 29  0     69.74    0.5634E-02      39.1    279.2
2015  6 28   179   11 30  0     69.56    0.5540E-02      37.9    280.4
2015  6 28   179   11 31  0     69.38    0.5447E-02      36.3    280.5
2015  6 28   179   11 32  0     69.19    0.5133E-02      33.0    279.3
2015  6 28   179   11 33  0     69.01    0.4773E-02      29.7    278.3
2015  6 28   179   11 34  0     68.82    0.4806E-02      29.3    280.4
2015  6 28   179   11 35  0     68.64    0.4350E-02      25.1    276.3
2015  6 28   179   11 36  0     68.45    0.4270E-02      23.9    274.8
2015  6 28   179   11 37  0     68.27    0.4317E-02      23.2    274.2
2015  6 28   179   11 38  0     68.08    0.4147E-02      21.6    273.6
2015  6 28   179   11 39  0     67.90    0.4124E-02      20.8    273.2
2015  6 28   179   11 40  0     67.71    0.4280E-02      21.4    275.8
2015  6 28   179   11 41  0     67.53    0.4389E-02      21.9    277.8
2015  6 28   179   11 42  0     67.34    0.4760E-02      23.8    281.2
2015  6 28   179   11 43  0     67.16    0.5203E-02      25.6    283.7
2015  6 28   179   11 44  0     66.97    0.5521E-02      26.6    285.0
2015  6 28   179   11 45  0     66.79    0.6019E-02      28.7    288.3
2015  6 28   179   11 46  0     66.60    0.5969E-02      27.5    287.9
2015  6 28   179   11 47  0     66.42    0.6259E-02      28.2    289.1
2015  6 28   179   11 48  0     66.23    0.6354E-02      27.8    289.4
2015  6 28   179   11 49  0     66.04    0.6388E-02      27.2    289.7
2015  6 28   179   11 50  0     65.86    0.6272E-02      26.1    289.1
2015  6 28   179   11 51  0     65.67    0.6921E-02      28.6    292.2
2015  6 28   179   11 52  0     65.49    0.7302E-02      29.6    293.2
2015  6 28   179   11 53  0     65.30    0.8001E-02      32.3    296.7
2015  6 28   179   11 54  0     65.11    0.8002E-02      31.7    296.8
2015  6 28   179   11 55  0     64.93    0.8430E-02      33.0    298.5
2015  6 28   179   11 56  0     64.74    0.8446E-02      32.1    298.2
2015  6 28   179   11 57  0     64.55    0.8234E-02      30.3    298.3
2015  6 28   179   11 58  0     64.37    0.8095E-02      29.1    298.1
2015  6 28   179   11 59  0     64.18    0.8571E-02      30.5    299.9
2015  6 28   179   12  0  0     63.99    0.8992E-02      31.7    302.2
2015  6 28   179   12  1  0     63.81    0.9204E-02      31.9    303.3
2015  6 28   179   12  2  0     63.62    0.9228E-02      31.1    303.1
2015  6 28   179   12  3  0     63.43    0.8508E-02      27.7    301.3
2015  6 28   179   12  4  0     63.24    0.9355E-02      30.0    303.1
2015  6 28   179   12  5  0     63.06    0.1033E-01      32.5    304.4
2015  6 28   179   12  6  0     62.87    0.1043E-01      31.5    303.0
2015  6 28   179   12  7  0     62.68    0.1037E-01      30.4    302.6
2015  6 28   179   12  8  0     62.49    0.1016E-01      28.5    301.8
2015  6 28   179   12  9  0     62.31    0.1099E-01      29.5    300.9
2015  6 28   179   12 10  0     62.12    0.1279E-01      33.3    301.1
2015  6 28   179   12 11  0     61.93    0.1260E-01      31.9    300.7
2015  6 28   179   12 12  0     61.74    0.1238E-01      30.6    300.5
2015  6 28   179   12 13  0     61.56    0.1191E-01      28.7    300.2
2015  6 28   179   12 14  0     61.37    0.1184E-01      27.8    299.8
2015  6 28   179   12 15  0     61.18    0.1149E-01      26.3    299.3
2015  6 28   179   12 16  0     60.99    0.1164E-01      26.2    299.4
2015  6 28   179   12 17  0     60.80    0.1231E-01      27.6    299.9
2015  6 28   179   12 18  0     60.62    0.1300E-01      29.4    301.2
2015  6 28   179   12 19  0     60.43    0.1353E-01      30.7    302.7
2015  6 28   179   12 20  0     60.24    0.1387E-01      31.6    304.3
2015  6 28   179   12 21  0     60.05    0.1541E-01      35.6    306.8
2015  6 28   179   12 22  0     59.86    0.1620E-01      37.1    307.9
2015  6 28   179   12 23  0     59.68    0.1637E-01      37.1    308.6
2015  6 28   179   12 24  0     59.49    0.1784E-01      40.3    310.2
2015  6 28   179   12 25  0     59.30    0.1873E-01      41.8    310.9
2015  6 28   179   12 26  0     59.11    0.1763E-01      38.3    311.0
2015  6 28   179   12 27  0     58.92    0.1573E-01      32.7    310.5
2015  6 28   179   12 28  0     58.73    0.1526E-01      30.7    310.9
2015  6 28   179   12 29  0     58.54    0.1547E-01      30.3    310.2
2015  6 28   179   12 30  0     58.35    0.1635E-01      31.3    310.2
2015  6 28   179   12 31  0     58.17    0.1747E-01      32.7    310.3
2015  6 28   179   12 32  0     57.98    0.1808E-01      33.2    310.3
2015  6 28   179   12 33  0     57.79    0.1770E-01      32.2    310.4
2015  6 28   179   12 34  0     57.60    0.1839E-01      33.6    312.0
2015  6 28   179   12 35  0     57.41    0.1919E-01      34.5    312.3
2015  6 28   179   12 36  0     57.22    0.1911E-01      33.5    311.1
2015  6 28   179   12 37  0     57.03    0.1932E-01      33.8    311.7
2015  6 28   179   12 38  0     56.84    0.1997E-01      35.0    312.5
2015  6 28   179   12 39  0     56.65    0.1880E-01      32.1    312.5
2015  6 28   179   12 40  0     56.47    0.1779E-01      29.7    312.5
2015  6 28   179   12 41  0     56.28    0.1841E-01      30.3    313.4
2015  6 28   179   12 42  0     56.09    0.1927E-01      31.1    313.7
2015  6 28   179   12 43  0     55.90    0.2035E-01      32.1    314.8
2015  6 28   179   12 44  0     55.71    0.2143E-01      33.5    315.4
2015  6 28   179   12 45  0     55.52    0.2285E-01      35.3    315.5
2015  6 28   179   12 46  0     55.33    0.2176E-01      32.7    315.3
2015  6 28   179   12 47  0     55.14    0.2223E-01      32.4    314.7
2015  6 28   179   12 48  0     54.95    0.2466E-01      35.6    315.6
2015  6 28   179   12 49  0     54.76    0.2774E-01      40.0    316.3
2015  6 28   179   12 50  0     54.57    0.2795E-01      39.7    316.5
2015  6 28   179   12 51  0     54.38    0.2817E-01      39.0    315.9
2015  6 28   179   12 52  0     54.19    0.2968E-01      40.0    315.6
2015  6 28   179   12 53  0     54.01    0.3168E-01      42.1    315.8
2015  6 28   179   12 54  0     53.82    0.3367E-01      44.9    317.2
2015  6 28   179   12 55  0     53.63    0.3477E-01      46.8    318.8
2015  6 28   179   12 56  0     53.44    0.3732E-01      50.3    319.8
2015  6 28   179   12 57  0     53.25    0.3844E-01      51.4    320.3
2015  6 28   179   12 58  0     53.06    0.3631E-01      47.8    320.7
2015  6 28   179   12 59  0     52.87    0.3234E-01      41.9    321.7
2015  6 28   179   13  0  0     52.68    0.3128E-01      40.2    323.4
2015  6 28   179   13  1  0     52.49    0.2880E-01      36.6    324.7
2015  6 28   179   13  2  0     52.30    0.2646E-01      33.2    324.9
2015  6 28   179   13  3  0     52.11    0.2713E-01      33.7    325.3
2015  6 28   179   13  4  0     51.92    0.2789E-01      34.2    325.2
2015  6 28   179   13  5  0     51.73    0.3044E-01      37.1    325.4
2015  6 28   179   13  6  0     51.54    0.3193E-01      39.0    326.1
2015  6 28   179   13  7  0     51.35    0.3071E-01      37.2    327.8
2015  6 28   179   13  8  0     51.16    0.2783E-01      33.4    330.1
2015  6 28   179   13  9  0     50.98    0.2568E-01      30.6    331.9
2015  6 28   179   13 10  0     50.79    0.2267E-01      26.9    333.9
2015  6 28   179   13 11  0     50.60    0.2089E-01      24.6    335.6
2015  6 28   179   13 12  0     50.41    0.2208E-01      25.5    335.6
2015  6 28   179   13 13  0     50.22    0.2387E-01      26.5    333.2
2015  6 28   179   13 14  0     50.03    0.2552E-01      27.3    330.4
2015  6 28   179   13 15  0     49.84    0.2597E-01      27.2    329.5
2015  6 28   179   13 16  0     49.65    0.2540E-01      26.4    329.7
2015  6 28   179   13 17  0     49.46    0.2487E-01      25.5    329.3
2015  6 28   179   13 18  0     49.27    0.2339E-01      23.8    329.8
2015  6 28   179   13 19  0     49.08    0.2234E-01      22.4    330.3
2015  6 28   179   13 20  0     48.89    0.2191E-01      21.5    330.1
2015  6 28   179   13 21  0     48.71    0.2184E-01      20.8    328.9
2015  6 28   179   13 22  0     48.52    0.2394E-01      22.1    327.2
2015  6 28   179   13 23  0     48.33    0.2497E-01      22.5    325.3
2015  6 28   179   13 24  0     48.14    0.2589E-01      23.0    324.2
2015  6 28   179   13 25  0     47.95    0.2573E-01      22.5    323.2
2015  6 28   179   13 26  0     47.76    0.2537E-01      22.0    322.9
2015  6 28   179   13 27  0     47.57    0.2625E-01      22.8    323.9
2015  6 28   179   13 28  0     47.38    0.2614E-01      22.7    325.0
2015  6 28   179   13 29  0     47.19    0.2789E-01      23.8    324.8
2015  6 28   179   13 30  0     47.01    0.3131E-01      26.1    322.7
2015  6 28   179   13 31  0     46.82    0.3566E-01      29.5    322.3
2015  6 28   179   13 32  0     46.63    0.3818E-01      31.4    322.9
2015  6 28   179   13 33  0     46.44    0.3770E-01      30.8    323.8
2015  6 28   179   13 34  0     46.25    0.3690E-01      29.8    324.5
2015  6 28   179   13 35  0     46.06    0.3691E-01      29.3    324.1
2015  6 28   179   13 36  0     45.88    0.3981E-01      31.1    323.6
2015  6 28   179   13 37  0     45.69    0.4678E-01      36.1    323.3
2015  6 28   179   13 38  0     45.50    0.5030E-01      38.3    323.2
2015  6 28   179   13 39  0     45.31    0.4838E-01      36.5    323.6
2015  6 28   179   13 40  0     45.12    0.4283E-01      32.0    324.5
2015  6 28   179   13 41  0     44.94    0.3755E-01      27.9    326.1
2015  6 28   179   13 42  0     44.75    0.3600E-01      26.9    327.4
2015  6 28   179   13 43  0     44.56    0.3558E-01      26.7    328.3
2015  6 28   179   13 44  0     44.37    0.3486E-01      26.0    328.2
2015  6 28   179   13 45  0     44.18    0.3400E-01      25.1    328.9
2015  6 28   179   13 46  0     44.00    0.3652E-01      26.7    328.8
2015  6 28   179   13 47  0     43.81    0.3898E-01      28.1    328.3
2015  6 28   179   13 48  0     43.62    0.4340E-01      30.6    327.3
2015  6 28   179   13 49  0     43.43    0.4706E-01      32.5    325.9
2015  6 28   179   13 50  0     43.25    0.5527E-01      37.8    325.1
2015  6 28   179   13 51  0     43.06    0.5553E-01      37.6    324.7
2015  6 28   179   13 52  0     42.87    0.4891E-01      32.7    325.7
2015  6 28   179   13 53  0     42.69    0.4208E-01      27.9    326.7
2015  6 28   179   13 54  0     42.50    0.3819E-01      25.2    327.9
2015  6 28   179   13 55  0     42.31    0.3848E-01      25.3    328.9
2015  6 28   179   13 56  0     42.13    0.4233E-01      27.6    328.7
2015  6 28   179   13 57  0     41.94    0.4991E-01      32.1    327.0
2015  6 28   179   13 58  0     41.75    0.5597E-01      35.6    325.8
2015  6 28   179   13 59  0     41.57    0.5971E-01      37.6    326.1
2015  6 28   179   14  0  0     41.38    0.6291E-01      39.2    326.2
2015  6 28   179   14  1  0     41.20    0.5995E-01      36.9    326.4
2015  6 28   179   14  2  0     41.01    0.5704E-01      35.1    327.4
2015  6 28   179   14  3  0     40.82    0.5489E-01      33.5    328.3
2015  6 28   179   14  4  0     40.64    0.5351E-01      32.4    328.7
2015  6 28   179   14  5  0     40.45    0.5603E-01      33.6    328.5
2015  6 28   179   14  6  0     40.27    0.6105E-01      36.5    328.2
2015  6 28   179   14  7  0     40.08    0.6461E-01      38.3    328.0
2015  6 28   179   14  8  0     39.90    0.6650E-01      39.1    327.9
2015  6 28   179   14  9  0     39.71    0.6604E-01      38.5    327.9
2015  6 28   179   14 10  0     39.53    0.6525E-01      37.8    328.0
2015  6 28   179   14 11  0     39.34    0.6584E-01      38.0    328.4
2015  6 28   179   14 12  0     39.16    0.6547E-01      37.5    329.0
2015  6 28   179   14 13  0     38.98    0.6366E-01      36.3    329.8
2015  6 28   179   14 14  0     38.79    0.6256E-01      35.5    330.7
2015  6 28   179   14 15  0     38.61    0.6050E-01      34.1    331.3
2015  6 28   179   14 16  0     38.42    0.5869E-01      32.8    331.7
2015  6 28   179   14 17  0     38.24    0.5878E-01      32.6    331.5
2015  6 28   179   14 18  0     38.06    0.5934E-01      32.5    331.2
2015  6 28   179   14 19  0     37.87    0.6130E-01      33.2    330.5
2015  6 28   179   14 20  0     37.69    0.6501E-01      34.9    330.0
2015  6 28   179   14 21  0     37.51    0.6700E-01      35.9    330.5
2015  6 28   179   14 22  0     37.33    0.6315E-01      33.7    331.6
2015  6 28   179   14 23  0     37.14    0.5835E-01      31.0    332.6
2015  6 28   179   14 24  0     36.96    0.5394E-01      28.5    333.4
2015  6 28   179   14 25  0     36.78    0.4913E-01      25.8    334.4
2015  6 28   179   14 26  0     36.60    0.4868E-01      25.4    334.8
2015  6 28   179   14 27  0     36.42    0.5561E-01      28.9    335.2
2015  6 28   179   14 28  0     36.24    0.6425E-01      33.0    334.8
2015  6 28   179   14 29  0     36.06    0.7259E-01      36.5    332.8
2015  6 28   179   14 30  0     35.88    0.7895E-01      39.0    331.3
2015  6 28   179   14 31  0     35.69    0.8851E-01      43.4    331.0
2015  6 28   179   14 32  0     35.51    0.9502E-01      46.2    330.6
2015  6 28   179   14 33  0     35.33    0.9777E-01      47.1    330.0
2015  6 28   179   14 34  0     35.15    0.9760E-01      46.7    329.8
2015  6 28   179   14 35  0     34.98    0.1037E+00      49.4    330.0
2015  6 28   179   14 36  0     34.80    0.1056E+00      50.0    329.7
2015  6 28   179   14 37  0     34.62    0.9974E-01      47.0    329.8
2015  6 28   179   14 38  0     34.44    0.9285E-01      43.6    330.7
2015  6 28   179   14 39  0     34.26    0.8338E-01      39.0    332.2
2015  6 28   179   14 40  0     34.08    0.6955E-01      32.5    333.3
2015  6 28   179   14 41  0     33.90    0.6513E-01      30.3    334.5
2015  6 28   179   14 42  0     33.73    0.6950E-01      32.1    334.4
2015  6 28   179   14 43  0     33.55    0.8067E-01      36.6    332.7
2015  6 28   179   14 44  0     33.37    0.9602E-01      43.0    331.1
2015  6 28   179   14 45  0     33.20    0.1115E+00      49.5    329.9
2015  6 28   179   14 46  0     33.02    0.1144E+00      50.3    329.6
2015  6 28   179   14 47  0     32.84    0.1068E+00      46.5    329.7
2015  6 28   179   14 48  0     32.67    0.9347E-01      40.5    330.5
2015  6 28   179   14 49  0     32.49    0.8317E-01      36.0    331.4
2015  6 28   179   14 50  0     32.32    0.7650E-01      33.0    331.8
2015  6 28   179   14 51  0     32.14    0.7050E-01      30.2    331.5
2015  6 28   179   14 52  0     31.97    0.7309E-01      31.2    331.2
2015  6 28   179   14 53  0     31.80    0.8059E-01      34.2    331.3
2015  6 28   179   14 54  0     31.62    0.8422E-01      35.6    332.1
2015  6 28   179   14 55  0     31.45    0.8881E-01      37.2    332.0
2015  6 28   179   14 56  0     31.28    0.9763E-01      40.7    331.2
2015  6 28   179   14 57  0     31.10    0.1023E+00      42.3    330.8
2015  6 28   179   14 58  0     30.93    0.9810E-01      40.4    331.0
2015  6 28   179   14 59  0     30.76    0.8746E-01      35.9    332.2
2015  6 28   179   15  0  0     30.59    0.8228E-01      33.6    333.1
2015  6 28   179   15  1  0     30.42    0.8592E-01      34.8    332.3
2015  6 28   179   15  2  0     30.25    0.8934E-01      36.0    331.6
2015  6 28   179   15  3  0     30.08    0.8805E-01      35.5    331.9
2015  6 28   179   15  4  0     29.91    0.8606E-01      34.5    332.0
2015  6 28   179   15  5  0     29.74    0.8248E-01      32.8    331.7
2015  6 28   179   15  6  0     29.57    0.7504E-01      29.8    332.9
2015  6 28   179   15  7  0     29.41    0.7233E-01      28.8    334.1
2015  6 28   179   15  8  0     29.24    0.7254E-01      28.8    334.7
2015  6 28   179   15  9  0     29.07    0.7194E-01      28.4    335.4
2015  6 28   179   15 10  0     28.91    0.7183E-01      28.3    335.7
2015  6 28   179   15 11  0     28.74    0.7344E-01      28.6    334.9
2015  6 28   179   15 12  0     28.58    0.7584E-01      29.3    334.2
2015  6 28   179   15 13  0     28.41    0.7713E-01      29.6    333.7
2015  6 28   179   15 14  0     28.25    0.7855E-01      30.0    333.4
2015  6 28   179   15 15  0     28.08    0.8197E-01      31.1    333.5
2015  6 28   179   15 16  0     27.92    0.9049E-01      34.2    333.0
2015  6 28   179   15 17  0     27.76    0.9955E-01      37.4    332.6
2015  6 28   179   15 18  0     27.60    0.1048E+00      39.1    332.4
2015  6 28   179   15 19  0     27.43    0.1062E+00      39.4    332.2
2015  6 28   179   15 20  0     27.27    0.1049E+00      38.6    331.5
2015  6 28   179   15 21  0     27.11    0.1054E+00      38.5    331.0
2015  6 28   179   15 22  0     26.95    0.1053E+00      38.3    331.1
2015  6 28   179   15 23  0     26.80    0.1015E+00      36.9    331.6
2015  6 28   179   15 24  0     26.64    0.9919E-01      35.9    331.8
2015  6 28   179   15 25  0     26.48    0.9955E-01      35.9    331.7
2015  6 28   179   15 26  0     26.32    0.9988E-01      35.9    332.2
2015  6 28   179   15 27  0     26.17    0.9961E-01      35.8    332.9
2015  6 28   179   15 28  0     26.01    0.1017E+00      36.4    333.0
2015  6 28   179   15 29  0     25.86    0.1041E+00      37.0    332.5
2015  6 28   179   15 30  0     25.71    0.1048E+00      37.2    332.4
2015  6 28   179   15 31  0     25.55    0.1043E+00      37.0    332.9
2015  6 28   179   15 32  0     25.40    0.1041E+00      36.9    333.7
2015  6 28   179   15 33  0     25.25    0.1059E+00      37.4    334.0
2015  6 28   179   15 34  0     25.10    0.1095E+00      38.6    334.1
2015  6 28   179   15 35  0     24.95    0.1139E+00      40.0    334.1
2015  6 28   179   15 36  0     24.80    0.1182E+00      41.3    333.9
2015  6 28   179   15 37  0     24.65    0.1185E+00      41.1    333.6
2015  6 28   179   15 38  0     24.50    0.1115E+00      38.6    333.7
2015  6 28   179   15 39  0     24.36    0.1026E+00      35.4    334.0
2015  6 28   179   15 40  0     24.21    0.9804E-01      33.7    334.0
2015  6 28   179   15 41  0     24.07    0.9418E-01      32.3    334.4
2015  6 28   179   15 42  0     23.93    0.8667E-01      29.7    335.2
2015  6 28   179   15 43  0     23.78    0.7800E-01      26.8    336.3
2015  6 28   179   15 44  0     23.64    0.7729E-01      26.5    336.7
2015  6 28   179   15 45  0     23.50    0.8290E-01      28.3    336.3
2015  6 28   179   15 46  0     23.36    0.8567E-01      29.1    336.2
2015  6 28   179   15 47  0     23.22    0.8466E-01      28.7    336.4
2015  6 28   179   15 48  0     23.09    0.8331E-01      28.2    336.6
2015  6 28   179   15 49  0     22.95    0.8316E-01      28.1    336.8
2015  6 28   179   15 50  0     22.81    0.8492E-01      28.7    336.9
2015  6 28   179   15 51  0     22.68    0.9063E-01      30.5    336.9
2015  6 28   179   15 52  0     22.55    0.9863E-01      33.1    336.7
2015  6 28   179   15 53  0     22.41    0.1011E+00      33.8    336.7
2015  6 28   179   15 54  0     22.28    0.9812E-01      32.7    336.6
2015  6 28   179   15 55  0     22.15    0.8952E-01      29.6    336.2
2015  6 28   179   15 56  0     22.03    0.7754E-01      25.6    336.0
2015  6 28   179   15 57  0     21.90    0.6559E-01      21.7    337.1
2015  6 28   179   15 58  0     21.77    0.5769E-01      19.1    338.6
2015  6 28   179   15 59  0     21.65    0.5359E-01      17.8    339.4
2015  6 28   179   16  0  0     21.53    0.5560E-01      18.6    340.5
2015  6 28   179   16  1  0     21.40    0.5949E-01      19.8    340.6
2015  6 28   179   16  2  0     21.28    0.6310E-01      21.1    341.1
2015  6 28   179   16  3  0     21.17    0.6803E-01      22.7    341.3
2015  6 28   179   16  4  0     21.05    0.7317E-01      24.3    341.2
2015  6 28   179   16  5  0     20.93    0.7580E-01      25.1    341.0
2015  6 28   179   16  6  0     20.82    0.8022E-01      26.5    340.9
2015  6 28   179   16  7  0     20.70    0.8696E-01      28.6    340.2
2015  6 28   179   16  8  0     20.59    0.9251E-01      30.2    339.6
2015  6 28   179   16  9  0     20.48    0.1036E+00      33.7    339.0
2015  6 28   179   16 10  0     20.37    0.1148E+00      37.2    338.2
2015  6 28   179   16 11  0     20.27    0.1215E+00      39.2    337.8
2015  6 28   179   16 12  0     20.16    0.1285E+00      41.4    337.7
2015  6 28   179   16 13  0     20.06    0.1334E+00      42.8    337.3
2015  6 28   179   16 14  0     19.95    0.1323E+00      42.3    336.9
2015  6 28   179   16 15  0     19.85    0.1272E+00      40.5    336.5
2015  6 28   179   16 16  0     19.75    0.1211E+00      38.6    336.9
2015  6 28   179   16 17  0     19.66    0.1233E+00      39.3    337.7
2015  6 28   179   16 18  0     19.56    0.1262E+00      40.3    338.0
2015  6 28   179   16 19  0     19.47    0.1364E+00      43.5    337.9
2015  6 28   179   16 20  0     19.38    0.1463E+00      46.5    337.4
2015  6 28   179   16 21  0     19.29    0.1543E+00      49.0    337.2
2015  6 28   179   16 22  0     19.20    0.1649E+00      52.3    336.9
2015  6 28   179   16 23  0     19.11    0.1662E+00      52.4    336.6
2015  6 28   179   16 24  0     19.03    0.1589E+00      50.0    336.5
2015  6 28   179   16 25  0     18.95    0.1513E+00      47.7    337.0
2015  6 28   179   16 26  0     18.87    0.1539E+00      48.5    337.0
2015  6 28   179   16 27  0     18.79    0.1518E+00      47.7    337.1
2015  6 28   179   16 28  0     18.71    0.1438E+00      45.2    337.6
2015  6 28   179   16 29  0     18.64    0.1354E+00      42.6    338.2
2015  6 28   179   16 30  0     18.57    0.1296E+00      40.8    338.7
2015  6 28   179   16 31  0     18.50    0.1265E+00      39.8    339.1
2015  6 28   179   16 32  0     18.43    0.1296E+00      40.9    339.4
2015  6 28   179   16 33  0     18.36    0.1377E+00      43.3    339.0
2015  6 28   179   16 34  0     18.30    0.1415E+00      44.4    338.8
2015  6 28   179   16 35  0     18.24    0.1448E+00      45.4    338.7
2015  6 28   179   16 36  0     18.18    0.1537E+00      48.1    338.5
2015  6 28   179   16 37  0     18.12    0.1623E+00      50.8    338.3
2015  6 28   179   16 38  0     18.07    0.1681E+00      52.5    338.2
2015  6 28   179   16 39  0     18.02    0.1702E+00      53.1    338.2
2015  6 28   179   16 40  0     17.97    0.1707E+00      53.2    338.6
2015  6 28   179   16 41  0     17.92    0.1735E+00      54.0    338.4
2015  6 28   179   16 42  0     17.87    0.1790E+00      55.6    337.8
2015  6 28   179   16 43  0     17.83    0.1863E+00      57.7    337.4
2015  6 28   179   16 44  0     17.79    0.1880E+00      58.1    337.0
2015  6 28   179   16 45  0     17.75    0.1805E+00      55.7    337.0
2015  6 28   179   16 46  0     17.71    0.1699E+00      52.4    337.3
2015  6 28   179   16 47  0     17.68    0.1601E+00      49.3    337.4
2015  6 28   179   16 48  0     17.65    0.1462E+00      45.0    337.5
2015  6 28   179   16 49  0     17.62    0.1352E+00      41.6    337.8
2015  6 28   179   16 50  0     17.60    0.1314E+00      40.5    338.0
2015  6 28   179   16 51  0     17.57    0.1337E+00      41.3    338.1
2015  6 28   179   16 52  0     17.55    0.1386E+00      42.8    338.2
2015  6 28   179   16 53  0     17.53    0.1383E+00      42.8    338.6
2015  6 28   179   16 54  0     17.52    0.1354E+00      41.9    339.1
2015  6 28   179   16 55  0     17.50    0.1335E+00      41.3    339.1
2015  6 28   179   16 56  0     17.49    0.1348E+00      41.8    338.9
2015  6 28   179   16 57  0     17.48    0.1341E+00      41.5    338.9
2015  6 28   179   16 58  0     17.48    0.1271E+00      39.3    339.1
2015  6 28   179   16 59  0     17.47    0.1263E+00      39.2    339.5
2015  6 28   179   17  0  0     17.47    0.1329E+00      41.3    339.5
2015  6 28   179   17  1  0     17.47    0.1432E+00      44.4    339.4
2015  6 28   179   17  2  0     17.48    0.1621E+00      50.2    338.8
2015  6 28   179   17  3  0     17.49    0.1835E+00      56.7    338.6
2015  6 28   179   17  4  0     17.49    0.2160E+00      66.7    337.4
2015  6 28   179   17  5  0     17.51    0.2353E+00      72.2    336.7
2015  6 28   179   17  6  0     17.52    0.2403E+00      73.7    337.3
2015  6 28   179   17  7  0     17.54    0.2510E+00      77.3    337.3
2015  6 28   179   17  8  0     17.56    0.2700E+00      83.6    335.9
2015  6 28   179   17  9  0     17.58    0.2539E+00      77.9    335.4
2015  6 28   179   17 10  0     17.60    0.2223E+00      68.4    337.2
2015  6 28   179   17 11  0     17.63    0.2033E+00      62.6    337.2
2015  6 28   179   17 12  0     17.66    0.1772E+00      54.4    337.3
2015  6 28   179   17 13  0     17.69    0.1489E+00      45.7    337.5
2015  6 28   179   17 14  0     17.72    0.1260E+00      38.7    338.1
2015  6 28   179   17 15  0     17.76    0.1099E+00      34.0    339.7
2015  6 28   179   17 16  0     17.80    0.1036E+00      32.4    341.0
2015  6 28   179   17 17  0     17.84    0.1036E+00      32.4    341.0
2015  6 28   179   17 18  0     17.88    0.1020E+00      31.8    340.5
2015  6 28   179   17 19  0     17.93    0.9757E-01      30.4    340.2
2015  6 28   179   17 20  0     17.98    0.1002E+00      31.2    339.7
2015  6 28   179   17 21  0     18.03    0.1162E+00      36.3    339.3
2015  6 28   179   17 22  0     18.08    0.1400E+00      43.7    338.8
2015  6 28   179   17 23  0     18.14    0.1579E+00      49.3    338.5
2015  6 28   179   17 24  0     18.19    0.1700E+00      53.1    338.6
2015  6 28   179   17 25  0     18.25    0.1918E+00      60.0    338.1
2015  6 28   179   17 26  0     18.32    0.2199E+00      68.7    336.8
2015  6 28   179   17 27  0     18.38    0.2452E+00      76.5    335.0
2015  6 28   179   17 28  0     18.45    0.2447E+00      75.8    334.2
2015  6 28   179   17 29  0     18.51    0.2035E+00      62.9    336.2
2015  6 28   179   17 30  0     18.58    0.1683E+00      52.5    338.0
2015  6 28   179   17 31  0     18.66    0.1422E+00      44.6    338.5
2015  6 28   179   17 32  0     18.73    0.1229E+00      38.7    338.6
2015  6 28   179   17 33  0     18.81    0.1195E+00      37.7    337.9
2015  6 28   179   17 34  0     18.89    0.1221E+00      38.6    337.6
2015  6 28   179   17 35  0     18.97    0.1299E+00      41.0    336.4
2015  6 28   179   17 36  0     19.05    0.1281E+00      40.1    336.0
2015  6 28   179   17 37  0     19.14    0.1152E+00      36.3    337.7
2015  6 28   179   17 38  0     19.22    0.1082E+00      34.4    338.8
2015  6 28   179   17 39  0     19.31    0.1129E+00      36.1    338.9
2015  6 28   179   17 40  0     19.40    0.1329E+00      42.6    338.2
2015  6 28   179   17 41  0     19.49    0.1627E+00      52.1    336.4
2015  6 28   179   17 42  0     19.59    0.1831E+00      58.2    334.1
2015  6 28   179   17 43  0     19.68    0.1879E+00      59.3    332.3
2015  6 28   179   17 44  0     19.78    0.1805E+00      56.8    332.0
2015  6 28   179   17 45  0     19.88    0.1814E+00      57.4    332.1
2015  6 28   179   17 46  0     19.98    0.2122E+00      67.4    330.7
2015  6 28   179   17 47  0     20.08    0.2271E+00      71.9    330.1
2015  6 28   179   17 48  0     20.19    0.2448E+00      78.1    330.3
2015  6 28   179   17 49  0     20.29    0.3033E+00      98.0    329.4
2015  6 28   179   17 50  0     20.40    0.3586E+00     114.6    326.2
2015  6 28   179   17 51  0     20.51    0.4341E+00     140.9    324.8
2015  6 28   179   17 52  0     20.62    0.2964E+00      93.2    327.6
2015  6 28   179   17 53  0     20.73    0.2784E+00      89.5    331.7
2015  6 28   179   17 54  0     20.85    0.3626E+00     117.0    328.3
2015  6 28   179   17 55  0     20.96    0.3654E+00     116.5    327.8
2015  6 28   179   17 56  0     21.08    0.4340E+00     141.2    326.6
2015  6 28   179   17 57  0     21.20    0.4767E+00     157.0    325.7
2015  6 28   179   17 58  0     21.32    0.4486E+00     146.8    325.3
2015  6 28   179   17 59  0     21.44    0.3511E+00     114.0    328.1
2015  6 28   179   18  0  0     21.56    0.3265E+00     106.8    328.8
2015  6 28   179   18  1  0     21.68    0.3099E+00     101.1    328.2
2015  6 28   179   18  2  0     21.81    0.2974E+00      98.0    329.4
2015  6 28   179   18  3  0     21.93    0.3444E+00     114.3    327.3
2015  6 28   179   18  4  0     22.06    0.2990E+00      96.2    326.4
2015  6 28   179   18  5  0     22.19    0.2959E+00      96.5    327.3
2015  6 28   179   18  6  0     22.32    0.2817E+00      92.6    327.8
2015  6 28   179   18  7  0     22.45    0.2771E+00      91.4    327.5
2015  6 28   179   18  8  0     22.58    0.2837E+00      94.4    327.5
2015  6 28   179   18  9  0     22.71    0.2934E+00      99.2    328.0
2015  6 28   179   18 10  0     22.85    0.2904E+00      97.6    326.5
2015  6 28   179   18 11  0     22.98    0.2461E+00      82.2    328.1
2015  6 28   179   18 12  0     23.12    0.2090E+00      69.6    330.2
2015  6 28   179   18 13  0     23.26    0.1936E+00      65.3    332.3
2015  6 28   179   18 14  0     23.40    0.2259E+00      77.7    332.4
2015  6 28   179   18 15  0     23.54    0.3615E+00     127.1    327.8
2015  6 28   179   18 16  0     23.68    0.4303E+00     151.3    325.7
2015  6 28   179   18 17  0     23.82    0.4586E+00     161.6    325.0
2015  6 28   179   18 18  0     23.96    0.4267E+00     147.7    323.8
2015  6 28   179   18 19  0     24.11    0.3032E+00     103.2    328.2
2015  6 28   179   18 20  0     24.25    0.4251E+00     150.9    325.8
2015  6 28   179   18 21  0     24.40    0.3071E+00     103.2    325.4
2015  6 28   179   18 22  0     24.54    0.2393E+00      80.8    330.2
2015  6 28   179   18 23  0     24.69    0.2179E+00      74.6    331.2
2015  6 28   179   18 24  0     24.84    0.2049E+00      70.8    330.6
2015  6 28   179   18 25  0     24.99    0.2025E+00      71.0    330.0
2015  6 28   179   18 26  0     25.14    0.1957E+00      68.5    329.1
2015  6 28   179   18 27  0     25.29    0.1881E+00      66.6    329.6
2015  6 28   179   18 28  0     25.44    0.2024E+00      73.1    330.2
2015  6 28   179   18 29  0     25.59    0.2325E+00      84.2    328.6
2015  6 28   179   18 30  0     25.75    0.2226E+00      80.0    328.5
2015  6 28   179   18 31  0     25.90    0.2347E+00      86.3    329.5
2015  6 28   179   18 32  0     26.05    0.2433E+00      89.8    329.0
2015  6 28   179   18 33  0     26.21    0.2049E+00      74.9    330.9
2015  6 28   179   18 34  0     26.37    0.2326E+00      86.8    330.7
2015  6 28   179   18 35  0     26.52    0.2303E+00      84.5    330.5
2015  6 28   179   18 36  0     26.68    0.2445E+00      88.4    329.0
2015  6 28   179   18 37  0     26.84    0.2238E+00      79.4    329.2
2015  6 28   179   18 38  0     27.00    0.2089E+00      74.5    330.8
2015  6 28   179   18 39  0     27.16    0.2132E+00      77.7    332.3
2015  6 28   179   18 40  0     27.32    0.3441E+00     135.1    330.4
2015  6 28   179   18 41  0     27.48    0.3524E+00     135.4    327.8
2015  6 28   179   18 42  0     27.64    0.3813E+00     148.8    327.8
2015  6 28   179   18 43  0     27.80    0.3595E+00     139.1    327.9
2015  6 28   179   18 44  0     27.96    0.3492E+00     135.3    328.0
2015  6 28   179   18 45  0     28.13    0.3500E+00     136.2    327.4
2015  6 28   179   18 46  0     28.29    0.2984E+00     115.7    329.1
2015  6 28   179   18 47  0     28.45    0.3583E+00     146.3    329.8
2015  6 28   179   18 48  0     28.62    0.2769E+00     106.7    327.4
2015  6 28   179   18 49  0     28.78    0.2282E+00      88.1    331.3
2015  6 28   179   18 50  0     28.95    0.3345E+00     138.3    330.2
2015  6 28   179   18 51  0     29.12    0.2907E+00     114.8    327.1
2015  6 28   179   18 52  0     29.28    0.2160E+00      84.1    331.3
2015  6 28   179   18 53  0     29.45    0.2134E+00      84.4    331.8
2015  6 28   179   18 54  0     29.62    0.2599E+00     108.5    332.1
2015  6 28   179   18 55  0     29.79    0.3226E+00     135.1    327.6
2015  6 28   179   18 56  0     29.96    0.2782E+00     115.1    328.1
2015  6 28   179   18 57  0     30.13    0.2509E+00     103.6    329.2
2015  6 28   179   18 58  0     30.30    0.2618E+00     110.8    330.2
2015  6 28   179   18 59  0     30.47    0.3155E+00     136.1    327.6
2015  6 28   179   19  0  0     30.64    0.2255E+00      93.8    329.3
2015  6 28   179   19  1  0     30.81    0.1866E+00      77.0    331.4
2015  6 28   179   19  2  0     30.98    0.1729E+00      71.4    332.1
2015  6 28   179   19  3  0     31.15    0.1665E+00      69.4    332.6
2015  6 28   179   19  4  0     31.32    0.1946E+00      84.1    332.3
2015  6 28   179   19  5  0     31.50    0.2589E+00     114.6    329.6
2015  6 28   179   19  6  0     31.67    0.2563E+00     110.7    327.5
2015  6 28   179   19  7  0     31.84    0.2706E+00     118.9    328.1
2015  6 28   179   19  8  0     32.02    0.2451E+00     105.7    327.1
2015  6 28   179   19  9  0     32.19    0.1981E+00      85.0    329.3
2015  6 28   179   19 10  0     32.37    0.1833E+00      80.2    330.4
2015  6 28   179   19 11  0     32.54    0.2062E+00      93.1    329.4
2015  6 28   179   19 12  0     32.72    0.1767E+00      78.3    329.6
2015  6 28   179   19 13  0     32.89    0.1924E+00      88.0    330.4
2015  6 28   179   19 14  0     33.07    0.2120E+00      97.6    328.9
2015  6 28   179   19 15  0     33.24    0.2071E+00      94.1    328.0
2015  6 28   179   19 16  0     33.42    0.1871E+00      84.5    328.9
2015  6 28   179   19 17  0     33.60    0.1777E+00      81.9    331.0
2015  6 28   179   19 18  0     33.77    0.1831E+00      85.9    331.6
2015  6 28   179   19 19  0     33.95    0.1966E+00      93.3    331.3
2015  6 28   179   19 20  0     34.13    0.2761E+00     136.6    329.2
2015  6 28   179   19 21  0     34.31    0.2941E+00     143.0    325.8
2015  6 28   179   19 22  0     34.49    0.2663E+00     128.0    325.8
2015  6 28   179   19 23  0     34.66    0.2464E+00     117.3    325.3
2015  6 28   179   19 24  0     34.84    0.2204E+00     105.2    326.9
2015  6 28   179   19 25  0     35.02    0.2041E+00      97.4    327.6
2015  6 28   179   19 26  0     35.20    0.1974E+00      95.0    328.1
2015  6 28   179   19 27  0     35.38    0.1956E+00      95.5    328.8
2015  6 28   179   19 28  0     35.56    0.1911E+00      93.6    328.7
2015  6 28   179   19 29  0     35.74    0.1927E+00      95.8    328.9
2015  6 28   179   19 30  0     35.92    0.2041E+00     103.0    328.3
2015  6 28   179   19 31  0     36.10    0.2065E+00     105.3    328.1
2015  6 28   179   19 32  0     36.29    0.2044E+00     104.9    328.0
2015  6 28   179   19 33  0     36.47    0.2105E+00     109.5    327.8
2015  6 28   179   19 34  0     36.65    0.1977E+00     102.6    328.0
2015  6 28   179   19 35  0     36.83    0.1964E+00     103.1    328.2
2015  6 28   179   19 36  0     37.01    0.1936E+00     102.8    328.9
2015  6 28   179   19 37  0     37.19    0.1958E+00     103.7    327.4
2015  6 28   179   19 38  0     37.38    0.1902E+00     101.9    328.2
2015  6 28   179   19 39  0     37.56    0.1841E+00      99.5    328.9
2015  6 28   179   19 40  0     37.74    0.2016E+00     112.3    329.1
2015  6 28   179   19 41  0     37.92    0.1922E+00     106.1    328.2
2015  6 28   179   19 42  0     38.11    0.1872E+00     104.0    328.4
2015  6 28   179   19 43  0     38.29    0.1926E+00     109.2    328.7
2015  6 28   179   19 44  0     38.47    0.1963E+00     110.9    326.7
2015  6 28   179   19 45  0     38.66    0.1913E+00     110.6    328.4
2015  6 28   179   19 46  0     38.84    0.2249E+00     132.6    326.3
2015  6 28   179   19 47  0     39.03    0.1906E+00     109.5    325.9
2015  6 28   179   19 48  0     39.21    0.1672E+00      95.2    326.2
2015  6 28   179   19 49  0     39.39    0.1678E+00      97.7    327.3
2015  6 28   179   19 50  0     39.58    0.1736E+00     102.8    327.4
2015  6 28   179   19 51  0     39.76    0.1748E+00     105.5    328.4
2015  6 28   179   19 52  0     39.95    0.2120E+00     131.4    326.6
2015  6 28   179   19 53  0     40.13    0.1806E+00     109.3    326.6
2015  6 28   179   19 54  0     40.32    0.1862E+00     115.3    327.3
2015  6 28   179   19 55  0     40.50    0.1804E+00     109.7    325.4
2015  6 28   179   19 56  0     40.69    0.1925E+00     122.6    327.5
2015  6 28   179   19 57  0     40.87    0.2394E+00     157.2    325.5
2015  6 28   179   19 58  0     41.06    0.2274E+00     148.8    325.0
2015  6 28   179   19 59  0     41.25    0.1907E+00     120.9    323.8
2015  6 28   179   20  0  0     41.43    0.1484E+00      92.3    325.5
2015  6 28   179   20  1  0     41.62    0.1380E+00      86.7    326.0
2015  6 28   179   20  2  0     41.80    0.1231E+00      78.2    327.1
2015  6 28   179   20  3  0     41.99    0.1098E+00      71.3    328.4
2015  6 28   179   20  4  0     42.18    0.9795E-01      65.0    329.2
2015  6 28   179   20  5  0     42.36    0.8851E-01      59.6    329.4
2015  6 28   179   20  6  0     42.55    0.8295E-01      56.5    329.4
2015  6 28   179   20  7  0     42.74    0.7764E-01      53.2    329.1
2015  6 28   179   20  8  0     42.92    0.6957E-01      48.1    329.4
2015  6 28   179   20  9  0     43.11    0.6155E-01      43.1    330.1
2015  6 28   179   20 10  0     43.30    0.5362E-01      38.2    331.1
2015  6 28   179   20 11  0     43.49    0.4694E-01      34.1    332.4
2015  6 28   179   20 12  0     43.67    0.4283E-01      31.7    333.1
2015  6 28   179   20 13  0     43.86    0.4095E-01      30.9    333.5
2015  6 28   179   20 14  0     44.05    0.4303E-01      32.9    333.6
2015  6 28   179   20 15  0     44.24    0.4940E-01      38.1    332.5
2015  6 28   179   20 16  0     44.42    0.5769E-01      44.7    331.0
2015  6 28   179   20 17  0     44.61    0.6497E-01      50.4    329.8
2015  6 28   179   20 18  0     44.80    0.6861E-01      53.4    329.2
2015  6 28   179   20 19  0     44.99    0.6754E-01      52.8    328.7
2015  6 28   179   20 20  0     45.17    0.6166E-01      48.6    328.8
2015  6 28   179   20 21  0     45.36    0.5345E-01      42.6    329.3
2015  6 28   179   20 22  0     45.55    0.4643E-01      37.6    329.9
2015  6 28   179   20 23  0     45.74    0.4278E-01      35.3    330.5
2015  6 28   179   20 24  0     45.93    0.4406E-01      36.9    330.4
2015  6 28   179   20 25  0     46.12    0.4976E-01      42.0    329.7
2015  6 28   179   20 26  0     46.30    0.5709E-01      48.7    328.7
2015  6 28   179   20 27  0     46.49    0.6538E-01      56.1    327.8
2015  6 28   179   20 28  0     46.68    0.7339E-01      63.5    327.1
2015  6 28   179   20 29  0     46.87    0.8058E-01      70.4    326.6
2015  6 28   179   20 30  0     47.06    0.8491E-01      74.5    325.9
2015  6 28   179   20 31  0     47.25    0.8400E-01      74.0    325.8
2015  6 28   179   20 32  0     47.44    0.8020E-01      71.3    325.9
2015  6 28   179   20 33  0     47.62    0.7710E-01      70.1    326.5
2015  6 28   179   20 34  0     47.81    0.7884E-01      73.6    327.0
2015  6 28   179   20 35  0     48.00    0.8593E-01      81.3    326.4
2015  6 28   179   20 36  0     48.19    0.8980E-01      84.8    325.3
2015  6 28   179   20 37  0     48.38    0.8773E-01      83.2    325.0
2015  6 28   179   20 38  0     48.57    0.8449E-01      81.2    325.3
2015  6 28   179   20 39  0     48.76    0.8213E-01      79.8    325.0
2015  6 28   179   20 40  0     48.95    0.7845E-01      76.6    324.6
2015  6 28   179   20 41  0     49.14    0.7319E-01      72.0    324.4
2015  6 28   179   20 42  0     49.33    0.6665E-01      66.3    324.4
2015  6 28   179   20 43  0     49.51    0.6013E-01      60.7    324.5
2015  6 28   179   20 44  0     49.70    0.5379E-01      55.1    324.6
2015  6 28   179   20 45  0     49.89    0.4747E-01      49.3    324.8
2015  6 28   179   20 46  0     50.08    0.4164E-01      43.8    324.9
2015  6 28   179   20 47  0     50.27    0.3702E-01      39.6    325.2
2015  6 28   179   20 48  0     50.46    0.3403E-01      36.9    325.3
2015  6 28   179   20 49  0     50.65    0.3185E-01      34.9    325.1
2015  6 28   179   20 50  0     50.84    0.2928E-01      32.5    324.6
2015  6 28   179   20 51  0     51.03    0.2680E-01      30.2    324.8
2015  6 28   179   20 52  0     51.22    0.2449E-01      28.0    324.7
2015  6 28   179   20 53  0     51.41    0.2262E-01      26.2    324.7
2015  6 28   179   20 54  0     51.60    0.2151E-01      25.4    325.0
2015  6 28   179   20 55  0     51.79    0.2098E-01      25.1    324.7
2015  6 28   179   20 56  0     51.98    0.2047E-01      24.8    324.8
2015  6 28   179   20 57  0     52.17    0.1955E-01      24.0    324.5
2015  6 28   179   20 58  0     52.35    0.1797E-01      22.4    324.6
2015  6 28   179   20 59  0     52.54    0.1594E-01      20.2    324.7
2015  6 28   179   21  0  0     52.73    0.1402E-01      18.1    324.6
2015  6 28   179   21  1  0     52.92    0.1257E-01      16.6    325.2
2015  6 28   179   21  2  0     53.11    0.1175E-01      15.8    325.1
2015  6 28   179   21  3  0     53.30    0.1139E-01      15.6    325.2
2015  6 28   179   21  4  0     53.49    0.1140E-01      15.9    325.4
2015  6 28   179   21  5  0     53.68    0.1163E-01      16.4    325.0
2015  6 28   179   21  6  0     53.87    0.1173E-01      16.8    324.6
2015  6 28   179   21  7  0     54.06    0.1153E-01      16.7    324.7
2015  6 28   179   21  8  0     54.25    0.1087E-01      16.0    323.9
2015  6 28   179   21  9  0     54.44    0.1019E-01      15.2    323.3
2015  6 28   179   21 10  0     54.63    0.1009E-01      15.3    323.7
2015  6 28   179   21 11  0     54.82    0.9954E-02      15.4    323.5
2015  6 28   179   21 12  0     55.01    0.9335E-02      14.7    322.5
2015  6 28   179   21 13  0     55.20    0.8944E-02      14.2    321.7
2015  6 28   179   21 14  0     55.38    0.8704E-02      14.0    320.9
2015  6 28   179   21 15  0     55.57    0.8822E-02      14.4    320.2
2015  6 28   179   21 16  0     55.76    0.9382E-02      15.5    319.8
2015  6 28   179   21 17  0     55.95    0.9767E-02      16.3    319.7
2015  6 28   179   21 18  0     56.14    0.9950E-02      16.8    319.4
2015  6 28   179   21 19  0     56.33    0.1006E-01      17.3    319.3
2015  6 28   179   21 20  0     56.52    0.1023E-01      17.9    319.4
2015  6 28   179   21 21  0     56.71    0.1052E-01      18.7    319.4
2015  6 28   179   21 22  0     56.90    0.1063E-01      19.2    319.1
2015  6 28   179   21 23  0     57.09    0.1081E-01      19.8    318.4
2015  6 28   179   21 24  0     57.28    0.1154E-01      21.6    318.9
2015  6 28   179   21 25  0     57.47    0.1253E-01      23.8    318.8
2015  6 28   179   21 26  0     57.65    0.1311E-01      25.3    318.4
2015  6 28   179   21 27  0     57.84    0.1324E-01      25.9    318.1
2015  6 28   179   21 28  0     58.03    0.1329E-01      26.5    317.8
2015  6 28   179   21 29  0     58.22    0.1360E-01      27.6    317.4
2015  6 28   179   21 30  0     58.41    0.1398E-01      28.8    317.4
2015  6 28   179   21 31  0     58.60    0.1400E-01      29.2    316.7
2015  6 28   179   21 32  0     58.79    0.1380E-01      29.3    316.3
2015  6 28   179   21 33  0     58.98    0.1411E-01      30.5    316.2
2015  6 28   179   21 34  0     59.16    0.1450E-01      32.0    315.8
2015  6 28   179   21 35  0     59.35    0.1496E-01      33.6    315.5
2015  6 28   179   21 36  0     59.54    0.1557E-01      35.7    316.2
2015  6 28   179   21 37  0     59.73    0.1663E-01      39.0    316.3
2015  6 28   179   21 38  0     59.92    0.1820E-01      43.6    316.5
2015  6 28   179   21 39  0     60.11    0.2000E-01      48.8    315.6
2015  6 28   179   21 40  0     60.29    0.2166E-01      53.9    315.6
2015  6 28   179   21 41  0     60.48    0.2310E-01      58.5    315.4
2015  6 28   179   21 42  0     60.67    0.2445E-01      63.2    315.9
2015  6 28   179   21 43  0     60.86    0.2564E-01      67.6    315.7
2015  6 28   179   21 44  0     61.05    0.2681E-01      72.4    314.9
2015  6 28   179   21 45  0     61.24    0.2757E-01      75.7    314.6
2015  6 28   179   21 46  0     61.42    0.2802E-01      78.4    314.5
2015  6 28   179   21 47  0     61.61    0.2804E-01      80.0    314.3
2015  6 28   179   21 48  0     61.80    0.2771E-01      80.4    314.7
2015  6 28   179   21 49  0     61.99    0.2707E-01      80.1    314.6
2015  6 28   179   21 50  0     62.17    0.2629E-01      79.3    313.6
2015  6 28   179   21 51  0     62.36    0.2566E-01      78.7    313.2
2015  6 28   179   21 52  0     62.55    0.2504E-01      77.9    312.5
2015  6 28   179   21 53  0     62.74    0.2409E-01      76.2    311.8
2015  6 28   179   21 54  0     62.93    0.2305E-01      75.0    313.1
2015  6 28   179   21 55  0     63.11    0.2261E-01      75.9    312.4
2015  6 28   179   21 56  0     63.30    0.2294E-01      79.1    312.2
2015  6 28   179   21 57  0     63.49    0.2343E-01      82.3    311.7
2015  6 28   179   21 58  0     63.67    0.2347E-01      83.7    310.9
2015  6 28   179   21 59  0     63.86    0.2302E-01      83.5    310.3
2015  6 28   179   22  0  0     64.05    0.2231E-01      82.4    309.5
2015  6 28   179   22  1  0     64.24    0.2170E-01      81.7    308.9
2015  6 28   179   22  2  0     64.42    0.2113E-01      81.0    308.3
2015  6 28   179   22  3  0     64.61    0.2051E-01      80.2    307.6
2015  6 28   179   22  4  0     64.80    0.1990E-01      79.4    307.0
2015  6 28   179   22  5  0     64.98    0.1931E-01      79.2    306.9
2015  6 28   179   22  6  0     65.17    0.1872E-01      79.1    307.0
2015  6 28   179   22  7  0     65.36    0.1816E-01      79.0    307.0
2015  6 28   179   22  8  0     65.54    0.1782E-01      79.8    306.8
2015  6 28   179   22  9  0     65.73    0.1765E-01      81.1    306.5
2015  6 28   179   22 10  0     65.91    0.1763E-01      82.9    305.8
2015  6 28   179   22 11  0     66.10    0.1824E-01      91.9    308.0
2015  6 28   179   22 12  0     66.29    0.1873E-01     101.8    310.4
2015  6 28   179   22 13  0     66.47    0.1854E-01     104.3    310.8
2015  6 28   179   22 14  0     66.66    0.1694E-01      91.8    307.0
2015  6 28   179   22 15  0     66.84    0.1660E-01      92.8    306.8
2015  6 28   179   22 16  0     67.03    0.1639E-01      94.0    306.5
2015  6 28   179   22 17  0     67.21    0.1643E-01      96.2    305.9
2015  6 28   179   22 18  0     67.40    0.1652E-01      97.8    305.1
2015  6 28   179   22 19  0     67.59    0.1656E-01      98.0    303.1
2015  6 28   179   22 20  0     67.77    0.1632E-01      96.3    301.2
2015  6 28   179   22 21  0     67.96    0.1583E-01      93.6    299.3
2015  6 28   179   22 22  0     68.14    0.1522E-01      91.3    298.2
2015  6 28   179   22 23  0     68.33    0.1451E-01      89.3    298.1
2015  6 28   179   22 24  0     68.51    0.1382E-01      87.5    297.7
2015  6 28   179   22 25  0     68.69    0.1322E-01      86.3    297.2
2015  6 28   179   22 26  0     68.88    0.1257E-01      84.4    297.0
2015  6 28   179   22 27  0     69.06    0.1185E-01      81.7    295.3
2015  6 28   179   22 28  0     69.25    0.1115E-01      79.0    294.3
2015  6 28   179   22 29  0     69.43    0.1056E-01      77.2    293.4
2015  6 28   179   22 30  0     69.62    0.1016E-01      76.9    292.9
2015  6 28   179   22 31  0     69.80    0.9968E-02      77.7    293.2
2015  6 28   179   22 32  0     69.98    0.9811E-02      78.6    292.7
2015  6 28   179   22 33  0     70.17    0.9655E-02      79.2    290.8
2015  6 28   179   22 34  0     70.35    0.9432E-02      78.7    289.0
2015  6 28   179   22 35  0     70.54    0.9055E-02      77.0    287.2
2015  6 28   179   22 36  0     70.72    0.8574E-02      74.9    286.1
2015  6 28   179   22 37  0     70.90    0.8126E-02      73.1    284.8
2015  6 28   179   22 38  0     71.09    0.7811E-02      72.6    283.5
2015  6 28   179   22 39  0     71.27    0.7609E-02      74.0    283.7
2015  6 28   179   22 40  0     71.45    0.7378E-02      73.3    282.0
2015  6 28   179   22 41  0     71.63    0.7256E-02      77.0    282.7
2015  6 28   179   22 42  0     71.82    0.6799E-02      70.1    278.6
2015  6 28   179   22 43  0     72.00    0.6510E-02      68.5    276.8
2015  6 28   179   22 44  0     72.18    0.6197E-02      66.8    273.9
2015  6 28   179   22 45  0     72.36    0.5873E-02      65.1    271.8
2015  6 28   179   22 46  0     72.55    0.5655E-02      64.6    269.8
2015  6 28   179   22 47  0     72.73    0.5533E-02      65.0    268.0
2015  6 28   179   22 48  0     72.91    0.5419E-02      65.7    267.1
2015  6 28   179   22 49  0     73.09    0.5331E-02      66.5    265.7
2015  6 28   179   22 50  0     73.27    0.5234E-02      67.1    264.0
2015  6 28   179   22 51  0     73.46    0.5092E-02      67.5    263.0
2015  6 28   179   22 52  0     73.64    0.4963E-02      68.2    262.4
2015  6 28   179   22 53  0     73.82    0.4931E-02      70.7    261.4
2015  6 28   179   22 54  0     74.00    0.5035E-02      81.0    264.9
2015  6 28   179   22 55  0     74.18    0.5007E-02      83.0    263.7
2015  6 28   179   22 56  0     74.36    0.4836E-02      78.8    259.6
2015  6 28   179   22 57  0     74.54    0.4738E-02      83.1    260.6
2015  6 28   179   22 58  0     74.72    0.4709E-02      89.2    261.3
2015  6 28   179   22 59  0     74.90    0.4675E-02      92.4    260.7
2015  6 28   179   23  0  0     75.08    0.4688E-02      96.6    260.3
2015  6 28   179   23  1  0     75.26    0.4695E-02      96.3    258.1
2015  6 28   179   23  2  0     75.44    0.4771E-02      99.4    257.3
2015  6 28   179   23  3  0     75.62    0.4873E-02     104.9    257.7
2015  6 28   179   23  4  0     75.80    0.4994E-02     109.8    256.1
2015  6 28   179   23  5  0     75.98    0.5034E-02     113.1    255.8
2015  6 28   179   23  6  0     76.16    0.5039E-02     113.8    251.8
2015  6 28   179   23  7  0     76.34    0.4983E-02     113.5    247.8
2015  6 28   179   23  8  0     76.52    0.4840E-02     112.7    245.7
2015  6 28   179   23  9  0     76.70    0.4684E-02     112.2    243.3
2015  6 28   179   23 10  0     76.88    0.4535E-02     112.1    240.6
2015  6 28   179   23 11  0     77.05    0.4391E-02     112.4    238.0
2015  6 28   179   23 12  0     77.23    0.4241E-02     112.9    236.6
2015  6 28   179   23 13  0     77.41    0.4103E-02     113.1    234.4
2015  6 28   179   23 14  0     77.59    0.3952E-02     112.5    232.1
2015  6 28   179   23 15  0     77.77    0.3793E-02     110.8    229.0
2015  6 28   179   23 16  0     77.94    0.3659E-02     108.6    224.5
2015  6 28   179   23 17  0     78.12    0.3522E-02     105.9    220.5
2015  6 28   179   23 18  0     78.30    0.3386E-02     103.1    216.4
2015  6 28   179   23 19  0     78.48    0.3233E-02     100.5    213.0
2015  6 28   179   23 20  0     78.65    0.3067E-02      97.4    208.9
2015  6 28   179   23 21  0     78.83    0.2874E-02      93.5    204.9
2015  6 28   179   23 22  0     79.01    0.2684E-02      88.8    199.9
2015  6 28   179   23 23  0     79.18    0.2535E-02      84.8    194.0
2015  6 28   179   23 24  0     79.36    0.2390E-02      81.8    190.0
2015  6 28   179   23 25  0     79.53    0.2252E-02      78.2    184.8
2015  6 28   179   23 26  0     79.71    0.2076E-02      73.1    179.9
2015  6 28   179   23 27  0     79.89    0.1931E-02      66.9    171.0
2015  6 28   179   23 28  0     80.06    0.1842E-02      63.4    164.4
2015  6 28   179   23 29  0     80.24    0.1777E-02      62.7    161.7
2015  6 28   179   23 30  0     80.41    0.1681E-02      59.7    157.5
2015  6 28   179   23 31  0     80.59    0.1577E-02      54.3    148.3
2015  6 28   179   23 32  0     80.76    0.1478E-02      49.2    140.4
2015  6 28   179   23 33  0     80.94    0.1400E-02      45.7    134.6
2015  6 28   179   23 34  0     81.11    0.1350E-02      43.6    128.2
2015  6 28   179   23 35  0     81.28    0.1351E-02      45.0    126.0
2015  6 28   179   23 36  0     81.46    0.1368E-02      49.1    127.3
2015  6 28   179   23 37  0     81.63    0.1353E-02      51.2    126.9
2015  6 28   179   23 38  0     81.80    0.1340E-02      50.6    122.5
2015  6 28   179   23 39  0     81.98    0.1295E-02      49.1    118.7
2015  6 28   179   23 40  0     82.15    0.1245E-02      47.4    114.5
2015  6 28   179   23 41  0     82.32    0.1226E-02      46.0    109.6
2015  6 28   179   23 42  0     82.50    0.1204E-02      45.2    106.0
2015  6 28   179   23 43  0     82.67    0.1189E-02      45.0    103.1
2015  6 28   179   23 44  0     82.84    0.1180E-02      45.2    100.4
2015  6 28   179   23 45  0     83.01    0.1173E-02      45.8     97.7
2015  6 28   179   23 46  0     83.19    0.1165E-02      46.7     95.5
2015  6 28   179   23 47  0     83.36    0.1168E-02      48.4     93.7
2015  6 28   179   23 48  0     83.53    0.1178E-02      50.8     92.3
2015  6 28   179   23 49  0     83.70    0.1161E-02      52.9     91.9
2015  6 28   179   23 50  0     83.87    0.1161E-02      54.4     89.8
2015  6 28   179   23 51  0     84.04    0.1152E-02      55.3     87.6
2015  6 28   179   23 52  0     84.21    0.1143E-02      55.6     85.1
2015  6 28   179   23 53  0     84.38    0.1125E-02      55.4     82.6
2015  6 28   179   23 54  0     84.55    0.1101E-02      55.0     80.3
2015  6 28   179   23 55  0     84.72    0.1092E-02      54.4     77.4
2015  6 28   179   23 56  0     84.89    0.1076E-02      53.3     72.9
2015  6 28   179   23 57  0     85.06    0.1061E-02      51.8     69.0
2015  6 28   179   23 58  0     85.23    0.1046E-02      49.7     65.2
2015  6 28   179   23 59  0     85.40    0.1027E-02      47.9     62.1
