                            NILUUV 115

Uvpro Version 2.0
Latitude :   40.74 (North)
Longitude:  -74.03  (West)
Calibration file: cf100603a.115
Height above sea level:    40.0  m
CLT derived from channel 4
CLT scale factor used:   1.0
Ozone derived from channel pair ch3/ch1
Ozone scale factor used:   1.0
Drift factors ch1-ch6:   0.474  0.498  0.595  0.654  0.489  0.887
Ozone profile climatology: Mid  Latitude
Dose type:    CLW    Caldwell Plant 1971           

yyyy mm dd   jul   hh mm ss      SZA     dose rate       clt     Ozone
                              [degrees]   [W/m^2]        [%]     [DU]
2015 12 28   362   12 26  0     89.85    0.5850E-03      16.9      5.6
2015 12 28   362   12 27  0     89.69    0.6033E-03      17.2      6.3
2015 12 28   362   12 28  0     89.53    0.5817E-03      17.7      7.9
2015 12 28   362   12 29  0     89.37    0.5924E-03      18.3      9.0
2015 12 28   362   12 30  0     89.20    0.5912E-03      18.9     10.5
2015 12 28   362   12 31  0     89.04    0.5877E-03      19.6     12.3
2015 12 28   362   12 32  0     88.89    0.6162E-03      20.1     13.3
2015 12 28   362   12 33  0     88.73    0.5960E-03      20.7     16.1
2015 12 28   362   12 34  0     88.57    0.5963E-03      21.4     19.2
2015 12 28   362   12 35  0     88.41    0.6302E-03      22.3     20.0
2015 12 28   362   12 36  0     88.25    0.6159E-03      23.2     22.3
2015 12 28   362   12 37  0     88.09    0.6373E-03      24.2     23.6
2015 12 28   362   12 38  0     87.93    0.6307E-03      25.1     25.9
2015 12 28   362   12 39  0     87.78    0.6407E-03      26.0     27.9
2015 12 28   362   12 40  0     87.62    0.6568E-03      27.0     30.0
2015 12 28   362   12 41  0     87.46    0.6541E-03      28.1     33.1
2015 12 28   362   12 42  0     87.30    0.6664E-03      29.2     35.8
2015 12 28   362   12 43  0     87.15    0.6930E-03      30.4     38.0
2015 12 28   362   12 44  0     86.99    0.7094E-03      31.8     40.8
2015 12 28   362   12 45  0     86.84    0.7145E-03      33.3     43.7
2015 12 28   362   12 46  0     86.68    0.7161E-03      34.8     47.1
2015 12 28   362   12 47  0     86.53    0.7497E-03      36.4     49.3
2015 12 28   362   12 48  0     86.37    0.7580E-03      38.0     52.9
2015 12 28   362   12 49  0     86.22    0.7693E-03      39.4     56.4
2015 12 28   362   12 50  0     86.06    0.7867E-03      40.9     59.8
2015 12 28   362   12 51  0     85.91    0.8067E-03      42.1     62.3
2015 12 28   362   12 52  0     85.75    0.8147E-03      43.1     65.3
2015 12 28   362   12 53  0     85.60    0.8219E-03      43.7     68.2
2015 12 28   362   12 54  0     85.45    0.8148E-03      44.0     71.8
2015 12 28   362   12 55  0     85.30    0.8306E-03      44.3     74.0
2015 12 28   362   12 56  0     85.14    0.8493E-03      44.6     76.2
2015 12 28   362   12 57  0     84.99    0.8484E-03      45.0     79.9
2015 12 28   362   12 58  0     84.84    0.8673E-03      45.5     82.2
2015 12 28   362   12 59  0     84.69    0.8700E-03      46.4     86.0
2015 12 28   362   13  0  0     84.54    0.8955E-03      47.7     89.1
2015 12 28   362   13  1  0     84.39    0.9101E-03      49.4     93.5
2015 12 28   362   13  2  0     84.24    0.9640E-03      51.3     95.8
2015 12 28   362   13  3  0     84.09    0.9875E-03      53.3    100.3
2015 12 28   362   13  4  0     83.94    0.1009E-02      55.4    104.6
2015 12 28   362   13  5  0     83.79    0.1049E-02      57.5    107.9
2015 12 28   362   13  6  0     83.64    0.1093E-02      59.8    111.3
2015 12 28   362   13  7  0     83.49    0.1143E-02      62.4    114.8
2015 12 28   362   13  8  0     83.35    0.1187E-02      65.2    119.2
2015 12 28   362   13  9  0     83.20    0.1219E-02      68.2    124.9
2015 12 28   362   13 10  0     83.05    0.1280E-02      71.4    128.7
2015 12 28   362   13 11  0     82.90    0.1356E-02      74.6    131.9
2015 12 28   362   13 12  0     82.76    0.1403E-02      77.5    136.9
2015 12 28   362   13 13  0     82.61    0.1429E-02      80.1    142.9
2015 12 28   362   13 14  0     82.47    0.1474E-02      82.5    147.3
2015 12 28   362   13 15  0     82.32    0.1526E-02      83.8    150.6
2015 12 28   362   13 16  0     82.18    0.1601E-02      83.9    151.3
2015 12 28   362   13 17  0     82.03    0.1626E-02      83.3    155.2
2015 12 28   362   13 18  0     81.89    0.1674E-02      82.4    157.2
2015 12 28   362   13 19  0     81.74    0.1723E-02      82.1    159.3
2015 12 28   362   13 20  0     81.60    0.1780E-02      82.1    161.5
2015 12 28   362   13 21  0     81.46    0.1843E-02      81.7    163.0
2015 12 28   362   13 22  0     81.31    0.1878E-02      80.9    166.5
2015 12 28   362   13 23  0     81.17    0.1925E-02      80.5    169.5
2015 12 28   362   13 24  0     81.03    0.1995E-02      80.8    171.7
2015 12 28   362   13 25  0     80.89    0.2070E-02      81.8    174.8
2015 12 28   362   13 26  0     80.75    0.2138E-02      83.3    177.8
2015 12 28   362   13 27  0     80.61    0.2191E-02      84.7    182.1
2015 12 28   362   13 28  0     80.47    0.2284E-02      86.3    184.2
2015 12 28   362   13 29  0     80.33    0.2360E-02      87.4    186.8
2015 12 28   362   13 30  0     80.19    0.2419E-02      87.9    190.2
2015 12 28   362   13 31  0     80.05    0.2484E-02      87.9    192.4
2015 12 28   362   13 32  0     79.91    0.2551E-02      87.5    194.9
2015 12 28   362   13 33  0     79.77    0.2627E-02      87.0    195.8
2015 12 28   362   13 34  0     79.63    0.2699E-02      87.3    198.0
2015 12 28   362   13 35  0     79.50    0.2790E-02      88.6    200.7
2015 12 28   362   13 36  0     79.36    0.2901E-02      90.3    203.1
2015 12 28   362   13 37  0     79.22    0.3006E-02      92.0    206.1
2015 12 28   362   13 38  0     79.09    0.3110E-02      94.4    210.2
2015 12 28   362   13 39  0     78.95    0.3256E-02      96.7    212.8
2015 12 28   362   13 40  0     78.82    0.3379E-02      98.4    215.0
2015 12 28   362   13 41  0     78.68    0.3475E-02      98.6    216.8
2015 12 28   362   13 42  0     78.55    0.3549E-02      97.1    217.8
2015 12 28   362   13 43  0     78.41    0.3644E-02      96.4    219.4
2015 12 28   362   13 44  0     78.28    0.3816E-02      97.0    219.2
2015 12 28   362   13 45  0     78.15    0.3957E-02      98.4    221.5
2015 12 28   362   13 46  0     78.02    0.4080E-02      99.2    224.0
2015 12 28   362   13 47  0     77.88    0.4195E-02      99.3    225.8
2015 12 28   362   13 48  0     77.75    0.4323E-02      98.8    226.4
2015 12 28   362   13 49  0     77.62    0.4435E-02      98.4    228.3
2015 12 28   362   13 50  0     77.49    0.4571E-02      97.9    228.7
2015 12 28   362   13 51  0     77.36    0.4710E-02      97.4    229.0
2015 12 28   362   13 52  0     77.23    0.4835E-02      97.6    230.7
2015 12 28   362   13 53  0     77.10    0.4987E-02      99.3    232.2
2015 12 28   362   13 54  0     76.97    0.5122E-02      97.5    233.1
2015 12 28   362   13 55  0     76.84    0.5273E-02      96.5    233.3
2015 12 28   362   13 56  0     76.72    0.5388E-02      96.7    235.8
2015 12 28   362   13 57  0     76.59    0.5551E-02      97.1    236.7
2015 12 28   362   13 58  0     76.46    0.5717E-02      97.9    238.0
2015 12 28   362   13 59  0     76.34    0.5888E-02     100.9    241.1
2015 12 28   362   14  0  0     76.21    0.6083E-02     101.3    241.7
2015 12 28   362   14  1  0     76.09    0.6259E-02     103.5    244.2
2015 12 28   362   14  2  0     75.96    0.6460E-02     107.3    247.2
2015 12 28   362   14  3  0     75.84    0.6631E-02     108.4    249.0
2015 12 28   362   14  4  0     75.71    0.6772E-02     109.1    250.8
2015 12 28   362   14  5  0     75.59    0.6901E-02     108.2    251.2
2015 12 28   362   14  6  0     75.47    0.7040E-02     104.5    249.5
2015 12 28   362   14  7  0     75.34    0.7242E-02     105.8    250.5
2015 12 28   362   14  8  0     75.22    0.7453E-02     108.2    252.2
2015 12 28   362   14  9  0     75.10    0.7650E-02     108.7    252.5
2015 12 28   362   14 10  0     74.98    0.7831E-02     108.8    254.5
2015 12 28   362   14 11  0     74.86    0.8080E-02     111.0    255.7
2015 12 28   362   14 12  0     74.74    0.8306E-02     110.9    255.9
2015 12 28   362   14 13  0     74.62    0.8387E-02     106.1    255.3
2015 12 28   362   14 14  0     74.50    0.8599E-02     107.5    255.9
2015 12 28   362   14 15  0     74.38    0.8845E-02     109.8    256.7
2015 12 28   362   14 16  0     74.27    0.8922E-02     104.4    255.1
2015 12 28   362   14 17  0     74.15    0.9110E-02     103.9    255.3
2015 12 28   362   14 18  0     74.03    0.9343E-02     105.4    256.9
2015 12 28   362   14 19  0     73.92    0.9599E-02     107.3    258.6
2015 12 28   362   14 20  0     73.80    0.9778E-02     107.1    259.4
2015 12 28   362   14 21  0     73.69    0.1005E-01     110.6    261.2
2015 12 28   362   14 22  0     73.57    0.1038E-01     114.5    261.7
2015 12 28   362   14 23  0     73.46    0.1053E-01     113.2    262.1
2015 12 28   362   14 24  0     73.34    0.1062E-01     108.4    261.4
2015 12 28   362   14 25  0     73.23    0.1080E-01     106.8    261.2
2015 12 28   362   14 26  0     73.12    0.1098E-01     107.1    262.5
2015 12 28   362   14 27  0     73.01    0.1116E-01     106.2    262.5
2015 12 28   362   14 28  0     72.90    0.1133E-01     105.5    262.6
2015 12 28   362   14 29  0     72.78    0.1178E-01     112.4    264.8
2015 12 28   362   14 30  0     72.67    0.1213E-01     115.0    266.2
2015 12 28   362   14 31  0     72.57    0.1244E-01     117.0    267.2
2015 12 28   362   14 32  0     72.46    0.1274E-01     118.6    267.8
2015 12 28   362   14 33  0     72.35    0.1291E-01     118.0    268.0
2015 12 28   362   14 34  0     72.24    0.1303E-01     116.3    267.8
2015 12 28   362   14 35  0     72.13    0.1317E-01     114.6    267.6
2015 12 28   362   14 36  0     72.03    0.1323E-01     110.6    266.6
2015 12 28   362   14 37  0     71.92    0.1334E-01     108.3    266.1
2015 12 28   362   14 38  0     71.82    0.1359E-01     109.3    266.3
2015 12 28   362   14 39  0     71.71    0.1405E-01     115.3    268.5
2015 12 28   362   14 40  0     71.61    0.1423E-01     113.2    267.8
2015 12 28   362   14 41  0     71.50    0.1442E-01     111.8    267.6
2015 12 28   362   14 42  0     71.40    0.1477E-01     113.6    268.5
2015 12 28   362   14 43  0     71.30    0.1497E-01     112.3    268.2
2015 12 28   362   14 44  0     71.20    0.1480E-01     103.9    266.0
2015 12 28   362   14 45  0     71.09    0.1492E-01     102.0    265.8
2015 12 28   362   14 46  0     70.99    0.1512E-01     101.4    265.8
2015 12 28   362   14 47  0     70.89    0.1536E-01     101.2    265.8
2015 12 28   362   14 48  0     70.79    0.1561E-01     101.8    266.4
2015 12 28   362   14 49  0     70.70    0.1580E-01     101.0    266.2
2015 12 28   362   14 50  0     70.60    0.1590E-01      99.6    266.2
2015 12 28   362   14 51  0     70.50    0.1600E-01      98.4    266.4
2015 12 28   362   14 52  0     70.40    0.1614E-01      97.5    266.3
2015 12 28   362   14 53  0     70.31    0.1632E-01      96.8    266.2
2015 12 28   362   14 54  0     70.21    0.1656E-01      96.6    266.1
2015 12 28   362   14 55  0     70.12    0.1694E-01      97.9    266.6
2015 12 28   362   14 56  0     70.02    0.1750E-01     100.1    266.6
2015 12 28   362   14 57  0     69.93    0.1804E-01     102.7    267.6
2015 12 28   362   14 58  0     69.84    0.1850E-01     103.6    267.7
2015 12 28   362   14 59  0     69.74    0.1881E-01     103.4    267.4
2015 12 28   362   15  0  0     69.65    0.1903E-01     102.8    267.5
2015 12 28   362   15  1  0     69.56    0.1933E-01     102.8    267.2
2015 12 28   362   15  2  0     69.47    0.1954E-01     102.0    267.1
2015 12 28   362   15  3  0     69.38    0.1980E-01     101.7    267.1
2015 12 28   362   15  4  0     69.29    0.2016E-01     101.9    267.0
2015 12 28   362   15  5  0     69.20    0.2077E-01     104.0    266.9
2015 12 28   362   15  6  0     69.11    0.2180E-01     110.2    267.9
2015 12 28   362   15  7  0     69.03    0.2228E-01     110.3    267.7
2015 12 28   362   15  8  0     68.94    0.2311E-01     114.9    268.4
2015 12 28   362   15  9  0     68.85    0.2326E-01     113.5    268.4
2015 12 28   362   15 10  0     68.77    0.2412E-01     119.2    269.4
2015 12 28   362   15 11  0     68.68    0.2460E-01     120.6    269.5
2015 12 28   362   15 12  0     68.60    0.2420E-01     112.0    267.2
2015 12 28   362   15 13  0     68.52    0.2391E-01     104.3    265.0
2015 12 28   362   15 14  0     68.44    0.2431E-01     103.9    264.6
2015 12 28   362   15 15  0     68.35    0.2472E-01     103.7    264.3
2015 12 28   362   15 16  0     68.27    0.2513E-01     103.6    263.9
2015 12 28   362   15 17  0     68.19    0.2590E-01     106.7    264.2
2015 12 28   362   15 18  0     68.11    0.2749E-01     118.6    266.8
2015 12 28   362   15 19  0     68.03    0.2692E-01     108.0    264.1
2015 12 28   362   15 20  0     67.96    0.2716E-01     107.5    263.9
2015 12 28   362   15 21  0     67.88    0.2795E-01     110.6    264.3
2015 12 28   362   15 22  0     67.80    0.2717E-01     100.8    261.9
2015 12 28   362   15 23  0     67.72    0.2806E-01     106.6    263.2
2015 12 28   362   15 24  0     67.65    0.2791E-01     101.5    261.8
2015 12 28   362   15 25  0     67.57    0.2742E-01      95.7    260.6
2015 12 28   362   15 26  0     67.50    0.2924E-01     109.1    263.6
2015 12 28   362   15 27  0     67.43    0.2869E-01     101.1    261.6
2015 12 28   362   15 28  0     67.35    0.2808E-01      95.1    260.5
2015 12 28   362   15 29  0     67.28    0.2856E-01      96.7    260.9
2015 12 28   362   15 30  0     67.21    0.2882E-01      97.2    260.9
2015 12 28   362   15 31  0     67.14    0.3120E-01     112.9    264.1
2015 12 28   362   15 32  0     67.07    0.3074E-01     106.3    262.5
2015 12 28   362   15 33  0     67.00    0.3170E-01     110.6    263.3
2015 12 28   362   15 34  0     66.93    0.3227E-01     111.2    263.2
2015 12 28   362   15 35  0     66.87    0.3277E-01     111.4    263.0
2015 12 28   362   15 36  0     66.80    0.3344E-01     114.2    263.7
2015 12 28   362   15 37  0     66.73    0.3390E-01     115.7    264.0
2015 12 28   362   15 38  0     66.67    0.3422E-01     115.7    264.0
2015 12 28   362   15 39  0     66.60    0.3492E-01     118.1    264.4
2015 12 28   362   15 40  0     66.54    0.3398E-01     108.1    262.1
2015 12 28   362   15 41  0     66.48    0.3513E-01     113.6    263.2
2015 12 28   362   15 42  0     66.42    0.3591E-01     116.5    263.7
2015 12 28   362   15 43  0     66.35    0.3625E-01     116.6    263.7
2015 12 28   362   15 44  0     66.29    0.3658E-01     116.2    263.4
2015 12 28   362   15 45  0     66.23    0.3690E-01     115.9    263.2
2015 12 28   362   15 46  0     66.17    0.3647E-01     110.8    262.1
2015 12 28   362   15 47  0     66.12    0.3718E-01     114.0    262.7
2015 12 28   362   15 48  0     66.06    0.3776E-01     115.2    262.7
2015 12 28   362   15 49  0     66.00    0.3800E-01     114.5    262.5
2015 12 28   362   15 50  0     65.94    0.3786E-01     111.7    262.0
2015 12 28   362   15 51  0     65.89    0.3904E-01     116.9    262.8
2015 12 28   362   15 52  0     65.83    0.3906E-01     115.2    262.5
2015 12 28   362   15 53  0     65.78    0.3795E-01     107.0    261.0
2015 12 28   362   15 54  0     65.73    0.3816E-01     106.1    260.6
2015 12 28   362   15 55  0     65.67    0.3979E-01     114.2    262.2
2015 12 28   362   15 56  0     65.62    0.4089E-01     118.0    262.6
2015 12 28   362   15 57  0     65.57    0.4129E-01     118.5    262.6
2015 12 28   362   15 58  0     65.52    0.4163E-01     118.9    262.7
2015 12 28   362   15 59  0     65.47    0.4197E-01     118.9    262.5
2015 12 28   362   16  0  0     65.42    0.4227E-01     119.1    262.6
2015 12 28   362   16  1  0     65.38    0.4267E-01     119.6    262.6
2015 12 28   362   16  2  0     65.33    0.4302E-01     119.9    262.6
2015 12 28   362   16  3  0     65.28    0.4333E-01     120.3    262.7
2015 12 28   362   16  4  0     65.24    0.4359E-01     120.1    262.5
2015 12 28   362   16  5  0     65.19    0.4376E-01     119.5    262.3
2015 12 28   362   16  6  0     65.15    0.4393E-01     119.4    262.4
2015 12 28   362   16  7  0     65.11    0.4423E-01     119.5    262.3
2015 12 28   362   16  8  0     65.07    0.4427E-01     118.4    262.1
2015 12 28   362   16  9  0     65.03    0.4446E-01     117.9    261.9
2015 12 28   362   16 10  0     64.98    0.4506E-01     119.8    262.3
2015 12 28   362   16 11  0     64.94    0.4530E-01     119.9    262.3
2015 12 28   362   16 12  0     64.91    0.4560E-01     120.4    262.3
2015 12 28   362   16 13  0     64.87    0.4467E-01     114.6    261.2
2015 12 28   362   16 14  0     64.83    0.4370E-01     109.6    260.6
2015 12 28   362   16 15  0     64.79    0.4583E-01     118.7    262.1
2015 12 28   362   16 16  0     64.76    0.4663E-01     121.3    262.4
2015 12 28   362   16 17  0     64.72    0.4634E-01     119.0    262.0
2015 12 28   362   16 18  0     64.69    0.4304E-01     103.9    259.7
2015 12 28   362   16 19  0     64.66    0.4265E-01     102.9    259.8
2015 12 28   362   16 20  0     64.62    0.4220E-01     101.1    259.6
2015 12 28   362   16 21  0     64.59    0.4222E-01     100.8    259.6
2015 12 28   362   16 22  0     64.56    0.4170E-01      97.8    259.0
2015 12 28   362   16 23  0     64.53    0.4163E-01      97.1    258.9
2015 12 28   362   16 24  0     64.50    0.4082E-01      93.3    258.3
2015 12 28   362   16 25  0     64.48    0.4045E-01      90.8    257.6
2015 12 28   362   16 26  0     64.45    0.4032E-01      89.2    257.3
2015 12 28   362   16 27  0     64.42    0.4123E-01      92.2    257.9
2015 12 28   362   16 28  0     64.40    0.4152E-01      92.3    257.7
2015 12 28   362   16 29  0     64.37    0.4266E-01      96.5    258.5
2015 12 28   362   16 30  0     64.35    0.4210E-01      92.9    257.9
2015 12 28   362   16 31  0     64.32    0.4254E-01      93.9    258.1
2015 12 28   362   16 32  0     64.30    0.4309E-01      95.2    258.3
2015 12 28   362   16 33  0     64.28    0.4365E-01      96.7    258.6
2015 12 28   362   16 34  0     64.26    0.4450E-01      99.5    259.0
2015 12 28   362   16 35  0     64.24    0.4497E-01     100.5    258.9
2015 12 28   362   16 36  0     64.22    0.4399E-01      96.0    257.6
2015 12 28   362   16 37  0     64.20    0.4306E-01      92.1    256.7
2015 12 28   362   16 38  0     64.18    0.4321E-01      92.2    256.5
2015 12 28   362   16 39  0     64.17    0.4544E-01     100.9    258.2
2015 12 28   362   16 40  0     64.15    0.4864E-01     113.9    260.7
2015 12 28   362   16 41  0     64.14    0.5215E-01     127.8    262.6
2015 12 28   362   16 42  0     64.12    0.5228E-01     127.7    262.5
2015 12 28   362   16 43  0     64.11    0.5210E-01     127.0    262.5
2015 12 28   362   16 44  0     64.10    0.4660E-01     104.5    259.4
2015 12 28   362   16 45  0     64.09    0.5082E-01     122.1    262.4
2015 12 28   362   16 46  0     64.08    0.5418E-01     135.8    264.3
2015 12 28   362   16 47  0     64.07    0.4904E-01     113.7    261.0
2015 12 28   362   16 48  0     64.06    0.5153E-01     125.4    263.3
2015 12 28   362   16 49  0     64.05    0.5565E-01     140.0    264.6
2015 12 28   362   16 50  0     64.04    0.5629E-01     140.9    264.2
2015 12 28   362   16 51  0     64.03    0.5650E-01     139.8    263.6
2015 12 28   362   16 52  0     64.03    0.5643E-01     138.0    262.9
2015 12 28   362   16 53  0     64.02    0.5584E-01     134.7    262.3
2015 12 28   362   16 54  0     64.02    0.5536E-01     132.3    261.7
2015 12 28   362   16 55  0     64.02    0.5524E-01     131.6    261.5
2015 12 28   362   16 56  0     64.02    0.5594E-01     133.8    261.7
2015 12 28   362   16 57  0     64.01    0.5689E-01     137.0    262.1
2015 12 28   362   16 58  0     64.01    0.5753E-01     139.5    262.5
2015 12 28   362   16 59  0     64.01    0.5777E-01     140.7    262.8
2015 12 28   362   17  0  0     64.01    0.5756E-01     140.1    262.7
2015 12 28   362   17  1  0     64.02    0.5154E-01     116.3    259.8
2015 12 28   362   17  2  0     64.02    0.5355E-01     126.9    261.9
2015 12 28   362   17  3  0     64.02    0.5294E-01     123.9    261.3
2015 12 28   362   17  4  0     64.03    0.5279E-01     123.6    261.1
2015 12 28   362   17  5  0     64.03    0.5558E-01     133.0    261.6
2015 12 28   362   17  6  0     64.04    0.5170E-01     118.7    259.6
2015 12 28   362   17  7  0     64.05    0.5515E-01     132.6    261.3
2015 12 28   362   17  8  0     64.05    0.5540E-01     133.6    261.2
2015 12 28   362   17  9  0     64.06    0.5537E-01     132.9    261.0
2015 12 28   362   17 10  0     64.07    0.5552E-01     132.4    260.6
2015 12 28   362   17 11  0     64.08    0.5533E-01     131.1    260.2
2015 12 28   362   17 12  0     64.09    0.5457E-01     128.1    259.6
2015 12 28   362   17 13  0     64.11    0.5416E-01     126.4    259.1
2015 12 28   362   17 14  0     64.12    0.5381E-01     125.4    258.8
2015 12 28   362   17 15  0     64.13    0.5352E-01     124.8    258.8
2015 12 28   362   17 16  0     64.15    0.5326E-01     124.4    258.7
2015 12 28   362   17 17  0     64.16    0.5303E-01     124.1    258.8
2015 12 28   362   17 18  0     64.18    0.5252E-01     122.8    258.5
2015 12 28   362   17 19  0     64.20    0.5204E-01     121.6    258.7
2015 12 28   362   17 20  0     64.21    0.5115E-01     118.8    258.1
2015 12 28   362   17 21  0     64.23    0.5060E-01     117.6    258.4
2015 12 28   362   17 22  0     64.25    0.4897E-01     113.2    258.3
2015 12 28   362   17 23  0     64.27    0.4668E-01     106.4    257.3
2015 12 28   362   17 24  0     64.29    0.4457E-01      99.6    256.0
2015 12 28   362   17 25  0     64.32    0.4111E-01      87.1    253.5
2015 12 28   362   17 26  0     64.34    0.3972E-01      82.8    252.4
2015 12 28   362   17 27  0     64.36    0.3892E-01      80.7    251.8
2015 12 28   362   17 28  0     64.39    0.3855E-01      80.1    251.7
2015 12 28   362   17 29  0     64.41    0.3858E-01      80.6    251.8
2015 12 28   362   17 30  0     64.44    0.3882E-01      82.0    252.1
2015 12 28   362   17 31  0     64.47    0.4002E-01      87.4    253.4
2015 12 28   362   17 32  0     64.49    0.4021E-01      88.3    253.4
2015 12 28   362   17 33  0     64.52    0.3944E-01      85.1    252.5
2015 12 28   362   17 34  0     64.55    0.3988E-01      87.7    253.2
2015 12 28   362   17 35  0     64.58    0.4020E-01      89.3    253.5
2015 12 28   362   17 36  0     64.61    0.3973E-01      87.8    253.0
2015 12 28   362   17 37  0     64.65    0.3913E-01      85.9    252.6
2015 12 28   362   17 38  0     64.68    0.3871E-01      84.8    252.2
2015 12 28   362   17 39  0     64.71    0.3836E-01      84.0    251.8
2015 12 28   362   17 40  0     64.75    0.3835E-01      85.0    252.3
2015 12 28   362   17 41  0     64.78    0.3798E-01      84.2    252.0
2015 12 28   362   17 42  0     64.82    0.3771E-01      84.0    252.1
2015 12 28   362   17 43  0     64.86    0.3735E-01      83.6    252.2
2015 12 28   362   17 44  0     64.89    0.3700E-01      83.9    253.7
2015 12 28   362   17 45  0     64.93    0.3615E-01      82.2    253.7
2015 12 28   362   17 46  0     64.97    0.3558E-01      81.6    253.9
2015 12 28   362   17 47  0     65.01    0.3508E-01      81.2    252.9
2015 12 28   362   17 48  0     65.05    0.3483E-01      81.9    253.5
2015 12 28   362   17 49  0     65.09    0.3462E-01      82.2    253.7
2015 12 28   362   17 50  0     65.14    0.3466E-01      83.0    253.7
2015 12 28   362   17 51  0     65.18    0.3472E-01      83.9    253.8
2015 12 28   362   17 52  0     65.22    0.3467E-01      84.1    253.5
2015 12 28   362   17 53  0     65.27    0.3466E-01      84.6    253.3
2015 12 28   362   17 54  0     65.32    0.3474E-01      85.0    253.1
2015 12 28   362   17 55  0     65.36    0.3523E-01      86.9    253.0
2015 12 28   362   17 56  0     65.41    0.3554E-01      88.4    253.1
2015 12 28   362   17 57  0     65.46    0.3545E-01      88.7    252.9
2015 12 28   362   17 58  0     65.51    0.3500E-01      87.9    252.9
2015 12 28   362   17 59  0     65.56    0.3450E-01      87.1    252.9
2015 12 28   362   18  0  0     65.61    0.3406E-01      86.3    252.7
2015 12 28   362   18  1  0     65.66    0.3375E-01      85.8    252.4
2015 12 28   362   18  2  0     65.71    0.3358E-01      85.6    252.1
2015 12 28   362   18  3  0     65.76    0.3348E-01      85.4    251.6
2015 12 28   362   18  4  0     65.82    0.3333E-01      84.9    251.1
2015 12 28   362   18  5  0     65.87    0.3322E-01      84.6    250.5
2015 12 28   362   18  6  0     65.93    0.3304E-01      84.0    250.0
2015 12 28   362   18  7  0     65.98    0.3271E-01      83.1    249.5
2015 12 28   362   18  8  0     66.04    0.3227E-01      82.0    248.9
2015 12 28   362   18  9  0     66.10    0.3178E-01      81.2    248.6
2015 12 28   362   18 10  0     66.15    0.3128E-01      80.4    248.6
2015 12 28   362   18 11  0     66.21    0.3086E-01      80.0    248.4
2015 12 28   362   18 12  0     66.27    0.3053E-01      79.8    248.5
2015 12 28   362   18 13  0     66.33    0.3028E-01      79.9    248.6
2015 12 28   362   18 14  0     66.39    0.3022E-01      80.4    248.4
2015 12 28   362   18 15  0     66.46    0.3027E-01      81.3    248.4
2015 12 28   362   18 16  0     66.52    0.3035E-01      82.2    248.2
2015 12 28   362   18 17  0     66.58    0.3049E-01      83.2    248.1
2015 12 28   362   18 18  0     66.65    0.3069E-01      84.5    247.9
2015 12 28   362   18 19  0     66.71    0.3093E-01      86.0    247.8
2015 12 28   362   18 20  0     66.78    0.3128E-01      88.1    247.9
2015 12 28   362   18 21  0     66.84    0.3175E-01      90.6    248.0
2015 12 28   362   18 22  0     66.91    0.3211E-01      92.8    247.9
2015 12 28   362   18 23  0     66.98    0.3264E-01      96.2    248.2
2015 12 28   362   18 24  0     67.05    0.3267E-01      96.8    248.0
2015 12 28   362   18 25  0     67.12    0.3291E-01      99.0    248.1
2015 12 28   362   18 26  0     67.19    0.3310E-01     101.0    248.3
2015 12 28   362   18 27  0     67.26    0.3247E-01      98.2    247.3
2015 12 28   362   18 28  0     67.33    0.3212E-01      97.8    247.0
2015 12 28   362   18 29  0     67.40    0.3167E-01      97.0    246.7
2015 12 28   362   18 30  0     67.48    0.3105E-01      95.4    246.0
2015 12 28   362   18 31  0     67.55    0.3013E-01      92.8    245.8
2015 12 28   362   18 32  0     67.62    0.2929E-01      91.0    245.6
2015 12 28   362   18 33  0     67.70    0.2862E-01      90.3    245.7
2015 12 28   362   18 34  0     67.78    0.2824E-01      91.0    246.1
2015 12 28   362   18 35  0     67.85    0.2835E-01      93.4    246.6
2015 12 28   362   18 36  0     67.93    0.2844E-01      95.0    246.7
2015 12 28   362   18 37  0     68.01    0.2865E-01      97.5    246.9
2015 12 28   362   18 38  0     68.09    0.2878E-01      99.4    247.0
2015 12 28   362   18 39  0     68.17    0.2842E-01      98.5    246.7
2015 12 28   362   18 40  0     68.25    0.2773E-01      96.2    246.2
2015 12 28   362   18 41  0     68.33    0.2690E-01      93.4    245.7
2015 12 28   362   18 42  0     68.41    0.2616E-01      91.3    245.3
2015 12 28   362   18 43  0     68.49    0.2548E-01      89.6    244.9
2015 12 28   362   18 44  0     68.57    0.2489E-01      88.8    244.9
2015 12 28   362   18 45  0     68.66    0.2443E-01      87.9    244.8
2015 12 28   362   18 46  0     68.74    0.2427E-01      88.6    244.7
2015 12 28   362   18 47  0     68.83    0.2388E-01      87.7    244.4
2015 12 28   362   18 48  0     68.91    0.2343E-01      86.6    243.9
2015 12 28   362   18 49  0     69.00    0.2301E-01      86.1    243.9
2015 12 28   362   18 50  0     69.09    0.2294E-01      86.7    243.6
2015 12 28   362   18 51  0     69.17    0.2318E-01      88.2    243.2
2015 12 28   362   18 52  0     69.26    0.2326E-01      89.4    242.9
2015 12 28   362   18 53  0     69.35    0.2324E-01      91.6    243.1
2015 12 28   362   18 54  0     69.44    0.2319E-01      94.1    243.7
2015 12 28   362   18 55  0     69.53    0.2311E-01      94.8    243.8
2015 12 28   362   18 56  0     69.62    0.2299E-01      94.6    243.4
2015 12 28   362   18 57  0     69.71    0.2288E-01      96.2    243.6
2015 12 28   362   18 58  0     69.80    0.2257E-01      96.3    243.7
2015 12 28   362   18 59  0     69.90    0.2228E-01      96.5    243.5
2015 12 28   362   19  0  0     69.99    0.2224E-01      97.8    243.1
2015 12 28   362   19  1  0     70.08    0.2202E-01      97.0    242.1
2015 12 28   362   19  2  0     70.18    0.2172E-01      95.5    241.3
2015 12 28   362   19  3  0     70.28    0.2147E-01      94.9    240.8
2015 12 28   362   19  4  0     70.37    0.2148E-01      97.5    241.0
2015 12 28   362   19  5  0     70.47    0.2126E-01      98.6    241.3
2015 12 28   362   19  6  0     70.57    0.2064E-01      96.8    241.0
2015 12 28   362   19  7  0     70.66    0.1991E-01      94.8    241.0
2015 12 28   362   19  8  0     70.76    0.1939E-01      93.8    240.9
2015 12 28   362   19  9  0     70.86    0.1896E-01      93.4    241.2
2015 12 28   362   19 10  0     70.96    0.1845E-01      92.4    240.9
2015 12 28   362   19 11  0     71.06    0.1761E-01      89.7    240.9
2015 12 28   362   19 12  0     71.16    0.1668E-01      86.3    240.4
2015 12 28   362   19 13  0     71.26    0.1628E-01      85.9    240.4
2015 12 28   362   19 14  0     71.37    0.1662E-01      89.0    240.0
2015 12 28   362   19 15  0     71.47    0.1708E-01      92.3    239.3
2015 12 28   362   19 16  0     71.57    0.1693E-01      92.3    238.5
2015 12 28   362   19 17  0     71.68    0.1613E-01      89.5    238.5
2015 12 28   362   19 18  0     71.78    0.1548E-01      87.7    238.5
2015 12 28   362   19 19  0     71.89    0.1590E-01      91.3    237.8
2015 12 28   362   19 20  0     71.99    0.1672E-01      97.0    237.4
2015 12 28   362   19 21  0     72.10    0.1696E-01      99.0    236.0
2015 12 28   362   19 22  0     72.20    0.1635E-01      96.4    235.5
2015 12 28   362   19 23  0     72.31    0.1547E-01      91.8    234.5
2015 12 28   362   19 24  0     72.42    0.1489E-01      89.0    233.6
2015 12 28   362   19 25  0     72.53    0.1473E-01      88.9    232.8
2015 12 28   362   19 26  0     72.64    0.1471E-01      89.8    232.2
2015 12 28   362   19 27  0     72.75    0.1468E-01      91.0    231.7
2015 12 28   362   19 28  0     72.86    0.1445E-01      91.2    232.7
2015 12 28   362   19 29  0     72.97    0.1387E-01      89.1    232.5
2015 12 28   362   19 30  0     73.08    0.1323E-01      86.3    230.3
2015 12 28   362   19 31  0     73.19    0.1280E-01      85.0    230.2
2015 12 28   362   19 32  0     73.31    0.1260E-01      84.8    229.5
2015 12 28   362   19 33  0     73.42    0.1229E-01      83.7    228.8
2015 12 28   362   19 34  0     73.53    0.1186E-01      81.9    228.1
2015 12 28   362   19 35  0     73.65    0.1141E-01      80.0    227.5
2015 12 28   362   19 36  0     73.76    0.1096E-01      78.3    227.0
2015 12 28   362   19 37  0     73.88    0.1051E-01      76.4    226.5
2015 12 28   362   19 38  0     73.99    0.1005E-01      74.5    226.2
2015 12 28   362   19 39  0     74.11    0.9653E-02      72.8    225.5
2015 12 28   362   19 40  0     74.23    0.9373E-02      72.1    224.9
2015 12 28   362   19 41  0     74.34    0.9267E-02      72.4    224.1
2015 12 28   362   19 42  0     74.46    0.9187E-02      73.0    223.6
2015 12 28   362   19 43  0     74.58    0.9015E-02      72.8    222.7
2015 12 28   362   19 44  0     74.70    0.8725E-02      71.7    222.3
2015 12 28   362   19 45  0     74.82    0.8374E-02      70.1    221.6
2015 12 28   362   19 46  0     74.94    0.8008E-02      68.3    220.8
2015 12 28   362   19 47  0     75.06    0.7624E-02      66.4    219.9
2015 12 28   362   19 48  0     75.18    0.7298E-02      64.7    218.7
2015 12 28   362   19 49  0     75.30    0.7054E-02      64.2    218.8
2015 12 28   362   19 50  0     75.43    0.6955E-02      64.7    218.4
2015 12 28   362   19 51  0     75.55    0.6875E-02      65.3    217.7
2015 12 28   362   19 52  0     75.67    0.6794E-02      66.2    217.9
2015 12 28   362   19 53  0     75.80    0.6743E-02      67.2    217.2
2015 12 28   362   19 54  0     75.92    0.6696E-02      68.1    216.5
2015 12 28   362   19 55  0     76.04    0.6656E-02      69.4    215.6
2015 12 28   362   19 56  0     76.17    0.6544E-02      69.5    214.2
2015 12 28   362   19 57  0     76.29    0.6174E-02      67.0    213.5
2015 12 28   362   19 58  0     76.42    0.5967E-02      66.4    213.0
2015 12 28   362   19 59  0     76.55    0.6000E-02      68.3    212.5
2015 12 28   362   20  0  0     76.68    0.6005E-02      69.9    211.8
2015 12 28   362   20  1  0     76.80    0.5889E-02      70.1    210.6
2015 12 28   362   20  2  0     76.93    0.5695E-02      69.5    210.0
2015 12 28   362   20  3  0     77.06    0.5481E-02      68.7    209.4
2015 12 28   362   20  4  0     77.19    0.5264E-02      67.6    208.5
2015 12 28   362   20  5  0     77.32    0.5062E-02      66.4    206.9
2015 12 28   362   20  6  0     77.45    0.4826E-02      64.8    205.9
2015 12 28   362   20  7  0     77.58    0.4570E-02      62.6    204.2
2015 12 28   362   20  8  0     77.71    0.4334E-02      60.8    203.0
2015 12 28   362   20  9  0     77.84    0.4178E-02      59.9    201.5
2015 12 28   362   20 10  0     77.97    0.4048E-02      59.5    200.1
2015 12 28   362   20 11  0     78.10    0.3943E-02      59.4    199.2
2015 12 28   362   20 12  0     78.24    0.3908E-02      60.4    198.5
2015 12 28   362   20 13  0     78.37    0.3907E-02      62.2    198.3
2015 12 28   362   20 14  0     78.50    0.3937E-02      64.4    197.5
2015 12 28   362   20 15  0     78.64    0.3981E-02      66.9    196.8
2015 12 28   362   20 16  0     78.77    0.3982E-02      69.3    197.2
2015 12 28   362   20 17  0     78.91    0.3953E-02      70.8    196.3
2015 12 28   362   20 18  0     79.04    0.3926E-02      72.8    195.9
2015 12 28   362   20 19  0     79.18    0.3983E-02      76.2    195.6
2015 12 28   362   20 20  0     79.32    0.4010E-02      79.0    195.0
2015 12 28   362   20 21  0     79.45    0.3991E-02      81.0    194.4
2015 12 28   362   20 22  0     79.59    0.3954E-02      82.7    193.2
2015 12 28   362   20 23  0     79.73    0.3892E-02      84.2    192.4
2015 12 28   362   20 24  0     79.86    0.3835E-02      86.2    193.0
2015 12 28   362   20 25  0     80.00    0.3785E-02      88.4    191.9
2015 12 28   362   20 26  0     80.14    0.3725E-02      90.3    191.6
2015 12 28   362   20 27  0     80.28    0.3671E-02      91.5    189.4
2015 12 28   362   20 28  0     80.42    0.3565E-02      92.1    188.7
2015 12 28   362   20 29  0     80.56    0.3487E-02      92.2    185.9
2015 12 28   362   20 30  0     80.70    0.3360E-02      92.1    185.7
2015 12 28   362   20 31  0     80.84    0.3248E-02      91.3    183.3
2015 12 28   362   20 32  0     80.98    0.3080E-02      89.6    182.8
2015 12 28   362   20 33  0     81.13    0.2968E-02      88.2    179.9
2015 12 28   362   20 34  0     81.27    0.2866E-02      87.5    177.6
2015 12 28   362   20 35  0     81.41    0.2784E-02      86.8    174.2
2015 12 28   362   20 36  0     81.55    0.2684E-02      85.9    172.4
2015 12 28   362   20 37  0     81.70    0.2575E-02      84.8    171.1
2015 12 28   362   20 38  0     81.84    0.2487E-02      83.1    168.3
2015 12 28   362   20 39  0     81.98    0.2405E-02      81.4    164.9
2015 12 28   362   20 40  0     82.13    0.2323E-02      79.5    161.4
2015 12 28   362   20 41  0     82.27    0.2232E-02      78.1    158.7
2015 12 28   362   20 42  0     82.42    0.2172E-02      77.9    155.1
2015 12 28   362   20 43  0     82.56    0.2110E-02      79.3    154.7
2015 12 28   362   20 44  0     82.71    0.2101E-02      82.0    153.2
2015 12 28   362   20 45  0     82.86    0.2091E-02      85.1    152.8
2015 12 28   362   20 46  0     83.00    0.2091E-02      87.6    150.6
2015 12 28   362   20 47  0     83.15    0.2054E-02      88.4    148.6
2015 12 28   362   20 48  0     83.30    0.1995E-02      88.0    146.5
2015 12 28   362   20 49  0     83.44    0.1925E-02      86.7    143.5
2015 12 28   362   20 50  0     83.59    0.1836E-02      84.5    140.5
2015 12 28   362   20 51  0     83.74    0.1737E-02      82.0    137.9
2015 12 28   362   20 52  0     83.89    0.1662E-02      79.5    133.6
2015 12 28   362   20 53  0     84.04    0.1613E-02      77.8    128.4
2015 12 28   362   20 54  0     84.19    0.1543E-02      77.1    126.7
2015 12 28   362   20 55  0     84.34    0.1503E-02      76.7    123.3
2015 12 28   362   20 56  0     84.49    0.1429E-02      75.7    121.8
2015 12 28   362   20 57  0     84.64    0.1371E-02      73.5    117.5
2015 12 28   362   20 58  0     84.79    0.1324E-02      72.8    115.0
2015 12 28   362   20 59  0     84.94    0.1283E-02      73.8    114.1
2015 12 28   362   21  0  0     85.09    0.1290E-02      75.9    111.4
2015 12 28   362   21  1  0     85.25    0.1288E-02      78.7    110.1
2015 12 28   362   21  2  0     85.40    0.1292E-02      82.3    109.1
2015 12 28   362   21  3  0     85.55    0.1285E-02      86.2    108.7
2015 12 28   362   21  4  0     85.70    0.1264E-02      89.2    108.3
2015 12 28   362   21  5  0     85.86    0.1262E-02      92.1    106.3
2015 12 28   362   21  6  0     86.01    0.1248E-02      94.8    104.7
2015 12 28   362   21  7  0     86.17    0.1209E-02      97.3    105.4
2015 12 28   362   21  8  0     86.32    0.1213E-02      99.9    103.1
2015 12 28   362   21  9  0     86.47    0.1197E-02     101.3    101.3
2015 12 28   362   21 10  0     86.63    0.1181E-02     100.7     97.4
2015 12 28   362   21 11  0     86.78    0.1100E-02      97.6     96.1
2015 12 28   362   21 12  0     86.94    0.1067E-02      94.1     90.7
2015 12 28   362   21 13  0     87.10    0.1030E-02      92.3     87.9
2015 12 28   362   21 14  0     87.25    0.1023E-02      92.7     85.1
2015 12 28   362   21 15  0     87.41    0.9894E-03      93.8     84.4
2015 12 28   362   21 16  0     87.57    0.9974E-03      94.6     80.1
2015 12 28   362   21 17  0     87.72    0.9648E-03      95.8     79.1
2015 12 28   362   21 18  0     87.88    0.9510E-03      98.3     77.4
2015 12 28   362   21 19  0     88.04    0.9406E-03     100.5     75.4
2015 12 28   362   21 20  0     88.20    0.9335E-03     102.0     73.6
2015 12 28   362   21 21  0     88.36    0.9229E-03     103.6     71.9
2015 12 28   362   21 22  0     88.51    0.8988E-03     104.6     70.5
2015 12 28   362   21 23  0     88.67    0.8814E-03     105.2     68.0
2015 12 28   362   21 24  0     88.83    0.8430E-03     106.4     67.2
2015 12 28   362   21 25  0     88.99    0.8232E-03     108.9     65.3
2015 12 28   362   21 26  0     89.15    0.8477E-03     112.6     62.5
2015 12 28   362   21 27  0     89.31    0.8385E-03     118.1     62.7
2015 12 28   362   21 28  0     89.47    0.8295E-03     120.9     61.3
2015 12 28   362   21 29  0     89.63    0.8213E-03     123.1     58.7
2015 12 28   362   21 30  0     89.79    0.8001E-03     125.9     57.1
2015 12 28   362   21 31  0     89.96    0.7974E-03     131.1     54.6
