                            NILUUV 115

Uvpro Version 2.0
Latitude :   40.74 (North)
Longitude:  -74.03  (West)
Calibration file: cf100603a.115
Height above sea level:    40.0  m
CLT derived from channel 4
CLT scale factor used:   1.0
Ozone derived from channel pair ch3/ch1
Ozone scale factor used:   1.0
Drift factors ch1-ch6:   0.499  0.523  0.591  0.646  0.499  0.871
Ozone profile climatology: Mid  Latitude
Dose type:    CLW    Caldwell Plant 1971           

yyyy mm dd   jul   hh mm ss      SZA     dose rate       clt     Ozone
                              [degrees]   [W/m^2]        [%]     [DU]
2015  1 10    10   12 26  0     89.89    0.3672E-03     123.4    109.0
2015  1 10    10   12 27  0     89.73    0.3835E-03     123.1    110.1
2015  1 10    10   12 28  0     89.56    0.3996E-03     123.0    110.5
2015  1 10    10   12 29  0     89.40    0.4094E-03     123.7    113.8
2015  1 10    10   12 30  0     89.23    0.4209E-03     124.4    115.0
2015  1 10    10   12 31  0     89.07    0.4127E-03     125.2    124.8
2015  1 10    10   12 32  0     88.91    0.4199E-03     125.7    127.6
2015  1 10    10   12 33  0     88.74    0.4379E-03     125.6    128.1
2015  1 10    10   12 34  0     88.58    0.4398E-03     125.7    135.2
2015  1 10    10   12 35  0     88.42    0.4564E-03     126.0    140.9
2015  1 10    10   12 36  0     88.26    0.4832E-03     126.2    134.8
2015  1 10    10   12 37  0     88.10    0.5023E-03     126.7    133.0
2015  1 10    10   12 38  0     87.93    0.5269E-03     126.8    126.7
2015  1 10    10   12 39  0     87.77    0.5294E-03     126.6    139.0
2015  1 10    10   12 40  0     87.61    0.5453E-03     126.4    141.2
2015  1 10    10   12 41  0     87.45    0.5571E-03     126.7    145.5
2015  1 10    10   12 42  0     87.29    0.5664E-03     127.3    152.2
2015  1 10    10   12 43  0     87.13    0.5909E-03     127.7    149.9
2015  1 10    10   12 44  0     86.97    0.6021E-03     128.1    151.9
2015  1 10    10   12 45  0     86.81    0.6110E-03     128.0    162.5
2015  1 10    10   12 46  0     86.65    0.6299E-03     128.2    165.6
2015  1 10    10   12 47  0     86.50    0.6575E-03     128.2    164.1
2015  1 10    10   12 48  0     86.34    0.6763E-03     128.4    166.7
2015  1 10    10   12 49  0     86.18    0.6817E-03     128.8    175.1
2015  1 10    10   12 50  0     86.02    0.7021E-03     128.9    176.0
2015  1 10    10   12 51  0     85.86    0.7102E-03     128.8    184.4
2015  1 10    10   12 52  0     85.71    0.7504E-03     128.9    180.1
2015  1 10    10   12 53  0     85.55    0.7618E-03     128.8    187.3
2015  1 10    10   12 54  0     85.39    0.7934E-03     129.0    186.5
2015  1 10    10   12 55  0     85.24    0.8344E-03     129.3    182.8
2015  1 10    10   12 56  0     85.08    0.8644E-03     129.6    183.3
2015  1 10    10   12 57  0     84.93    0.8913E-03     129.3    185.0
2015  1 10    10   12 58  0     84.77    0.9119E-03     129.0    189.7
2015  1 10    10   12 59  0     84.62    0.9367E-03     128.8    193.6
2015  1 10    10   13  0  0     84.46    0.9766E-03     128.7    193.0
2015  1 10    10   13  1  0     84.31    0.1012E-02     128.6    193.7
2015  1 10    10   13  2  0     84.15    0.9975E-03     128.4    208.4
2015  1 10    10   13  3  0     84.00    0.1042E-02     128.4    206.1
2015  1 10    10   13  4  0     83.85    0.1090E-02     128.5    205.3
2015  1 10    10   13  5  0     83.69    0.1123E-02     128.8    208.6
2015  1 10    10   13  6  0     83.54    0.1162E-02     128.8    210.5
2015  1 10    10   13  7  0     83.39    0.1209E-02     128.9    210.4
2015  1 10    10   13  8  0     83.24    0.1231E-02     129.1    216.3
2015  1 10    10   13  9  0     83.08    0.1303E-02     129.2    211.0
2015  1 10    10   13 10  0     82.93    0.1333E-02     129.3    215.4
2015  1 10    10   13 11  0     82.78    0.1377E-02     129.1    217.7
2015  1 10    10   13 12  0     82.63    0.1416E-02     129.1    221.1
2015  1 10    10   13 13  0     82.48    0.1462E-02     129.2    223.5
2015  1 10    10   13 14  0     82.33    0.1517E-02     129.1    223.9
2015  1 10    10   13 15  0     82.18    0.1568E-02     129.1    225.2
2015  1 10    10   13 16  0     82.03    0.1624E-02     129.2    226.1
2015  1 10    10   13 17  0     81.89    0.1660E-02     129.1    231.1
2015  1 10    10   13 18  0     81.74    0.1709E-02     128.8    233.7
2015  1 10    10   13 19  0     81.59    0.1752E-02     128.7    238.0
2015  1 10    10   13 20  0     81.44    0.1831E-02     128.5    235.8
2015  1 10    10   13 21  0     81.29    0.1876E-02     128.7    240.5
2015  1 10    10   13 22  0     81.15    0.1941E-02     129.0    241.9
2015  1 10    10   13 23  0     81.00    0.2020E-02     128.9    240.7
2015  1 10    10   13 24  0     80.86    0.2076E-02     128.9    244.1
2015  1 10    10   13 25  0     80.71    0.2137E-02     128.7    246.7
2015  1 10    10   13 26  0     80.56    0.2214E-02     128.4    246.9
2015  1 10    10   13 27  0     80.42    0.2275E-02     128.4    250.1
2015  1 10    10   13 28  0     80.27    0.2376E-02     128.3    247.5
2015  1 10    10   13 29  0     80.13    0.2424E-02     128.1    252.2
2015  1 10    10   13 30  0     79.99    0.2515E-02     128.0    251.6
2015  1 10    10   13 31  0     79.84    0.2599E-02     127.8    252.5
2015  1 10    10   13 32  0     79.70    0.2679E-02     127.5    253.9
2015  1 10    10   13 33  0     79.56    0.2752E-02     127.4    256.7
2015  1 10    10   13 34  0     79.42    0.2832E-02     127.4    258.7
2015  1 10    10   13 35  0     79.27    0.2941E-02     127.4    257.7
2015  1 10    10   13 36  0     79.13    0.3025E-02     127.5    259.8
2015  1 10    10   13 37  0     78.99    0.3123E-02     127.4    260.4
2015  1 10    10   13 38  0     78.85    0.3222E-02     127.3    261.5
2015  1 10    10   13 39  0     78.71    0.3334E-02     127.5    261.6
2015  1 10    10   13 40  0     78.57    0.3407E-02     127.6    265.6
2015  1 10    10   13 41  0     78.43    0.3528E-02     127.7    265.1
2015  1 10    10   13 42  0     78.29    0.3620E-02     127.7    267.3
2015  1 10    10   13 43  0     78.16    0.3711E-02     127.7    269.9
2015  1 10    10   13 44  0     78.02    0.3846E-02     127.8    268.8
2015  1 10    10   13 45  0     77.88    0.3963E-02     127.8    269.4
2015  1 10    10   13 46  0     77.74    0.4054E-02     127.7    272.2
2015  1 10    10   13 47  0     77.61    0.4183E-02     127.6    271.8
2015  1 10    10   13 48  0     77.47    0.4307E-02     127.5    272.4
2015  1 10    10   13 49  0     77.34    0.4429E-02     127.7    273.5
2015  1 10    10   13 50  0     77.20    0.4539E-02     127.8    275.5
2015  1 10    10   13 51  0     77.07    0.4681E-02     128.0    275.5
2015  1 10    10   13 52  0     76.93    0.4779E-02     127.7    278.0
2015  1 10    10   13 53  0     76.80    0.4902E-02     127.6    279.0
2015  1 10    10   13 54  0     76.66    0.5038E-02     127.6    279.6
2015  1 10    10   13 55  0     76.53    0.5153E-02     127.3    281.0
2015  1 10    10   13 56  0     76.40    0.5276E-02     127.2    282.2
2015  1 10    10   13 57  0     76.27    0.5414E-02     127.3    282.8
2015  1 10    10   13 58  0     76.13    0.5564E-02     127.2    282.5
2015  1 10    10   13 59  0     76.00    0.5678E-02     127.1    284.3
2015  1 10    10   14  0  0     75.87    0.5812E-02     127.2    285.6
2015  1 10    10   14  1  0     75.74    0.5966E-02     127.4    286.4
2015  1 10    10   14  2  0     75.61    0.6125E-02     127.5    286.7
2015  1 10    10   14  3  0     75.48    0.6287E-02     127.6    286.8
2015  1 10    10   14  4  0     75.36    0.6429E-02     127.6    287.9
2015  1 10    10   14  5  0     75.23    0.6580E-02     127.5    288.4
2015  1 10    10   14  6  0     75.10    0.6727E-02     127.5    289.2
2015  1 10    10   14  7  0     74.97    0.6880E-02     127.6    291.0
2015  1 10    10   14  8  0     74.84    0.7022E-02     127.5    292.3
2015  1 10    10   14  9  0     74.72    0.7177E-02     127.5    292.9
2015  1 10    10   14 10  0     74.59    0.7366E-02     127.7    292.2
2015  1 10    10   14 11  0     74.47    0.7523E-02     127.6    293.4
2015  1 10    10   14 12  0     74.34    0.7716E-02     127.7    293.2
2015  1 10    10   14 13  0     74.22    0.7867E-02     127.6    294.2
2015  1 10    10   14 14  0     74.09    0.8028E-02     127.4    295.1
2015  1 10    10   14 15  0     73.97    0.8190E-02     127.0    296.1
2015  1 10    10   14 16  0     73.85    0.8352E-02     127.0    296.9
2015  1 10    10   14 17  0     73.73    0.8532E-02     126.7    296.8
2015  1 10    10   14 18  0     73.60    0.8704E-02     126.4    297.2
2015  1 10    10   14 19  0     73.48    0.8879E-02     126.5    298.2
2015  1 10    10   14 20  0     73.36    0.9097E-02     127.0    298.5
2015  1 10    10   14 21  0     73.24    0.9303E-02     127.1    298.7
2015  1 10    10   14 22  0     73.12    0.9494E-02     127.1    299.0
2015  1 10    10   14 23  0     73.00    0.9693E-02     127.0    299.1
2015  1 10    10   14 24  0     72.89    0.9900E-02     127.2    299.7
2015  1 10    10   14 25  0     72.77    0.1011E-01     127.5    300.3
2015  1 10    10   14 26  0     72.65    0.1033E-01     127.2    299.8
2015  1 10    10   14 27  0     72.53    0.1052E-01     127.1    300.2
2015  1 10    10   14 28  0     72.42    0.1072E-01     127.0    300.5
2015  1 10    10   14 29  0     72.30    0.1092E-01     126.9    301.1
2015  1 10    10   14 30  0     72.19    0.1115E-01     127.2    301.1
2015  1 10    10   14 31  0     72.07    0.1136E-01     127.4    301.7
2015  1 10    10   14 32  0     71.96    0.1159E-01     127.5    301.9
2015  1 10    10   14 33  0     71.84    0.1180E-01     127.9    303.0
2015  1 10    10   14 34  0     71.73    0.1203E-01     128.0    303.1
2015  1 10    10   14 35  0     71.62    0.1224E-01     127.7    303.5
2015  1 10    10   14 36  0     71.51    0.1244E-01     127.4    303.7
2015  1 10    10   14 37  0     71.39    0.1265E-01     127.0    303.9
2015  1 10    10   14 38  0     71.28    0.1291E-01     127.1    303.7
2015  1 10    10   14 39  0     71.17    0.1315E-01     127.5    304.4
2015  1 10    10   14 40  0     71.06    0.1337E-01     127.3    304.6
2015  1 10    10   14 41  0     70.95    0.1362E-01     127.4    304.5
2015  1 10    10   14 42  0     70.85    0.1383E-01     127.5    305.5
2015  1 10    10   14 43  0     70.74    0.1414E-01     127.9    305.0
2015  1 10    10   14 44  0     70.63    0.1440E-01     128.1    305.4
2015  1 10    10   14 45  0     70.52    0.1464E-01     127.8    305.1
2015  1 10    10   14 46  0     70.42    0.1484E-01     127.6    306.0
2015  1 10    10   14 47  0     70.31    0.1508E-01     127.7    306.2
2015  1 10    10   14 48  0     70.21    0.1536E-01     127.9    306.2
2015  1 10    10   14 49  0     70.10    0.1561E-01     127.8    306.5
2015  1 10    10   14 50  0     70.00    0.1585E-01     127.5    306.4
2015  1 10    10   14 51  0     69.90    0.1611E-01     127.4    306.4
2015  1 10    10   14 52  0     69.80    0.1636E-01     127.3    306.8
2015  1 10    10   14 53  0     69.69    0.1661E-01     127.2    306.8
2015  1 10    10   14 54  0     69.59    0.1685E-01     127.0    307.0
2015  1 10    10   14 55  0     69.49    0.1712E-01     127.1    307.1
2015  1 10    10   14 56  0     69.39    0.1740E-01     126.9    306.8
2015  1 10    10   14 57  0     69.29    0.1762E-01     126.5    307.2
2015  1 10    10   14 58  0     69.19    0.1790E-01     126.7    307.3
2015  1 10    10   14 59  0     69.10    0.1817E-01     127.0    307.4
2015  1 10    10   15  0  0     69.00    0.1845E-01     127.0    307.5
2015  1 10    10   15  1  0     68.90    0.1873E-01     127.1    307.5
2015  1 10    10   15  2  0     68.81    0.1899E-01     126.8    307.5
2015  1 10    10   15  3  0     68.71    0.1921E-01     126.4    307.8
2015  1 10    10   15  4  0     68.62    0.1954E-01     126.8    307.7
2015  1 10    10   15  5  0     68.52    0.1986E-01     126.9    307.4
2015  1 10    10   15  6  0     68.43    0.2012E-01     126.9    307.8
2015  1 10    10   15  7  0     68.34    0.2046E-01     127.2    307.6
2015  1 10    10   15  8  0     68.24    0.2075E-01     127.2    307.6
2015  1 10    10   15  9  0     68.15    0.2102E-01     127.2    307.7
2015  1 10    10   15 10  0     68.06    0.2130E-01     127.2    307.9
2015  1 10    10   15 11  0     67.97    0.2165E-01     127.5    307.8
2015  1 10    10   15 12  0     67.88    0.2197E-01     127.7    307.6
2015  1 10    10   15 13  0     67.79    0.2224E-01     127.7    308.0
2015  1 10    10   15 14  0     67.70    0.2254E-01     127.8    308.1
2015  1 10    10   15 15  0     67.62    0.2282E-01     127.8    308.1
2015  1 10    10   15 16  0     67.53    0.2309E-01     127.6    308.1
2015  1 10    10   15 17  0     67.44    0.2338E-01     127.6    308.2
2015  1 10    10   15 18  0     67.36    0.2365E-01     127.4    308.2
2015  1 10    10   15 19  0     67.27    0.2394E-01     127.4    308.1
2015  1 10    10   15 20  0     67.19    0.2428E-01     127.9    308.3
2015  1 10    10   15 21  0     67.11    0.2459E-01     128.0    308.2
2015  1 10    10   15 22  0     67.02    0.2492E-01     128.0    308.1
2015  1 10    10   15 23  0     66.94    0.2512E-01     127.3    308.2
2015  1 10    10   15 24  0     66.86    0.2539E-01     127.3    308.3
2015  1 10    10   15 25  0     66.78    0.2570E-01     127.4    308.5
2015  1 10    10   15 26  0     66.70    0.2604E-01     127.7    308.4
2015  1 10    10   15 27  0     66.62    0.2633E-01     127.6    308.4
2015  1 10    10   15 28  0     66.54    0.2671E-01     128.0    308.3
2015  1 10    10   15 29  0     66.46    0.2698E-01     127.9    308.4
2015  1 10    10   15 30  0     66.39    0.2725E-01     127.9    308.4
2015  1 10    10   15 31  0     66.31    0.2753E-01     127.8    308.4
2015  1 10    10   15 32  0     66.24    0.2785E-01     127.7    308.3
2015  1 10    10   15 33  0     66.16    0.2810E-01     127.4    308.2
2015  1 10    10   15 34  0     66.09    0.2841E-01     127.6    308.3
2015  1 10    10   15 35  0     66.01    0.2867E-01     127.6    308.4
2015  1 10    10   15 36  0     65.94    0.2896E-01     127.5    308.4
2015  1 10    10   15 37  0     65.87    0.2918E-01     127.2    308.4
2015  1 10    10   15 38  0     65.80    0.2949E-01     127.6    308.7
2015  1 10    10   15 39  0     65.73    0.2982E-01     127.9    308.7
2015  1 10    10   15 40  0     65.66    0.3005E-01     127.6    308.6
2015  1 10    10   15 41  0     65.59    0.3035E-01     127.7    308.6
2015  1 10    10   15 42  0     65.52    0.3058E-01     127.7    308.7
2015  1 10    10   15 43  0     65.45    0.3083E-01     127.8    309.0
2015  1 10    10   15 44  0     65.39    0.3110E-01     127.9    309.1
2015  1 10    10   15 45  0     65.32    0.3141E-01     128.2    309.2
2015  1 10    10   15 46  0     65.26    0.3169E-01     128.5    309.4
2015  1 10    10   15 47  0     65.19    0.3193E-01     128.5    309.4
2015  1 10    10   15 48  0     65.13    0.3218E-01     128.5    309.3
2015  1 10    10   15 49  0     65.06    0.3244E-01     128.7    309.5
2015  1 10    10   15 50  0     65.00    0.3267E-01     128.7    309.7
2015  1 10    10   15 51  0     64.94    0.3292E-01     128.7    309.6
2015  1 10    10   15 52  0     64.88    0.3309E-01     128.4    309.9
2015  1 10    10   15 53  0     64.82    0.3333E-01     128.3    309.9
2015  1 10    10   15 54  0     64.76    0.3354E-01     128.2    310.0
2015  1 10    10   15 55  0     64.70    0.3380E-01     128.5    310.2
2015  1 10    10   15 56  0     64.65    0.3403E-01     128.2    310.0
2015  1 10    10   15 57  0     64.59    0.3425E-01     128.0    310.0
2015  1 10    10   15 58  0     64.53    0.3454E-01     128.5    310.2
2015  1 10    10   15 59  0     64.48    0.3479E-01     128.5    310.2
2015  1 10    10   16  0  0     64.42    0.3514E-01     128.8    310.0
2015  1 10    10   16  1  0     64.37    0.3543E-01     128.9    309.9
2015  1 10    10   16  2  0     64.32    0.3566E-01     128.8    309.8
2015  1 10    10   16  3  0     64.27    0.3590E-01     128.8    309.8
2015  1 10    10   16  4  0     64.22    0.3617E-01     128.8    309.8
2015  1 10    10   16  5  0     64.17    0.3644E-01     129.0    309.7
2015  1 10    10   16  6  0     64.12    0.3666E-01     129.0    309.8
2015  1 10    10   16  7  0     64.07    0.3700E-01     129.6    309.8
2015  1 10    10   16  8  0     64.02    0.3734E-01     129.9    309.6
2015  1 10    10   16  9  0     63.97    0.3754E-01     129.9    309.7
2015  1 10    10   16 10  0     63.93    0.3776E-01     129.9    309.6
2015  1 10    10   16 11  0     63.88    0.3794E-01     129.9    309.9
2015  1 10    10   16 12  0     63.84    0.3820E-01     130.0    309.8
2015  1 10    10   16 13  0     63.79    0.3849E-01     130.3    309.7
2015  1 10    10   16 14  0     63.75    0.3866E-01     130.3    309.9
2015  1 10    10   16 15  0     63.71    0.3888E-01     130.3    309.8
2015  1 10    10   16 16  0     63.67    0.3906E-01     130.3    309.9
2015  1 10    10   16 17  0     63.62    0.3920E-01     130.2    310.0
2015  1 10    10   16 18  0     63.59    0.3932E-01     129.8    309.9
2015  1 10    10   16 19  0     63.55    0.3949E-01     130.0    310.1
2015  1 10    10   16 20  0     63.51    0.3971E-01     130.2    310.1
2015  1 10    10   16 21  0     63.47    0.3985E-01     130.0    310.1
2015  1 10    10   16 22  0     63.44    0.3999E-01     130.0    310.2
2015  1 10    10   16 23  0     63.40    0.4020E-01     130.2    310.3
2015  1 10    10   16 24  0     63.36    0.4040E-01     130.2    310.2
2015  1 10    10   16 25  0     63.33    0.4051E-01     130.0    310.2
2015  1 10    10   16 26  0     63.30    0.4060E-01     129.7    310.3
2015  1 10    10   16 27  0     63.27    0.4066E-01     129.3    310.2
2015  1 10    10   16 28  0     63.23    0.4091E-01     129.8    310.3
2015  1 10    10   16 29  0     63.20    0.4113E-01     129.9    310.1
2015  1 10    10   16 30  0     63.17    0.4123E-01     129.5    310.0
2015  1 10    10   16 31  0     63.14    0.4130E-01     129.2    309.9
2015  1 10    10   16 32  0     63.12    0.4150E-01     129.4    310.0
2015  1 10    10   16 33  0     63.09    0.4175E-01     129.7    309.9
2015  1 10    10   16 34  0     63.06    0.4187E-01     129.6    309.7
2015  1 10    10   16 35  0     63.04    0.4203E-01     129.8    309.8
2015  1 10    10   16 36  0     63.01    0.4211E-01     129.5    309.7
2015  1 10    10   16 37  0     62.99    0.4212E-01     129.1    309.7
2015  1 10    10   16 38  0     62.97    0.4232E-01     129.3    309.6
2015  1 10    10   16 39  0     62.94    0.4248E-01     129.4    309.5
2015  1 10    10   16 40  0     62.92    0.4253E-01     129.3    309.7
2015  1 10    10   16 41  0     62.90    0.4271E-01     129.5    309.5
2015  1 10    10   16 42  0     62.88    0.4272E-01     129.2    309.6
2015  1 10    10   16 43  0     62.86    0.4278E-01     129.1    309.5
2015  1 10    10   16 44  0     62.85    0.4288E-01     129.0    309.5
2015  1 10    10   16 45  0     62.83    0.4296E-01     128.9    309.4
2015  1 10    10   16 46  0     62.81    0.4308E-01     129.1    309.4
2015  1 10    10   16 47  0     62.80    0.4322E-01     129.4    309.5
2015  1 10    10   16 48  0     62.78    0.4326E-01     129.4    309.6
2015  1 10    10   16 49  0     62.77    0.4324E-01     129.1    309.6
2015  1 10    10   16 50  0     62.76    0.4333E-01     129.1    309.5
2015  1 10    10   16 51  0     62.75    0.4353E-01     129.8    309.7
2015  1 10    10   16 52  0     62.73    0.4361E-01     129.9    309.7
2015  1 10    10   16 53  0     62.72    0.4367E-01     130.1    309.8
2015  1 10    10   16 54  0     62.72    0.4366E-01     129.9    309.9
2015  1 10    10   16 55  0     62.71    0.4367E-01     129.9    310.1
2015  1 10    10   16 56  0     62.70    0.4364E-01     129.8    310.2
2015  1 10    10   16 57  0     62.69    0.4359E-01     129.6    310.2
2015  1 10    10   16 58  0     62.69    0.4361E-01     129.7    310.4
2015  1 10    10   16 59  0     62.68    0.4355E-01     129.6    310.5
2015  1 10    10   17  0  0     62.68    0.4353E-01     129.4    310.5
2015  1 10    10   17  1  0     62.67    0.4352E-01     129.3    310.5
2015  1 10    10   17  2  0     62.67    0.4356E-01     129.3    310.3
2015  1 10    10   17  3  0     62.67    0.4363E-01     129.5    310.4
2015  1 10    10   17  4  0     62.67    0.4364E-01     129.6    310.4
2015  1 10    10   17  5  0     62.67    0.4355E-01     129.4    310.5
2015  1 10    10   17  6  0     62.67    0.4363E-01     129.5    310.4
2015  1 10    10   17  7  0     62.67    0.4368E-01     129.7    310.4
2015  1 10    10   17  8  0     62.68    0.4374E-01     129.8    310.2
2015  1 10    10   17  9  0     62.68    0.4371E-01     129.8    310.2
2015  1 10    10   17 10  0     62.68    0.4370E-01     129.8    310.3
2015  1 10    10   17 11  0     62.69    0.4369E-01     129.7    310.0
2015  1 10    10   17 12  0     62.70    0.4367E-01     129.6    310.0
2015  1 10    10   17 13  0     62.70    0.4365E-01     129.6    310.0
2015  1 10    10   17 14  0     62.71    0.4370E-01     129.9    309.9
2015  1 10    10   17 15  0     62.72    0.4363E-01     129.9    310.0
2015  1 10    10   17 16  0     62.73    0.4354E-01     129.8    310.0
2015  1 10    10   17 17  0     62.74    0.4349E-01     129.7    309.9
2015  1 10    10   17 18  0     62.75    0.4350E-01     129.9    309.8
2015  1 10    10   17 19  0     62.76    0.4342E-01     129.9    309.9
2015  1 10    10   17 20  0     62.78    0.4335E-01     129.8    309.8
2015  1 10    10   17 21  0     62.79    0.4322E-01     129.5    309.7
2015  1 10    10   17 22  0     62.81    0.4316E-01     129.6    309.7
2015  1 10    10   17 23  0     62.82    0.4313E-01     129.9    309.8
2015  1 10    10   17 24  0     62.84    0.4302E-01     129.5    309.6
2015  1 10    10   17 25  0     62.86    0.4298E-01     129.9    309.7
2015  1 10    10   17 26  0     62.87    0.4292E-01     130.0    309.7
2015  1 10    10   17 27  0     62.89    0.4275E-01     129.8    309.8
2015  1 10    10   17 28  0     62.91    0.4258E-01     129.6    309.9
2015  1 10    10   17 29  0     62.93    0.4238E-01     129.3    309.9
2015  1 10    10   17 30  0     62.96    0.4222E-01     129.4    310.0
2015  1 10    10   17 31  0     62.98    0.4217E-01     129.7    310.0
2015  1 10    10   17 32  0     63.00    0.4200E-01     129.5    310.1
2015  1 10    10   17 33  0     63.03    0.4187E-01     129.6    310.2
2015  1 10    10   17 34  0     63.05    0.4171E-01     129.5    310.2
2015  1 10    10   17 35  0     63.08    0.4154E-01     129.5    310.3
2015  1 10    10   17 36  0     63.10    0.4134E-01     129.5    310.4
2015  1 10    10   17 37  0     63.13    0.4118E-01     129.6    310.7
2015  1 10    10   17 38  0     63.16    0.4097E-01     129.3    310.8
2015  1 10    10   17 39  0     63.19    0.4084E-01     129.4    310.8
2015  1 10    10   17 40  0     63.22    0.4071E-01     129.6    310.9
2015  1 10    10   17 41  0     63.25    0.4063E-01     130.0    311.0
2015  1 10    10   17 42  0     63.28    0.4047E-01     130.0    311.0
2015  1 10    10   17 43  0     63.31    0.4028E-01     130.0    311.1
2015  1 10    10   17 44  0     63.35    0.4009E-01     129.9    311.1
2015  1 10    10   17 45  0     63.38    0.3990E-01     129.9    311.2
2015  1 10    10   17 46  0     63.42    0.3974E-01     130.0    311.2
2015  1 10    10   17 47  0     63.45    0.3956E-01     129.8    311.2
2015  1 10    10   17 48  0     63.49    0.3933E-01     129.7    311.2
2015  1 10    10   17 49  0     63.53    0.3911E-01     129.6    311.4
2015  1 10    10   17 50  0     63.57    0.3890E-01     129.5    311.3
2015  1 10    10   17 51  0     63.61    0.3873E-01     129.5    311.2
2015  1 10    10   17 52  0     63.65    0.3857E-01     129.6    311.1
2015  1 10    10   17 53  0     63.69    0.3829E-01     129.2    311.0
2015  1 10    10   17 54  0     63.73    0.3805E-01     129.1    311.2
2015  1 10    10   17 55  0     63.77    0.3788E-01     129.2    311.0
2015  1 10    10   17 56  0     63.82    0.3769E-01     129.2    311.0
2015  1 10    10   17 57  0     63.86    0.3751E-01     129.2    310.8
2015  1 10    10   17 58  0     63.90    0.3731E-01     129.4    311.0
2015  1 10    10   17 59  0     63.95    0.3717E-01     129.6    312.1
2015  1 10    10   18  0  0     64.00    0.3696E-01     129.6    312.0
2015  1 10    10   18  1  0     64.04    0.3679E-01     129.5    310.6
2015  1 10    10   18  2  0     64.09    0.3660E-01     129.5    310.5
2015  1 10    10   18  3  0     64.14    0.3637E-01     129.5    310.6
2015  1 10    10   18  4  0     64.19    0.3627E-01     130.0    310.4
2015  1 10    10   18  5  0     64.24    0.3607E-01     129.9    310.3
2015  1 10    10   18  6  0     64.29    0.3573E-01     129.6    310.4
2015  1 10    10   18  7  0     64.35    0.3549E-01     129.5    310.4
2015  1 10    10   18  8  0     64.40    0.3534E-01     129.8    310.2
2015  1 10    10   18  9  0     64.45    0.3516E-01     129.8    310.1
2015  1 10    10   18 10  0     64.51    0.3487E-01     129.9    310.3
2015  1 10    10   18 11  0     64.56    0.3465E-01     129.9    310.2
2015  1 10    10   18 12  0     64.62    0.3437E-01     129.7    310.1
2015  1 10    10   18 13  0     64.68    0.3404E-01     129.4    310.1
2015  1 10    10   18 14  0     64.73    0.3378E-01     129.4    310.1
2015  1 10    10   18 15  0     64.79    0.3348E-01     129.1    310.1
2015  1 10    10   18 16  0     64.85    0.3323E-01     129.3    310.3
2015  1 10    10   18 17  0     64.91    0.3294E-01     129.3    310.4
2015  1 10    10   18 18  0     64.97    0.3268E-01     129.3    311.6
2015  1 10    10   18 19  0     65.03    0.3239E-01     129.1    310.2
2015  1 10    10   18 20  0     65.10    0.3214E-01     129.3    310.4
2015  1 10    10   18 21  0     65.16    0.3187E-01     129.3    310.5
2015  1 10    10   18 22  0     65.22    0.3164E-01     129.6    310.6
2015  1 10    10   18 23  0     65.29    0.3136E-01     129.5    310.5
2015  1 10    10   18 24  0     65.35    0.3104E-01     129.4    310.7
2015  1 10    10   18 25  0     65.42    0.3074E-01     129.4    310.8
2015  1 10    10   18 26  0     65.49    0.3043E-01     129.3    310.9
2015  1 10    10   18 27  0     65.56    0.3018E-01     129.4    311.1
2015  1 10    10   18 28  0     65.62    0.2989E-01     129.2    310.8
2015  1 10    10   18 29  0     65.69    0.2954E-01     128.9    310.9
2015  1 10    10   18 30  0     65.76    0.2925E-01     128.8    310.9
2015  1 10    10   18 31  0     65.83    0.2894E-01     128.7    311.0
2015  1 10    10   18 32  0     65.91    0.2862E-01     128.5    312.3
2015  1 10    10   18 33  0     65.98    0.2830E-01     128.2    312.1
2015  1 10    10   18 34  0     66.05    0.2798E-01     128.0    311.0
2015  1 10    10   18 35  0     66.13    0.2768E-01     128.1    311.1
2015  1 10    10   18 36  0     66.20    0.2738E-01     127.7    310.9
2015  1 10    10   18 37  0     66.28    0.2702E-01     127.4    311.0
2015  1 10    10   18 38  0     66.35    0.2677E-01     127.3    310.6
2015  1 10    10   18 39  0     66.43    0.2648E-01     127.5    310.9
2015  1 10    10   18 40  0     66.50    0.2624E-01     127.6    310.6
2015  1 10    10   18 41  0     66.58    0.2592E-01     127.6    310.7
2015  1 10    10   18 42  0     66.66    0.2570E-01     127.9    310.5
2015  1 10    10   18 43  0     66.74    0.2541E-01     127.7    310.4
2015  1 10    10   18 44  0     66.82    0.2513E-01     128.1    310.6
2015  1 10    10   18 45  0     66.90    0.2493E-01     128.5    310.2
2015  1 10    10   18 46  0     66.98    0.2464E-01     128.5    311.6
2015  1 10    10   18 47  0     67.07    0.2432E-01     128.2    310.3
2015  1 10    10   18 48  0     67.15    0.2403E-01     128.0    310.0
2015  1 10    10   18 49  0     67.23    0.2379E-01     128.2    310.0
2015  1 10    10   18 50  0     67.32    0.2352E-01     128.2    310.0
2015  1 10    10   18 51  0     67.40    0.2321E-01     127.8    309.9
2015  1 10    10   18 52  0     67.49    0.2295E-01     127.9    309.8
2015  1 10    10   18 53  0     67.57    0.2271E-01     127.9    309.4
2015  1 10    10   18 54  0     67.66    0.2248E-01     128.1    309.3
2015  1 10    10   18 55  0     67.75    0.2218E-01     127.9    309.2
2015  1 10    10   18 56  0     67.84    0.2190E-01     127.7    308.8
2015  1 10    10   18 57  0     67.93    0.2159E-01     127.5    308.9
2015  1 10    10   18 58  0     68.02    0.2134E-01     127.5    308.5
2015  1 10    10   18 59  0     68.11    0.2106E-01     127.5    308.5
2015  1 10    10   19  0  0     68.20    0.2081E-01     127.5    308.3
2015  1 10    10   19  1  0     68.29    0.2052E-01     127.4    308.2
2015  1 10    10   19  2  0     68.38    0.2030E-01     127.5    307.7
2015  1 10    10   19  3  0     68.48    0.2001E-01     127.6    307.8
2015  1 10    10   19  4  0     68.57    0.1972E-01     127.4    307.8
2015  1 10    10   19  5  0     68.66    0.1952E-01     127.7    307.5
2015  1 10    10   19  6  0     68.76    0.1928E-01     127.9    307.3
2015  1 10    10   19  7  0     68.85    0.1902E-01     127.9    306.9
2015  1 10    10   19  8  0     68.95    0.1874E-01     127.9    307.2
2015  1 10    10   19  9  0     69.05    0.1853E-01     127.9    306.3
2015  1 10    10   19 10  0     69.15    0.1823E-01     127.8    306.6
2015  1 10    10   19 11  0     69.24    0.1801E-01     128.1    306.3
2015  1 10    10   19 12  0     69.34    0.1776E-01     128.1    306.1
2015  1 10    10   19 13  0     69.44    0.1752E-01     127.9    305.8
2015  1 10    10   19 14  0     69.54    0.1726E-01     127.8    305.6
2015  1 10    10   19 15  0     69.64    0.1704E-01     127.9    305.2
2015  1 10    10   19 16  0     69.75    0.1679E-01     127.7    304.9
2015  1 10    10   19 17  0     69.85    0.1653E-01     127.6    304.8
2015  1 10    10   19 18  0     69.95    0.1631E-01     127.6    304.3
2015  1 10    10   19 19  0     70.05    0.1613E-01     127.6    303.4
2015  1 10    10   19 20  0     70.16    0.1593E-01     128.1    303.2
2015  1 10    10   19 21  0     70.26    0.1570E-01     128.2    303.2
2015  1 10    10   19 22  0     70.37    0.1548E-01     128.1    302.5
2015  1 10    10   19 23  0     70.47    0.1525E-01     127.7    301.8
2015  1 10    10   19 24  0     70.58    0.1501E-01     127.5    301.4
2015  1 10    10   19 25  0     70.69    0.1471E-01     127.3    301.8
2015  1 10    10   19 26  0     70.79    0.1452E-01     127.1    300.6
2015  1 10    10   19 27  0     70.90    0.1429E-01     126.9    300.1
2015  1 10    10   19 28  0     71.01    0.1405E-01     126.9    300.2
2015  1 10    10   19 29  0     71.12    0.1386E-01     126.9    299.4
2015  1 10    10   19 30  0     71.23    0.1366E-01     127.1    298.8
2015  1 10    10   19 31  0     71.34    0.1341E-01     126.9    298.8
2015  1 10    10   19 32  0     71.45    0.1322E-01     127.2    298.5
2015  1 10    10   19 33  0     71.56    0.1302E-01     127.1    297.9
2015  1 10    10   19 34  0     71.68    0.1283E-01     126.9    296.9
2015  1 10    10   19 35  0     71.79    0.1260E-01     126.9    296.9
2015  1 10    10   19 36  0     71.90    0.1240E-01     127.2    296.5
2015  1 10    10   19 37  0     72.02    0.1222E-01     127.6    295.3
2015  1 10    10   19 38  0     72.13    0.1201E-01     127.7    295.0
2015  1 10    10   19 39  0     72.24    0.1180E-01     127.6    294.6
2015  1 10    10   19 40  0     72.36    0.1165E-01     127.6    293.1
2015  1 10    10   19 41  0     72.48    0.1146E-01     127.9    292.7
2015  1 10    10   19 42  0     72.59    0.1125E-01     127.7    292.2
2015  1 10    10   19 43  0     72.71    0.1105E-01     127.9    293.1
2015  1 10    10   19 44  0     72.83    0.1085E-01     127.8    292.5
2015  1 10    10   19 45  0     72.95    0.1066E-01     127.6    291.8
2015  1 10    10   19 46  0     73.07    0.1045E-01     127.4    290.4
2015  1 10    10   19 47  0     73.18    0.1025E-01     127.2    289.7
2015  1 10    10   19 48  0     73.30    0.1007E-01     127.3    289.1
2015  1 10    10   19 49  0     73.43    0.9896E-02     127.2    288.0
2015  1 10    10   19 50  0     73.55    0.9681E-02     126.7    287.6
2015  1 10    10   19 51  0     73.67    0.9489E-02     126.7    287.1
2015  1 10    10   19 52  0     73.79    0.9335E-02     127.2    286.5
2015  1 10    10   19 53  0     73.91    0.9149E-02     127.3    286.1
2015  1 10    10   19 54  0     74.04    0.8965E-02     127.1    285.0
2015  1 10    10   19 55  0     74.16    0.8768E-02     127.0    285.1
2015  1 10    10   19 56  0     74.28    0.8594E-02     127.0    284.6
2015  1 10    10   19 57  0     74.41    0.8439E-02     127.1    283.6
2015  1 10    10   19 58  0     74.53    0.8282E-02     127.2    282.4
2015  1 10    10   19 59  0     74.66    0.8122E-02     127.3    281.2
2015  1 10    10   20  0  0     74.78    0.7954E-02     127.2    280.4
2015  1 10    10   20  1  0     74.91    0.7764E-02     127.3    280.4
2015  1 10    10   20  2  0     75.04    0.7604E-02     127.1    279.2
2015  1 10    10   20  3  0     75.16    0.7422E-02     127.1    279.2
2015  1 10    10   20  4  0     75.29    0.7268E-02     127.3    278.5
2015  1 10    10   20  5  0     75.42    0.7115E-02     127.5    277.8
2015  1 10    10   20  6  0     75.55    0.6974E-02     127.8    276.8
2015  1 10    10   20  7  0     75.68    0.6805E-02     127.8    276.5
2015  1 10    10   20  8  0     75.81    0.6650E-02     127.7    275.3
2015  1 10    10   20  9  0     75.94    0.6507E-02     127.7    274.0
2015  1 10    10   20 10  0     76.07    0.6346E-02     127.7    272.9
2015  1 10    10   20 11  0     76.20    0.6196E-02     127.8    272.1
2015  1 10    10   20 12  0     76.33    0.6041E-02     127.8    271.6
2015  1 10    10   20 13  0     76.47    0.5908E-02     127.4    269.5
2015  1 10    10   20 14  0     76.60    0.5749E-02     127.2    269.0
2015  1 10    10   20 15  0     76.73    0.5599E-02     127.1    268.2
2015  1 10    10   20 16  0     76.87    0.5461E-02     127.2    267.4
2015  1 10    10   20 17  0     77.00    0.5337E-02     127.2    265.5
2015  1 10    10   20 18  0     77.13    0.5191E-02     127.2    265.1
2015  1 10    10   20 19  0     77.27    0.5047E-02     127.1    264.7
2015  1 10    10   20 20  0     77.41    0.4942E-02     127.4    262.7
2015  1 10    10   20 21  0     77.54    0.4825E-02     127.6    260.9
2015  1 10    10   20 22  0     77.68    0.4672E-02     127.8    261.7
2015  1 10    10   20 23  0     77.81    0.4574E-02     128.0    259.4
2015  1 10    10   20 24  0     77.95    0.4446E-02     128.2    259.0
2015  1 10    10   20 25  0     78.09    0.4329E-02     128.3    257.4
2015  1 10    10   20 26  0     78.23    0.4202E-02     128.1    256.3
2015  1 10    10   20 27  0     78.37    0.4063E-02     127.9    256.6
2015  1 10    10   20 28  0     78.51    0.3969E-02     127.8    253.8
2015  1 10    10   20 29  0     78.64    0.3855E-02     127.8    252.7
2015  1 10    10   20 30  0     78.78    0.3717E-02     127.7    253.8
2015  1 10    10   20 31  0     78.92    0.3637E-02     127.7    249.6
2015  1 10    10   20 32  0     79.06    0.3522E-02     127.8    249.2
2015  1 10    10   20 33  0     79.21    0.3436E-02     127.9    246.9
2015  1 10    10   20 34  0     79.35    0.3343E-02     128.1    245.3
2015  1 10    10   20 35  0     79.49    0.3235E-02     128.0    244.6
2015  1 10    10   20 36  0     79.63    0.3158E-02     128.4    242.1
2015  1 10    10   20 37  0     79.77    0.3058E-02     128.7    241.7
2015  1 10    10   20 38  0     79.92    0.2994E-02     128.9    237.5
2015  1 10    10   20 39  0     80.06    0.2881E-02     128.8    237.8
2015  1 10    10   20 40  0     80.21    0.2805E-02     128.8    235.6
2015  1 10    10   20 41  0     80.35    0.2706E-02     128.8    235.4
2015  1 10    10   20 42  0     80.49    0.2644E-02     128.9    231.4
2015  1 10    10   20 43  0     80.64    0.2552E-02     128.9    230.9
2015  1 10    10   20 44  0     80.78    0.2463E-02     129.0    230.2
2015  1 10    10   20 45  0     80.93    0.2382E-02     128.8    228.6
2015  1 10    10   20 46  0     81.08    0.2322E-02     128.8    224.7
2015  1 10    10   20 47  0     81.22    0.2248E-02     128.7    223.2
2015  1 10    10   20 48  0     81.37    0.2155E-02     128.5    223.9
2015  1 10    10   20 49  0     81.52    0.2118E-02     128.4    217.7
2015  1 10    10   20 50  0     81.67    0.2028E-02     128.4    218.8
2015  1 10    10   20 51  0     81.81    0.1963E-02     128.5    216.6
2015  1 10    10   20 52  0     81.96    0.1886E-02     128.7    216.7
2015  1 10    10   20 53  0     82.11    0.1845E-02     128.9    212.4
2015  1 10    10   20 54  0     82.26    0.1786E-02     129.1    210.8
2015  1 10    10   20 55  0     82.41    0.1734E-02     129.0    208.4
2015  1 10    10   20 56  0     82.56    0.1655E-02     129.0    209.6
2015  1 10    10   20 57  0     82.71    0.1624E-02     129.0    203.9
2015  1 10    10   20 58  0     82.86    0.1568E-02     129.1    202.2
2015  1 10    10   20 59  0     83.01    0.1510E-02     129.4    201.5
2015  1 10    10   21  0  0     83.16    0.1487E-02     129.4    195.9
2015  1 10    10   21  1  0     83.31    0.1438E-02     129.4    194.3
2015  1 10    10   21  2  0     83.47    0.1382E-02     129.4    194.2
2015  1 10    10   21  3  0     83.62    0.1362E-02     129.3    187.4
2015  1 10    10   21  4  0     83.77    0.1302E-02     129.0    187.3
2015  1 10    10   21  5  0     83.92    0.1268E-02     128.7    183.1
2015  1 10    10   21  6  0     84.08    0.1226E-02     128.5    180.9
2015  1 10    10   21  7  0     84.23    0.1171E-02     128.4    182.2
2015  1 10    10   21  8  0     84.39    0.1131E-02     128.2    180.3
2015  1 10    10   21  9  0     84.54    0.1103E-02     128.2    176.4
2015  1 10    10   21 10  0     84.69    0.1070E-02     128.4    173.5
2015  1 10    10   21 11  0     84.85    0.1071E-02     129.0    163.5
2015  1 10    10   21 12  0     85.00    0.1036E-02     129.4    161.3
2015  1 10    10   21 13  0     85.16    0.1011E-02     129.2    158.0
2015  1 10    10   21 14  0     85.32    0.9720E-03     129.1    157.7
2015  1 10    10   21 15  0     85.47    0.9406E-03     129.1    156.0
2015  1 10    10   21 16  0     85.63    0.9332E-03     128.9    148.0
2015  1 10    10   21 17  0     85.79    0.8905E-03     128.8    148.4
2015  1 10    10   21 18  0     85.94    0.8637E-03     128.9    145.2
2015  1 10    10   21 19  0     86.10    0.8501E-03     128.9    140.0
2015  1 10    10   21 20  0     86.26    0.7892E-03     128.9    148.9
2015  1 10    10   21 21  0     86.42    0.7891E-03     128.9    139.7
2015  1 10    10   21 22  0     86.58    0.7571E-03     128.9    139.8
2015  1 10    10   21 23  0     86.74    0.7479E-03     129.0    133.7
2015  1 10    10   21 24  0     86.90    0.7301E-03     129.1    129.7
2015  1 10    10   21 25  0     87.05    0.7279E-03     128.9    122.0
2015  1 10    10   21 26  0     87.21    0.7228E-03     128.9    117.8
2015  1 10    10   21 27  0     87.37    0.7139E-03     128.8    114.6
2015  1 10    10   21 28  0     87.53    0.6746E-03     128.7    116.6
2015  1 10    10   21 29  0     87.70    0.6493E-03     128.6    115.9
2015  1 10    10   21 30  0     87.86    0.6265E-03     128.8    114.8
2015  1 10    10   21 31  0     88.02    0.6227E-03     129.1    109.6
2015  1 10    10   21 32  0     88.18    0.5956E-03     128.8    111.5
2015  1 10    10   21 33  0     88.34    0.5997E-03     128.4    105.4
2015  1 10    10   21 34  0     88.50    0.5702E-03     128.1    106.9
2015  1 10    10   21 35  0     88.67    0.5652E-03     128.0    102.0
2015  1 10    10   21 36  0     88.83    0.5442E-03     128.0    101.0
2015  1 10    10   21 37  0     88.99    0.5285E-03     128.3     98.1
2015  1 10    10   21 38  0     89.15    0.5169E-03     127.8     97.0
2015  1 10    10   21 39  0     89.32    0.4992E-03     127.1     97.2
2015  1 10    10   21 40  0     89.48    0.4858E-03     126.7     95.5
2015  1 10    10   21 41  0     89.65    0.4826E-03     126.5     89.3
2015  1 10    10   21 42  0     89.81    0.4580E-03     126.8     89.7
2015  1 10    10   21 43  0     89.97    0.4267E-03     127.4     92.0
