                            NILUUV 115

Uvpro Version 2.0
Latitude :   40.74 (North)
Longitude:  -74.03  (West)
Calibration file: cf100603a.115
Height above sea level:    40.0  m
CLT derived from channel 4
CLT scale factor used:   1.0
Ozone derived from channel pair ch3/ch1
Ozone scale factor used:   1.0
Drift factors ch1-ch6:   0.495  0.519  0.587  0.643  0.495  0.870
Ozone profile climatology: Mid  Latitude
Dose type:    CLW    Caldwell Plant 1971           

yyyy mm dd   jul   hh mm ss      SZA     dose rate       clt     Ozone
                              [degrees]   [W/m^2]        [%]     [DU]
2015  2  4    35   12  9  0     89.93    0.4093E-03      85.7     48.6
2015  2  4    35   12 10  0     89.76    0.4150E-03      83.9     50.9
2015  2  4    35   12 11  0     89.58    0.4221E-03      82.9     53.0
2015  2  4    35   12 12  0     89.41    0.4222E-03      83.1     56.6
2015  2  4    35   12 13  0     89.23    0.4224E-03      85.0     61.4
2015  2  4    35   12 14  0     89.06    0.4516E-03      88.6     62.7
2015  2  4    35   12 15  0     88.88    0.4413E-03      91.9     72.0
2015  2  4    35   12 16  0     88.71    0.4763E-03      94.5     73.3
2015  2  4    35   12 17  0     88.53    0.4968E-03      96.2     75.8
2015  2  4    35   12 18  0     88.36    0.5087E-03      97.0     78.7
2015  2  4    35   12 19  0     88.18    0.4974E-03      96.9     84.5
2015  2  4    35   12 20  0     88.01    0.5249E-03      95.6     82.1
2015  2  4    35   12 21  0     87.83    0.5287E-03      94.4     85.3
2015  2  4    35   12 22  0     87.66    0.5274E-03      93.7     89.7
2015  2  4    35   12 23  0     87.49    0.5185E-03      93.2     95.1
2015  2  4    35   12 24  0     87.31    0.5242E-03      92.0     97.0
2015  2  4    35   12 25  0     87.14    0.5480E-03      91.2     95.8
2015  2  4    35   12 26  0     86.97    0.5641E-03      90.4     96.7
2015  2  4    35   12 27  0     86.80    0.5825E-03      90.0     98.8
2015  2  4    35   12 28  0     86.62    0.5734E-03      90.3    105.5
2015  2  4    35   12 29  0     86.45    0.6179E-03      90.9    103.9
2015  2  4    35   12 30  0     86.28    0.6047E-03      91.7    110.7
2015  2  4    35   12 31  0     86.11    0.6019E-03      91.3    114.9
2015  2  4    35   12 32  0     85.94    0.6054E-03      89.6    117.1
2015  2  4    35   12 33  0     85.77    0.6266E-03      87.6    116.9
2015  2  4    35   12 34  0     85.60    0.6231E-03      86.4    121.8
2015  2  4    35   12 35  0     85.43    0.6342E-03      86.1    125.8
2015  2  4    35   12 36  0     85.26    0.6759E-03      86.2    123.9
2015  2  4    35   12 37  0     85.09    0.6638E-03      86.2    132.1
2015  2  4    35   12 38  0     84.92    0.6756E-03      86.2    136.4
2015  2  4    35   12 39  0     84.75    0.6919E-03      87.0    142.0
2015  2  4    35   12 40  0     84.58    0.7323E-03      87.7    142.8
2015  2  4    35   12 41  0     84.41    0.7474E-03      87.8    147.6
2015  2  4    35   12 42  0     84.24    0.7741E-03      86.9    147.5
2015  2  4    35   12 43  0     84.07    0.7647E-03      85.4    153.9
2015  2  4    35   12 44  0     83.90    0.7864E-03      84.1    154.6
2015  2  4    35   12 45  0     83.74    0.8019E-03      83.4    158.6
2015  2  4    35   12 46  0     83.57    0.8382E-03      83.3    159.8
2015  2  4    35   12 47  0     83.40    0.8567E-03      82.9    163.5
2015  2  4    35   12 48  0     83.23    0.8677E-03      81.5    167.1
2015  2  4    35   12 49  0     83.07    0.8855E-03      79.2    167.5
2015  2  4    35   12 50  0     82.90    0.8867E-03      76.6    170.2
2015  2  4    35   12 51  0     82.73    0.9015E-03      74.2    170.6
2015  2  4    35   12 52  0     82.57    0.9050E-03      72.3    173.4
2015  2  4    35   12 53  0     82.40    0.9100E-03      70.5    175.7
2015  2  4    35   12 54  0     82.24    0.9124E-03      68.9    178.7
2015  2  4    35   12 55  0     82.07    0.9221E-03      67.7    181.5
2015  2  4    35   12 56  0     81.91    0.9669E-03      68.2    182.9
2015  2  4    35   12 57  0     81.74    0.1015E-02      70.7    189.0
2015  2  4    35   12 58  0     81.58    0.1088E-02      74.6    194.7
2015  2  4    35   12 59  0     81.41    0.1150E-02      78.6    202.7
2015  2  4    35   13  0  0     81.25    0.1231E-02      83.0    207.8
2015  2  4    35   13  1  0     81.09    0.1315E-02      87.3    213.2
2015  2  4    35   13  2  0     80.92    0.1399E-02      91.4    220.2
2015  2  4    35   13  3  0     80.76    0.1515E-02      95.6    223.4
2015  2  4    35   13  4  0     80.60    0.1616E-02      99.3    228.0
2015  2  4    35   13  5  0     80.44    0.1725E-02     102.4    230.4
2015  2  4    35   13  6  0     80.27    0.1822E-02     105.1    232.4
2015  2  4    35   13  7  0     80.11    0.1863E-02     106.7    239.9
2015  2  4    35   13  8  0     79.95    0.1945E-02     106.5    238.7
2015  2  4    35   13  9  0     79.79    0.2016E-02     105.6    239.0
2015  2  4    35   13 10  0     79.63    0.2067E-02     104.7    242.3
2015  2  4    35   13 11  0     79.47    0.2113E-02     104.1    246.0
2015  2  4    35   13 12  0     79.31    0.2165E-02     104.3    250.0
2015  2  4    35   13 13  0     79.15    0.2229E-02     103.9    250.8
2015  2  4    35   13 14  0     78.99    0.2247E-02     102.3    254.2
2015  2  4    35   13 15  0     78.83    0.2268E-02      99.6    254.8
2015  2  4    35   13 16  0     78.67    0.2277E-02      97.1    257.2
2015  2  4    35   13 17  0     78.51    0.2301E-02      94.9    259.5
2015  2  4    35   13 18  0     78.36    0.2334E-02      92.9    260.4
2015  2  4    35   13 19  0     78.20    0.2325E-02      90.3    263.7
2015  2  4    35   13 20  0     78.04    0.2336E-02      86.7    261.7
2015  2  4    35   13 21  0     77.88    0.2345E-02      82.8    259.6
2015  2  4    35   13 22  0     77.73    0.2325E-02      79.4    261.5
2015  2  4    35   13 23  0     77.57    0.2324E-02      77.0    264.2
2015  2  4    35   13 24  0     77.41    0.2366E-02      75.9    266.0
2015  2  4    35   13 25  0     77.26    0.2426E-02      75.3    266.9
2015  2  4    35   13 26  0     77.10    0.2458E-02      74.2    268.8
2015  2  4    35   13 27  0     76.95    0.2482E-02      72.4    269.5
2015  2  4    35   13 28  0     76.79    0.2527E-02      71.3    271.2
2015  2  4    35   13 29  0     76.64    0.2613E-02      71.3    272.7
2015  2  4    35   13 30  0     76.49    0.2711E-02      71.7    274.4
2015  2  4    35   13 31  0     76.33    0.2819E-02      72.1    274.9
2015  2  4    35   13 32  0     76.18    0.2915E-02      72.6    276.5
2015  2  4    35   13 33  0     76.03    0.3014E-02      73.1    278.1
2015  2  4    35   13 34  0     75.87    0.3085E-02      73.4    282.2
2015  2  4    35   13 35  0     75.72    0.3147E-02      73.1    284.5
2015  2  4    35   13 36  0     75.57    0.3204E-02      72.3    284.8
2015  2  4    35   13 37  0     75.42    0.3252E-02      71.2    285.4
2015  2  4    35   13 38  0     75.27    0.3270E-02      69.6    286.7
2015  2  4    35   13 39  0     75.12    0.3298E-02      68.2    287.2
2015  2  4    35   13 40  0     74.97    0.3354E-02      67.6    290.0
2015  2  4    35   13 41  0     74.82    0.3439E-02      67.7    292.2
2015  2  4    35   13 42  0     74.67    0.3540E-02      67.3    290.3
2015  2  4    35   13 43  0     74.52    0.3572E-02      66.3    292.6
2015  2  4    35   13 44  0     74.37    0.3606E-02      65.0    292.7
2015  2  4    35   13 45  0     74.23    0.3614E-02      63.7    295.1
2015  2  4    35   13 46  0     74.08    0.3717E-02      63.8    295.9
2015  2  4    35   13 47  0     73.93    0.3844E-02      64.6    298.7
2015  2  4    35   13 48  0     73.78    0.3975E-02      65.3    300.7
2015  2  4    35   13 49  0     73.64    0.4050E-02      65.0    302.2
2015  2  4    35   13 50  0     73.49    0.4180E-02      65.5    303.1
2015  2  4    35   13 51  0     73.35    0.4425E-02      67.6    304.1
2015  2  4    35   13 52  0     73.20    0.4726E-02      70.1    304.1
2015  2  4    35   13 53  0     73.06    0.5024E-02      72.9    305.5
2015  2  4    35   13 54  0     72.91    0.5324E-02      75.4    306.7
2015  2  4    35   13 55  0     72.77    0.5601E-02      77.9    309.2
2015  2  4    35   13 56  0     72.62    0.5880E-02      79.8    309.7
2015  2  4    35   13 57  0     72.48    0.6086E-02      80.4    310.1
2015  2  4    35   13 58  0     72.34    0.6213E-02      80.5    311.8
2015  2  4    35   13 59  0     72.20    0.6417E-02      81.1    312.3
2015  2  4    35   14  0  0     72.06    0.6683E-02      82.5    313.2
2015  2  4    35   14  1  0     71.91    0.6961E-02      83.8    314.4
2015  2  4    35   14  2  0     71.77    0.7270E-02      85.8    315.2
2015  2  4    35   14  3  0     71.63    0.7617E-02      88.3    316.5
2015  2  4    35   14  4  0     71.49    0.7996E-02      91.7    318.9
2015  2  4    35   14  5  0     71.35    0.8362E-02      93.9    319.2
2015  2  4    35   14  6  0     71.22    0.8714E-02      95.4    319.4
2015  2  4    35   14  7  0     71.08    0.9082E-02      96.5    319.2
2015  2  4    35   14  8  0     70.94    0.9406E-02      97.4    318.9
2015  2  4    35   14  9  0     70.80    0.9561E-02      97.2    319.8
2015  2  4    35   14 10  0     70.66    0.9648E-02      95.9    320.1
2015  2  4    35   14 11  0     70.53    0.9813E-02      95.2    320.1
2015  2  4    35   14 12  0     70.39    0.1003E-01      95.6    320.7
2015  2  4    35   14 13  0     70.25    0.1015E-01      95.5    321.4
2015  2  4    35   14 14  0     70.12    0.1011E-01      93.8    322.6
2015  2  4    35   14 15  0     69.98    0.1001E-01      90.9    322.5
2015  2  4    35   14 16  0     69.85    0.9944E-02      88.3    322.9
2015  2  4    35   14 17  0     69.72    0.1006E-01      87.4    323.1
2015  2  4    35   14 18  0     69.58    0.1024E-01      87.0    323.0
2015  2  4    35   14 19  0     69.45    0.1041E-01      86.4    323.4
2015  2  4    35   14 20  0     69.32    0.1058E-01      86.0    323.8
2015  2  4    35   14 21  0     69.19    0.1075E-01      85.5    323.9
2015  2  4    35   14 22  0     69.06    0.1083E-01      84.4    323.9
2015  2  4    35   14 23  0     68.93    0.1088E-01      83.2    324.5
2015  2  4    35   14 24  0     68.80    0.1097E-01      82.2    325.0
2015  2  4    35   14 25  0     68.67    0.1121E-01      82.5    325.3
2015  2  4    35   14 26  0     68.54    0.1164E-01      84.3    326.1
2015  2  4    35   14 27  0     68.41    0.1212E-01      86.3    326.5
2015  2  4    35   14 28  0     68.28    0.1258E-01      88.1    326.9
2015  2  4    35   14 29  0     68.15    0.1303E-01      89.6    327.2
2015  2  4    35   14 30  0     68.03    0.1341E-01      90.5    327.9
2015  2  4    35   14 31  0     67.90    0.1373E-01      90.2    327.3
2015  2  4    35   14 32  0     67.77    0.1397E-01      89.6    327.4
2015  2  4    35   14 33  0     67.65    0.1426E-01      89.8    327.4
2015  2  4    35   14 34  0     67.52    0.1470E-01      91.8    328.3
2015  2  4    35   14 35  0     67.40    0.1525E-01      94.7    329.3
2015  2  4    35   14 36  0     67.28    0.1580E-01      96.7    329.4
2015  2  4    35   14 37  0     67.15    0.1629E-01      98.5    330.2
2015  2  4    35   14 38  0     67.03    0.1683E-01     100.6    330.8
2015  2  4    35   14 39  0     66.91    0.1733E-01     101.8    332.1
2015  2  4    35   14 40  0     66.79    0.1745E-01      99.8    330.4
2015  2  4    35   14 41  0     66.67    0.1732E-01      95.9    329.5
2015  2  4    35   14 42  0     66.55    0.1739E-01      93.8    329.1
2015  2  4    35   14 43  0     66.43    0.1798E-01      95.3    328.6
2015  2  4    35   14 44  0     66.31    0.1871E-01      98.9    329.5
2015  2  4    35   14 45  0     66.19    0.1916E-01     101.3    330.9
2015  2  4    35   14 46  0     66.07    0.1908E-01      99.9    331.5
2015  2  4    35   14 47  0     65.96    0.1867E-01      95.4    332.4
2015  2  4    35   14 48  0     65.84    0.1845E-01      92.6    332.3
2015  2  4    35   14 49  0     65.72    0.1850E-01      91.8    331.5
2015  2  4    35   14 50  0     65.61    0.1858E-01      91.1    331.9
2015  2  4    35   14 51  0     65.49    0.1864E-01      89.8    332.0
2015  2  4    35   14 52  0     65.38    0.1868E-01      87.6    331.0
2015  2  4    35   14 53  0     65.27    0.1884E-01      86.0    330.0
2015  2  4    35   14 54  0     65.15    0.1926E-01      86.4    329.9
2015  2  4    35   14 55  0     65.04    0.2001E-01      89.3    330.4
2015  2  4    35   14 56  0     64.93    0.2052E-01      91.4    332.9
2015  2  4    35   14 57  0     64.82    0.2049E-01      90.4    333.2
2015  2  4    35   14 58  0     64.71    0.2028E-01      88.4    333.8
2015  2  4    35   14 59  0     64.60    0.2010E-01      86.3    332.8
2015  2  4    35   15  0  0     64.49    0.1985E-01      84.2    333.1
2015  2  4    35   15  1  0     64.38    0.1985E-01      83.1    333.3
2015  2  4    35   15  2  0     64.27    0.2020E-01      83.0    333.2
2015  2  4    35   15  3  0     64.16    0.2060E-01      83.2    332.7
2015  2  4    35   15  4  0     64.06    0.2071E-01      82.3    332.5
2015  2  4    35   15  5  0     63.95    0.2055E-01      80.4    333.4
2015  2  4    35   15  6  0     63.85    0.2055E-01      79.3    333.3
2015  2  4    35   15  7  0     63.74    0.2098E-01      80.2    333.4
2015  2  4    35   15  8  0     63.64    0.2133E-01      81.1    333.0
2015  2  4    35   15  9  0     63.53    0.2127E-01      80.2    333.5
2015  2  4    35   15 10  0     63.43    0.2092E-01      77.6    333.4
2015  2  4    35   15 11  0     63.33    0.2083E-01      76.0    333.0
2015  2  4    35   15 12  0     63.23    0.2089E-01      75.5    333.4
2015  2  4    35   15 13  0     63.13    0.2068E-01      74.0    333.8
2015  2  4    35   15 14  0     63.03    0.2064E-01      73.1    334.4
2015  2  4    35   15 15  0     62.93    0.2111E-01      73.8    335.0
2015  2  4    35   15 16  0     62.83    0.2179E-01      75.5    335.3
2015  2  4    35   15 17  0     62.73    0.2255E-01      77.4    335.6
2015  2  4    35   15 18  0     62.63    0.2326E-01      79.3    336.2
2015  2  4    35   15 19  0     62.54    0.2363E-01      79.9    336.7
2015  2  4    35   15 20  0     62.44    0.2364E-01      79.1    336.9
2015  2  4    35   15 21  0     62.35    0.2350E-01      78.2    337.5
2015  2  4    35   15 22  0     62.25    0.2276E-01      75.4    338.1
2015  2  4    35   15 23  0     62.16    0.2195E-01      72.2    338.7
2015  2  4    35   15 24  0     62.07    0.2193E-01      71.4    338.7
2015  2  4    35   15 25  0     61.97    0.2253E-01      72.4    338.6
2015  2  4    35   15 26  0     61.88    0.2322E-01      73.4    338.2
2015  2  4    35   15 27  0     61.79    0.2384E-01      74.4    338.0
2015  2  4    35   15 28  0     61.70    0.2420E-01      75.1    338.0
2015  2  4    35   15 29  0     61.61    0.2364E-01      72.7    338.4
2015  2  4    35   15 30  0     61.52    0.2244E-01      68.2    338.7
2015  2  4    35   15 31  0     61.44    0.2155E-01      64.7    338.9
2015  2  4    35   15 32  0     61.35    0.2164E-01      64.3    338.8
2015  2  4    35   15 33  0     61.26    0.2225E-01      65.4    338.8
2015  2  4    35   15 34  0     61.18    0.2297E-01      66.8    338.6
2015  2  4    35   15 35  0     61.09    0.2394E-01      68.8    338.3
2015  2  4    35   15 36  0     61.01    0.2548E-01      72.7    338.1
2015  2  4    35   15 37  0     60.93    0.2718E-01      76.8    338.3
2015  2  4    35   15 38  0     60.84    0.2838E-01      79.4    338.2
2015  2  4    35   15 39  0     60.76    0.2909E-01      81.0    338.5
2015  2  4    35   15 40  0     60.68    0.3004E-01      83.4    338.7
2015  2  4    35   15 41  0     60.60    0.3101E-01      85.5    338.9
2015  2  4    35   15 42  0     60.52    0.3265E-01      89.0    338.6
2015  2  4    35   15 43  0     60.44    0.3539E-01      95.9    338.6
2015  2  4    35   15 44  0     60.37    0.3845E-01     104.7    339.0
2015  2  4    35   15 45  0     60.29    0.4006E-01     109.6    339.9
2015  2  4    35   15 46  0     60.21    0.3873E-01     104.3    339.8
2015  2  4    35   15 47  0     60.14    0.3716E-01      97.9    339.2
2015  2  4    35   15 48  0     60.06    0.3652E-01      94.9    338.5
2015  2  4    35   15 49  0     59.99    0.3619E-01      93.0    338.6
2015  2  4    35   15 50  0     59.92    0.3631E-01      92.8    338.9
2015  2  4    35   15 51  0     59.84    0.3612E-01      91.6    339.0
2015  2  4    35   15 52  0     59.77    0.3556E-01      88.7    338.5
2015  2  4    35   15 53  0     59.70    0.3492E-01      85.2    337.6
2015  2  4    35   15 54  0     59.63    0.3477E-01      83.6    337.4
2015  2  4    35   15 55  0     59.56    0.3473E-01      83.0    337.6
2015  2  4    35   15 56  0     59.50    0.3529E-01      84.6    338.4
2015  2  4    35   15 57  0     59.43    0.3620E-01      87.6    339.5
2015  2  4    35   15 58  0     59.36    0.3656E-01      88.1    339.7
2015  2  4    35   15 59  0     59.30    0.3639E-01      86.9    339.4
2015  2  4    35   16  0  0     59.23    0.3577E-01      84.8    339.5
2015  2  4    35   16  1  0     59.17    0.3464E-01      82.3    340.3
2015  2  4    35   16  2  0     59.10    0.3263E-01      77.1    341.0
2015  2  4    35   16  3  0     59.04    0.3096E-01      72.6    341.2
2015  2  4    35   16  4  0     58.98    0.3015E-01      69.8    340.8
2015  2  4    35   16  5  0     58.92    0.2920E-01      66.5    340.2
2015  2  4    35   16  6  0     58.86    0.2838E-01      64.3    340.6
2015  2  4    35   16  7  0     58.80    0.2773E-01      62.2    340.5
2015  2  4    35   16  8  0     58.74    0.2701E-01      59.8    340.3
2015  2  4    35   16  9  0     58.69    0.2634E-01      57.9    340.2
2015  2  4    35   16 10  0     58.63    0.2656E-01      58.3    340.2
2015  2  4    35   16 11  0     58.57    0.2773E-01      61.1    340.6
2015  2  4    35   16 12  0     58.52    0.2878E-01      63.6    341.1
2015  2  4    35   16 13  0     58.47    0.2988E-01      66.1    341.5
2015  2  4    35   16 14  0     58.41    0.3060E-01      67.6    341.8
2015  2  4    35   16 15  0     58.36    0.3088E-01      67.8    342.2
2015  2  4    35   16 16  0     58.31    0.3143E-01      68.6    342.3
2015  2  4    35   16 17  0     58.26    0.3257E-01      70.7    342.2
2015  2  4    35   16 18  0     58.21    0.3354E-01      72.5    342.0
2015  2  4    35   16 19  0     58.16    0.3418E-01      73.5    342.1
2015  2  4    35   16 20  0     58.12    0.3443E-01      73.8    342.4
2015  2  4    35   16 21  0     58.07    0.3433E-01      73.4    342.6
2015  2  4    35   16 22  0     58.02    0.3416E-01      72.8    343.0
2015  2  4    35   16 23  0     57.98    0.3403E-01      72.4    343.5
2015  2  4    35   16 24  0     57.93    0.3419E-01      73.1    344.1
2015  2  4    35   16 25  0     57.89    0.3447E-01      73.8    344.5
2015  2  4    35   16 26  0     57.85    0.3496E-01      74.7    344.6
2015  2  4    35   16 27  0     57.81    0.3564E-01      76.0    344.9
2015  2  4    35   16 28  0     57.77    0.3588E-01      76.4    345.2
2015  2  4    35   16 29  0     57.73    0.3578E-01      75.7    345.2
2015  2  4    35   16 30  0     57.69    0.3608E-01      76.3    345.6
2015  2  4    35   16 31  0     57.65    0.3657E-01      77.7    346.4
2015  2  4    35   16 32  0     57.62    0.3700E-01      78.5    346.6
2015  2  4    35   16 33  0     57.58    0.3738E-01      78.9    346.4
2015  2  4    35   16 34  0     57.54    0.3752E-01      79.0    346.4
2015  2  4    35   16 35  0     57.51    0.3751E-01      78.8    346.4
2015  2  4    35   16 36  0     57.48    0.3753E-01      78.8    346.6
2015  2  4    35   16 37  0     57.45    0.3746E-01      78.6    346.8
2015  2  4    35   16 38  0     57.42    0.3746E-01      78.3    346.8
2015  2  4    35   16 39  0     57.38    0.3775E-01      78.6    346.8
2015  2  4    35   16 40  0     57.35    0.3803E-01      79.0    347.0
2015  2  4    35   16 41  0     57.33    0.3836E-01      79.6    347.2
2015  2  4    35   16 42  0     57.30    0.3857E-01      79.8    347.2
2015  2  4    35   16 43  0     57.27    0.3883E-01      80.2    347.2
2015  2  4    35   16 44  0     57.25    0.3947E-01      81.2    346.9
2015  2  4    35   16 45  0     57.22    0.4047E-01      82.7    346.2
2015  2  4    35   16 46  0     57.20    0.4146E-01      84.2    345.7
2015  2  4    35   16 47  0     57.18    0.4194E-01      84.9    345.4
2015  2  4    35   16 48  0     57.15    0.4187E-01      84.6    345.4
2015  2  4    35   16 49  0     57.13    0.4143E-01      83.4    345.3
2015  2  4    35   16 50  0     57.11    0.4065E-01      81.6    345.4
2015  2  4    35   16 51  0     57.09    0.3956E-01      79.2    345.3
2015  2  4    35   16 52  0     57.07    0.3836E-01      76.9    345.7
2015  2  4    35   16 53  0     57.06    0.3727E-01      74.9    346.1
2015  2  4    35   16 54  0     57.04    0.3621E-01      72.9    346.5
2015  2  4    35   16 55  0     57.03    0.3489E-01      70.4    347.2
2015  2  4    35   16 56  0     57.01    0.3365E-01      67.9    347.6
2015  2  4    35   16 57  0     57.00    0.3294E-01      66.4    348.0
2015  2  4    35   16 58  0     56.99    0.3264E-01      65.6    347.8
2015  2  4    35   16 59  0     56.97    0.3236E-01      64.8    347.6
2015  2  4    35   17  0  0     56.96    0.3202E-01      64.1    347.7
2015  2  4    35   17  1  0     56.95    0.3164E-01      63.3    347.8
2015  2  4    35   17  2  0     56.94    0.3123E-01      62.3    347.4
2015  2  4    35   17  3  0     56.94    0.3089E-01      61.6    347.5
2015  2  4    35   17  4  0     56.93    0.3075E-01      61.2    347.5
2015  2  4    35   17  5  0     56.92    0.3060E-01      60.7    347.3
2015  2  4    35   17  6  0     56.92    0.3028E-01      60.0    347.4
2015  2  4    35   17  7  0     56.92    0.2984E-01      59.2    347.6
2015  2  4    35   17  8  0     56.91    0.2952E-01      58.6    347.6
2015  2  4    35   17  9  0     56.91    0.2941E-01      58.4    347.7
2015  2  4    35   17 10  0     56.91    0.2963E-01      59.0    347.8
2015  2  4    35   17 11  0     56.91    0.3022E-01      60.2    347.7
2015  2  4    35   17 12  0     56.91    0.3075E-01      61.2    347.7
2015  2  4    35   17 13  0     56.91    0.3110E-01      62.0    347.9
2015  2  4    35   17 14  0     56.91    0.3148E-01      62.9    348.0
2015  2  4    35   17 15  0     56.92    0.3181E-01      63.5    347.7
2015  2  4    35   17 16  0     56.92    0.3213E-01      64.2    347.5
2015  2  4    35   17 17  0     56.93    0.3232E-01      64.7    347.4
2015  2  4    35   17 18  0     56.93    0.3234E-01      64.9    347.4
2015  2  4    35   17 19  0     56.94    0.3220E-01      64.6    347.3
2015  2  4    35   17 20  0     56.95    0.3173E-01      63.7    347.2
2015  2  4    35   17 21  0     56.96    0.3136E-01      63.1    347.5
2015  2  4    35   17 22  0     56.97    0.3138E-01      63.2    347.4
2015  2  4    35   17 23  0     56.98    0.3119E-01      62.8    347.5
2015  2  4    35   17 24  0     56.99    0.3049E-01      61.4    347.5
2015  2  4    35   17 25  0     57.01    0.3010E-01      60.7    347.5
2015  2  4    35   17 26  0     57.02    0.3037E-01      61.4    347.6
2015  2  4    35   17 27  0     57.03    0.3063E-01      62.0    347.6
2015  2  4    35   17 28  0     57.05    0.3053E-01      61.9    347.6
2015  2  4    35   17 29  0     57.07    0.3040E-01      61.7    347.7
2015  2  4    35   17 30  0     57.08    0.3017E-01      61.2    347.5
2015  2  4    35   17 31  0     57.10    0.2972E-01      60.2    347.3
2015  2  4    35   17 32  0     57.12    0.2951E-01      59.8    346.9
2015  2  4    35   17 33  0     57.14    0.2969E-01      60.1    346.4
2015  2  4    35   17 34  0     57.16    0.2961E-01      60.0    346.4
2015  2  4    35   17 35  0     57.19    0.2933E-01      59.6    346.5
2015  2  4    35   17 36  0     57.21    0.2913E-01      59.4    346.6
2015  2  4    35   17 37  0     57.23    0.2918E-01      59.8    346.8
2015  2  4    35   17 38  0     57.26    0.2880E-01      59.2    347.2
2015  2  4    35   17 39  0     57.28    0.2813E-01      58.0    347.6
2015  2  4    35   17 40  0     57.31    0.2780E-01      57.5    347.6
2015  2  4    35   17 41  0     57.34    0.2775E-01      57.4    347.3
2015  2  4    35   17 42  0     57.37    0.2770E-01      57.3    347.1
2015  2  4    35   17 43  0     57.40    0.2755E-01      57.0    346.8
2015  2  4    35   17 44  0     57.43    0.2735E-01      56.6    346.5
2015  2  4    35   17 45  0     57.46    0.2736E-01      56.9    346.4
2015  2  4    35   17 46  0     57.49    0.2738E-01      57.0    346.4
2015  2  4    35   17 47  0     57.53    0.2727E-01      56.9    346.3
2015  2  4    35   17 48  0     57.56    0.2718E-01      56.9    346.3
2015  2  4    35   17 49  0     57.60    0.2732E-01      57.5    346.3
2015  2  4    35   17 50  0     57.63    0.2777E-01      58.6    346.1
2015  2  4    35   17 51  0     57.67    0.2812E-01      59.5    346.0
2015  2  4    35   17 52  0     57.71    0.2818E-01      59.8    345.9
2015  2  4    35   17 53  0     57.75    0.2823E-01      60.1    345.7
2015  2  4    35   17 54  0     57.79    0.2827E-01      60.4    345.7
2015  2  4    35   17 55  0     57.83    0.2839E-01      60.9    345.6
2015  2  4    35   17 56  0     57.87    0.2862E-01      61.7    345.6
2015  2  4    35   17 57  0     57.91    0.2899E-01      63.0    345.8
2015  2  4    35   17 58  0     57.95    0.2914E-01      63.7    345.9
2015  2  4    35   17 59  0     58.00    0.2897E-01      63.7    345.9
2015  2  4    35   18  0  0     58.04    0.2861E-01      63.2    345.9
2015  2  4    35   18  1  0     58.09    0.2816E-01      62.5    346.0
2015  2  4    35   18  2  0     58.14    0.2752E-01      61.4    346.3
2015  2  4    35   18  3  0     58.19    0.2709E-01      60.9    346.4
2015  2  4    35   18  4  0     58.23    0.2672E-01      60.4    346.5
2015  2  4    35   18  5  0     58.28    0.2636E-01      59.8    346.5
2015  2  4    35   18  6  0     58.33    0.2598E-01      59.2    346.5
2015  2  4    35   18  7  0     58.39    0.2558E-01      58.6    346.4
2015  2  4    35   18  8  0     58.44    0.2537E-01      58.3    346.2
2015  2  4    35   18  9  0     58.49    0.2530E-01      58.5    346.3
2015  2  4    35   18 10  0     58.55    0.2523E-01      58.7    346.2
2015  2  4    35   18 11  0     58.60    0.2511E-01      58.8    346.3
2015  2  4    35   18 12  0     58.66    0.2500E-01      58.9    346.2
2015  2  4    35   18 13  0     58.71    0.2471E-01      58.7    346.4
2015  2  4    35   18 14  0     58.77    0.2430E-01      58.2    346.8
2015  2  4    35   18 15  0     58.83    0.2398E-01      58.0    347.1
2015  2  4    35   18 16  0     58.89    0.2371E-01      57.9    347.3
2015  2  4    35   18 17  0     58.95    0.2368E-01      58.3    347.5
2015  2  4    35   18 18  0     59.01    0.2391E-01      59.3    347.4
2015  2  4    35   18 19  0     59.07    0.2425E-01      60.7    347.4
2015  2  4    35   18 20  0     59.14    0.2452E-01      61.8    347.3
2015  2  4    35   18 21  0     59.20    0.2463E-01      62.5    347.4
2015  2  4    35   18 22  0     59.26    0.2454E-01      62.6    347.4
2015  2  4    35   18 23  0     59.33    0.2445E-01      62.9    347.4
2015  2  4    35   18 24  0     59.39    0.2424E-01      62.7    347.4
2015  2  4    35   18 25  0     59.46    0.2390E-01      62.3    347.5
2015  2  4    35   18 26  0     59.53    0.2365E-01      61.9    347.0
2015  2  4    35   18 27  0     59.60    0.2343E-01      61.7    346.8
2015  2  4    35   18 28  0     59.67    0.2318E-01      61.3    346.2
2015  2  4    35   18 29  0     59.74    0.2278E-01      60.7    346.3
2015  2  4    35   18 30  0     59.81    0.2250E-01      60.3    345.9
2015  2  4    35   18 31  0     59.88    0.2214E-01      59.7    345.9
2015  2  4    35   18 32  0     59.95    0.2169E-01      58.8    345.6
2015  2  4    35   18 33  0     60.02    0.2115E-01      57.6    345.1
2015  2  4    35   18 34  0     60.10    0.2055E-01      56.2    345.1
2015  2  4    35   18 35  0     60.17    0.2016E-01      55.2    344.1
2015  2  4    35   18 36  0     60.25    0.1999E-01      55.1    344.0
2015  2  4    35   18 37  0     60.33    0.2013E-01      55.7    343.6
2015  2  4    35   18 38  0     60.40    0.2044E-01      56.8    343.1
2015  2  4    35   18 39  0     60.48    0.2095E-01      58.6    342.4
2015  2  4    35   18 40  0     60.56    0.2135E-01      59.9    341.7
2015  2  4    35   18 41  0     60.64    0.2159E-01      61.0    341.3
2015  2  4    35   18 42  0     60.72    0.2167E-01      61.5    340.9
2015  2  4    35   18 43  0     60.80    0.2136E-01      61.1    340.8
2015  2  4    35   18 44  0     60.88    0.2101E-01      60.3    340.3
2015  2  4    35   18 45  0     60.97    0.2068E-01      59.8    340.2
2015  2  4    35   18 46  0     61.05    0.2043E-01      59.7    340.3
2015  2  4    35   18 47  0     61.13    0.2035E-01      60.1    340.4
2015  2  4    35   18 48  0     61.22    0.2028E-01      60.6    340.6
2015  2  4    35   18 49  0     61.30    0.2006E-01      60.5    340.7
2015  2  4    35   18 50  0     61.39    0.1977E-01      60.3    340.7
2015  2  4    35   18 51  0     61.48    0.1959E-01      60.2    340.4
2015  2  4    35   18 52  0     61.57    0.1939E-01      60.0    340.1
2015  2  4    35   18 53  0     61.66    0.1929E-01      60.2    339.8
2015  2  4    35   18 54  0     61.74    0.1946E-01      61.2    339.5
2015  2  4    35   18 55  0     61.83    0.1970E-01      62.5    339.3
2015  2  4    35   18 56  0     61.93    0.1991E-01      63.6    338.8
2015  2  4    35   18 57  0     62.02    0.2006E-01      64.7    338.5
2015  2  4    35   18 58  0     62.11    0.2009E-01      65.4    338.0
2015  2  4    35   18 59  0     62.20    0.1981E-01      65.1    337.8
2015  2  4    35   19  0  0     62.30    0.1936E-01      64.0    337.7
2015  2  4    35   19  1  0     62.39    0.1899E-01      63.2    337.1
2015  2  4    35   19  2  0     62.49    0.1878E-01      63.0    336.6
2015  2  4    35   19  3  0     62.58    0.1873E-01      63.3    336.3
2015  2  4    35   19  4  0     62.68    0.1867E-01      63.6    335.7
2015  2  4    35   19  5  0     62.78    0.1847E-01      63.3    335.3
2015  2  4    35   19  6  0     62.88    0.1838E-01      63.6    335.0
2015  2  4    35   19  7  0     62.97    0.1849E-01      64.7    334.8
2015  2  4    35   19  8  0     63.07    0.1869E-01      66.1    333.6
2015  2  4    35   19  9  0     63.18    0.1874E-01      67.1    333.5
2015  2  4    35   19 10  0     63.28    0.1885E-01      68.2    333.3
2015  2  4    35   19 11  0     63.38    0.1904E-01      69.6    333.3
2015  2  4    35   19 12  0     63.48    0.1912E-01      70.5    332.6
2015  2  4    35   19 13  0     63.58    0.1904E-01      70.9    332.4
2015  2  4    35   19 14  0     63.69    0.1907E-01      71.6    331.8
2015  2  4    35   19 15  0     63.79    0.1915E-01      72.6    331.1
2015  2  4    35   19 16  0     63.90    0.1903E-01      72.9    332.1
2015  2  4    35   19 17  0     64.00    0.1867E-01      72.3    330.5
2015  2  4    35   19 18  0     64.11    0.1811E-01      70.8    330.1
2015  2  4    35   19 19  0     64.21    0.1738E-01      68.6    329.9
2015  2  4    35   19 20  0     64.32    0.1666E-01      66.5    329.3
2015  2  4    35   19 21  0     64.43    0.1633E-01      65.9    328.6
2015  2  4    35   19 22  0     64.54    0.1629E-01      66.9    328.9
2015  2  4    35   19 23  0     64.65    0.1635E-01      68.2    328.8
2015  2  4    35   19 24  0     64.76    0.1636E-01      69.2    328.7
2015  2  4    35   19 25  0     64.87    0.1639E-01      70.3    328.5
2015  2  4    35   19 26  0     64.98    0.1635E-01      71.1    328.3
2015  2  4    35   19 27  0     65.09    0.1631E-01      72.1    328.8
2015  2  4    35   19 28  0     65.20    0.1638E-01      73.4    328.5
2015  2  4    35   19 29  0     65.32    0.1652E-01      75.1    328.3
2015  2  4    35   19 30  0     65.43    0.1673E-01      77.3    328.1
2015  2  4    35   19 31  0     65.55    0.1688E-01      79.3    328.4
2015  2  4    35   19 32  0     65.66    0.1703E-01      81.1    328.1
2015  2  4    35   19 33  0     65.78    0.1710E-01      82.5    327.7
2015  2  4    35   19 34  0     65.89    0.1692E-01      82.6    327.3
2015  2  4    35   19 35  0     66.01    0.1654E-01      81.7    326.8
2015  2  4    35   19 36  0     66.13    0.1623E-01      81.4    326.7
2015  2  4    35   19 37  0     66.25    0.1610E-01      82.2    326.4
2015  2  4    35   19 38  0     66.36    0.1607E-01      83.6    326.5
2015  2  4    35   19 39  0     66.48    0.1617E-01      85.4    326.3
2015  2  4    35   19 40  0     66.60    0.1645E-01      88.0    325.6
2015  2  4    35   19 41  0     66.72    0.1665E-01      90.5    325.3
2015  2  4    35   19 42  0     66.84    0.1664E-01      92.3    325.6
2015  2  4    35   19 43  0     66.97    0.1664E-01      94.3    325.5
2015  2  4    35   19 44  0     67.09    0.1672E-01      96.8    325.7
2015  2  4    35   19 45  0     67.21    0.1694E-01      99.8    325.2
2015  2  4    35   19 46  0     67.33    0.1724E-01     103.9    325.4
2015  2  4    35   19 47  0     67.46    0.1746E-01     107.3    325.3
2015  2  4    35   19 48  0     67.58    0.1759E-01     109.9    325.0
2015  2  4    35   19 49  0     67.71    0.1758E-01     111.5    324.6
2015  2  4    35   19 50  0     67.83    0.1746E-01     112.7    324.1
2015  2  4    35   19 51  0     67.96    0.1730E-01     114.2    324.4
2015  2  4    35   19 52  0     68.08    0.1709E-01     115.6    324.7
2015  2  4    35   19 53  0     68.21    0.1675E-01     115.1    324.1
2015  2  4    35   19 54  0     68.34    0.1640E-01     114.1    323.4
2015  2  4    35   19 55  0     68.47    0.1608E-01     113.7    322.9
2015  2  4    35   19 56  0     68.60    0.1562E-01     111.8    322.5
2015  2  4    35   19 57  0     68.73    0.1512E-01     109.1    321.3
2015  2  4    35   19 58  0     68.86    0.1474E-01     107.9    320.3
2015  2  4    35   19 59  0     68.99    0.1432E-01     106.3    320.0
2015  2  4    35   20  0  0     69.12    0.1406E-01     106.4    319.8
2015  2  4    35   20  1  0     69.25    0.1388E-01     108.1    320.0
2015  2  4    35   20  2  0     69.38    0.1370E-01     109.9    320.3
2015  2  4    35   20  3  0     69.51    0.1347E-01     110.5    320.0
2015  2  4    35   20  4  0     69.65    0.1326E-01     111.4    319.6
2015  2  4    35   20  5  0     69.78    0.1308E-01     112.9    319.7
2015  2  4    35   20  6  0     69.91    0.1289E-01     113.3    318.9
2015  2  4    35   20  7  0     70.05    0.1266E-01     113.2    318.0
2015  2  4    35   20  8  0     70.18    0.1246E-01     114.1    318.2
2015  2  4    35   20  9  0     70.32    0.1224E-01     114.1    317.4
2015  2  4    35   20 10  0     70.45    0.1202E-01     113.9    317.3
2015  2  4    35   20 11  0     70.59    0.1196E-01     116.9    317.4
2015  2  4    35   20 12  0     70.73    0.1182E-01     118.4    317.6
2015  2  4    35   20 13  0     70.86    0.1162E-01     119.1    317.6
2015  2  4    35   20 14  0     71.00    0.1146E-01     120.5    317.1
2015  2  4    35   20 15  0     71.14    0.1130E-01     121.8    316.5
2015  2  4    35   20 16  0     71.28    0.1110E-01     122.9    317.3
2015  2  4    35   20 17  0     71.42    0.1089E-01     123.2    316.8
2015  2  4    35   20 18  0     71.56    0.1070E-01     123.6    316.1
2015  2  4    35   20 19  0     71.70    0.1050E-01     124.1    315.7
2015  2  4    35   20 20  0     71.84    0.1029E-01     124.4    315.2
2015  2  4    35   20 21  0     71.98    0.1012E-01     125.1    313.8
2015  2  4    35   20 22  0     72.12    0.9910E-02     125.8    312.9
2015  2  4    35   20 23  0     72.26    0.9732E-02     126.8    311.9
2015  2  4    35   20 24  0     72.40    0.9541E-02     127.9    311.6
2015  2  4    35   20 25  0     72.55    0.9334E-02     129.0    312.3
2015  2  4    35   20 26  0     72.69    0.9164E-02     129.5    310.9
2015  2  4    35   20 27  0     72.83    0.9008E-02     130.0    309.3
2015  2  4    35   20 28  0     72.98    0.8834E-02     130.6    308.4
2015  2  4    35   20 29  0     73.12    0.8653E-02     131.1    307.7
2015  2  4    35   20 30  0     73.27    0.8456E-02     130.7    306.2
2015  2  4    35   20 31  0     73.41    0.8226E-02     128.0    303.8
2015  2  4    35   20 32  0     73.56    0.8000E-02     126.7    302.3
2015  2  4    35   20 33  0     73.70    0.7817E-02     127.8    302.0
2015  2  4    35   20 34  0     73.85    0.7624E-02     128.3    301.2
2015  2  4    35   20 35  0     74.00    0.7411E-02     127.2    299.4
2015  2  4    35   20 36  0     74.14    0.7170E-02     125.3    298.0
2015  2  4    35   20 37  0     74.29    0.6923E-02     121.9    295.4
2015  2  4    35   20 38  0     74.44    0.6663E-02     118.6    293.7
2015  2  4    35   20 39  0     74.59    0.6530E-02     121.1    293.1
2015  2  4    35   20 40  0     74.74    0.6390E-02     122.2    291.6
2015  2  4    35   20 41  0     74.89    0.6203E-02     121.4    291.0
2015  2  4    35   20 42  0     75.04    0.6015E-02     121.0    288.7
2015  2  4    35   20 43  0     75.19    0.5838E-02     118.9    285.7
2015  2  4    35   20 44  0     75.34    0.5651E-02     119.2    286.0
2015  2  4    35   20 45  0     75.49    0.5526E-02     120.1    284.0
2015  2  4    35   20 46  0     75.64    0.5335E-02     117.9    282.3
2015  2  4    35   20 47  0     75.79    0.5161E-02     117.1    281.3
2015  2  4    35   20 48  0     75.94    0.5032E-02     117.9    279.8
2015  2  4    35   20 49  0     76.10    0.4888E-02     118.9    279.6
2015  2  4    35   20 50  0     76.25    0.4781E-02     119.7    276.8
2015  2  4    35   20 51  0     76.40    0.4646E-02     119.3    275.0
2015  2  4    35   20 52  0     76.56    0.4503E-02     118.6    273.6
2015  2  4    35   20 53  0     76.71    0.4407E-02     118.6    270.5
2015  2  4    35   20 54  0     76.86    0.4295E-02     119.1    268.9
2015  2  4    35   20 55  0     77.02    0.4166E-02     120.5    269.3
2015  2  4    35   20 56  0     77.17    0.4061E-02     121.8    267.9
2015  2  4    35   20 57  0     77.33    0.3941E-02     122.3    266.7
2015  2  4    35   20 58  0     77.48    0.3826E-02     121.3    263.7
2015  2  4    35   20 59  0     77.64    0.3698E-02     120.5    262.1
2015  2  4    35   21  0  0     77.80    0.3598E-02     121.3    260.1
2015  2  4    35   21  1  0     77.95    0.3480E-02     121.3    259.0
2015  2  4    35   21  2  0     78.11    0.3389E-02     121.1    255.7
2015  2  4    35   21  3  0     78.27    0.3267E-02     119.9    254.0
2015  2  4    35   21  4  0     78.43    0.3147E-02     118.1    251.1
2015  2  4    35   21  5  0     78.58    0.3021E-02     116.9    248.1
2015  2  4    35   21  6  0     78.74    0.2887E-02     115.9    244.9
2015  2  4    35   21  7  0     78.90    0.2704E-02     115.9    247.0
2015  2  4    35   21  8  0     79.06    0.2599E-02     115.7    244.9
2015  2  4    35   21  9  0     79.22    0.2551E-02     115.1    240.6
2015  2  4    35   21 10  0     79.38    0.2501E-02     115.1    237.9
2015  2  4    35   21 11  0     79.54    0.2452E-02     115.8    235.5
2015  2  4    35   21 12  0     79.70    0.2411E-02     116.9    231.9
2015  2  4    35   21 13  0     79.86    0.2339E-02     117.8    230.6
2015  2  4    35   21 14  0     80.02    0.2298E-02     118.1    225.4
2015  2  4    35   21 15  0     80.18    0.2204E-02     118.2    225.4
2015  2  4    35   21 16  0     80.35    0.2125E-02     118.3    224.3
2015  2  4    35   21 17  0     80.51    0.2082E-02     118.4    219.4
2015  2  4    35   21 18  0     80.67    0.2012E-02     118.5    217.4
2015  2  4    35   21 19  0     80.83    0.1944E-02     118.3    215.2
2015  2  4    35   21 20  0     81.00    0.1886E-02     117.8    211.7
2015  2  4    35   21 21  0     81.16    0.1819E-02     117.1    209.3
2015  2  4    35   21 22  0     81.32    0.1758E-02     116.6    206.5
2015  2  4    35   21 23  0     81.49    0.1731E-02     116.4    200.3
2015  2  4    35   21 24  0     81.65    0.1643E-02     116.3    201.1
2015  2  4    35   21 25  0     81.82    0.1609E-02     116.6    196.1
2015  2  4    35   21 26  0     81.98    0.1553E-02     116.9    193.5
2015  2  4    35   21 27  0     82.14    0.1506E-02     117.3    190.9
2015  2  4    35   21 28  0     82.31    0.1468E-02     118.1    187.9
2015  2  4    35   21 29  0     82.48    0.1441E-02     119.0    183.8
2015  2  4    35   21 30  0     82.64    0.1386E-02     119.4    182.8
2015  2  4    35   21 31  0     82.81    0.1344E-02     119.7    180.2
2015  2  4    35   21 32  0     82.97    0.1315E-02     120.2    176.2
2015  2  4    35   21 33  0     83.14    0.1283E-02     120.7    172.9
2015  2  4    35   21 34  0     83.31    0.1247E-02     120.8    170.0
2015  2  4    35   21 35  0     83.47    0.1215E-02     120.8    166.6
2015  2  4    35   21 36  0     83.64    0.1190E-02     120.8    162.4
2015  2  4    35   21 37  0     83.81    0.1158E-02     120.7    158.8
2015  2  4    35   21 38  0     83.98    0.1147E-02     120.7    152.8
2015  2  4    35   21 39  0     84.14    0.1119E-02     120.9    150.0
2015  2  4    35   21 40  0     84.31    0.1095E-02     121.0    146.3
2015  2  4    35   21 41  0     84.48    0.1064E-02     120.8    143.5
2015  2  4    35   21 42  0     84.65    0.1042E-02     120.5    139.0
2015  2  4    35   21 43  0     84.82    0.1037E-02     120.4    133.1
2015  2  4    35   21 44  0     84.99    0.1003E-02     120.5    130.7
2015  2  4    35   21 45  0     85.16    0.9874E-03     120.5    126.7
2015  2  4    35   21 46  0     85.33    0.9594E-03     120.7    124.3
2015  2  4    35   21 47  0     85.50    0.9373E-03     120.8    121.0
2015  2  4    35   21 48  0     85.67    0.9019E-03     120.7    119.2
2015  2  4    35   21 49  0     85.84    0.8835E-03     120.7    116.1
2015  2  4    35   21 50  0     86.01    0.8679E-03     120.8    112.9
2015  2  4    35   21 51  0     86.18    0.8651E-03     120.7    109.1
2015  2  4    35   21 52  0     86.35    0.8560E-03     120.4    105.7
2015  2  4    35   21 53  0     86.53    0.8386E-03     120.3    103.1
2015  2  4    35   21 54  0     86.70    0.8180E-03     120.2    100.7
2015  2  4    35   21 55  0     86.87    0.8011E-03     120.0     97.6
2015  2  4    35   21 56  0     87.04    0.7700E-03     119.7     96.1
2015  2  4    35   21 57  0     87.22    0.7644E-03     119.5     92.8
2015  2  4    35   21 58  0     87.39    0.7537E-03     119.5     90.0
2015  2  4    35   21 59  0     87.56    0.7575E-03     119.6     85.3
2015  2  4    35   22  0  0     87.74    0.7473E-03     119.8     82.0
2015  2  4    35   22  1  0     87.91    0.6965E-03     120.2     83.2
2015  2  4    35   22  2  0     88.08    0.6972E-03     120.1     78.9
2015  2  4    35   22  3  0     88.26    0.6870E-03     119.5     76.2
2015  2  4    35   22  4  0     88.43    0.6624E-03     119.1     75.1
2015  2  4    35   22  5  0     88.61    0.6422E-03     119.1     73.3
2015  2  4    35   22  6  0     88.78    0.6418E-03     119.5     69.1
2015  2  4    35   22  7  0     88.95    0.6353E-03     120.2     65.4
2015  2  4    35   22  8  0     89.13    0.6002E-03     119.7     66.2
2015  2  4    35   22  9  0     89.31    0.6136E-03     118.8     60.4
2015  2  4    35   22 10  0     89.48    0.5967E-03     118.0     58.5
2015  2  4    35   22 11  0     89.66    0.5861E-03     118.0     55.7
2015  2  4    35   22 12  0     89.83    0.5700E-03     118.4     53.4
