                            NILUUV 115

Uvpro Version 2.0
Latitude :   40.74 (North)
Longitude:  -74.03  (West)
Calibration file: cf100603a.115
Height above sea level:    40.0  m
CLT derived from channel 4
CLT scale factor used:   1.0
Ozone derived from channel pair ch3/ch1
Ozone scale factor used:   1.0
Drift factors ch1-ch6:   0.484  0.517  0.596  0.650  0.492  0.877
Ozone profile climatology: Mid  Latitude
Dose type:    CLW    Caldwell Plant 1971           

yyyy mm dd   jul   hh mm ss      SZA     dose rate       clt     Ozone
                              [degrees]   [W/m^2]        [%]     [DU]
2015  6 20   171    0  0  0     85.77    0.1347E-02     115.3     81.7
2015  6 20   171    0  1  0     85.94    0.1316E-02     115.3     79.5
2015  6 20   171    0  2  0     86.11    0.1287E-02     115.2     77.0
2015  6 20   171    0  3  0     86.28    0.1281E-02     115.1     73.8
2015  6 20   171    0  4  0     86.44    0.1273E-02     114.8     70.7
2015  6 20   171    0  5  0     86.61    0.1250E-02     114.6     68.3
2015  6 20   171    0  6  0     86.78    0.1251E-02     114.4     65.0
2015  6 20   171    0  7  0     86.94    0.1215E-02     114.3     63.2
2015  6 20   171    0  8  0     87.11    0.1204E-02     113.8     60.7
2015  6 20   171    0  9  0     87.27    0.1200E-02     113.1     57.7
2015  6 20   171    0 10  0     87.44    0.1201E-02     112.6     54.4
2015  6 20   171    0 11  0     87.60    0.1187E-02     112.2     52.0
2015  6 20   171    0 12  0     87.77    0.1163E-02     111.9     49.8
2015  6 20   171    0 13  0     87.93    0.1176E-02     111.6     46.6
2015  6 20   171    0 14  0     88.10    0.1160E-02     111.0     44.5
2015  6 20   171    0 15  0     88.26    0.1136E-02     110.3     42.9
2015  6 20   171    0 16  0     88.43    0.1132E-02     109.6     40.6
2015  6 20   171    0 17  0     88.59    0.1118E-02     109.0     38.4
2015  6 20   171    0 18  0     88.75    0.1106E-02     108.6     36.0
2015  6 20   171    0 19  0     88.92    0.1084E-02     108.3     34.1
2015  6 20   171    0 20  0     89.08    0.1086E-02     107.8     31.8
2015  6 20   171    0 21  0     89.24    0.1052E-02     106.7     30.6
2015  6 20   171    0 22  0     89.41    0.1067E-02     105.8     28.2
2015  6 20   171    0 23  0     89.57    0.1043E-02     105.0     26.8
2015  6 20   171    0 24  0     89.73    0.1034E-02     104.5     25.0
2015  6 20   171    0 25  0     89.89    0.1018E-02     104.5     23.5
2015  6 20   171    9 31  0     89.91    0.8945E-03     118.1     28.8
2015  6 20   171    9 32  0     89.75    0.8971E-03     117.3     31.0
2015  6 20   171    9 33  0     89.59    0.9072E-03     115.6     32.5
2015  6 20   171    9 34  0     89.43    0.9281E-03     115.9     34.3
2015  6 20   171    9 35  0     89.26    0.9402E-03     118.2     37.0
2015  6 20   171    9 36  0     89.10    0.9505E-03     120.5     39.6
2015  6 20   171    9 37  0     88.94    0.9637E-03     120.9     41.7
2015  6 20   171    9 38  0     88.77    0.9705E-03     121.7     44.7
2015  6 20   171    9 39  0     88.61    0.9865E-03     122.2     47.1
2015  6 20   171    9 40  0     88.45    0.9922E-03     122.4     49.8
2015  6 20   171    9 41  0     88.28    0.1019E-02     122.1     51.1
2015  6 20   171    9 42  0     88.12    0.1012E-02     123.3     54.8
2015  6 20   171    9 43  0     87.95    0.1031E-02     124.0     57.0
2015  6 20   171    9 44  0     87.79    0.1061E-02     123.5     59.0
2015  6 20   171    9 45  0     87.63    0.1070E-02     123.2     61.7
2015  6 20   171    9 46  0     87.46    0.1058E-02     122.3     65.1
2015  6 20   171    9 47  0     87.29    0.1057E-02     120.9     67.7
2015  6 20   171    9 48  0     87.13    0.1082E-02     119.6     68.9
2015  6 20   171    9 49  0     86.96    0.1087E-02     117.9     71.1
2015  6 20   171    9 50  0     86.80    0.1103E-02     118.8     74.7
2015  6 20   171    9 51  0     86.63    0.1127E-02     118.9     77.4
2015  6 20   171    9 52  0     86.46    0.1146E-02     117.9     79.7
2015  6 20   171    9 53  0     86.30    0.1152E-02     118.7     83.2
2015  6 20   171    9 54  0     86.13    0.1180E-02     119.4     85.8
2015  6 20   171    9 55  0     85.96    0.1200E-02     118.7     87.9
2015  6 20   171    9 56  0     85.79    0.1195E-02     116.8     91.3
2015  6 20   171    9 57  0     85.63    0.1228E-02     115.8     93.2
2015  6 20   171    9 58  0     85.46    0.1266E-02     116.0     95.3
2015  6 20   171    9 59  0     85.29    0.1286E-02     116.6     99.6
2015  6 20   171   10  0  0     85.12    0.1310E-02     118.8    103.5
2015  6 20   171   10  1  0     84.95    0.1335E-02     119.7    106.6
2015  6 20   171   10  2  0     84.78    0.1365E-02     119.9    109.7
2015  6 20   171   10  3  0     84.61    0.1395E-02     120.5    113.0
2015  6 20   171   10  4  0     84.44    0.1431E-02     121.5    116.3
2015  6 20   171   10  5  0     84.27    0.1482E-02     122.1    118.6
2015  6 20   171   10  6  0     84.10    0.1501E-02     122.5    122.7
2015  6 20   171   10  7  0     83.93    0.1535E-02     122.5    125.9
2015  6 20   171   10  8  0     83.76    0.1552E-02     122.4    130.6
2015  6 20   171   10  9  0     83.59    0.1587E-02     122.0    133.8
2015  6 20   171   10 10  0     83.42    0.1627E-02     121.2    136.8
2015  6 20   171   10 11  0     83.25    0.1660E-02     120.1    139.7
2015  6 20   171   10 12  0     83.08    0.1696E-02     119.0    143.0
2015  6 20   171   10 13  0     82.91    0.1763E-02     117.9    144.3
2015  6 20   171   10 14  0     82.73    0.1790E-02     117.6    149.2
2015  6 20   171   10 15  0     82.56    0.1843E-02     117.0    152.3
2015  6 20   171   10 16  0     82.39    0.1887E-02     116.3    155.7
2015  6 20   171   10 17  0     82.22    0.1951E-02     115.9    158.1
2015  6 20   171   10 18  0     82.04    0.1989E-02     115.7    162.4
2015  6 20   171   10 19  0     81.87    0.2028E-02     115.3    166.5
2015  6 20   171   10 20  0     81.70    0.2089E-02     115.3    169.5
2015  6 20   171   10 21  0     81.53    0.2144E-02     115.3    173.1
2015  6 20   171   10 22  0     81.35    0.2211E-02     115.0    175.5
2015  6 20   171   10 23  0     81.18    0.2262E-02     114.8    178.9
2015  6 20   171   10 24  0     81.00    0.2301E-02     114.8    182.6
2015  6 20   171   10 25  0     80.83    0.2399E-02     115.5    185.1
2015  6 20   171   10 26  0     80.66    0.2491E-02     115.7    188.1
2015  6 20   171   10 27  0     80.48    0.2536E-02     114.7    192.0
2015  6 20   171   10 28  0     80.31    0.2617E-02     113.2    193.4
2015  6 20   171   10 29  0     80.13    0.2678E-02     111.5    196.1
2015  6 20   171   10 30  0     79.96    0.2726E-02     110.1    199.8
2015  6 20   171   10 31  0     79.78    0.2810E-02     108.7    201.2
2015  6 20   171   10 32  0     79.61    0.2883E-02     107.9    203.7
2015  6 20   171   10 33  0     79.43    0.2961E-02     107.2    206.3
2015  6 20   171   10 34  0     79.25    0.3053E-02     106.7    209.0
2015  6 20   171   10 35  0     79.08    0.3157E-02     106.1    211.3
2015  6 20   171   10 36  0     78.90    0.3264E-02     104.9    212.7
2015  6 20   171   10 37  0     78.73    0.3333E-02     103.2    214.9
2015  6 20   171   10 38  0     78.55    0.3381E-02     101.8    217.9
2015  6 20   171   10 39  0     78.37    0.3507E-02     100.8    218.8
2015  6 20   171   10 40  0     78.20    0.3630E-02     100.0    220.0
2015  6 20   171   10 41  0     78.02    0.3735E-02      99.3    222.2
2015  6 20   171   10 42  0     77.84    0.3860E-02      98.4    223.3
2015  6 20   171   10 43  0     77.66    0.3956E-02      97.1    225.0
2015  6 20   171   10 44  0     77.49    0.4068E-02      96.8    227.6
2015  6 20   171   10 45  0     77.31    0.4174E-02      95.5    229.0
2015  6 20   171   10 46  0     77.13    0.4244E-02      95.4    232.1
2015  6 20   171   10 47  0     76.95    0.4436E-02      97.3    236.1
2015  6 20   171   10 48  0     76.77    0.4617E-02      97.5    237.4
2015  6 20   171   10 49  0     76.60    0.4719E-02      97.2    239.8
2015  6 20   171   10 50  0     76.42    0.4864E-02      97.2    241.5
2015  6 20   171   10 51  0     76.24    0.5018E-02      97.1    244.3
2015  6 20   171   10 52  0     76.06    0.5113E-02      94.7    244.1
2015  6 20   171   10 53  0     75.88    0.5143E-02      92.7    246.4
2015  6 20   171   10 54  0     75.70    0.5362E-02      93.1    246.6
2015  6 20   171   10 55  0     75.52    0.5554E-02      93.1    248.8
2015  6 20   171   10 56  0     75.34    0.5687E-02      92.0    250.0
2015  6 20   171   10 57  0     75.16    0.5799E-02      91.2    251.4
2015  6 20   171   10 58  0     74.98    0.5962E-02      90.8    253.8
2015  6 20   171   10 59  0     74.80    0.6207E-02      90.9    255.0
2015  6 20   171   11  0  0     74.62    0.6382E-02      90.6    256.9
2015  6 20   171   11  1  0     74.44    0.6510E-02      89.6    257.7
2015  6 20   171   11  2  0     74.26    0.6651E-02      89.3    259.8
2015  6 20   171   11  3  0     74.08    0.6863E-02      89.3    260.9
2015  6 20   171   11  4  0     73.90    0.7105E-02      89.5    261.9
2015  6 20   171   11  5  0     73.72    0.7236E-02      88.6    263.2
2015  6 20   171   11  6  0     73.54    0.7432E-02      88.0    264.2
2015  6 20   171   11  7  0     73.36    0.7685E-02      87.7    264.3
2015  6 20   171   11  8  0     73.18    0.7893E-02      87.8    266.0
2015  6 20   171   11  9  0     72.99    0.8119E-02      87.8    267.3
2015  6 20   171   11 10  0     72.81    0.8392E-02      87.8    267.9
2015  6 20   171   11 11  0     72.63    0.8648E-02      87.5    268.6
2015  6 20   171   11 12  0     72.45    0.8934E-02      87.5    268.9
2015  6 20   171   11 13  0     72.27    0.9211E-02      87.6    269.9
2015  6 20   171   11 14  0     72.09    0.9486E-02      87.9    271.7
2015  6 20   171   11 15  0     71.90    0.9827E-02      88.7    273.9
2015  6 20   171   11 16  0     71.72    0.1018E-01      89.6    275.0
2015  6 20   171   11 17  0     71.54    0.1057E-01      90.6    275.8
2015  6 20   171   11 18  0     71.36    0.1096E-01      91.8    277.3
2015  6 20   171   11 19  0     71.17    0.1133E-01      92.8    278.7
2015  6 20   171   11 20  0     70.99    0.1166E-01      93.1    279.4
2015  6 20   171   11 21  0     70.81    0.1180E-01      91.7    280.1
2015  6 20   171   11 22  0     70.62    0.1180E-01      89.8    281.1
2015  6 20   171   11 23  0     70.44    0.1205E-01      89.6    281.9
2015  6 20   171   11 24  0     70.26    0.1248E-01      91.5    283.6
2015  6 20   171   11 25  0     70.07    0.1309E-01      93.1    283.5
2015  6 20   171   11 26  0     69.89    0.1331E-01      92.9    284.9
2015  6 20   171   11 27  0     69.71    0.1346E-01      91.4    285.2
2015  6 20   171   11 28  0     69.52    0.1357E-01      88.2    284.2
2015  6 20   171   11 29  0     69.34    0.1316E-01      83.4    284.6
2015  6 20   171   11 30  0     69.15    0.1275E-01      79.1    285.2
2015  6 20   171   11 31  0     68.97    0.1261E-01      75.4    284.5
2015  6 20   171   11 32  0     68.79    0.1236E-01      71.7    284.9
2015  6 20   171   11 33  0     68.60    0.1227E-01      69.4    285.2
2015  6 20   171   11 34  0     68.42    0.1249E-01      68.7    285.4
2015  6 20   171   11 35  0     68.23    0.1265E-01      67.7    285.7
2015  6 20   171   11 36  0     68.05    0.1283E-01      67.0    286.0
2015  6 20   171   11 37  0     67.86    0.1316E-01      66.7    286.1
2015  6 20   171   11 38  0     67.68    0.1359E-01      67.0    286.6
2015  6 20   171   11 39  0     67.49    0.1400E-01      67.3    287.2
2015  6 20   171   11 40  0     67.31    0.1401E-01      66.4    288.3
2015  6 20   171   11 41  0     67.12    0.1421E-01      66.3    289.5
2015  6 20   171   11 42  0     66.94    0.1431E-01      65.1    289.7
2015  6 20   171   11 43  0     66.75    0.1458E-01      64.3    289.7
2015  6 20   171   11 44  0     66.57    0.1510E-01      64.9    290.3
2015  6 20   171   11 45  0     66.38    0.1569E-01      64.8    290.0
2015  6 20   171   11 46  0     66.19    0.1625E-01      65.1    290.2
2015  6 20   171   11 47  0     66.01    0.1693E-01      66.7    290.7
2015  6 20   171   11 48  0     65.82    0.1773E-01      70.0    293.7
2015  6 20   171   11 49  0     65.64    0.1846E-01      73.4    295.4
2015  6 20   171   11 50  0     65.45    0.1931E-01      76.6    296.7
2015  6 20   171   11 51  0     65.26    0.2030E-01      79.4    296.9
2015  6 20   171   11 52  0     65.08    0.2101E-01      82.2    298.5
2015  6 20   171   11 53  0     64.89    0.2176E-01      85.3    300.4
2015  6 20   171   11 54  0     64.70    0.2194E-01      84.0    300.7
2015  6 20   171   11 55  0     64.52    0.2173E-01      81.8    301.4
2015  6 20   171   11 56  0     64.33    0.2204E-01      81.3    302.2
2015  6 20   171   11 57  0     64.14    0.2285E-01      82.7    302.9
2015  6 20   171   11 58  0     63.96    0.2379E-01      84.8    303.5
2015  6 20   171   11 59  0     63.77    0.2408E-01      84.8    304.2
2015  6 20   171   12  0  0     63.58    0.2356E-01      82.3    305.4
2015  6 20   171   12  1  0     63.40    0.2309E-01      79.2    305.7
2015  6 20   171   12  2  0     63.21    0.2251E-01      76.5    307.0
2015  6 20   171   12  3  0     63.02    0.2154E-01      71.5    307.3
2015  6 20   171   12  4  0     62.84    0.1955E-01      62.5    306.8
2015  6 20   171   12  5  0     62.65    0.1868E-01      57.9    306.6
2015  6 20   171   12  6  0     62.46    0.1775E-01      52.7    305.5
2015  6 20   171   12  7  0     62.27    0.1722E-01      49.4    305.1
2015  6 20   171   12  8  0     62.09    0.1776E-01      49.3    305.0
2015  6 20   171   12  9  0     61.90    0.1903E-01      51.5    305.1
2015  6 20   171   12 10  0     61.71    0.2045E-01      54.1    305.1
2015  6 20   171   12 11  0     61.52    0.2184E-01      55.6    304.9
2015  6 20   171   12 12  0     61.33    0.2319E-01      56.8    304.0
2015  6 20   171   12 13  0     61.15    0.2440E-01      58.2    303.8
2015  6 20   171   12 14  0     60.96    0.2599E-01      61.2    303.8
2015  6 20   171   12 15  0     60.77    0.2743E-01      64.7    305.0
2015  6 20   171   12 16  0     60.58    0.2958E-01      70.1    306.1
2015  6 20   171   12 17  0     60.39    0.3148E-01      73.5    306.4
2015  6 20   171   12 18  0     60.21    0.3213E-01      73.4    306.7
2015  6 20   171   12 19  0     60.02    0.3335E-01      74.8    306.9
2015  6 20   171   12 20  0     59.83    0.3408E-01      75.0    306.9
2015  6 20   171   12 21  0     59.64    0.3415E-01      74.2    307.3
2015  6 20   171   12 22  0     59.45    0.3384E-01      72.9    308.0
2015  6 20   171   12 23  0     59.26    0.3261E-01      69.3    308.4
2015  6 20   171   12 24  0     59.08    0.3226E-01      67.2    308.4
2015  6 20   171   12 25  0     58.89    0.3234E-01      65.5    307.9
2015  6 20   171   12 26  0     58.70    0.3203E-01      63.5    307.9
2015  6 20   171   12 27  0     58.51    0.3186E-01      62.4    308.5
2015  6 20   171   12 28  0     58.32    0.3230E-01      63.0    309.4
2015  6 20   171   12 29  0     58.13    0.3353E-01      65.2    310.8
2015  6 20   171   12 30  0     57.94    0.3184E-01      61.2    311.8
2015  6 20   171   12 31  0     57.76    0.3015E-01      57.5    313.1
2015  6 20   171   12 32  0     57.57    0.2926E-01      55.4    314.5
2015  6 20   171   12 33  0     57.38    0.2792E-01      52.0    315.3
2015  6 20   171   12 34  0     57.19    0.2539E-01      46.2    315.7
2015  6 20   171   12 35  0     57.00    0.2275E-01      40.4    316.1
2015  6 20   171   12 36  0     56.81    0.2155E-01      37.5    316.2
2015  6 20   171   12 37  0     56.62    0.2236E-01      38.2    316.6
2015  6 20   171   12 38  0     56.43    0.2423E-01      40.6    315.9
2015  6 20   171   12 39  0     56.24    0.2590E-01      42.4    315.7
2015  6 20   171   12 40  0     56.05    0.2846E-01      45.6    315.3
2015  6 20   171   12 41  0     55.87    0.3006E-01      46.9    315.4
2015  6 20   171   12 42  0     55.68    0.3125E-01      47.7    314.4
2015  6 20   171   12 43  0     55.49    0.3330E-01      49.9    314.0
2015  6 20   171   12 44  0     55.30    0.3609E-01      53.3    313.9
2015  6 20   171   12 45  0     55.11    0.3751E-01      54.5    313.6
2015  6 20   171   12 46  0     54.92    0.3800E-01      54.5    314.2
2015  6 20   171   12 47  0     54.73    0.3895E-01      55.1    313.6
2015  6 20   171   12 48  0     54.54    0.4107E-01      57.3    313.7
2015  6 20   171   12 49  0     54.35    0.4199E-01      57.9    314.3
2015  6 20   171   12 50  0     54.16    0.4161E-01      56.6    314.8
2015  6 20   171   12 51  0     53.97    0.4060E-01      54.3    315.8
2015  6 20   171   12 52  0     53.78    0.3990E-01      52.3    315.7
2015  6 20   171   12 53  0     53.59    0.4104E-01      52.6    314.6
2015  6 20   171   12 54  0     53.40    0.4339E-01      54.3    313.9
2015  6 20   171   12 55  0     53.22    0.4677E-01      57.4    313.3
2015  6 20   171   12 56  0     53.03    0.5106E-01      61.4    312.6
2015  6 20   171   12 57  0     52.84    0.5393E-01      63.3    312.1
2015  6 20   171   12 58  0     52.65    0.5609E-01      64.4    311.6
2015  6 20   171   12 59  0     52.46    0.5894E-01      66.3    311.1
2015  6 20   171   13  0  0     52.27    0.6316E-01      70.6    311.0
2015  6 20   171   13  1  0     52.08    0.6925E-01      77.8    311.3
2015  6 20   171   13  2  0     51.89    0.7467E-01      83.8    311.5
2015  6 20   171   13  3  0     51.70    0.7411E-01      82.4    312.0
2015  6 20   171   13  4  0     51.51    0.7157E-01      78.9    312.5
2015  6 20   171   13  5  0     51.32    0.7056E-01      77.0    313.1
2015  6 20   171   13  6  0     51.13    0.7141E-01      77.0    313.5
2015  6 20   171   13  7  0     50.94    0.7501E-01      80.1    314.6
2015  6 20   171   13  8  0     50.75    0.7651E-01      81.6    314.5
2015  6 20   171   13  9  0     50.56    0.7756E-01      82.4    315.4
2015  6 20   171   13 10  0     50.37    0.7362E-01      76.8    316.0
2015  6 20   171   13 11  0     50.19    0.7096E-01      72.4    316.5
2015  6 20   171   13 12  0     50.00    0.7015E-01      70.0    317.0
2015  6 20   171   13 13  0     49.81    0.7192E-01      70.9    316.9
2015  6 20   171   13 14  0     49.62    0.7506E-01      73.1    316.8
2015  6 20   171   13 15  0     49.43    0.7638E-01      73.6    316.6
2015  6 20   171   13 16  0     49.24    0.7576E-01      71.6    316.5
2015  6 20   171   13 17  0     49.05    0.7615E-01      71.0    316.6
2015  6 20   171   13 18  0     48.86    0.7930E-01      73.3    317.3
2015  6 20   171   13 19  0     48.67    0.8457E-01      77.2    317.0
2015  6 20   171   13 20  0     48.48    0.9097E-01      82.5    316.1
2015  6 20   171   13 21  0     48.29    0.9568E-01      85.5    315.7
2015  6 20   171   13 22  0     48.10    0.1022E+00      90.6    315.2
2015  6 20   171   13 23  0     47.92    0.1087E+00      96.1    315.7
2015  6 20   171   13 24  0     47.73    0.1174E+00     104.2    316.0
2015  6 20   171   13 25  0     47.54    0.1129E+00      99.3    316.1
2015  6 20   171   13 26  0     47.35    0.1065E+00      92.8    316.9
2015  6 20   171   13 27  0     47.16    0.1004E+00      87.6    318.6
2015  6 20   171   13 28  0     46.97    0.8687E-01      74.0    320.0
2015  6 20   171   13 29  0     46.78    0.8100E-01      68.6    321.7
2015  6 20   171   13 30  0     46.59    0.7792E-01      65.9    323.6
2015  6 20   171   13 31  0     46.41    0.7993E-01      67.0    324.4
2015  6 20   171   13 32  0     46.22    0.7903E-01      65.5    325.1
2015  6 20   171   13 33  0     46.03    0.7343E-01      60.0    325.8
2015  6 20   171   13 34  0     45.84    0.6817E-01      55.3    326.6
2015  6 20   171   13 35  0     45.65    0.6758E-01      54.2    326.9
2015  6 20   171   13 36  0     45.46    0.6391E-01      50.7    327.5
2015  6 20   171   13 37  0     45.28    0.6154E-01      48.7    328.6
2015  6 20   171   13 38  0     45.09    0.6015E-01      47.3    329.6
2015  6 20   171   13 39  0     44.90    0.6002E-01      46.8    330.0
2015  6 20   171   13 40  0     44.71    0.5992E-01      46.1    329.7
2015  6 20   171   13 41  0     44.52    0.5803E-01      44.1    329.4
2015  6 20   171   13 42  0     44.34    0.5535E-01      41.6    329.3
2015  6 20   171   13 43  0     44.15    0.5305E-01      39.5    329.8
2015  6 20   171   13 44  0     43.96    0.5009E-01      37.1    330.7
2015  6 20   171   13 45  0     43.77    0.4791E-01      35.3    331.7
2015  6 20   171   13 46  0     43.59    0.4737E-01      34.7    332.4
2015  6 20   171   13 47  0     43.40    0.4892E-01      35.7    332.9
2015  6 20   171   13 48  0     43.21    0.4888E-01      35.3    333.3
2015  6 20   171   13 49  0     43.02    0.4719E-01      33.7    333.6
2015  6 20   171   13 50  0     42.84    0.4793E-01      34.0    333.3
2015  6 20   171   13 51  0     42.65    0.4865E-01      34.0    332.8
2015  6 20   171   13 52  0     42.46    0.4555E-01      31.4    333.4
2015  6 20   171   13 53  0     42.28    0.4200E-01      28.8    334.9
2015  6 20   171   13 54  0     42.09    0.3996E-01      27.2    336.2
2015  6 20   171   13 55  0     41.90    0.3981E-01      27.1    338.1
2015  6 20   171   13 56  0     41.72    0.4050E-01      27.5    338.9
2015  6 20   171   13 57  0     41.53    0.4092E-01      27.6    339.1
2015  6 20   171   13 58  0     41.34    0.3967E-01      26.5    339.2
2015  6 20   171   13 59  0     41.16    0.3798E-01      25.3    339.7
2015  6 20   171   14  0  0     40.97    0.3692E-01      24.7    340.6
2015  6 20   171   14  1  0     40.79    0.3714E-01      25.0    342.4
2015  6 20   171   14  2  0     40.60    0.3767E-01      25.5    344.6
2015  6 20   171   14  3  0     40.41    0.3701E-01      25.1    346.9
2015  6 20   171   14  4  0     40.23    0.3625E-01      24.5    348.2
2015  6 20   171   14  5  0     40.04    0.3448E-01      23.0    348.9
2015  6 20   171   14  6  0     39.86    0.3278E-01      21.6    349.1
2015  6 20   171   14  7  0     39.67    0.3174E-01      20.7    349.0
2015  6 20   171   14  8  0     39.49    0.3098E-01      20.1    349.9
2015  6 20   171   14  9  0     39.30    0.3049E-01      20.0    352.0
2015  6 20   171   14 10  0     39.12    0.3054E-01      20.1    354.2
2015  6 20   171   14 11  0     38.94    0.2980E-01      19.7    356.7
2015  6 20   171   14 12  0     38.75    0.2939E-01      19.4    357.9
2015  6 20   171   14 13  0     38.57    0.2864E-01      19.0    359.6
2015  6 20   171   14 14  0     38.38    0.2757E-01      18.6    362.9
2015  6 20   171   14 15  0     38.20    0.2649E-01      18.1    366.4
2015  6 20   171   14 16  0     38.02    0.2487E-01      17.3    370.4
2015  6 20   171   14 17  0     37.83    0.2374E-01      16.8    374.1
2015  6 20   171   14 18  0     37.65    0.2194E-01      15.7    377.8
2015  6 20   171   14 19  0     37.47    0.2073E-01      14.9    380.6
2015  6 20   171   14 20  0     37.28    0.2003E-01      14.5    382.5
2015  6 20   171   14 21  0     37.10    0.1989E-01      14.4    383.6
2015  6 20   171   14 22  0     36.92    0.2041E-01      14.6    383.5
2015  6 20   171   14 23  0     36.74    0.2149E-01      15.2    382.7
2015  6 20   171   14 24  0     36.55    0.2290E-01      15.9    381.6
2015  6 20   171   14 25  0     36.37    0.2339E-01      16.1    381.3
2015  6 20   171   14 26  0     36.19    0.2288E-01      15.7    382.3
2015  6 20   171   14 27  0     36.01    0.2342E-01      15.9    383.0
2015  6 20   171   14 28  0     35.83    0.2537E-01      17.0    381.8
2015  6 20   171   14 29  0     35.65    0.2713E-01      17.8    379.9
2015  6 20   171   14 30  0     35.47    0.2751E-01      17.7    378.2
2015  6 20   171   14 31  0     35.29    0.2798E-01      17.7    377.3
2015  6 20   171   14 32  0     35.11    0.2978E-01      18.6    376.2
2015  6 20   171   14 33  0     34.93    0.3109E-01      19.3    376.2
2015  6 20   171   14 34  0     34.75    0.3127E-01      19.3    376.2
2015  6 20   171   14 35  0     34.57    0.3202E-01      19.6    376.5
2015  6 20   171   14 36  0     34.39    0.3149E-01      19.3    378.4
2015  6 20   171   14 37  0     34.21    0.2895E-01      18.0    382.2
2015  6 20   171   14 38  0     34.03    0.2731E-01      17.4    386.8
2015  6 20   171   14 39  0     33.85    0.2642E-01      17.0    389.7
2015  6 20   171   14 40  0     33.68    0.2636E-01      16.9    390.1
2015  6 20   171   14 41  0     33.50    0.2702E-01      17.2    389.7
2015  6 20   171   14 42  0     33.32    0.2780E-01      17.5    389.6
2015  6 20   171   14 43  0     33.15    0.2836E-01      17.8    390.1
2015  6 20   171   14 44  0     32.97    0.2859E-01      17.9    390.8
2015  6 20   171   14 45  0     32.79    0.2829E-01      17.7    392.2
2015  6 20   171   14 46  0     32.62    0.2775E-01      17.4    393.7
2015  6 20   171   14 47  0     32.44    0.2806E-01      17.5    395.0
2015  6 20   171   14 48  0     32.27    0.2786E-01      17.4    395.4
2015  6 20   171   14 49  0     32.09    0.2698E-01      16.8    396.4
2015  6 20   171   14 50  0     31.92    0.2609E-01      16.3    398.3
2015  6 20   171   14 51  0     31.74    0.2466E-01      15.4    399.6
2015  6 20   171   14 52  0     31.57    0.2349E-01      14.7    400.7
2015  6 20   171   14 53  0     31.39    0.2443E-01      15.3    402.0
2015  6 20   171   14 54  0     31.22    0.2706E-01      16.6    400.4
2015  6 20   171   14 55  0     31.05    0.3025E-01      18.1    397.1
2015  6 20   171   14 56  0     30.88    0.3261E-01      19.0    393.6
2015  6 20   171   14 57  0     30.70    0.3402E-01      19.5    392.0
2015  6 20   171   14 58  0     30.53    0.3414E-01      19.4    392.1
2015  6 20   171   14 59  0     30.36    0.3292E-01      18.7    392.5
2015  6 20   171   15  0  0     30.19    0.3149E-01      17.8    393.0
2015  6 20   171   15  1  0     30.02    0.3060E-01      17.2    392.4
2015  6 20   171   15  2  0     29.85    0.3075E-01      17.1    391.6
2015  6 20   171   15  3  0     29.68    0.3120E-01      17.3    391.7
2015  6 20   171   15  4  0     29.51    0.2951E-01      16.5    394.1
2015  6 20   171   15  5  0     29.35    0.2674E-01      15.1    397.5
2015  6 20   171   15  6  0     29.18    0.2411E-01      13.8    401.3
2015  6 20   171   15  7  0     29.01    0.2194E-01      12.8    404.2
2015  6 20   171   15  8  0     28.84    0.2047E-01      12.1    408.6
2015  6 20   171   15  9  0     28.68    0.1970E-01      11.9    413.2
2015  6 20   171   15 10  0     28.51    0.1869E-01      11.5    418.4
2015  6 20   171   15 11  0     28.35    0.1783E-01      11.1    421.4
2015  6 20   171   15 12  0     28.18    0.1797E-01      11.2    422.5
2015  6 20   171   15 13  0     28.02    0.1802E-01      11.2    422.3
2015  6 20   171   15 14  0     27.85    0.1782E-01      10.9    419.7
2015  6 20   171   15 15  0     27.69    0.1770E-01      10.6    418.1
2015  6 20   171   15 16  0     27.53    0.1685E-01      10.2    420.4
2015  6 20   171   15 17  0     27.37    0.1584E-01       9.7    422.3
2015  6 20   171   15 18  0     27.21    0.1577E-01       9.7    424.1
2015  6 20   171   15 19  0     27.04    0.1604E-01       9.8    424.8
2015  6 20   171   15 20  0     26.88    0.1714E-01      10.4    424.7
2015  6 20   171   15 21  0     26.73    0.1806E-01      10.8    423.2
2015  6 20   171   15 22  0     26.57    0.1962E-01      11.5    420.0
2015  6 20   171   15 23  0     26.41    0.2064E-01      11.8    417.3
2015  6 20   171   15 24  0     26.25    0.2093E-01      11.8    415.8
2015  6 20   171   15 25  0     26.09    0.2085E-01      11.7    414.9
2015  6 20   171   15 26  0     25.94    0.2144E-01      11.9    413.7
2015  6 20   171   15 27  0     25.78    0.2267E-01      12.4    411.8
2015  6 20   171   15 28  0     25.63    0.2400E-01      12.8    408.8
2015  6 20   171   15 29  0     25.48    0.2706E-01      14.0    403.0
2015  6 20   171   15 30  0     25.32    0.3335E-01      16.6    396.8
2015  6 20   171   15 31  0     25.17    0.3956E-01      19.0    391.5
2015  6 20   171   15 32  0     25.02    0.4581E-01      21.5    387.5
2015  6 20   171   15 33  0     24.87    0.5129E-01      23.7    385.1
2015  6 20   171   15 34  0     24.72    0.5305E-01      24.2    384.2
2015  6 20   171   15 35  0     24.57    0.5293E-01      23.9    383.4
2015  6 20   171   15 36  0     24.42    0.5265E-01      23.5    381.5
2015  6 20   171   15 37  0     24.28    0.5455E-01      23.9    379.3
2015  6 20   171   15 38  0     24.13    0.5910E-01      25.6    377.2
2015  6 20   171   15 39  0     23.98    0.6297E-01      27.1    376.8
2015  6 20   171   15 40  0     23.84    0.5819E-01      25.1    378.1
2015  6 20   171   15 41  0     23.70    0.4928E-01      21.4    379.4
2015  6 20   171   15 42  0     23.55    0.4294E-01      18.7    380.8
2015  6 20   171   15 43  0     23.41    0.4140E-01      18.1    382.5
2015  6 20   171   15 44  0     23.27    0.4199E-01      18.5    383.8
2015  6 20   171   15 45  0     23.13    0.4246E-01      18.8    385.4
2015  6 20   171   15 46  0     23.00    0.4096E-01      18.2    387.2
2015  6 20   171   15 47  0     22.86    0.3950E-01      17.6    388.7
2015  6 20   171   15 48  0     22.72    0.4031E-01      17.9    389.2
2015  6 20   171   15 49  0     22.59    0.4106E-01      18.0    387.4
2015  6 20   171   15 50  0     22.45    0.4275E-01      18.5    385.0
2015  6 20   171   15 51  0     22.32    0.4584E-01      19.5    382.4
2015  6 20   171   15 52  0     22.19    0.4951E-01      20.7    379.9
2015  6 20   171   15 53  0     22.06    0.5364E-01      22.1    377.7
2015  6 20   171   15 54  0     21.93    0.5854E-01      23.9    376.1
2015  6 20   171   15 55  0     21.80    0.6252E-01      25.4    375.6
2015  6 20   171   15 56  0     21.67    0.6475E-01      26.2    375.2
2015  6 20   171   15 57  0     21.55    0.6531E-01      26.2    374.1
2015  6 20   171   15 58  0     21.42    0.6190E-01      24.7    373.7
2015  6 20   171   15 59  0     21.30    0.6148E-01      24.4    373.3
2015  6 20   171   16  0  0     21.18    0.6309E-01      24.9    372.7
2015  6 20   171   16  1  0     21.06    0.6383E-01      25.0    372.1
2015  6 20   171   16  2  0     20.94    0.6411E-01      25.0    371.8
2015  6 20   171   16  3  0     20.82    0.6338E-01      24.7    372.0
2015  6 20   171   16  4  0     20.71    0.6394E-01      24.9    372.6
2015  6 20   171   16  5  0     20.59    0.6695E-01      26.0    372.4
2015  6 20   171   16  6  0     20.48    0.6909E-01      26.6    371.5
2015  6 20   171   16  7  0     20.37    0.7019E-01      26.8    370.3
2015  6 20   171   16  8  0     20.26    0.7060E-01      26.8    369.4
2015  6 20   171   16  9  0     20.15    0.6966E-01      26.3    369.0
2015  6 20   171   16 10  0     20.05    0.6756E-01      25.6    369.8
2015  6 20   171   16 11  0     19.94    0.6514E-01      24.8    371.4
2015  6 20   171   16 12  0     19.84    0.6560E-01      25.1    372.4
2015  6 20   171   16 13  0     19.74    0.6817E-01      26.1    372.7
2015  6 20   171   16 14  0     19.64    0.6674E-01      25.6    373.7
2015  6 20   171   16 15  0     19.54    0.6402E-01      24.7    375.5
2015  6 20   171   16 16  0     19.44    0.6334E-01      24.6    377.1
2015  6 20   171   16 17  0     19.35    0.6404E-01      24.9    378.0
2015  6 20   171   16 18  0     19.25    0.6468E-01      25.2    378.3
2015  6 20   171   16 19  0     19.16    0.6329E-01      24.7    379.1
2015  6 20   171   16 20  0     19.07    0.6040E-01      23.7    380.7
2015  6 20   171   16 21  0     18.99    0.5831E-01      23.1    382.7
2015  6 20   171   16 22  0     18.90    0.5632E-01      22.6    385.4
2015  6 20   171   16 23  0     18.82    0.5420E-01      22.0    387.7
2015  6 20   171   16 24  0     18.74    0.5370E-01      21.9    389.5
2015  6 20   171   16 25  0     18.66    0.5498E-01      22.5    389.9
2015  6 20   171   16 26  0     18.58    0.5607E-01      22.8    389.2
2015  6 20   171   16 27  0     18.50    0.5671E-01      22.9    388.2
2015  6 20   171   16 28  0     18.43    0.5653E-01      22.8    388.1
2015  6 20   171   16 29  0     18.36    0.5622E-01      22.7    388.6
2015  6 20   171   16 30  0     18.29    0.5470E-01      22.2    389.4
2015  6 20   171   16 31  0     18.22    0.5202E-01      21.2    390.6
2015  6 20   171   16 32  0     18.16    0.4886E-01      20.0    391.8
2015  6 20   171   16 33  0     18.10    0.4514E-01      18.5    393.0
2015  6 20   171   16 34  0     18.04    0.4040E-01      16.7    395.3
2015  6 20   171   16 35  0     17.98    0.3646E-01      15.4    398.7
2015  6 20   171   16 36  0     17.92    0.3478E-01      14.9    401.3
2015  6 20   171   16 37  0     17.87    0.3423E-01      14.8    403.5
2015  6 20   171   16 38  0     17.82    0.3398E-01      14.8    405.4
2015  6 20   171   16 39  0     17.77    0.3290E-01      14.5    407.9
2015  6 20   171   16 40  0     17.72    0.3078E-01      13.8    410.7
2015  6 20   171   16 41  0     17.68    0.2868E-01      13.0    413.5
2015  6 20   171   16 42  0     17.64    0.2749E-01      12.6    415.9
2015  6 20   171   16 43  0     17.60    0.2727E-01      12.7    419.1
2015  6 20   171   16 44  0     17.56    0.2769E-01      13.0    420.1
2015  6 20   171   16 45  0     17.53    0.2885E-01      13.5    419.7
2015  6 20   171   16 46  0     17.49    0.3022E-01      14.0    419.0
2015  6 20   171   16 47  0     17.47    0.3163E-01      14.6    417.6
2015  6 20   171   16 48  0     17.44    0.3462E-01      15.8    415.4
2015  6 20   171   16 49  0     17.41    0.3841E-01      17.3    413.2
2015  6 20   171   16 50  0     17.39    0.3998E-01      17.8    411.0
2015  6 20   171   16 51  0     17.37    0.4082E-01      17.9    408.7
2015  6 20   171   16 52  0     17.36    0.4289E-01      18.5    405.8
2015  6 20   171   16 53  0     17.34    0.4593E-01      19.4    401.9
2015  6 20   171   16 54  0     17.33    0.4760E-01      19.7    397.5
2015  6 20   171   16 55  0     17.32    0.4976E-01      20.1    393.1
2015  6 20   171   16 56  0     17.31    0.5453E-01      21.5    388.0
2015  6 20   171   16 57  0     17.31    0.6013E-01      23.1    383.0
2015  6 20   171   16 58  0     17.31    0.6444E-01      24.2    378.7
2015  6 20   171   16 59  0     17.31    0.6680E-01      24.8    376.5
2015  6 20   171   17  0  0     17.31    0.6934E-01      25.7    376.2
2015  6 20   171   17  1  0     17.32    0.7076E-01      26.2    376.3
2015  6 20   171   17  2  0     17.33    0.7156E-01      26.4    374.8
2015  6 20   171   17  3  0     17.34    0.7574E-01      27.5    371.3
2015  6 20   171   17  4  0     17.35    0.8416E-01      29.9    366.5
2015  6 20   171   17  5  0     17.37    0.9407E-01      32.8    362.7
2015  6 20   171   17  6  0     17.38    0.1051E+00      36.3    360.7
2015  6 20   171   17  7  0     17.41    0.1059E+00      36.6    361.1
2015  6 20   171   17  8  0     17.43    0.9693E-01      33.8    363.4
2015  6 20   171   17  9  0     17.46    0.8740E-01      30.8    366.1
2015  6 20   171   17 10  0     17.48    0.7952E-01      28.4    369.0
2015  6 20   171   17 11  0     17.52    0.7640E-01      27.3    370.3
2015  6 20   171   17 12  0     17.55    0.7678E-01      27.5    370.7
2015  6 20   171   17 13  0     17.58    0.7478E-01      26.9    371.5
2015  6 20   171   17 14  0     17.62    0.7045E-01      25.6    373.4
2015  6 20   171   17 15  0     17.66    0.6611E-01      24.3    374.9
2015  6 20   171   17 16  0     17.71    0.6232E-01      23.0    374.9
2015  6 20   171   17 17  0     17.75    0.6047E-01      22.3    374.0
2015  6 20   171   17 18  0     17.80    0.5901E-01      21.8    373.8
2015  6 20   171   17 19  0     17.85    0.5631E-01      20.9    375.0
2015  6 20   171   17 20  0     17.90    0.5266E-01      19.8    377.7
2015  6 20   171   17 21  0     17.96    0.4780E-01      18.3    381.1
2015  6 20   171   17 22  0     18.02    0.4397E-01      17.2    384.8
2015  6 20   171   17 23  0     18.07    0.4068E-01      16.3    389.8
2015  6 20   171   17 24  0     18.14    0.3673E-01      15.1    394.4
2015  6 20   171   17 25  0     18.20    0.3449E-01      14.4    397.3
2015  6 20   171   17 26  0     18.27    0.3555E-01      14.8    396.6
2015  6 20   171   17 27  0     18.33    0.3972E-01      16.2    392.4
2015  6 20   171   17 28  0     18.40    0.4414E-01      17.5    387.0
2015  6 20   171   17 29  0     18.48    0.4805E-01      18.7    383.0
2015  6 20   171   17 30  0     18.55    0.5038E-01      19.5    380.7
2015  6 20   171   17 31  0     18.63    0.4906E-01      18.9    379.9
2015  6 20   171   17 32  0     18.71    0.4556E-01      17.7    381.5
2015  6 20   171   17 33  0     18.79    0.4518E-01      17.7    382.3
2015  6 20   171   17 34  0     18.87    0.5310E-01      20.4    377.9
2015  6 20   171   17 35  0     18.95    0.6605E-01      24.3    368.7
2015  6 20   171   17 36  0     19.04    0.7563E-01      26.7    360.5
2015  6 20   171   17 37  0     19.13    0.7909E-01      27.3    355.9
2015  6 20   171   17 38  0     19.22    0.7550E-01      25.9    355.2
2015  6 20   171   17 39  0     19.31    0.6929E-01      23.9    356.4
2015  6 20   171   17 40  0     19.41    0.6671E-01      23.3    357.8
2015  6 20   171   17 41  0     19.50    0.6521E-01      22.9    359.0
2015  6 20   171   17 42  0     19.60    0.6177E-01      21.9    361.1
2015  6 20   171   17 43  0     19.70    0.5958E-01      21.5    363.7
2015  6 20   171   17 44  0     19.80    0.5937E-01      21.7    365.3
2015  6 20   171   17 45  0     19.90    0.6047E-01      22.3    366.7
2015  6 20   171   17 46  0     20.01    0.6030E-01      22.2    367.1
2015  6 20   171   17 47  0     20.11    0.6057E-01      22.3    367.0
2015  6 20   171   17 48  0     20.22    0.6010E-01      22.1    367.3
2015  6 20   171   17 49  0     20.33    0.5814E-01      21.6    368.4
2015  6 20   171   17 50  0     20.44    0.5535E-01      20.8    369.4
2015  6 20   171   17 51  0     20.55    0.5367E-01      20.4    370.3
2015  6 20   171   17 52  0     20.67    0.5568E-01      21.3    370.6
2015  6 20   171   17 53  0     20.78    0.6034E-01      23.1    369.3
2015  6 20   171   17 54  0     20.90    0.6579E-01      25.0    367.6
2015  6 20   171   17 55  0     21.02    0.7025E-01      26.5    365.3
2015  6 20   171   17 56  0     21.14    0.7302E-01      27.3    362.9
2015  6 20   171   17 57  0     21.26    0.7651E-01      28.5    361.1
2015  6 20   171   17 58  0     21.38    0.8062E-01      30.0    360.0
2015  6 20   171   17 59  0     21.50    0.8042E-01      29.9    359.5
2015  6 20   171   18  0  0     21.63    0.8019E-01      29.9    359.7
2015  6 20   171   18  1  0     21.75    0.7996E-01      29.9    360.5
2015  6 20   171   18  2  0     21.88    0.7969E-01      30.0    361.0
2015  6 20   171   18  3  0     22.01    0.8240E-01      31.0    359.9
2015  6 20   171   18  4  0     22.14    0.8862E-01      33.3    358.1
2015  6 20   171   18  5  0     22.27    0.9198E-01      34.6    358.0
2015  6 20   171   18  6  0     22.40    0.9117E-01      34.5    359.6
2015  6 20   171   18  7  0     22.54    0.9059E-01      34.7    361.2
2015  6 20   171   18  8  0     22.67    0.9101E-01      35.1    362.0
2015  6 20   171   18  9  0     22.81    0.9031E-01      34.8    361.7
2015  6 20   171   18 10  0     22.95    0.8776E-01      33.8    361.0
2015  6 20   171   18 11  0     23.08    0.8615E-01      33.2    360.7
2015  6 20   171   18 12  0     23.22    0.7849E-01      30.4    361.5
2015  6 20   171   18 13  0     23.36    0.7044E-01      27.5    362.6
2015  6 20   171   18 14  0     23.50    0.6641E-01      26.2    363.5
2015  6 20   171   18 15  0     23.65    0.6102E-01      24.3    364.2
2015  6 20   171   18 16  0     23.79    0.5731E-01      23.1    365.2
2015  6 20   171   18 17  0     23.93    0.6212E-01      25.2    365.0
2015  6 20   171   18 18  0     24.08    0.6926E-01      27.9    362.8
2015  6 20   171   18 19  0     24.22    0.7872E-01      31.4    359.8
2015  6 20   171   18 20  0     24.37    0.9180E-01      36.2    356.2
2015  6 20   171   18 21  0     24.52    0.9638E-01      37.8    354.3
2015  6 20   171   18 22  0     24.67    0.8810E-01      34.6    354.2
2015  6 20   171   18 23  0     24.82    0.8112E-01      31.8    353.9
2015  6 20   171   18 24  0     24.97    0.7605E-01      29.9    354.4
2015  6 20   171   18 25  0     25.12    0.7490E-01      29.7    356.2
2015  6 20   171   18 26  0     25.27    0.7553E-01      30.3    358.1
2015  6 20   171   18 27  0     25.42    0.7634E-01      31.0    359.3
2015  6 20   171   18 28  0     25.57    0.7126E-01      29.3    360.4
2015  6 20   171   18 29  0     25.73    0.7422E-01      30.7    360.6
2015  6 20   171   18 30  0     25.88    0.7997E-01      33.1    359.8
2015  6 20   171   18 31  0     26.04    0.8273E-01      34.2    358.4
2015  6 20   171   18 32  0     26.19    0.9226E-01      38.0    355.9
2015  6 20   171   18 33  0     26.35    0.9680E-01      39.5    353.3
2015  6 20   171   18 34  0     26.51    0.9133E-01      37.2    352.2
2015  6 20   171   18 35  0     26.67    0.8353E-01      34.1    352.2
2015  6 20   171   18 36  0     26.83    0.7686E-01      31.8    353.6
2015  6 20   171   18 37  0     26.99    0.7650E-01      31.9    354.3
2015  6 20   171   18 38  0     27.15    0.7677E-01      32.2    354.5
2015  6 20   171   18 39  0     27.31    0.7423E-01      31.3    354.6
2015  6 20   171   18 40  0     27.47    0.7368E-01      31.2    354.8
2015  6 20   171   18 41  0     27.63    0.7707E-01      32.8    354.8
2015  6 20   171   18 42  0     27.79    0.7940E-01      33.9    355.3
2015  6 20   171   18 43  0     27.96    0.7471E-01      32.5    357.9
2015  6 20   171   18 44  0     28.12    0.7088E-01      31.4    360.1
2015  6 20   171   18 45  0     28.29    0.6539E-01      29.4    361.6
2015  6 20   171   18 46  0     28.45    0.6115E-01      27.8    362.7
2015  6 20   171   18 47  0     28.62    0.6301E-01      28.9    363.0
2015  6 20   171   18 48  0     28.78    0.6890E-01      31.8    363.1
2015  6 20   171   18 49  0     28.95    0.8122E-01      37.6    362.5
2015  6 20   171   18 50  0     29.12    0.8057E-01      37.2    361.5
2015  6 20   171   18 51  0     29.28    0.7144E-01      33.4    362.6
2015  6 20   171   18 52  0     29.45    0.6873E-01      32.4    363.0
2015  6 20   171   18 53  0     29.62    0.7036E-01      33.1    361.4
2015  6 20   171   18 54  0     29.79    0.7128E-01      33.3    358.7
2015  6 20   171   18 55  0     29.96    0.7035E-01      32.5    355.1
2015  6 20   171   18 56  0     30.13    0.7299E-01      33.5    352.2
2015  6 20   171   18 57  0     30.30    0.7335E-01      33.5    350.6
2015  6 20   171   18 58  0     30.47    0.7394E-01      33.8    350.4
2015  6 20   171   18 59  0     30.64    0.7533E-01      34.5    350.1
2015  6 20   171   19  0  0     30.81    0.7257E-01      33.2    348.9
2015  6 20   171   19  1  0     30.99    0.7617E-01      34.7    346.4
2015  6 20   171   19  2  0     31.16    0.7872E-01      35.6    344.8
2015  6 20   171   19  3  0     31.33    0.7601E-01      34.4    344.6
2015  6 20   171   19  4  0     31.51    0.7533E-01      34.2    345.0
2015  6 20   171   19  5  0     31.68    0.7461E-01      34.1    345.1
2015  6 20   171   19  6  0     31.85    0.7749E-01      35.6    344.6
2015  6 20   171   19  7  0     32.03    0.8633E-01      39.6    342.7
2015  6 20   171   19  8  0     32.20    0.8510E-01      38.9    340.9
2015  6 20   171   19  9  0     32.38    0.7538E-01      34.7    341.4
2015  6 20   171   19 10  0     32.55    0.7021E-01      32.4    341.2
2015  6 20   171   19 11  0     32.73    0.7018E-01      32.6    340.8
2015  6 20   171   19 12  0     32.90    0.7574E-01      35.1    339.7
2015  6 20   171   19 13  0     33.08    0.7741E-01      35.8    338.6
2015  6 20   171   19 14  0     33.26    0.8126E-01      37.7    337.7
2015  6 20   171   19 15  0     33.44    0.8096E-01      37.6    336.7
2015  6 20   171   19 16  0     33.61    0.7234E-01      33.9    336.6
2015  6 20   171   19 17  0     33.79    0.6777E-01      31.9    337.4
2015  6 20   171   19 18  0     33.97    0.6539E-01      30.9    337.3
2015  6 20   171   19 19  0     34.15    0.6604E-01      31.5    337.0
2015  6 20   171   19 20  0     34.33    0.6866E-01      32.8    336.9
2015  6 20   171   19 21  0     34.50    0.6703E-01      32.4    337.6
2015  6 20   171   19 22  0     34.68    0.6605E-01      32.4    338.4
2015  6 20   171   19 23  0     34.86    0.7161E-01      35.4    337.7
2015  6 20   171   19 24  0     35.04    0.7860E-01      38.9    335.8
2015  6 20   171   19 25  0     35.22    0.8031E-01      40.1    336.0
2015  6 20   171   19 26  0     35.40    0.8110E-01      40.9    337.0
2015  6 20   171   19 27  0     35.58    0.8015E-01      40.8    337.8
2015  6 20   171   19 28  0     35.76    0.7884E-01      40.4    337.8
2015  6 20   171   19 29  0     35.94    0.7550E-01      39.2    338.6
2015  6 20   171   19 30  0     36.13    0.7761E-01      41.0    339.2
2015  6 20   171   19 31  0     36.31    0.8446E-01      45.0    338.4
2015  6 20   171   19 32  0     36.49    0.8840E-01      47.4    337.7
2015  6 20   171   19 33  0     36.67    0.8864E-01      48.0    338.5
2015  6 20   171   19 34  0     36.85    0.9115E-01      50.0    339.3
2015  6 20   171   19 35  0     37.04    0.9026E-01      50.2    339.9
2015  6 20   171   19 36  0     37.22    0.9358E-01      52.6    339.5
2015  6 20   171   19 37  0     37.40    0.9531E-01      53.8    336.9
2015  6 20   171   19 38  0     37.58    0.1084E+00      61.0    333.4
2015  6 20   171   19 39  0     37.77    0.1188E+00      66.3    331.0
2015  6 20   171   19 40  0     37.95    0.1146E+00      63.7    330.7
2015  6 20   171   19 41  0     38.13    0.1053E+00      58.8    331.6
2015  6 20   171   19 42  0     38.32    0.8966E-01      50.5    333.4
2015  6 20   171   19 43  0     38.50    0.8640E-01      49.6    335.7
2015  6 20   171   19 44  0     38.68    0.9217E-01      53.6    336.6
2015  6 20   171   19 45  0     38.87    0.8770E-01      51.5    338.1
2015  6 20   171   19 46  0     39.05    0.7738E-01      46.4    340.3
2015  6 20   171   19 47  0     39.24    0.7694E-01      46.7    340.7
2015  6 20   171   19 48  0     39.42    0.7668E-01      47.1    340.7
2015  6 20   171   19 49  0     39.61    0.8187E-01      50.6    339.8
2015  6 20   171   19 50  0     39.79    0.7847E-01      48.8    339.9
2015  6 20   171   19 51  0     39.98    0.7341E-01      46.4    340.7
2015  6 20   171   19 52  0     40.16    0.7723E-01      49.2    340.2
2015  6 20   171   19 53  0     40.35    0.8043E-01      51.2    338.8
2015  6 20   171   19 54  0     40.53    0.7442E-01      47.9    338.7
2015  6 20   171   19 55  0     40.72    0.7782E-01      50.7    337.8
2015  6 20   171   19 56  0     40.90    0.8643E-01      56.6    336.2
2015  6 20   171   19 57  0     41.09    0.8594E-01      56.2    334.7
2015  6 20   171   19 58  0     41.28    0.7364E-01      48.5    335.6
2015  6 20   171   19 59  0     41.46    0.6356E-01      42.6    336.4
2015  6 20   171   20  0  0     41.65    0.5877E-01      40.0    336.0
2015  6 20   171   20  1  0     41.83    0.5694E-01      39.2    336.4
2015  6 20   171   20  2  0     42.02    0.5412E-01      37.3    335.5
2015  6 20   171   20  3  0     42.21    0.5025E-01      34.8    334.9
2015  6 20   171   20  4  0     42.39    0.4523E-01      31.6    335.1
2015  6 20   171   20  5  0     42.58    0.3998E-01      28.3    337.2
2015  6 20   171   20  6  0     42.77    0.3724E-01      26.6    338.3
2015  6 20   171   20  7  0     42.96    0.3785E-01      27.3    339.0
2015  6 20   171   20  8  0     43.14    0.3950E-01      28.7    339.4
2015  6 20   171   20  9  0     43.33    0.3651E-01      26.9    340.2
2015  6 20   171   20 10  0     43.52    0.3279E-01      24.7    341.7
2015  6 20   171   20 11  0     43.70    0.3222E-01      24.8    343.3
2015  6 20   171   20 12  0     43.89    0.3606E-01      28.4    343.5
2015  6 20   171   20 13  0     44.08    0.4187E-01      33.2    342.0
2015  6 20   171   20 14  0     44.27    0.4605E-01      36.8    340.2
2015  6 20   171   20 15  0     44.46    0.4993E-01      40.3    339.2
2015  6 20   171   20 16  0     44.64    0.4909E-01      39.9    338.0
2015  6 20   171   20 17  0     44.83    0.4536E-01      37.2    337.9
2015  6 20   171   20 18  0     45.02    0.4238E-01      34.8    337.1
2015  6 20   171   20 19  0     45.21    0.3626E-01      30.0    337.3
2015  6 20   171   20 20  0     45.40    0.3396E-01      28.6    337.2
2015  6 20   171   20 21  0     45.58    0.3452E-01      29.2    336.2
2015  6 20   171   20 22  0     45.77    0.3191E-01      27.0    336.5
2015  6 20   171   20 23  0     45.96    0.2933E-01      25.2    337.4
2015  6 20   171   20 24  0     46.15    0.2811E-01      24.4    337.3
2015  6 20   171   20 25  0     46.34    0.2681E-01      23.5    337.5
2015  6 20   171   20 26  0     46.53    0.2403E-01      21.4    338.5
2015  6 20   171   20 27  0     46.71    0.2219E-01      20.3    339.1
2015  6 20   171   20 28  0     46.90    0.2360E-01      22.0    339.1
2015  6 20   171   20 29  0     47.09    0.2609E-01      24.6    338.2
2015  6 20   171   20 30  0     47.28    0.2658E-01      25.3    336.8
2015  6 20   171   20 31  0     47.47    0.2612E-01      25.1    335.7
2015  6 20   171   20 32  0     47.66    0.2728E-01      26.4    335.4
2015  6 20   171   20 33  0     47.85    0.2648E-01      26.0    335.8
2015  6 20   171   20 34  0     48.04    0.2431E-01      24.2    335.9
2015  6 20   171   20 35  0     48.22    0.2335E-01      23.7    336.5
2015  6 20   171   20 36  0     48.41    0.2325E-01      23.8    336.7
2015  6 20   171   20 37  0     48.60    0.2132E-01      21.9    335.7
2015  6 20   171   20 38  0     48.79    0.2010E-01      20.7    335.6
2015  6 20   171   20 39  0     48.98    0.1884E-01      19.6    334.9
2015  6 20   171   20 40  0     49.17    0.1785E-01      18.8    334.2
2015  6 20   171   20 41  0     49.36    0.1728E-01      18.5    334.6
2015  6 20   171   20 42  0     49.55    0.1723E-01      18.8    334.8
2015  6 20   171   20 43  0     49.74    0.1817E-01      20.1    334.7
2015  6 20   171   20 44  0     49.93    0.1821E-01      20.3    334.7
2015  6 20   171   20 45  0     50.12    0.1748E-01      19.7    333.6
2015  6 20   171   20 46  0     50.31    0.1687E-01      19.3    333.1
2015  6 20   171   20 47  0     50.49    0.1635E-01      19.0    332.6
2015  6 20   171   20 48  0     50.68    0.1622E-01      19.1    332.3
2015  6 20   171   20 49  0     50.87    0.1667E-01      19.8    332.1
2015  6 20   171   20 50  0     51.06    0.1620E-01      19.6    332.1
2015  6 20   171   20 51  0     51.25    0.1652E-01      20.2    332.1
2015  6 20   171   20 52  0     51.44    0.1694E-01      21.0    331.1
2015  6 20   171   20 53  0     51.63    0.1699E-01      21.2    330.1
2015  6 20   171   20 54  0     51.82    0.1594E-01      20.0    328.9
2015  6 20   171   20 55  0     52.01    0.1542E-01      19.6    329.4
2015  6 20   171   20 56  0     52.20    0.1466E-01      18.8    328.7
2015  6 20   171   20 57  0     52.39    0.1297E-01      16.7    327.4
2015  6 20   171   20 58  0     52.58    0.1249E-01      16.4    327.7
2015  6 20   171   20 59  0     52.77    0.1269E-01      16.8    327.5
2015  6 20   171   21  0  0     52.96    0.1180E-01      15.8    327.1
2015  6 20   171   21  1  0     53.15    0.1101E-01      15.1    327.6
2015  6 20   171   21  2  0     53.34    0.1057E-01      14.8    327.7
2015  6 20   171   21  3  0     53.53    0.9910E-02      14.1    327.0
2015  6 20   171   21  4  0     53.71    0.9233E-02      13.4    327.8
2015  6 20   171   21  5  0     53.90    0.9023E-02      13.5    328.1
2015  6 20   171   21  6  0     54.09    0.8811E-02      13.5    329.5
2015  6 20   171   21  7  0     54.28    0.8764E-02      13.8    330.2
2015  6 20   171   21  8  0     54.47    0.8640E-02      13.8    329.7
2015  6 20   171   21  9  0     54.66    0.8140E-02      13.3    329.8
2015  6 20   171   21 10  0     54.85    0.7339E-02      12.2    329.3
2015  6 20   171   21 11  0     55.04    0.6957E-02      11.7    328.0
2015  6 20   171   21 12  0     55.23    0.6969E-02      12.0    328.6
2015  6 20   171   21 13  0     55.42    0.6822E-02      11.9    328.1
2015  6 20   171   21 14  0     55.61    0.6277E-02      11.2    328.3
2015  6 20   171   21 15  0     55.80    0.5612E-02      10.3    327.8
2015  6 20   171   21 16  0     55.99    0.4712E-02       8.8    324.9
2015  6 20   171   21 17  0     56.17    0.4108E-02       7.9    324.4
2015  6 20   171   21 18  0     56.36    0.3949E-02       7.9    325.2
2015  6 20   171   21 19  0     56.55    0.3902E-02       7.9    324.8
2015  6 20   171   21 20  0     56.74    0.4033E-02       8.2    323.3
2015  6 20   171   21 21  0     56.93    0.4110E-02       8.5    321.4
2015  6 20   171   21 22  0     57.12    0.4037E-02       8.5    321.8
2015  6 20   171   21 23  0     57.31    0.4040E-02       8.7    323.0
2015  6 20   171   21 24  0     57.50    0.4195E-02       9.2    323.0
2015  6 20   171   21 25  0     57.69    0.4247E-02       9.4    322.4
2015  6 20   171   21 26  0     57.88    0.4280E-02       9.5    320.6
2015  6 20   171   21 27  0     58.06    0.4160E-02       9.3    318.5
2015  6 20   171   21 28  0     58.25    0.3934E-02       8.9    316.8
2015  6 20   171   21 29  0     58.44    0.3757E-02       8.6    314.2
2015  6 20   171   21 30  0     58.63    0.3886E-02       9.0    312.4
2015  6 20   171   21 31  0     58.82    0.4076E-02       9.5    311.6
2015  6 20   171   21 32  0     59.01    0.4275E-02       9.9    310.1
2015  6 20   171   21 33  0     59.20    0.4464E-02      10.5    310.6
2015  6 20   171   21 34  0     59.38    0.4890E-02      11.7    311.2
2015  6 20   171   21 35  0     59.57    0.5257E-02      12.8    312.6
2015  6 20   171   21 36  0     59.76    0.5255E-02      13.0    311.6
2015  6 20   171   21 37  0     59.95    0.5110E-02      12.6    308.5
2015  6 20   171   21 38  0     60.14    0.4707E-02      11.7    306.0
2015  6 20   171   21 39  0     60.33    0.4319E-02      10.9    303.4
2015  6 20   171   21 40  0     60.51    0.4000E-02      10.1    300.4
2015  6 20   171   21 41  0     60.70    0.3800E-02       9.8    299.3
2015  6 20   171   21 42  0     60.89    0.3786E-02      10.0    298.5
2015  6 20   171   21 43  0     61.08    0.3854E-02      10.3    297.9
2015  6 20   171   21 44  0     61.27    0.3774E-02      10.2    297.0
2015  6 20   171   21 45  0     61.45    0.3802E-02      10.5    297.8
2015  6 20   171   21 46  0     61.64    0.3764E-02      10.5    296.3
2015  6 20   171   21 47  0     61.83    0.3737E-02      10.6    295.4
2015  6 20   171   21 48  0     62.02    0.3882E-02      11.2    293.6
2015  6 20   171   21 49  0     62.20    0.4081E-02      12.0    294.1
2015  6 20   171   21 50  0     62.39    0.4238E-02      12.7    295.3
2015  6 20   171   21 51  0     62.58    0.4478E-02      13.8    296.9
2015  6 20   171   21 52  0     62.77    0.4587E-02      14.4    296.9
2015  6 20   171   21 53  0     62.95    0.4585E-02      14.6    295.8
2015  6 20   171   21 54  0     63.14    0.4497E-02      14.6    294.3
2015  6 20   171   21 55  0     63.33    0.4156E-02      13.8    292.7
2015  6 20   171   21 56  0     63.52    0.3853E-02      12.9    289.3
2015  6 20   171   21 57  0     63.70    0.3555E-02      12.1    285.4
2015  6 20   171   21 58  0     63.89    0.3217E-02      11.0    280.9
2015  6 20   171   21 59  0     64.08    0.3093E-02      10.7    278.3
2015  6 20   171   22  0  0     64.26    0.3094E-02      10.8    277.4
2015  6 20   171   22  1  0     64.45    0.3073E-02      10.8    274.8
2015  6 20   171   22  2  0     64.64    0.2977E-02      10.5    272.1
2015  6 20   171   22  3  0     64.82    0.2874E-02      10.1    268.4
2015  6 20   171   22  4  0     65.01    0.2757E-02       9.9    266.5
2015  6 20   171   22  5  0     65.20    0.2580E-02       9.2    262.5
2015  6 20   171   22  6  0     65.38    0.2525E-02       9.1    260.2
2015  6 20   171   22  7  0     65.57    0.2527E-02       9.3    259.8
2015  6 20   171   22  8  0     65.75    0.2545E-02       9.6    260.4
2015  6 20   171   22  9  0     65.94    0.2467E-02       9.4    258.2
2015  6 20   171   22 10  0     66.13    0.2396E-02       9.1    252.8
2015  6 20   171   22 11  0     66.31    0.2215E-02       8.3    247.8
2015  6 20   171   22 12  0     66.50    0.2023E-02       7.4    239.4
2015  6 20   171   22 13  0     66.68    0.1997E-02       7.4    237.7
2015  6 20   171   22 14  0     66.87    0.2052E-02       8.0    240.1
2015  6 20   171   22 15  0     67.05    0.2200E-02       9.0    243.5
2015  6 20   171   22 16  0     67.24    0.2342E-02      10.2    249.1
2015  6 20   171   22 17  0     67.42    0.2357E-02      10.6    249.6
2015  6 20   171   22 18  0     67.61    0.2280E-02      10.4    246.9
2015  6 20   171   22 19  0     67.79    0.2212E-02      10.1    243.3
2015  6 20   171   22 20  0     67.98    0.2183E-02      10.2    242.5
2015  6 20   171   22 21  0     68.16    0.2283E-02      11.1    244.7
2015  6 20   171   22 22  0     68.35    0.2293E-02      11.4    243.1
2015  6 20   171   22 23  0     68.53    0.2210E-02      10.9    238.8
2015  6 20   171   22 24  0     68.72    0.2225E-02      11.3    238.7
2015  6 20   171   22 25  0     68.90    0.2135E-02      10.8    234.6
2015  6 20   171   22 26  0     69.09    0.1972E-02      10.0    228.3
2015  6 20   171   22 27  0     69.27    0.1962E-02      10.2    227.4
2015  6 20   171   22 28  0     69.45    0.2116E-02      11.9    234.8
2015  6 20   171   22 29  0     69.64    0.2284E-02      13.8    240.4
2015  6 20   171   22 30  0     69.82    0.2287E-02      14.2    239.8
2015  6 20   171   22 31  0     70.01    0.2140E-02      13.4    234.4
2015  6 20   171   22 32  0     70.19    0.2036E-02      12.7    228.9
2015  6 20   171   22 33  0     70.37    0.1949E-02      12.3    225.7
2015  6 20   171   22 34  0     70.56    0.1861E-02      11.5    219.9
2015  6 20   171   22 35  0     70.74    0.1854E-02      11.6    218.2
2015  6 20   171   22 36  0     70.92    0.1890E-02      12.5    220.9
2015  6 20   171   22 37  0     71.11    0.1922E-02      13.1    221.0
2015  6 20   171   22 38  0     71.29    0.2087E-02      15.3    226.3
2015  6 20   171   22 39  0     71.47    0.2046E-02      15.3    225.3
2015  6 20   171   22 40  0     71.65    0.1978E-02      14.9    221.8
2015  6 20   171   22 41  0     71.84    0.1876E-02      14.1    217.5
2015  6 20   171   22 42  0     72.02    0.1938E-02      15.4    218.9
2015  6 20   171   22 43  0     72.20    0.2132E-02      18.5    225.8
2015  6 20   171   22 44  0     72.38    0.2256E-02      20.8    230.4
2015  6 20   171   22 45  0     72.56    0.2328E-02      22.2    230.8
2015  6 20   171   22 46  0     72.75    0.2122E-02      19.3    220.1
2015  6 20   171   22 47  0     72.93    0.1903E-02      16.9    213.1
2015  6 20   171   22 48  0     73.11    0.1755E-02      15.1    203.5
2015  6 20   171   22 49  0     73.29    0.1688E-02      14.8    201.0
2015  6 20   171   22 50  0     73.47    0.1615E-02      14.0    194.0
2015  6 20   171   22 51  0     73.65    0.1525E-02      13.2    187.3
2015  6 20   171   22 52  0     73.83    0.1433E-02      12.6    184.0
2015  6 20   171   22 53  0     74.01    0.1451E-02      13.1    181.8
2015  6 20   171   22 54  0     74.20    0.1472E-02      14.3    184.8
2015  6 20   171   22 55  0     74.38    0.1579E-02      16.9    191.1
2015  6 20   171   22 56  0     74.56    0.1686E-02      20.0    199.7
2015  6 20   171   22 57  0     74.74    0.1773E-02      22.0    201.5
2015  6 20   171   22 58  0     74.92    0.1937E-02      25.4    204.4
2015  6 20   171   22 59  0     75.10    0.2030E-02      28.0    207.4
2015  6 20   171   23  0  0     75.28    0.2173E-02      32.2    213.3
2015  6 20   171   23  1  0     75.46    0.2337E-02      35.8    215.2
2015  6 20   171   23  2  0     75.64    0.2362E-02      36.8    214.6
2015  6 20   171   23  3  0     75.81    0.2283E-02      35.6    209.1
2015  6 20   171   23  4  0     75.99    0.2085E-02      31.9    201.9
2015  6 20   171   23  5  0     76.17    0.1914E-02      28.6    193.6
2015  6 20   171   23  6  0     76.35    0.1828E-02      27.0    188.1
2015  6 20   171   23  7  0     76.53    0.1801E-02      26.7    184.7
2015  6 20   171   23  8  0     76.71    0.1738E-02      25.6    180.3
2015  6 20   171   23  9  0     76.89    0.1713E-02      25.4    177.4
2015  6 20   171   23 10  0     77.06    0.1689E-02      25.9    175.0
2015  6 20   171   23 11  0     77.24    0.1735E-02      28.6    178.2
2015  6 20   171   23 12  0     77.42    0.1808E-02      32.9    182.9
2015  6 20   171   23 13  0     77.60    0.1891E-02      37.0    184.3
2015  6 20   171   23 14  0     77.78    0.1893E-02      39.4    184.2
2015  6 20   171   23 15  0     77.95    0.1873E-02      41.2    183.9
2015  6 20   171   23 16  0     78.13    0.1880E-02      43.7    183.9
2015  6 20   171   23 17  0     78.31    0.1915E-02      47.3    185.6
2015  6 20   171   23 18  0     78.48    0.1947E-02      49.7    184.7
2015  6 20   171   23 19  0     78.66    0.1939E-02      51.1    183.5
2015  6 20   171   23 20  0     78.84    0.1941E-02      53.5    183.7
2015  6 20   171   23 21  0     79.01    0.1959E-02      55.3    181.2
2015  6 20   171   23 22  0     79.19    0.1859E-02      52.3    174.9
2015  6 20   171   23 23  0     79.36    0.1817E-02      51.8    171.1
2015  6 20   171   23 24  0     79.54    0.1763E-02      50.9    167.1
2015  6 20   171   23 25  0     79.72    0.1714E-02      50.7    164.2
2015  6 20   171   23 26  0     79.89    0.1695E-02      51.5    161.9
2015  6 20   171   23 27  0     80.07    0.1689E-02      53.2    160.6
2015  6 20   171   23 28  0     80.24    0.1640E-02      52.4    156.5
2015  6 20   171   23 29  0     80.42    0.1593E-02      51.8    152.9
2015  6 20   171   23 30  0     80.59    0.1557E-02      50.9    148.0
2015  6 20   171   23 31  0     80.77    0.1526E-02      51.2    145.4
2015  6 20   171   23 32  0     80.94    0.1509E-02      51.1    141.0
2015  6 20   171   23 33  0     81.11    0.1415E-02      47.4    134.9
2015  6 20   171   23 34  0     81.29    0.1329E-02      42.1    125.8
2015  6 20   171   23 35  0     81.46    0.1279E-02      41.0    122.5
2015  6 20   171   23 36  0     81.63    0.1299E-02      42.6    120.3
2015  6 20   171   23 37  0     81.81    0.1303E-02      45.0    119.8
2015  6 20   171   23 38  0     81.98    0.1321E-02      48.6    119.9
2015  6 20   171   23 39  0     82.15    0.1318E-02      50.9    119.2
2015  6 20   171   23 40  0     82.33    0.1291E-02      50.9    116.5
2015  6 20   171   23 41  0     82.50    0.1261E-02      51.0    114.1
2015  6 20   171   23 42  0     82.67    0.1236E-02      49.3    109.4
2015  6 20   171   23 43  0     82.84    0.1165E-02      45.7    104.7
2015  6 20   171   23 44  0     83.01    0.1158E-02      44.3    100.2
2015  6 20   171   23 45  0     83.19    0.1132E-02      45.4     99.6
2015  6 20   171   23 46  0     83.36    0.1164E-02      48.5     98.5
2015  6 20   171   23 47  0     83.53    0.1163E-02      48.4     94.0
2015  6 20   171   23 48  0     83.70    0.1105E-02      45.1     89.5
2015  6 20   171   23 49  0     83.87    0.1094E-02      43.9     85.4
2015  6 20   171   23 50  0     84.04    0.1076E-02      44.2     83.5
2015  6 20   171   23 51  0     84.21    0.1072E-02      43.9     80.5
2015  6 20   171   23 52  0     84.38    0.1063E-02      43.6     77.2
2015  6 20   171   23 53  0     84.55    0.1056E-02      42.8     73.2
2015  6 20   171   23 54  0     84.72    0.1035E-02      41.0     69.1
2015  6 20   171   23 55  0     84.89    0.1028E-02      40.5     65.8
2015  6 20   171   23 56  0     85.06    0.1015E-02      39.7     63.0
2015  6 20   171   23 57  0     85.23    0.9896E-03      37.8     59.9
2015  6 20   171   23 58  0     85.39    0.9720E-03      37.0     56.6
2015  6 20   171   23 59  0     85.56    0.9630E-03      35.8     52.9
