                            NILUUV 115

Uvpro Version 2.0
Latitude :   40.74 (North)
Longitude:  -74.03  (West)
Calibration file: cf100603a.115
Height above sea level:    40.0  m
CLT derived from channel 4
CLT scale factor used:   1.0
Ozone derived from channel pair ch3/ch1
Ozone scale factor used:   1.0
Drift factors ch1-ch6:   0.503  0.526  0.598  0.655  0.500  0.878
Ozone profile climatology: Mid  Latitude
Dose type:    CLW    Caldwell Plant 1971           

yyyy mm dd   jul   hh mm ss      SZA     dose rate       clt     Ozone
                              [degrees]   [W/m^2]        [%]     [DU]
2015  3 29    88   10 50  0     89.99    0.4328E-03     117.0     63.2
2015  3 29    88   10 51  0     89.80    0.4302E-03     116.7     71.1
2015  3 29    88   10 52  0     89.61    0.4318E-03     116.8     76.8
2015  3 29    88   10 53  0     89.42    0.4639E-03     117.1     75.0
2015  3 29    88   10 54  0     89.23    0.4390E-03     117.6     85.7
2015  3 29    88   10 55  0     89.04    0.4520E-03     118.3     86.5
2015  3 29    88   10 56  0     88.85    0.4679E-03     118.0     87.7
2015  3 29    88   10 57  0     88.66    0.4931E-03     117.2     88.0
2015  3 29    88   10 58  0     88.48    0.4864E-03     116.2     94.1
2015  3 29    88   10 59  0     88.29    0.5177E-03     115.4     91.7
2015  3 29    88   11  0  0     88.10    0.5132E-03     115.1     96.4
2015  3 29    88   11  1  0     87.91    0.5471E-03     114.6     94.0
2015  3 29    88   11  2  0     87.72    0.5292E-03     113.9    102.5
2015  3 29    88   11  3  0     87.53    0.5594E-03     113.3    100.9
2015  3 29    88   11  4  0     87.34    0.5633E-03     112.7    104.2
2015  3 29    88   11  5  0     87.15    0.5692E-03     112.4    107.3
2015  3 29    88   11  6  0     86.96    0.5910E-03     112.1    107.8
2015  3 29    88   11  7  0     86.77    0.5974E-03     111.6    112.3
2015  3 29    88   11  8  0     86.58    0.6027E-03     111.0    116.6
2015  3 29    88   11  9  0     86.39    0.6139E-03     110.5    119.1
2015  3 29    88   11 10  0     86.20    0.6295E-03     109.9    120.6
2015  3 29    88   11 11  0     86.01    0.6462E-03     109.3    122.7
2015  3 29    88   11 12  0     85.82    0.6603E-03     108.8    127.4
2015  3 29    88   11 13  0     85.63    0.6638E-03     109.0    135.3
2015  3 29    88   11 14  0     85.44    0.6966E-03     109.6    136.4
2015  3 29    88   11 15  0     85.25    0.7134E-03     110.1    140.8
2015  3 29    88   11 16  0     85.06    0.7325E-03     110.4    145.1
2015  3 29    88   11 17  0     84.87    0.7372E-03     110.4    154.0
2015  3 29    88   11 18  0     84.68    0.7786E-03     110.5    154.6
2015  3 29    88   11 19  0     84.49    0.8017E-03     111.1    160.1
2015  3 29    88   11 20  0     84.31    0.8251E-03     112.0    165.3
2015  3 29    88   11 21  0     84.12    0.8664E-03     112.6    166.0
2015  3 29    88   11 22  0     83.93    0.9024E-03     112.9    168.5
2015  3 29    88   11 23  0     83.74    0.9185E-03     113.0    175.9
2015  3 29    88   11 24  0     83.55    0.9280E-03     113.7    185.4
2015  3 29    88   11 25  0     83.36    0.9910E-03     115.2    183.7
2015  3 29    88   11 26  0     83.17    0.1036E-02     117.0    186.2
2015  3 29    88   11 27  0     82.98    0.1063E-02     118.3    192.1
2015  3 29    88   11 28  0     82.79    0.1090E-02     118.7    198.5
2015  3 29    88   11 29  0     82.60    0.1146E-02     119.2    199.6
2015  3 29    88   11 30  0     82.41    0.1194E-02     119.8    202.7
2015  3 29    88   11 31  0     82.22    0.1241E-02     120.3    205.9
2015  3 29    88   11 32  0     82.03    0.1288E-02     120.9    209.2
2015  3 29    88   11 33  0     81.84    0.1356E-02     121.1    209.1
2015  3 29    88   11 34  0     81.65    0.1386E-02     121.1    215.3
2015  3 29    88   11 35  0     81.46    0.1432E-02     121.1    218.6
2015  3 29    88   11 36  0     81.27    0.1474E-02     121.2    223.1
2015  3 29    88   11 37  0     81.08    0.1550E-02     121.4    222.7
2015  3 29    88   11 38  0     80.89    0.1591E-02     121.4    227.8
2015  3 29    88   11 39  0     80.71    0.1661E-02     121.0    228.6
2015  3 29    88   11 40  0     80.52    0.1726E-02     120.5    230.9
2015  3 29    88   11 41  0     80.33    0.1762E-02     120.4    237.8
2015  3 29    88   11 42  0     80.14    0.1845E-02     120.6    238.5
2015  3 29    88   11 43  0     79.95    0.1889E-02     120.9    245.1
2015  3 29    88   11 44  0     79.76    0.1970E-02     121.2    247.0
2015  3 29    88   11 45  0     79.57    0.2056E-02     121.1    248.2
2015  3 29    88   11 46  0     79.38    0.2124E-02     121.1    251.8
2015  3 29    88   11 47  0     79.19    0.2193E-02     120.4    254.3
2015  3 29    88   11 48  0     79.00    0.2246E-02     120.6    259.8
2015  3 29    88   11 49  0     78.81    0.2324E-02     118.4    260.6
2015  3 29    88   11 50  0     78.63    0.2418E-02     118.1    261.2
2015  3 29    88   11 51  0     78.44    0.2494E-02     118.5    263.9
2015  3 29    88   11 52  0     78.25    0.2544E-02     119.5    269.9
2015  3 29    88   11 53  0     78.06    0.2614E-02     120.2    273.1
2015  3 29    88   11 54  0     77.87    0.2694E-02     119.9    275.4
2015  3 29    88   11 55  0     77.68    0.2786E-02     119.8    277.9
2015  3 29    88   11 56  0     77.49    0.2887E-02     119.4    280.2
2015  3 29    88   11 57  0     77.31    0.3005E-02     118.6    281.0
2015  3 29    88   11 58  0     77.12    0.3121E-02     120.9    285.5
2015  3 29    88   11 59  0     76.93    0.3281E-02     122.7    286.5
2015  3 29    88   12  0  0     76.74    0.3419E-02     124.1    290.0
2015  3 29    88   12  1  0     76.55    0.3581E-02     125.2    290.8
2015  3 29    88   12  2  0     76.36    0.3695E-02     125.7    295.4
2015  3 29    88   12  3  0     76.18    0.3831E-02     125.8    297.2
2015  3 29    88   12  4  0     75.99    0.3959E-02     126.2    300.3
2015  3 29    88   12  5  0     75.80    0.4111E-02     126.8    302.0
2015  3 29    88   12  6  0     75.61    0.4269E-02     127.2    303.8
2015  3 29    88   12  7  0     75.43    0.4414E-02     126.7    305.9
2015  3 29    88   12  8  0     75.24    0.4589E-02     125.9    305.7
2015  3 29    88   12  9  0     75.05    0.4745E-02     125.6    307.8
2015  3 29    88   12 10  0     74.86    0.4899E-02     122.4    307.4
2015  3 29    88   12 11  0     74.68    0.5037E-02     117.7    306.1
2015  3 29    88   12 12  0     74.49    0.5215E-02     118.1    308.0
2015  3 29    88   12 13  0     74.30    0.5389E-02     119.2    310.8
2015  3 29    88   12 14  0     74.12    0.5518E-02     115.8    311.1
2015  3 29    88   12 15  0     73.93    0.5713E-02     116.0    313.0
2015  3 29    88   12 16  0     73.74    0.5891E-02     115.6    314.7
2015  3 29    88   12 17  0     73.55    0.6086E-02     115.8    316.3
2015  3 29    88   12 18  0     73.37    0.6307E-02     117.8    318.5
2015  3 29    88   12 19  0     73.18    0.6521E-02     118.6    320.1
2015  3 29    88   12 20  0     72.99    0.6693E-02     115.9    319.8
2015  3 29    88   12 21  0     72.81    0.6878E-02     114.7    320.7
2015  3 29    88   12 22  0     72.62    0.7060E-02     114.3    323.1
2015  3 29    88   12 23  0     72.43    0.7288E-02     113.7    322.9
2015  3 29    88   12 24  0     72.25    0.7539E-02     115.4    325.0
2015  3 29    88   12 25  0     72.06    0.7729E-02     114.0    326.0
2015  3 29    88   12 26  0     71.88    0.8007E-02     115.9    327.5
2015  3 29    88   12 27  0     71.69    0.8355E-02     120.9    330.8
2015  3 29    88   12 28  0     71.50    0.8680E-02     124.4    333.3
2015  3 29    88   12 29  0     71.32    0.9033E-02     127.2    334.9
2015  3 29    88   12 30  0     71.13    0.9304E-02     127.1    335.5
2015  3 29    88   12 31  0     70.95    0.9584E-02     127.1    336.6
2015  3 29    88   12 32  0     70.76    0.9841E-02     127.0    338.2
2015  3 29    88   12 33  0     70.58    0.1012E-01     126.9    339.1
2015  3 29    88   12 34  0     70.39    0.1043E-01     126.8    339.3
2015  3 29    88   12 35  0     70.21    0.1073E-01     126.5    339.8
2015  3 29    88   12 36  0     70.02    0.1105E-01     126.6    340.0
2015  3 29    88   12 37  0     69.84    0.1137E-01     126.6    340.8
2015  3 29    88   12 38  0     69.65    0.1171E-01     126.5    341.0
2015  3 29    88   12 39  0     69.47    0.1202E-01     126.5    342.2
2015  3 29    88   12 40  0     69.29    0.1239E-01     126.6    342.1
2015  3 29    88   12 41  0     69.10    0.1272E-01     126.6    342.9
2015  3 29    88   12 42  0     68.92    0.1310E-01     126.7    343.0
2015  3 29    88   12 43  0     68.74    0.1343E-01     126.4    344.0
2015  3 29    88   12 44  0     68.55    0.1382E-01     126.6    344.2
2015  3 29    88   12 45  0     68.37    0.1417E-01     126.7    345.2
2015  3 29    88   12 46  0     68.19    0.1455E-01     126.7    345.7
2015  3 29    88   12 47  0     68.00    0.1494E-01     126.7    345.9
2015  3 29    88   12 48  0     67.82    0.1534E-01     126.8    346.2
2015  3 29    88   12 49  0     67.64    0.1575E-01     126.7    346.5
2015  3 29    88   12 50  0     67.45    0.1616E-01     126.7    346.9
2015  3 29    88   12 51  0     67.27    0.1656E-01     126.8    347.8
2015  3 29    88   12 52  0     67.09    0.1695E-01     126.6    348.4
2015  3 29    88   12 53  0     66.91    0.1738E-01     126.7    348.8
2015  3 29    88   12 54  0     66.73    0.1785E-01     126.8    349.0
2015  3 29    88   12 55  0     66.54    0.1829E-01     126.5    349.4
2015  3 29    88   12 56  0     66.36    0.1876E-01     126.5    349.6
2015  3 29    88   12 57  0     66.18    0.1923E-01     126.5    349.9
2015  3 29    88   12 58  0     66.00    0.1971E-01     126.5    350.3
2015  3 29    88   12 59  0     65.82    0.2021E-01     126.7    351.8
2015  3 29    88   13  0  0     65.64    0.2072E-01     126.8    350.8
2015  3 29    88   13  1  0     65.46    0.2120E-01     127.1    351.4
2015  3 29    88   13  2  0     65.28    0.2168E-01     127.1    351.6
2015  3 29    88   13  3  0     65.10    0.2219E-01     127.3    352.1
2015  3 29    88   13  4  0     64.92    0.2267E-01     127.3    353.5
2015  3 29    88   13  5  0     64.74    0.2316E-01     127.3    354.0
2015  3 29    88   13  6  0     64.56    0.2367E-01     127.2    353.7
2015  3 29    88   13  7  0     64.38    0.2419E-01     127.1    353.8
2015  3 29    88   13  8  0     64.20    0.2469E-01     127.1    354.2
2015  3 29    88   13  9  0     64.02    0.2529E-01     127.2    354.3
2015  3 29    88   13 10  0     63.84    0.2582E-01     127.3    355.6
2015  3 29    88   13 11  0     63.67    0.2641E-01     127.5    355.9
2015  3 29    88   13 12  0     63.49    0.2697E-01     127.7    356.2
2015  3 29    88   13 13  0     63.31    0.2753E-01     127.6    356.0
2015  3 29    88   13 14  0     63.13    0.2811E-01     127.6    356.2
2015  3 29    88   13 15  0     62.95    0.2870E-01     127.8    357.0
2015  3 29    88   13 16  0     62.78    0.2928E-01     127.8    357.3
2015  3 29    88   13 17  0     62.60    0.2988E-01     127.9    357.7
2015  3 29    88   13 18  0     62.42    0.3052E-01     128.0    357.8
2015  3 29    88   13 19  0     62.25    0.3110E-01     127.9    358.2
2015  3 29    88   13 20  0     62.07    0.3174E-01     127.9    357.8
2015  3 29    88   13 21  0     61.89    0.3241E-01     128.1    358.4
2015  3 29    88   13 22  0     61.72    0.3311E-01     128.2    358.5
2015  3 29    88   13 23  0     61.54    0.3377E-01     128.3    358.6
2015  3 29    88   13 24  0     61.36    0.3444E-01     128.3    358.9
2015  3 29    88   13 25  0     61.19    0.3510E-01     128.3    359.1
2015  3 29    88   13 26  0     61.01    0.3581E-01     128.3    358.8
2015  3 29    88   13 27  0     60.84    0.3653E-01     128.3    359.1
2015  3 29    88   13 28  0     60.66    0.3723E-01     128.3    359.3
2015  3 29    88   13 29  0     60.49    0.3799E-01     128.4    359.3
2015  3 29    88   13 30  0     60.32    0.3876E-01     128.6    359.4
2015  3 29    88   13 31  0     60.14    0.3951E-01     128.7    359.3
2015  3 29    88   13 32  0     59.97    0.4031E-01     128.7    359.3
2015  3 29    88   13 33  0     59.80    0.4109E-01     128.9    359.5
2015  3 29    88   13 34  0     59.62    0.4185E-01     128.9    359.6
2015  3 29    88   13 35  0     59.45    0.4255E-01     128.8    359.8
2015  3 29    88   13 36  0     59.28    0.4327E-01     128.9    360.0
2015  3 29    88   13 37  0     59.11    0.4401E-01     128.9    360.2
2015  3 29    88   13 38  0     58.94    0.4478E-01     128.9    360.4
2015  3 29    88   13 39  0     58.76    0.4567E-01     129.3    360.3
2015  3 29    88   13 40  0     58.59    0.4642E-01     129.3    360.7
2015  3 29    88   13 41  0     58.42    0.4719E-01     129.3    360.8
2015  3 29    88   13 42  0     58.25    0.4804E-01     129.3    360.8
2015  3 29    88   13 43  0     58.08    0.4888E-01     129.3    360.7
2015  3 29    88   13 44  0     57.91    0.4968E-01     129.2    360.7
2015  3 29    88   13 45  0     57.74    0.5054E-01     129.2    360.8
2015  3 29    88   13 46  0     57.57    0.5141E-01     129.3    360.8
2015  3 29    88   13 47  0     57.41    0.5229E-01     129.3    360.7
2015  3 29    88   13 48  0     57.24    0.5320E-01     129.3    360.7
2015  3 29    88   13 49  0     57.07    0.5413E-01     129.4    360.6
2015  3 29    88   13 50  0     56.90    0.5504E-01     129.4    360.5
2015  3 29    88   13 51  0     56.73    0.5590E-01     129.4    360.5
2015  3 29    88   13 52  0     56.57    0.5676E-01     129.3    360.6
2015  3 29    88   13 53  0     56.40    0.5766E-01     129.3    360.6
2015  3 29    88   13 54  0     56.23    0.5866E-01     129.4    360.5
2015  3 29    88   13 55  0     56.07    0.5964E-01     129.6    360.4
2015  3 29    88   13 56  0     55.90    0.6063E-01     129.6    360.3
2015  3 29    88   13 57  0     55.74    0.6158E-01     129.6    360.3
2015  3 29    88   13 58  0     55.57    0.6257E-01     129.5    360.1
2015  3 29    88   13 59  0     55.41    0.6350E-01     129.4    360.1
2015  3 29    88   14  0  0     55.24    0.6446E-01     129.5    360.1
2015  3 29    88   14  1  0     55.08    0.6548E-01     129.6    360.1
2015  3 29    88   14  2  0     54.92    0.6658E-01     130.1    360.2
2015  3 29    88   14  3  0     54.75    0.6765E-01     130.1    360.1
2015  3 29    88   14  4  0     54.59    0.6853E-01     130.0    360.2
2015  3 29    88   14  5  0     54.43    0.6935E-01     129.9    360.4
2015  3 29    88   14  6  0     54.27    0.7037E-01     130.0    360.5
2015  3 29    88   14  7  0     54.11    0.7132E-01     130.0    360.5
2015  3 29    88   14  8  0     53.94    0.7227E-01     129.8    360.5
2015  3 29    88   14  9  0     53.78    0.7322E-01     129.9    360.6
2015  3 29    88   14 10  0     53.62    0.7428E-01     130.1    360.8
2015  3 29    88   14 11  0     53.46    0.7522E-01     130.1    360.9
2015  3 29    88   14 12  0     53.31    0.7618E-01     130.1    360.9
2015  3 29    88   14 13  0     53.15    0.7719E-01     130.2    361.0
2015  3 29    88   14 14  0     52.99    0.7811E-01     130.1    361.1
2015  3 29    88   14 15  0     52.83    0.7903E-01     130.0    361.2
2015  3 29    88   14 16  0     52.67    0.8004E-01     130.1    361.4
2015  3 29    88   14 17  0     52.52    0.8101E-01     130.1    361.5
2015  3 29    88   14 18  0     52.36    0.8195E-01     130.1    361.6
2015  3 29    88   14 19  0     52.20    0.8283E-01     130.0    361.9
2015  3 29    88   14 20  0     52.05    0.8367E-01     129.9    362.2
2015  3 29    88   14 21  0     51.89    0.8463E-01     130.1    362.5
2015  3 29    88   14 22  0     51.74    0.8558E-01     130.1    362.6
2015  3 29    88   14 23  0     51.58    0.8650E-01     130.0    362.8
2015  3 29    88   14 24  0     51.43    0.8741E-01     130.3    363.3
2015  3 29    88   14 25  0     51.27    0.8827E-01     130.3    363.7
2015  3 29    88   14 26  0     51.12    0.8916E-01     130.3    363.9
2015  3 29    88   14 27  0     50.97    0.9014E-01     130.4    364.1
2015  3 29    88   14 28  0     50.82    0.9109E-01     130.4    364.2
2015  3 29    88   14 29  0     50.67    0.9191E-01     130.3    364.6
2015  3 29    88   14 30  0     50.51    0.9270E-01     130.2    364.9
2015  3 29    88   14 31  0     50.36    0.9353E-01     130.2    365.2
2015  3 29    88   14 32  0     50.21    0.9457E-01     130.6    365.7
2015  3 29    88   14 33  0     50.06    0.9560E-01     130.6    365.8
2015  3 29    88   14 34  0     49.92    0.9642E-01     130.7    366.2
2015  3 29    88   14 35  0     49.77    0.9728E-01     130.5    366.4
2015  3 29    88   14 36  0     49.62    0.9809E-01     130.4    366.6
2015  3 29    88   14 37  0     49.47    0.9894E-01     130.4    367.0
2015  3 29    88   14 38  0     49.33    0.9996E-01     130.8    367.5
2015  3 29    88   14 39  0     49.18    0.1009E+00     130.9    367.9
2015  3 29    88   14 40  0     49.04    0.1017E+00     130.9    368.3
2015  3 29    88   14 41  0     48.89    0.1025E+00     130.9    368.7
2015  3 29    88   14 42  0     48.75    0.1034E+00     130.8    368.9
2015  3 29    88   14 43  0     48.60    0.1042E+00     130.8    369.2
2015  3 29    88   14 44  0     48.46    0.1050E+00     131.0    369.7
2015  3 29    88   14 45  0     48.32    0.1060E+00     131.0    370.0
2015  3 29    88   14 46  0     48.17    0.1069E+00     130.9    370.1
2015  3 29    88   14 47  0     48.03    0.1077E+00     130.8    370.2
2015  3 29    88   14 48  0     47.89    0.1085E+00     130.4    370.3
2015  3 29    88   14 49  0     47.75    0.1095E+00     130.4    370.4
2015  3 29    88   14 50  0     47.61    0.1108E+00     130.8    370.3
2015  3 29    88   14 51  0     47.47    0.1120E+00     131.1    370.4
2015  3 29    88   14 52  0     47.34    0.1131E+00     131.0    370.3
2015  3 29    88   14 53  0     47.20    0.1141E+00     131.1    370.4
2015  3 29    88   14 54  0     47.06    0.1151E+00     131.3    370.7
2015  3 29    88   14 55  0     46.93    0.1163E+00     131.2    370.3
2015  3 29    88   14 56  0     46.79    0.1174E+00     131.2    370.2
2015  3 29    88   14 57  0     46.66    0.1183E+00     131.2    370.5
2015  3 29    88   14 58  0     46.52    0.1192E+00     131.3    370.8
2015  3 29    88   14 59  0     46.39    0.1203E+00     131.3    370.7
2015  3 29    88   15  0  0     46.26    0.1214E+00     131.3    370.4
2015  3 29    88   15  1  0     46.12    0.1226E+00     131.1    370.0
2015  3 29    88   15  2  0     45.99    0.1237E+00     131.0    369.8
2015  3 29    88   15  3  0     45.86    0.1250E+00     131.2    369.5
2015  3 29    88   15  4  0     45.73    0.1265E+00     131.5    369.3
2015  3 29    88   15  5  0     45.60    0.1276E+00     131.4    369.2
2015  3 29    88   15  6  0     45.47    0.1284E+00     131.2    369.2
2015  3 29    88   15  7  0     45.35    0.1297E+00     131.3    368.9
2015  3 29    88   15  8  0     45.22    0.1311E+00     131.4    368.6
2015  3 29    88   15  9  0     45.09    0.1323E+00     131.4    368.3
2015  3 29    88   15 10  0     44.97    0.1335E+00     131.4    368.0
2015  3 29    88   15 11  0     44.84    0.1347E+00     131.4    367.8
2015  3 29    88   15 12  0     44.72    0.1361E+00     131.5    367.4
2015  3 29    88   15 13  0     44.59    0.1375E+00     131.6    367.2
2015  3 29    88   15 14  0     44.47    0.1387E+00     131.7    366.9
2015  3 29    88   15 15  0     44.35    0.1401E+00     132.0    366.7
2015  3 29    88   15 16  0     44.23    0.1413E+00     132.1    366.5
2015  3 29    88   15 17  0     44.11    0.1424E+00     131.9    366.2
2015  3 29    88   15 18  0     43.99    0.1435E+00     131.9    366.0
2015  3 29    88   15 19  0     43.87    0.1448E+00     131.8    365.7
2015  3 29    88   15 20  0     43.75    0.1460E+00     131.7    365.4
2015  3 29    88   15 21  0     43.63    0.1471E+00     131.7    365.3
2015  3 29    88   15 22  0     43.52    0.1483E+00     131.9    365.1
2015  3 29    88   15 23  0     43.40    0.1493E+00     131.9    365.1
2015  3 29    88   15 24  0     43.29    0.1502E+00     131.7    365.0
2015  3 29    88   15 25  0     43.18    0.1512E+00     131.7    364.9
2015  3 29    88   15 26  0     43.06    0.1522E+00     131.6    364.8
2015  3 29    88   15 27  0     42.95    0.1532E+00     131.5    364.7
2015  3 29    88   15 28  0     42.84    0.1547E+00     131.7    364.3
2015  3 29    88   15 29  0     42.73    0.1558E+00     131.7    364.2
2015  3 29    88   15 30  0     42.62    0.1567E+00     131.8    364.3
2015  3 29    88   15 31  0     42.51    0.1575E+00     131.7    364.4
2015  3 29    88   15 32  0     42.40    0.1583E+00     131.7    364.5
2015  3 29    88   15 33  0     42.30    0.1592E+00     131.6    364.4
2015  3 29    88   15 34  0     42.19    0.1600E+00     131.6    364.5
2015  3 29    88   15 35  0     42.09    0.1610E+00     131.7    364.6
2015  3 29    88   15 36  0     41.98    0.1618E+00     131.8    364.7
2015  3 29    88   15 37  0     41.88    0.1624E+00     131.7    364.9
2015  3 29    88   15 38  0     41.78    0.1632E+00     131.8    365.1
2015  3 29    88   15 39  0     41.68    0.1639E+00     131.9    365.5
2015  3 29    88   15 40  0     41.58    0.1643E+00     131.8    365.8
2015  3 29    88   15 41  0     41.48    0.1650E+00     131.8    366.1
2015  3 29    88   15 42  0     41.38    0.1658E+00     131.9    366.2
2015  3 29    88   15 43  0     41.28    0.1663E+00     131.9    366.6
2015  3 29    88   15 44  0     41.19    0.1667E+00     131.9    367.1
2015  3 29    88   15 45  0     41.09    0.1675E+00     132.2    367.5
2015  3 29    88   15 46  0     41.00    0.1682E+00     132.2    367.6
2015  3 29    88   15 47  0     40.91    0.1687E+00     132.0    367.7
2015  3 29    88   15 48  0     40.82    0.1691E+00     132.1    368.1
2015  3 29    88   15 49  0     40.73    0.1697E+00     132.1    368.5
2015  3 29    88   15 50  0     40.64    0.1704E+00     132.2    368.6
2015  3 29    88   15 51  0     40.55    0.1706E+00     132.0    368.9
2015  3 29    88   15 52  0     40.46    0.1708E+00     131.8    369.3
2015  3 29    88   15 53  0     40.37    0.1709E+00     131.7    369.9
2015  3 29    88   15 54  0     40.29    0.1711E+00     131.6    370.4
2015  3 29    88   15 55  0     40.20    0.1712E+00     131.5    370.9
2015  3 29    88   15 56  0     40.12    0.1718E+00     131.6    371.2
2015  3 29    88   15 57  0     40.04    0.1728E+00     132.0    371.4
2015  3 29    88   15 58  0     39.96    0.1734E+00     132.0    371.6
2015  3 29    88   15 59  0     39.88    0.1741E+00     132.0    371.5
2015  3 29    88   16  0  0     39.80    0.1746E+00     132.2    371.9
2015  3 29    88   16  1  0     39.72    0.1751E+00     132.2    372.1
2015  3 29    88   16  2  0     39.64    0.1755E+00     132.1    372.4
2015  3 29    88   16  3  0     39.57    0.1758E+00     132.2    372.7
2015  3 29    88   16  4  0     39.49    0.1763E+00     132.1    372.8
2015  3 29    88   16  5  0     39.42    0.1767E+00     132.1    373.0
2015  3 29    88   16  6  0     39.35    0.1772E+00     132.1    373.0
2015  3 29    88   16  7  0     39.28    0.1781E+00     132.2    373.0
2015  3 29    88   16  8  0     39.21    0.1789E+00     132.3    372.9
2015  3 29    88   16  9  0     39.14    0.1792E+00     132.2    373.1
2015  3 29    88   16 10  0     39.07    0.1799E+00     132.3    373.1
2015  3 29    88   16 11  0     39.00    0.1808E+00     132.3    372.8
2015  3 29    88   16 12  0     38.94    0.1818E+00     132.4    372.4
2015  3 29    88   16 13  0     38.87    0.1824E+00     132.4    372.3
2015  3 29    88   16 14  0     38.81    0.1830E+00     132.3    372.3
2015  3 29    88   16 15  0     38.75    0.1837E+00     132.3    372.1
2015  3 29    88   16 16  0     38.69    0.1842E+00     132.4    372.2
2015  3 29    88   16 17  0     38.63    0.1847E+00     132.5    372.4
2015  3 29    88   16 18  0     38.57    0.1854E+00     132.7    372.4
2015  3 29    88   16 19  0     38.51    0.1862E+00     132.8    372.3
2015  3 29    88   16 20  0     38.46    0.1866E+00     132.9    372.5
2015  3 29    88   16 21  0     38.41    0.1872E+00     132.9    372.4
2015  3 29    88   16 22  0     38.35    0.1880E+00     133.0    372.3
2015  3 29    88   16 23  0     38.30    0.1886E+00     132.9    372.0
2015  3 29    88   16 24  0     38.25    0.1888E+00     132.7    371.8
2015  3 29    88   16 25  0     38.20    0.1893E+00     132.6    371.6
2015  3 29    88   16 26  0     38.15    0.1900E+00     132.6    371.4
2015  3 29    88   16 27  0     38.11    0.1909E+00     132.5    370.9
2015  3 29    88   16 28  0     38.06    0.1916E+00     132.5    370.6
2015  3 29    88   16 29  0     38.01    0.1922E+00     132.4    370.3
2015  3 29    88   16 30  0     37.97    0.1928E+00     132.2    369.9
2015  3 29    88   16 31  0     37.93    0.1937E+00     132.3    369.5
2015  3 29    88   16 32  0     37.89    0.1947E+00     132.6    369.3
2015  3 29    88   16 33  0     37.85    0.1953E+00     132.8    369.2
2015  3 29    88   16 34  0     37.81    0.1964E+00     133.2    369.0
2015  3 29    88   16 35  0     37.78    0.1969E+00     133.2    368.9
2015  3 29    88   16 36  0     37.74    0.1973E+00     133.3    368.9
2015  3 29    88   16 37  0     37.71    0.1976E+00     133.2    368.9
2015  3 29    88   16 38  0     37.68    0.1977E+00     133.1    368.8
2015  3 29    88   16 39  0     37.64    0.1984E+00     133.2    368.6
2015  3 29    88   16 40  0     37.61    0.1990E+00     133.4    368.5
2015  3 29    88   16 41  0     37.59    0.1994E+00     133.3    368.3
2015  3 29    88   16 42  0     37.56    0.2000E+00     133.3    368.0
2015  3 29    88   16 43  0     37.53    0.2007E+00     133.4    367.7
2015  3 29    88   16 44  0     37.51    0.2013E+00     133.4    367.2
2015  3 29    88   16 45  0     37.49    0.2015E+00     133.2    367.1
2015  3 29    88   16 46  0     37.46    0.2012E+00     133.0    367.2
2015  3 29    88   16 47  0     37.44    0.2012E+00     133.1    367.5
2015  3 29    88   16 48  0     37.43    0.2012E+00     133.0    367.6
2015  3 29    88   16 49  0     37.41    0.2010E+00     132.8    367.8
2015  3 29    88   16 50  0     37.39    0.2014E+00     133.2    367.9
2015  3 29    88   16 51  0     37.38    0.2020E+00     133.4    367.7
2015  3 29    88   16 52  0     37.36    0.2025E+00     133.5    367.6
2015  3 29    88   16 53  0     37.35    0.2024E+00     133.4    367.6
2015  3 29    88   16 54  0     37.34    0.2023E+00     133.3    367.7
2015  3 29    88   16 55  0     37.33    0.2022E+00     133.3    367.9
2015  3 29    88   16 56  0     37.32    0.2022E+00     133.6    368.3
2015  3 29    88   16 57  0     37.31    0.2019E+00     133.6    368.6
2015  3 29    88   16 58  0     37.31    0.2021E+00     133.7    368.5
2015  3 29    88   16 59  0     37.30    0.2020E+00     133.5    368.5
2015  3 29    88   17  0  0     37.30    0.2020E+00     133.5    368.5
2015  3 29    88   17  1  0     37.30    0.2018E+00     133.4    368.5
2015  3 29    88   17  2  0     37.30    0.2015E+00     133.3    368.7
2015  3 29    88   17  3  0     37.30    0.2013E+00     133.2    368.8
2015  3 29    88   17  4  0     37.30    0.2012E+00     133.1    368.7
2015  3 29    88   17  5  0     37.31    0.2015E+00     133.1    368.3
2015  3 29    88   17  6  0     37.31    0.2015E+00     133.1    368.4
2015  3 29    88   17  7  0     37.32    0.2021E+00     133.4    368.2
2015  3 29    88   17  8  0     37.33    0.2023E+00     133.5    368.0
2015  3 29    88   17  9  0     37.34    0.2024E+00     133.5    367.8
2015  3 29    88   17 10  0     37.35    0.2022E+00     133.5    367.9
2015  3 29    88   17 11  0     37.36    0.2019E+00     133.7    368.3
2015  3 29    88   17 12  0     37.37    0.2017E+00     133.6    368.3
2015  3 29    88   17 13  0     37.39    0.2017E+00     133.5    368.1
2015  3 29    88   17 14  0     37.40    0.2012E+00     133.5    368.3
2015  3 29    88   17 15  0     37.42    0.2010E+00     133.6    368.4
2015  3 29    88   17 16  0     37.44    0.2011E+00     133.7    368.4
2015  3 29    88   17 17  0     37.46    0.2009E+00     133.6    368.2
2015  3 29    88   17 18  0     37.48    0.2003E+00     133.2    368.1
2015  3 29    88   17 19  0     37.50    0.2002E+00     133.3    368.2
2015  3 29    88   17 20  0     37.53    0.2003E+00     133.6    368.2
2015  3 29    88   17 21  0     37.56    0.1997E+00     133.3    368.2
2015  3 29    88   17 22  0     37.58    0.1995E+00     133.2    368.0
2015  3 29    88   17 23  0     37.61    0.1996E+00     133.2    367.7
2015  3 29    88   17 24  0     37.64    0.1998E+00     133.4    367.5
2015  3 29    88   17 25  0     37.67    0.1999E+00     133.5    367.2
2015  3 29    88   17 26  0     37.70    0.1999E+00     133.5    367.0
2015  3 29    88   17 27  0     37.74    0.2001E+00     133.8    366.8
2015  3 29    88   17 28  0     37.77    0.2001E+00     133.9    366.7
2015  3 29    88   17 29  0     37.81    0.2001E+00     133.9    366.4
2015  3 29    88   17 30  0     37.84    0.1997E+00     133.7    366.2
2015  3 29    88   17 31  0     37.88    0.1991E+00     133.5    366.2
2015  3 29    88   17 32  0     37.92    0.1984E+00     133.4    366.4
2015  3 29    88   17 33  0     37.96    0.1982E+00     133.6    366.4
2015  3 29    88   17 34  0     38.01    0.1976E+00     133.5    366.5
2015  3 29    88   17 35  0     38.05    0.1970E+00     133.4    366.5
2015  3 29    88   17 36  0     38.10    0.1966E+00     133.3    366.4
2015  3 29    88   17 37  0     38.14    0.1966E+00     133.4    366.2
2015  3 29    88   17 38  0     38.19    0.1964E+00     133.6    366.1
2015  3 29    88   17 39  0     38.24    0.1959E+00     133.6    366.2
2015  3 29    88   17 40  0     38.29    0.1954E+00     133.5    366.2
2015  3 29    88   17 41  0     38.34    0.1951E+00     133.3    365.8
2015  3 29    88   17 42  0     38.39    0.1945E+00     133.2    365.7
2015  3 29    88   17 43  0     38.45    0.1942E+00     133.1    365.4
2015  3 29    88   17 44  0     38.50    0.1935E+00     132.9    365.4
2015  3 29    88   17 45  0     38.56    0.1930E+00     132.8    365.3
2015  3 29    88   17 46  0     38.62    0.1928E+00     132.9    365.2
2015  3 29    88   17 47  0     38.68    0.1927E+00     133.2    365.0
2015  3 29    88   17 48  0     38.74    0.1923E+00     133.4    365.1
2015  3 29    88   17 49  0     38.80    0.1920E+00     133.5    365.0
2015  3 29    88   17 50  0     38.86    0.1914E+00     133.5    365.1
2015  3 29    88   17 51  0     38.93    0.1914E+00     133.8    364.8
2015  3 29    88   17 52  0     38.99    0.1912E+00     133.8    364.4
2015  3 29    88   17 53  0     39.06    0.1909E+00     134.0    364.4
2015  3 29    88   17 54  0     39.12    0.1899E+00     133.8    364.5
2015  3 29    88   17 55  0     39.19    0.1891E+00     133.5    364.4
2015  3 29    88   17 56  0     39.26    0.1887E+00     133.4    363.9
2015  3 29    88   17 57  0     39.33    0.1886E+00     133.6    363.7
2015  3 29    88   17 58  0     39.40    0.1883E+00     133.7    363.5
2015  3 29    88   17 59  0     39.48    0.1879E+00     133.8    363.4
2015  3 29    88   18  0  0     39.55    0.1877E+00     133.9    363.1
2015  3 29    88   18  1  0     39.63    0.1872E+00     133.9    362.8
2015  3 29    88   18  2  0     39.71    0.1870E+00     133.9    362.4
2015  3 29    88   18  3  0     39.78    0.1862E+00     133.8    362.3
2015  3 29    88   18  4  0     39.86    0.1856E+00     133.8    362.2
2015  3 29    88   18  5  0     39.94    0.1853E+00     133.9    361.9
2015  3 29    88   18  6  0     40.02    0.1849E+00     133.9    361.6
2015  3 29    88   18  7  0     40.10    0.1843E+00     133.7    361.3
2015  3 29    88   18  8  0     40.19    0.1840E+00     133.8    360.9
2015  3 29    88   18  9  0     40.27    0.1836E+00     133.8    360.5
2015  3 29    88   18 10  0     40.36    0.1828E+00     133.5    360.3
2015  3 29    88   18 11  0     40.44    0.1818E+00     133.2    360.1
2015  3 29    88   18 12  0     40.53    0.1813E+00     133.1    359.7
2015  3 29    88   18 13  0     40.62    0.1807E+00     133.0    359.4
2015  3 29    88   18 14  0     40.71    0.1800E+00     133.0    359.2
2015  3 29    88   18 15  0     40.80    0.1797E+00     133.1    358.9
2015  3 29    88   18 16  0     40.89    0.1796E+00     133.3    358.5
2015  3 29    88   18 17  0     40.98    0.1788E+00     133.2    358.2
2015  3 29    88   18 18  0     41.08    0.1781E+00     133.0    357.6
2015  3 29    88   18 19  0     41.17    0.1771E+00     132.8    357.5
2015  3 29    88   18 20  0     41.27    0.1764E+00     132.7    357.2
2015  3 29    88   18 21  0     41.36    0.1758E+00     132.9    357.1
2015  3 29    88   18 22  0     41.46    0.1757E+00     133.3    356.8
2015  3 29    88   18 23  0     41.56    0.1752E+00     133.4    356.4
2015  3 29    88   18 24  0     41.66    0.1742E+00     133.2    356.8
2015  3 29    88   18 25  0     41.76    0.1732E+00     133.3    356.9
2015  3 29    88   18 26  0     41.86    0.1726E+00     133.4    356.8
2015  3 29    88   18 27  0     41.97    0.1723E+00     133.8    356.5
2015  3 29    88   18 28  0     42.07    0.1712E+00     133.5    355.8
2015  3 29    88   18 29  0     42.17    0.1703E+00     133.4    355.8
2015  3 29    88   18 30  0     42.28    0.1696E+00     133.5    355.5
2015  3 29    88   18 31  0     42.39    0.1688E+00     133.4    355.2
2015  3 29    88   18 32  0     42.49    0.1677E+00     133.1    355.0
2015  3 29    88   18 33  0     42.60    0.1668E+00     133.1    354.8
2015  3 29    88   18 34  0     42.71    0.1660E+00     133.1    354.6
2015  3 29    88   18 35  0     42.82    0.1654E+00     133.2    354.3
2015  3 29    88   18 36  0     42.93    0.1648E+00     133.3    354.1
2015  3 29    88   18 37  0     43.04    0.1640E+00     133.3    353.8
2015  3 29    88   18 38  0     43.15    0.1631E+00     133.3    353.7
2015  3 29    88   18 39  0     43.27    0.1621E+00     133.0    353.3
2015  3 29    88   18 40  0     43.38    0.1613E+00     132.8    352.7
2015  3 29    88   18 41  0     43.50    0.1607E+00     132.8    352.3
2015  3 29    88   18 42  0     43.61    0.1602E+00     132.9    351.8
2015  3 29    88   18 43  0     43.73    0.1596E+00     133.1    351.5
2015  3 29    88   18 44  0     43.85    0.1590E+00     133.1    351.0
2015  3 29    88   18 45  0     43.97    0.1582E+00     133.0    350.5
2015  3 29    88   18 46  0     44.08    0.1575E+00     132.9    350.0
2015  3 29    88   18 47  0     44.21    0.1568E+00     132.9    349.6
2015  3 29    88   18 48  0     44.33    0.1562E+00     132.9    349.2
2015  3 29    88   18 49  0     44.45    0.1555E+00     132.9    348.7
2015  3 29    88   18 50  0     44.57    0.1550E+00     133.1    348.3
2015  3 29    88   18 51  0     44.69    0.1544E+00     133.3    348.0
2015  3 29    88   18 52  0     44.82    0.1539E+00     133.5    347.5
2015  3 29    88   18 53  0     44.94    0.1533E+00     133.8    347.1
2015  3 29    88   18 54  0     45.07    0.1528E+00     133.9    346.5
2015  3 29    88   18 55  0     45.19    0.1521E+00     133.9    346.1
2015  3 29    88   18 56  0     45.32    0.1513E+00     133.8    345.6
2015  3 29    88   18 57  0     45.45    0.1503E+00     133.5    345.1
2015  3 29    88   18 58  0     45.58    0.1497E+00     133.5    344.5
2015  3 29    88   18 59  0     45.71    0.1490E+00     133.5    343.9
2015  3 29    88   19  0  0     45.83    0.1484E+00     133.4    343.2
2015  3 29    88   19  1  0     45.97    0.1478E+00     133.5    342.7
2015  3 29    88   19  2  0     46.10    0.1470E+00     133.3    342.0
2015  3 29    88   19  3  0     46.23    0.1461E+00     133.1    341.4
2015  3 29    88   19  4  0     46.36    0.1455E+00     133.2    340.9
2015  3 29    88   19  5  0     46.50    0.1448E+00     133.1    340.1
2015  3 29    88   19  6  0     46.63    0.1438E+00     132.9    339.7
2015  3 29    88   19  7  0     46.76    0.1428E+00     132.6    339.3
2015  3 29    88   19  8  0     46.90    0.1419E+00     132.6    338.9
2015  3 29    88   19  9  0     47.04    0.1413E+00     132.8    338.3
2015  3 29    88   19 10  0     47.17    0.1404E+00     132.8    337.7
2015  3 29    88   19 11  0     47.31    0.1395E+00     132.8    337.4
2015  3 29    88   19 12  0     47.45    0.1386E+00     132.7    337.0
2015  3 29    88   19 13  0     47.59    0.1375E+00     132.8    337.1
2015  3 29    88   19 14  0     47.73    0.1365E+00     133.0    337.1
2015  3 29    88   19 15  0     47.87    0.1356E+00     133.2    336.9
2015  3 29    88   19 16  0     48.01    0.1345E+00     133.1    336.3
2015  3 29    88   19 17  0     48.15    0.1333E+00     133.1    336.2
2015  3 29    88   19 18  0     48.29    0.1321E+00     133.0    336.0
2015  3 29    88   19 19  0     48.43    0.1310E+00     133.0    335.7
2015  3 29    88   19 20  0     48.57    0.1298E+00     133.0    335.6
2015  3 29    88   19 21  0     48.72    0.1286E+00     133.1    336.2
2015  3 29    88   19 22  0     48.86    0.1274E+00     133.1    336.2
2015  3 29    88   19 23  0     49.01    0.1262E+00     133.2    335.6
2015  3 29    88   19 24  0     49.15    0.1251E+00     133.3    335.5
2015  3 29    88   19 25  0     49.30    0.1237E+00     133.1    335.5
2015  3 29    88   19 26  0     49.44    0.1224E+00     133.0    335.4
2015  3 29    88   19 27  0     49.59    0.1212E+00     132.9    335.3
2015  3 29    88   19 28  0     49.74    0.1200E+00     132.8    335.6
2015  3 29    88   19 29  0     49.89    0.1190E+00     132.8    335.3
2015  3 29    88   19 30  0     50.04    0.1179E+00     132.8    334.4
2015  3 29    88   19 31  0     50.18    0.1165E+00     132.6    334.4
2015  3 29    88   19 32  0     50.33    0.1153E+00     132.6    334.3
2015  3 29    88   19 33  0     50.48    0.1140E+00     132.6    334.3
2015  3 29    88   19 34  0     50.63    0.1128E+00     132.5    334.3
2015  3 29    88   19 35  0     50.79    0.1116E+00     132.6    334.2
2015  3 29    88   19 36  0     50.94    0.1106E+00     132.9    334.8
2015  3 29    88   19 37  0     51.09    0.1093E+00     132.8    334.1
2015  3 29    88   19 38  0     51.24    0.1081E+00     132.8    334.0
2015  3 29    88   19 39  0     51.39    0.1069E+00     132.7    333.9
2015  3 29    88   19 40  0     51.55    0.1058E+00     132.7    333.7
2015  3 29    88   19 41  0     51.70    0.1045E+00     132.6    333.6
2015  3 29    88   19 42  0     51.86    0.1033E+00     132.6    333.6
2015  3 29    88   19 43  0     52.01    0.1021E+00     132.6    333.7
2015  3 29    88   19 44  0     52.17    0.1008E+00     132.7    333.6
2015  3 29    88   19 45  0     52.32    0.9960E-01     132.5    333.6
2015  3 29    88   19 46  0     52.48    0.9852E-01     132.6    333.4
2015  3 29    88   19 47  0     52.64    0.9739E-01     132.6    333.3
2015  3 29    88   19 48  0     52.80    0.9621E-01     132.6    333.1
2015  3 29    88   19 49  0     52.95    0.9515E-01     132.7    333.8
2015  3 29    88   19 50  0     53.11    0.9394E-01     132.7    332.9
2015  3 29    88   19 51  0     53.27    0.9275E-01     132.6    332.9
2015  3 29    88   19 52  0     53.43    0.9137E-01     132.3    332.8
2015  3 29    88   19 53  0     53.59    0.9017E-01     132.1    332.7
2015  3 29    88   19 54  0     53.75    0.8900E-01     132.0    332.5
2015  3 29    88   19 55  0     53.91    0.8790E-01     132.2    332.6
2015  3 29    88   19 56  0     54.07    0.8680E-01     132.3    332.5
2015  3 29    88   19 57  0     54.23    0.8558E-01     132.1    332.4
2015  3 29    88   19 58  0     54.39    0.8450E-01     132.1    332.3
2015  3 29    88   19 59  0     54.55    0.8355E-01     132.2    332.0
2015  3 29    88   20  0  0     54.72    0.8244E-01     132.2    331.8
2015  3 29    88   20  1  0     54.88    0.8126E-01     132.0    331.7
2015  3 29    88   20  2  0     55.04    0.8025E-01     132.2    331.6
2015  3 29    88   20  3  0     55.21    0.7918E-01     132.2    331.4
2015  3 29    88   20  4  0     55.37    0.7798E-01     132.0    331.4
2015  3 29    88   20  5  0     55.54    0.7682E-01     131.9    331.3
2015  3 29    88   20  6  0     55.70    0.7572E-01     131.9    331.2
2015  3 29    88   20  7  0     55.87    0.7466E-01     131.8    330.9
2015  3 29    88   20  8  0     56.03    0.7366E-01     131.9    330.8
2015  3 29    88   20  9  0     56.20    0.7272E-01     132.0    330.7
2015  3 29    88   20 10  0     56.36    0.7166E-01     132.1    330.6
2015  3 29    88   20 11  0     56.53    0.7069E-01     132.1    330.3
2015  3 29    88   20 12  0     56.70    0.6960E-01     131.9    330.1
2015  3 29    88   20 13  0     56.86    0.6855E-01     131.8    330.0
2015  3 29    88   20 14  0     57.03    0.6755E-01     131.8    329.7
2015  3 29    88   20 15  0     57.20    0.6658E-01     131.8    329.5
2015  3 29    88   20 16  0     57.37    0.6559E-01     131.7    329.3
2015  3 29    88   20 17  0     57.54    0.6464E-01     131.8    329.2
2015  3 29    88   20 18  0     57.70    0.6372E-01     132.0    329.0
2015  3 29    88   20 19  0     57.87    0.6280E-01     132.0    328.7
2015  3 29    88   20 20  0     58.04    0.6185E-01     132.0    328.5
2015  3 29    88   20 21  0     58.21    0.6091E-01     132.1    328.3
2015  3 29    88   20 22  0     58.38    0.5999E-01     132.2    328.2
2015  3 29    88   20 23  0     58.55    0.5901E-01     132.2    328.1
2015  3 29    88   20 24  0     58.73    0.5803E-01     131.9    327.8
2015  3 29    88   20 25  0     58.90    0.5708E-01     131.9    327.5
2015  3 29    88   20 26  0     59.07    0.5619E-01     131.7    327.1
2015  3 29    88   20 27  0     59.24    0.5521E-01     131.3    326.9
2015  3 29    88   20 28  0     59.41    0.5430E-01     131.3    326.7
2015  3 29    88   20 29  0     59.58    0.5350E-01     131.6    326.4
2015  3 29    88   20 30  0     59.76    0.5266E-01     131.6    326.1
2015  3 29    88   20 31  0     59.93    0.5180E-01     131.7    325.9
2015  3 29    88   20 32  0     60.10    0.5092E-01     131.7    325.7
2015  3 29    88   20 33  0     60.28    0.5011E-01     131.9    325.6
2015  3 29    88   20 34  0     60.45    0.4925E-01     131.8    325.3
2015  3 29    88   20 35  0     60.62    0.4833E-01     131.6    325.0
2015  3 29    88   20 36  0     60.80    0.4748E-01     131.6    324.8
2015  3 29    88   20 37  0     60.97    0.4669E-01     131.7    324.5
2015  3 29    88   20 38  0     61.15    0.4588E-01     131.7    324.2
2015  3 29    88   20 39  0     61.32    0.4499E-01     131.6    324.1
2015  3 29    88   20 40  0     61.50    0.4415E-01     131.3    323.8
2015  3 29    88   20 41  0     61.67    0.4331E-01     131.2    323.7
2015  3 29    88   20 42  0     61.85    0.4253E-01     131.3    323.5
2015  3 29    88   20 43  0     62.02    0.4176E-01     131.3    323.1
2015  3 29    88   20 44  0     62.20    0.4096E-01     131.4    323.0
2015  3 29    88   20 45  0     62.38    0.4017E-01     131.1    322.7
2015  3 29    88   20 46  0     62.55    0.3941E-01     131.0    322.4
2015  3 29    88   20 47  0     62.73    0.3869E-01     131.0    322.0
2015  3 29    88   20 48  0     62.91    0.3792E-01     131.0    321.8
2015  3 29    88   20 49  0     63.08    0.3723E-01     131.1    321.4
2015  3 29    88   20 50  0     63.26    0.3656E-01     131.3    321.1
2015  3 29    88   20 51  0     63.44    0.3584E-01     131.2    320.8
2015  3 29    88   20 52  0     63.62    0.3512E-01     131.1    320.5
2015  3 29    88   20 53  0     63.80    0.3439E-01     130.9    320.1
2015  3 29    88   20 54  0     63.97    0.3367E-01     130.8    319.8
2015  3 29    88   20 55  0     64.15    0.3302E-01     130.9    319.5
2015  3 29    88   20 56  0     64.33    0.3237E-01     130.9    319.1
2015  3 29    88   20 57  0     64.51    0.3171E-01     131.1    318.9
2015  3 29    88   20 58  0     64.69    0.3107E-01     131.1    318.5
2015  3 29    88   20 59  0     64.87    0.3044E-01     131.1    318.1
2015  3 29    88   21  0  0     65.05    0.2975E-01     131.0    317.5
2015  3 29    88   21  1  0     65.23    0.2908E-01     130.8    317.3
2015  3 29    88   21  2  0     65.41    0.2846E-01     130.7    317.4
2015  3 29    88   21  3  0     65.59    0.2779E-01     130.3    317.0
2015  3 29    88   21  4  0     65.77    0.2715E-01     130.1    316.7
2015  3 29    88   21  5  0     65.95    0.2648E-01     129.8    316.5
2015  3 29    88   21  6  0     66.13    0.2586E-01     129.7    315.6
2015  3 29    88   21  7  0     66.31    0.2531E-01     130.1    315.3
2015  3 29    88   21  8  0     66.49    0.2472E-01     130.0    315.6
2015  3 29    88   21  9  0     66.68    0.2410E-01     129.9    315.2
2015  3 29    88   21 10  0     66.86    0.2348E-01     129.8    315.1
2015  3 29    88   21 11  0     67.04    0.2292E-01     129.8    313.8
2015  3 29    88   21 12  0     67.22    0.2240E-01     129.9    313.4
2015  3 29    88   21 13  0     67.40    0.2188E-01     130.1    313.2
2015  3 29    88   21 14  0     67.59    0.2139E-01     130.3    312.5
2015  3 29    88   21 15  0     67.77    0.2087E-01     130.2    313.3
2015  3 29    88   21 16  0     67.95    0.2035E-01     130.2    312.9
2015  3 29    88   21 17  0     68.13    0.1985E-01     130.3    311.3
2015  3 29    88   21 18  0     68.32    0.1936E-01     130.4    311.0
2015  3 29    88   21 19  0     68.50    0.1884E-01     130.3    310.7
2015  3 29    88   21 20  0     68.68    0.1836E-01     129.8    309.8
2015  3 29    88   21 21  0     68.87    0.1787E-01     129.6    309.4
2015  3 29    88   21 22  0     69.05    0.1740E-01     129.8    309.0
2015  3 29    88   21 23  0     69.23    0.1693E-01     129.9    308.9
2015  3 29    88   21 24  0     69.42    0.1652E-01     130.1    308.4
2015  3 29    88   21 25  0     69.60    0.1609E-01     130.1    307.9
2015  3 29    88   21 26  0     69.79    0.1565E-01     130.0    307.4
2015  3 29    88   21 27  0     69.97    0.1527E-01     130.0    306.1
2015  3 29    88   21 28  0     70.15    0.1483E-01     129.9    305.9
2015  3 29    88   21 29  0     70.34    0.1443E-01     129.9    305.3
2015  3 29    88   21 30  0     70.52    0.1403E-01     129.8    304.8
2015  3 29    88   21 31  0     70.71    0.1364E-01     129.6    303.9
2015  3 29    88   21 32  0     70.89    0.1327E-01     129.6    303.1
2015  3 29    88   21 33  0     71.08    0.1289E-01     129.4    302.4
2015  3 29    88   21 34  0     71.26    0.1252E-01     129.0    301.5
2015  3 29    88   21 35  0     71.45    0.1214E-01     128.7    301.2
2015  3 29    88   21 36  0     71.63    0.1180E-01     128.9    300.5
2015  3 29    88   21 37  0     71.82    0.1149E-01     129.2    299.3
2015  3 29    88   21 38  0     72.00    0.1117E-01     129.3    298.1
2015  3 29    88   21 39  0     72.19    0.1084E-01     129.2    297.6
2015  3 29    88   21 40  0     72.38    0.1050E-01     129.2    297.5
2015  3 29    88   21 41  0     72.56    0.1022E-01     129.1    296.1
2015  3 29    88   21 42  0     72.75    0.9922E-02     129.1    295.2
2015  3 29    88   21 43  0     72.93    0.9621E-02     129.2    294.4
2015  3 29    88   21 44  0     73.12    0.9319E-02     129.1    293.0
2015  3 29    88   21 45  0     73.31    0.9053E-02     128.9    291.2
2015  3 29    88   21 46  0     73.49    0.8769E-02     128.8    290.2
2015  3 29    88   21 47  0     73.68    0.8496E-02     128.8    289.7
2015  3 29    88   21 48  0     73.87    0.8239E-02     128.7    288.3
2015  3 29    88   21 49  0     74.05    0.7989E-02     128.8    287.0
2015  3 29    88   21 50  0     74.24    0.7745E-02     128.6    285.6
2015  3 29    88   21 51  0     74.43    0.7515E-02     128.8    284.0
2015  3 29    88   21 52  0     74.61    0.7286E-02     128.7    282.5
2015  3 29    88   21 53  0     74.80    0.7059E-02     128.6    280.7
2015  3 29    88   21 54  0     74.99    0.6826E-02     128.7    279.6
2015  3 29    88   21 55  0     75.17    0.6591E-02     128.7    278.9
2015  3 29    88   21 56  0     75.36    0.6399E-02     128.7    276.6
2015  3 29    88   21 57  0     75.55    0.6192E-02     128.5    275.0
2015  3 29    88   21 58  0     75.74    0.5956E-02     128.3    274.7
2015  3 29    88   21 59  0     75.93    0.5759E-02     128.3    273.3
2015  3 29    88   22  0  0     76.11    0.5578E-02     128.1    270.2
2015  3 29    88   22  1  0     76.30    0.5389E-02     128.1    268.7
2015  3 29    88   22  2  0     76.49    0.5213E-02     127.9    266.5
2015  3 29    88   22  3  0     76.68    0.5027E-02     128.1    265.5
2015  3 29    88   22  4  0     76.86    0.4868E-02     128.3    263.2
2015  3 29    88   22  5  0     77.05    0.4698E-02     128.4    261.6
2015  3 29    88   22  6  0     77.24    0.4547E-02     128.6    259.5
2015  3 29    88   22  7  0     77.43    0.4398E-02     128.8    257.3
2015  3 29    88   22  8  0     77.62    0.4252E-02     128.9    255.1
2015  3 29    88   22  9  0     77.80    0.4104E-02     128.9    253.0
2015  3 29    88   22 10  0     77.99    0.3987E-02     128.9    248.1
2015  3 29    88   22 11  0     78.18    0.3817E-02     128.5    247.8
2015  3 29    88   22 12  0     78.37    0.3694E-02     128.6    244.8
2015  3 29    88   22 13  0     78.56    0.3557E-02     128.6    243.1
2015  3 29    88   22 14  0     78.75    0.3458E-02     128.5    238.8
2015  3 29    88   22 15  0     78.94    0.3331E-02     128.5    236.7
2015  3 29    88   22 16  0     79.12    0.3211E-02     128.5    234.2
2015  3 29    88   22 17  0     79.31    0.3087E-02     128.5    232.4
2015  3 29    88   22 18  0     79.50    0.2975E-02     128.4    230.0
2015  3 29    88   22 19  0     79.69    0.2866E-02     128.3    227.4
2015  3 29    88   22 20  0     79.88    0.2745E-02     128.2    226.1
2015  3 29    88   22 21  0     80.07    0.2654E-02     128.3    222.8
2015  3 29    88   22 22  0     80.26    0.2557E-02     128.3    220.2
2015  3 29    88   22 23  0     80.45    0.2474E-02     128.2    216.7
2015  3 29    88   22 24  0     80.63    0.2402E-02     128.2    212.5
2015  3 29    88   22 25  0     80.82    0.2305E-02     128.3    210.6
2015  3 29    88   22 26  0     81.01    0.2233E-02     128.4    206.6
2015  3 29    88   22 27  0     81.20    0.2143E-02     128.4    204.8
2015  3 29    88   22 28  0     81.39    0.2086E-02     128.4    200.4
2015  3 29    88   22 29  0     81.58    0.2011E-02     128.7    197.8
2015  3 29    88   22 30  0     81.77    0.1967E-02     128.9    192.0
2015  3 29    88   22 31  0     81.96    0.1872E-02     129.0    191.4
2015  3 29    88   22 32  0     82.15    0.1827E-02     129.0    186.3
2015  3 29    88   22 33  0     82.34    0.1754E-02     128.9    184.3
2015  3 29    88   22 34  0     82.53    0.1712E-02     128.9    179.0
2015  3 29    88   22 35  0     82.71    0.1626E-02     128.8    178.5
2015  3 29    88   22 36  0     82.90    0.1585E-02     128.9    173.2
2015  3 29    88   22 37  0     83.09    0.1545E-02     129.0    168.4
2015  3 29    88   22 38  0     83.28    0.1501E-02     128.9    164.4
2015  3 29    88   22 39  0     83.47    0.1451E-02     128.8    161.2
2015  3 29    88   22 40  0     83.66    0.1406E-02     128.7    157.1
2015  3 29    88   22 41  0     83.85    0.1350E-02     128.6    154.5
2015  3 29    88   22 42  0     84.04    0.1312E-02     128.5    150.1
2015  3 29    88   22 43  0     84.23    0.1278E-02     128.6    145.8
2015  3 29    88   22 44  0     84.42    0.1240E-02     128.5    141.9
2015  3 29    88   22 45  0     84.61    0.1207E-02     128.5    137.6
2015  3 29    88   22 46  0     84.80    0.1153E-02     128.5    135.7
2015  3 29    88   22 47  0     84.99    0.1151E-02     128.6    128.1
2015  3 29    88   22 48  0     85.18    0.1121E-02     128.3    124.4
2015  3 29    88   22 49  0     85.36    0.1074E-02     128.2    122.7
2015  3 29    88   22 50  0     85.55    0.1051E-02     128.1    118.6
2015  3 29    88   22 51  0     85.74    0.1018E-02     128.0    115.9
2015  3 29    88   22 52  0     85.93    0.1017E-02     128.0    110.2
2015  3 29    88   22 53  0     86.12    0.9822E-03     127.9    108.2
2015  3 29    88   22 54  0     86.31    0.9572E-03     127.7    105.7
2015  3 29    88   22 55  0     86.50    0.9379E-03     127.8    102.6
2015  3 29    88   22 56  0     86.69    0.9142E-03     127.9     99.8
2015  3 29    88   22 57  0     86.88    0.9097E-03     128.0     94.9
2015  3 29    88   22 58  0     87.07    0.8954E-03     128.0     91.3
2015  3 29    88   22 59  0     87.26    0.8543E-03     127.7     90.8
2015  3 29    88   23  0  0     87.45    0.8373E-03     127.6     88.0
2015  3 29    88   23  1  0     87.63    0.8387E-03     127.9     83.2
2015  3 29    88   23  2  0     87.82    0.8085E-03     128.2     81.3
2015  3 29    88   23  3  0     88.01    0.7742E-03     128.4     79.7
2015  3 29    88   23  4  0     88.20    0.7830E-03     127.9     74.9
2015  3 29    88   23  5  0     88.39    0.7614E-03     127.5     72.8
2015  3 29    88   23  6  0     88.58    0.7315E-03     127.3     71.3
2015  3 29    88   23  7  0     88.77    0.7378E-03     127.6     66.0
2015  3 29    88   23  8  0     88.96    0.7278E-03     128.2     62.0
2015  3 29    88   23  9  0     89.15    0.6948E-03     127.6     61.6
2015  3 29    88   23 10  0     89.34    0.6936E-03     126.7     57.8
2015  3 29    88   23 11  0     89.52    0.6734E-03     126.3     55.7
2015  3 29    88   23 12  0     89.71    0.6518E-03     126.4     53.5
2015  3 29    88   23 13  0     89.90    0.6476E-03     126.9     49.4
