                            NILUUV 115

Uvpro Version 2.0
Latitude :   40.74 (North)
Longitude:  -74.03  (West)
Calibration file: cf100603a.115
Height above sea level:    40.0  m
CLT derived from channel 4
CLT scale factor used:   1.0
Ozone derived from channel pair ch3/ch1
Ozone scale factor used:   1.0
Drift factors ch1-ch6:   0.476  0.501  0.596  0.654  0.491  0.886
Ozone profile climatology: Mid  Latitude
Dose type:    CLW    Caldwell Plant 1971           

yyyy mm dd   jul   hh mm ss      SZA     dose rate       clt     Ozone
                              [degrees]   [W/m^2]        [%]     [DU]
2015 12 12   346   12 17  0     89.89    0.7324E-03      36.3     12.1
2015 12 12   346   12 18  0     89.73    0.7604E-03      37.8     13.6
2015 12 12   346   12 19  0     89.57    0.7601E-03      39.4     16.0
2015 12 12   346   12 20  0     89.41    0.7462E-03      41.1     19.1
2015 12 12   346   12 21  0     89.25    0.7403E-03      42.9     21.5
2015 12 12   346   12 22  0     89.09    0.7656E-03      44.8     22.9
2015 12 12   346   12 23  0     88.92    0.7760E-03      46.6     24.7
2015 12 12   346   12 24  0     88.76    0.7937E-03      48.0     26.5
2015 12 12   346   12 25  0     88.60    0.7967E-03      49.5     28.8
2015 12 12   346   12 26  0     88.45    0.7952E-03      50.8     31.4
2015 12 12   346   12 27  0     88.29    0.8248E-03      52.1     32.8
2015 12 12   346   12 28  0     88.13    0.8110E-03      53.3     36.1
2015 12 12   346   12 29  0     87.97    0.8115E-03      54.5     39.3
2015 12 12   346   12 30  0     87.81    0.8381E-03      55.6     40.9
2015 12 12   346   12 31  0     87.65    0.8492E-03      56.9     43.2
2015 12 12   346   12 32  0     87.50    0.8523E-03      58.4     46.0
2015 12 12   346   12 33  0     87.34    0.8726E-03      60.0     48.1
2015 12 12   346   12 34  0     87.18    0.8639E-03      61.5     51.5
2015 12 12   346   12 35  0     87.02    0.8836E-03      62.7     53.6
2015 12 12   346   12 36  0     86.87    0.8848E-03      63.5     57.4
2015 12 12   346   12 37  0     86.71    0.9202E-03      64.3     58.7
2015 12 12   346   12 38  0     86.56    0.9260E-03      65.1     61.3
2015 12 12   346   12 39  0     86.40    0.9367E-03      65.8     63.7
2015 12 12   346   12 40  0     86.25    0.9635E-03      66.4     65.4
2015 12 12   346   12 41  0     86.09    0.9832E-03      67.1     67.4
2015 12 12   346   12 42  0     85.94    0.9904E-03      67.7     70.2
2015 12 12   346   12 43  0     85.78    0.9795E-03      68.2     74.3
2015 12 12   346   12 44  0     85.63    0.1006E-02      68.9     76.5
2015 12 12   346   12 45  0     85.48    0.1023E-02      69.5     79.3
2015 12 12   346   12 46  0     85.32    0.1029E-02      70.0     82.1
2015 12 12   346   12 47  0     85.17    0.1038E-02      70.6     84.9
2015 12 12   346   12 48  0     85.02    0.1067E-02      71.4     86.8
2015 12 12   346   12 49  0     84.87    0.1072E-02      71.9     90.2
2015 12 12   346   12 50  0     84.71    0.1088E-02      72.6     93.4
2015 12 12   346   12 51  0     84.56    0.1131E-02      73.5     95.2
2015 12 12   346   12 52  0     84.41    0.1135E-02      74.5     99.5
2015 12 12   346   12 53  0     84.26    0.1152E-02      75.2    102.3
2015 12 12   346   12 54  0     84.11    0.1165E-02      76.1    105.5
2015 12 12   346   12 55  0     83.96    0.1205E-02      76.9    107.4
2015 12 12   346   12 56  0     83.81    0.1228E-02      77.9    110.7
2015 12 12   346   12 57  0     83.66    0.1243E-02      78.8    114.7
2015 12 12   346   12 58  0     83.51    0.1267E-02      79.8    118.3
2015 12 12   346   12 59  0     83.36    0.1312E-02      80.5    120.8
2015 12 12   346   13  0  0     83.22    0.1352E-02      80.9    123.4
2015 12 12   346   13  1  0     83.07    0.1404E-02      81.0    125.1
2015 12 12   346   13  2  0     82.92    0.1437E-02      81.2    128.3
2015 12 12   346   13  3  0     82.77    0.1483E-02      81.6    131.1
2015 12 12   346   13  4  0     82.63    0.1528E-02      82.3    134.2
2015 12 12   346   13  5  0     82.48    0.1570E-02      83.3    137.7
2015 12 12   346   13  6  0     82.33    0.1591E-02      84.2    142.4
2015 12 12   346   13  7  0     82.19    0.1646E-02      85.0    144.6
2015 12 12   346   13  8  0     82.04    0.1678E-02      85.6    148.4
2015 12 12   346   13  9  0     81.90    0.1718E-02      86.1    151.6
2015 12 12   346   13 10  0     81.75    0.1754E-02      86.6    155.8
2015 12 12   346   13 11  0     81.61    0.1802E-02      87.3    158.7
2015 12 12   346   13 12  0     81.47    0.1856E-02      88.0    161.2
2015 12 12   346   13 13  0     81.32    0.1903E-02      88.7    164.2
2015 12 12   346   13 14  0     81.18    0.1954E-02      89.1    166.7
2015 12 12   346   13 15  0     81.04    0.2011E-02      89.5    169.0
2015 12 12   346   13 16  0     80.90    0.2073E-02      90.4    171.5
2015 12 12   346   13 17  0     80.75    0.2115E-02      91.3    176.1
2015 12 12   346   13 18  0     80.61    0.2150E-02      92.5    180.5
2015 12 12   346   13 19  0     80.47    0.2232E-02      93.8    182.3
2015 12 12   346   13 20  0     80.33    0.2284E-02      94.6    185.5
2015 12 12   346   13 21  0     80.19    0.2327E-02      94.7    188.4
2015 12 12   346   13 22  0     80.05    0.2377E-02      93.1    189.7
2015 12 12   346   13 23  0     79.91    0.2444E-02      91.1    190.0
2015 12 12   346   13 24  0     79.77    0.2533E-02      89.8    189.9
2015 12 12   346   13 25  0     79.63    0.2600E-02      89.0    192.1
2015 12 12   346   13 26  0     79.50    0.2683E-02      88.7    194.0
2015 12 12   346   13 27  0     79.36    0.2759E-02      88.9    197.2
2015 12 12   346   13 28  0     79.22    0.2807E-02      88.9    201.1
2015 12 12   346   13 29  0     79.09    0.2902E-02      89.0    202.2
2015 12 12   346   13 30  0     78.95    0.2968E-02      88.8    204.7
2015 12 12   346   13 31  0     78.81    0.3049E-02      88.4    206.1
2015 12 12   346   13 32  0     78.68    0.3124E-02      88.0    208.1
2015 12 12   346   13 33  0     78.54    0.3213E-02      87.7    209.4
2015 12 12   346   13 34  0     78.41    0.3309E-02      87.7    210.8
2015 12 12   346   13 35  0     78.27    0.3421E-02      88.2    212.0
2015 12 12   346   13 36  0     78.14    0.3507E-02      89.0    215.3
2015 12 12   346   13 37  0     78.01    0.3614E-02      90.2    217.7
2015 12 12   346   13 38  0     77.88    0.3703E-02      91.6    221.5
2015 12 12   346   13 39  0     77.74    0.3804E-02      93.0    224.3
2015 12 12   346   13 40  0     77.61    0.3908E-02      94.1    226.4
2015 12 12   346   13 41  0     77.48    0.3976E-02      94.6    229.5
2015 12 12   346   13 42  0     77.35    0.4053E-02      94.6    231.5
2015 12 12   346   13 43  0     77.22    0.4163E-02      94.3    231.4
2015 12 12   346   13 44  0     77.09    0.4212E-02      93.9    234.7
2015 12 12   346   13 45  0     76.96    0.4308E-02      93.6    236.4
2015 12 12   346   13 46  0     76.83    0.4412E-02      93.7    237.6
2015 12 12   346   13 47  0     76.70    0.4533E-02      94.0    238.5
2015 12 12   346   13 48  0     76.57    0.4627E-02      94.2    240.5
2015 12 12   346   13 49  0     76.45    0.4739E-02      94.5    241.8
2015 12 12   346   13 50  0     76.32    0.4849E-02      93.6    242.6
2015 12 12   346   13 51  0     76.19    0.4957E-02      92.5    243.8
2015 12 12   346   13 52  0     76.07    0.5086E-02      92.5    245.1
2015 12 12   346   13 53  0     75.94    0.5228E-02      93.0    246.3
2015 12 12   346   13 54  0     75.82    0.5375E-02      93.8    247.4
2015 12 12   346   13 55  0     75.69    0.5506E-02      94.3    248.8
2015 12 12   346   13 56  0     75.57    0.5649E-02      94.8    249.7
2015 12 12   346   13 57  0     75.44    0.5768E-02      94.1    250.4
2015 12 12   346   13 58  0     75.32    0.5845E-02      91.2    250.3
2015 12 12   346   13 59  0     75.20    0.5908E-02      88.1    250.2
2015 12 12   346   14  0  0     75.07    0.6048E-02      87.1    249.4
2015 12 12   346   14  1  0     74.95    0.6166E-02      86.5    251.8
2015 12 12   346   14  2  0     74.83    0.6308E-02      86.4    252.7
2015 12 12   346   14  3  0     74.71    0.6464E-02      86.7    253.7
2015 12 12   346   14  4  0     74.59    0.6624E-02      86.9    254.4
2015 12 12   346   14  5  0     74.47    0.6772E-02      86.8    253.9
2015 12 12   346   14  6  0     74.35    0.6883E-02      86.5    255.4
2015 12 12   346   14  7  0     74.23    0.7018E-02      86.4    256.5
2015 12 12   346   14  8  0     74.12    0.7186E-02      86.1    256.6
2015 12 12   346   14  9  0     74.00    0.7331E-02      85.7    257.7
2015 12 12   346   14 10  0     73.88    0.7503E-02      85.5    258.2
2015 12 12   346   14 11  0     73.77    0.7699E-02      85.8    258.9
2015 12 12   346   14 12  0     73.65    0.7925E-02      87.1    260.5
2015 12 12   346   14 13  0     73.53    0.8198E-02      89.3    262.2
2015 12 12   346   14 14  0     73.42    0.8510E-02      93.0    263.9
2015 12 12   346   14 15  0     73.30    0.8694E-02      92.9    264.6
2015 12 12   346   14 16  0     73.19    0.8970E-02      96.5    266.5
2015 12 12   346   14 17  0     73.08    0.9174E-02      96.1    266.4
2015 12 12   346   14 18  0     72.96    0.9429E-02      98.3    267.7
2015 12 12   346   14 19  0     72.85    0.9697E-02     100.7    269.2
2015 12 12   346   14 20  0     72.74    0.9831E-02      98.7    268.9
2015 12 12   346   14 21  0     72.63    0.9974E-02      96.7    268.1
2015 12 12   346   14 22  0     72.52    0.1011E-01      95.8    268.5
2015 12 12   346   14 23  0     72.41    0.1021E-01      93.9    268.4
2015 12 12   346   14 24  0     72.30    0.1027E-01      90.7    267.4
2015 12 12   346   14 25  0     72.19    0.1039E-01      89.9    267.4
2015 12 12   346   14 26  0     72.09    0.1049E-01      87.7    266.8
2015 12 12   346   14 27  0     71.98    0.1066E-01      87.2    267.0
2015 12 12   346   14 28  0     71.87    0.1081E-01      85.7    267.1
2015 12 12   346   14 29  0     71.76    0.1107E-01      86.5    267.9
2015 12 12   346   14 30  0     71.66    0.1137E-01      88.3    269.3
2015 12 12   346   14 31  0     71.55    0.1171E-01      90.7    270.4
2015 12 12   346   14 32  0     71.45    0.1201E-01      92.5    271.7
2015 12 12   346   14 33  0     71.35    0.1237E-01      95.5    273.3
2015 12 12   346   14 34  0     71.24    0.1280E-01      99.6    274.5
2015 12 12   346   14 35  0     71.14    0.1307E-01      99.9    274.7
2015 12 12   346   14 36  0     71.04    0.1333E-01     100.5    275.2
2015 12 12   346   14 37  0     70.94    0.1356E-01     100.3    276.1
2015 12 12   346   14 38  0     70.84    0.1388E-01     101.6    276.6
2015 12 12   346   14 39  0     70.73    0.1415E-01     102.2    276.9
2015 12 12   346   14 40  0     70.64    0.1442E-01     102.4    276.9
2015 12 12   346   14 41  0     70.54    0.1464E-01     102.4    277.3
2015 12 12   346   14 42  0     70.44    0.1480E-01     101.3    277.5
2015 12 12   346   14 43  0     70.34    0.1508E-01     101.8    277.5
2015 12 12   346   14 44  0     70.24    0.1527E-01     100.8    276.9
2015 12 12   346   14 45  0     70.15    0.1559E-01     102.5    277.8
2015 12 12   346   14 46  0     70.05    0.1581E-01     101.9    277.4
2015 12 12   346   14 47  0     69.96    0.1607E-01     102.0    278.0
2015 12 12   346   14 48  0     69.86    0.1624E-01     100.5    277.8
2015 12 12   346   14 49  0     69.77    0.1661E-01     102.6    278.7
2015 12 12   346   14 50  0     69.67    0.1695E-01     103.9    279.3
2015 12 12   346   14 51  0     69.58    0.1720E-01     103.9    279.5
2015 12 12   346   14 52  0     69.49    0.1744E-01     103.8    279.6
2015 12 12   346   14 53  0     69.40    0.1769E-01     103.7    279.5
2015 12 12   346   14 54  0     69.31    0.1795E-01     103.9    279.7
2015 12 12   346   14 55  0     69.22    0.1820E-01     104.0    279.9
2015 12 12   346   14 56  0     69.13    0.1846E-01     104.1    280.0
2015 12 12   346   14 57  0     69.04    0.1873E-01     104.3    280.1
2015 12 12   346   14 58  0     68.95    0.1902E-01     104.6    280.2
2015 12 12   346   14 59  0     68.86    0.1931E-01     104.8    280.4
2015 12 12   346   15  0  0     68.78    0.1960E-01     105.0    280.5
2015 12 12   346   15  1  0     68.69    0.1988E-01     105.2    280.9
2015 12 12   346   15  2  0     68.60    0.2013E-01     105.2    280.8
2015 12 12   346   15  3  0     68.52    0.2035E-01     105.0    280.8
2015 12 12   346   15  4  0     68.44    0.2056E-01     104.8    281.0
2015 12 12   346   15  5  0     68.35    0.2081E-01     104.7    280.9
2015 12 12   346   15  6  0     68.27    0.2109E-01     104.8    281.1
2015 12 12   346   15  7  0     68.19    0.2139E-01     105.1    281.2
2015 12 12   346   15  8  0     68.11    0.2171E-01     105.3    281.1
2015 12 12   346   15  9  0     68.03    0.2195E-01     105.5    281.5
2015 12 12   346   15 10  0     67.95    0.2222E-01     105.6    281.5
2015 12 12   346   15 11  0     67.87    0.2254E-01     105.9    281.5
2015 12 12   346   15 12  0     67.79    0.2285E-01     106.1    281.5
2015 12 12   346   15 13  0     67.71    0.2317E-01     106.4    281.6
2015 12 12   346   15 14  0     67.63    0.2350E-01     106.8    281.8
2015 12 12   346   15 15  0     67.56    0.2386E-01     107.3    282.0
2015 12 12   346   15 16  0     67.48    0.2418E-01     107.7    282.1
2015 12 12   346   15 17  0     67.41    0.2450E-01     108.3    282.4
2015 12 12   346   15 18  0     67.33    0.2483E-01     108.5    282.4
2015 12 12   346   15 19  0     67.26    0.2514E-01     108.7    282.5
2015 12 12   346   15 20  0     67.18    0.2544E-01     109.1    282.6
2015 12 12   346   15 21  0     67.11    0.2572E-01     109.1    282.5
2015 12 12   346   15 22  0     67.04    0.2593E-01     108.9    282.4
2015 12 12   346   15 23  0     66.97    0.2609E-01     108.5    282.5
2015 12 12   346   15 24  0     66.90    0.2627E-01     107.9    282.5
2015 12 12   346   15 25  0     66.83    0.2651E-01     107.8    282.4
2015 12 12   346   15 26  0     66.76    0.2671E-01     107.3    282.4
2015 12 12   346   15 27  0     66.69    0.2689E-01     106.9    282.4
2015 12 12   346   15 28  0     66.63    0.2713E-01     106.7    282.4
2015 12 12   346   15 29  0     66.56    0.2735E-01     106.6    282.7
2015 12 12   346   15 30  0     66.50    0.2763E-01     106.6    282.5
2015 12 12   346   15 31  0     66.43    0.2792E-01     106.9    282.6
2015 12 12   346   15 32  0     66.37    0.2819E-01     107.0    282.6
2015 12 12   346   15 33  0     66.30    0.2841E-01     106.8    282.7
2015 12 12   346   15 34  0     66.24    0.2870E-01     107.0    282.7
2015 12 12   346   15 35  0     66.18    0.2894E-01     107.1    282.9
2015 12 12   346   15 36  0     66.12    0.2918E-01     107.0    282.8
2015 12 12   346   15 37  0     66.06    0.2931E-01     106.2    282.5
2015 12 12   346   15 38  0     66.00    0.2945E-01     105.7    282.5
2015 12 12   346   15 39  0     65.94    0.2909E-01     101.2    281.5
2015 12 12   346   15 40  0     65.88    0.2998E-01     105.9    282.5
2015 12 12   346   15 41  0     65.83    0.3038E-01     107.1    282.9
2015 12 12   346   15 42  0     65.77    0.3057E-01     106.5    282.7
2015 12 12   346   15 43  0     65.71    0.3084E-01     107.2    282.8
2015 12 12   346   15 44  0     65.66    0.3118E-01     107.7    282.8
2015 12 12   346   15 45  0     65.60    0.3142E-01     107.9    283.0
2015 12 12   346   15 46  0     65.55    0.3177E-01     108.5    283.0
2015 12 12   346   15 47  0     65.50    0.3222E-01     109.4    283.0
2015 12 12   346   15 48  0     65.45    0.3271E-01     110.8    283.3
2015 12 12   346   15 49  0     65.40    0.3307E-01     110.7    283.3
2015 12 12   346   15 50  0     65.35    0.3466E-01     118.7    285.1
2015 12 12   346   15 51  0     65.30    0.3554E-01     122.4    285.9
2015 12 12   346   15 52  0     65.25    0.3586E-01     124.1    286.6
2015 12 12   346   15 53  0     65.20    0.3559E-01     123.4    287.0
2015 12 12   346   15 54  0     65.15    0.3528E-01     122.0    286.9
2015 12 12   346   15 55  0     65.11    0.3506E-01     120.8    286.5
2015 12 12   346   15 56  0     65.06    0.3495E-01     119.8    286.5
2015 12 12   346   15 57  0     65.02    0.3479E-01     117.9    285.8
2015 12 12   346   15 58  0     64.97    0.3449E-01     115.0    285.2
2015 12 12   346   15 59  0     64.93    0.3371E-01     109.8    284.4
2015 12 12   346   16  0  0     64.89    0.3265E-01     102.1    282.6
2015 12 12   346   16  1  0     64.85    0.3198E-01      97.4    281.7
2015 12 12   346   16  2  0     64.81    0.3399E-01     108.0    283.6
2015 12 12   346   16  3  0     64.77    0.3556E-01     114.9    284.5
2015 12 12   346   16  4  0     64.73    0.3316E-01      99.9    281.4
2015 12 12   346   16  5  0     64.69    0.3271E-01      96.9    280.7
2015 12 12   346   16  6  0     64.65    0.3258E-01      95.7    280.5
2015 12 12   346   16  7  0     64.61    0.3300E-01      96.7    280.6
2015 12 12   346   16  8  0     64.58    0.3369E-01      98.3    280.8
2015 12 12   346   16  9  0     64.54    0.3436E-01     100.4    281.3
2015 12 12   346   16 10  0     64.51    0.3472E-01     101.3    281.5
2015 12 12   346   16 11  0     64.48    0.3376E-01      95.6    280.5
2015 12 12   346   16 12  0     64.44    0.3360E-01      93.5    279.8
2015 12 12   346   16 13  0     64.41    0.3432E-01      95.1    279.9
2015 12 12   346   16 14  0     64.38    0.3625E-01     102.0    280.7
2015 12 12   346   16 15  0     64.35    0.3839E-01     110.3    282.0
2015 12 12   346   16 16  0     64.32    0.4140E-01     124.2    284.0
2015 12 12   346   16 17  0     64.29    0.4154E-01     124.1    283.9
2015 12 12   346   16 18  0     64.27    0.4131E-01     122.9    283.9
2015 12 12   346   16 19  0     64.24    0.4090E-01     120.6    283.4
2015 12 12   346   16 20  0     64.21    0.4034E-01     117.3    282.9
2015 12 12   346   16 21  0     64.19    0.3917E-01     110.6    281.7
2015 12 12   346   16 22  0     64.16    0.3882E-01     108.0    281.1
2015 12 12   346   16 23  0     64.14    0.4012E-01     113.0    281.8
2015 12 12   346   16 24  0     64.12    0.4145E-01     117.9    282.3
2015 12 12   346   16 25  0     64.10    0.4202E-01     119.7    282.6
2015 12 12   346   16 26  0     64.08    0.4234E-01     120.2    282.4
2015 12 12   346   16 27  0     64.06    0.4250E-01     120.5    282.5
2015 12 12   346   16 28  0     64.04    0.4266E-01     120.6    282.4
2015 12 12   346   16 29  0     64.02    0.4285E-01     120.8    282.3
2015 12 12   346   16 30  0     64.00    0.4313E-01     121.4    282.3
2015 12 12   346   16 31  0     63.98    0.4350E-01     122.4    282.4
2015 12 12   346   16 32  0     63.97    0.4389E-01     123.5    282.5
2015 12 12   346   16 33  0     63.95    0.4421E-01     124.3    282.6
2015 12 12   346   16 34  0     63.94    0.4467E-01     125.7    282.7
2015 12 12   346   16 35  0     63.93    0.4508E-01     126.9    282.9
2015 12 12   346   16 36  0     63.91    0.4564E-01     128.7    283.0
2015 12 12   346   16 37  0     63.90    0.4619E-01     130.7    283.2
2015 12 12   346   16 38  0     63.89    0.4676E-01     132.9    283.5
2015 12 12   346   16 39  0     63.88    0.4685E-01     132.4    283.2
2015 12 12   346   16 40  0     63.87    0.4675E-01     131.6    283.1
2015 12 12   346   16 41  0     63.86    0.4678E-01     130.5    282.6
2015 12 12   346   16 42  0     63.86    0.4716E-01     132.4    282.9
2015 12 12   346   16 43  0     63.85    0.4599E-01     127.2    282.3
2015 12 12   346   16 44  0     63.84    0.4363E-01     117.7    281.2
2015 12 12   346   16 45  0     63.84    0.4437E-01     121.7    282.0
2015 12 12   346   16 46  0     63.84    0.4594E-01     128.0    282.4
2015 12 12   346   16 47  0     63.83    0.4467E-01     122.1    281.3
2015 12 12   346   16 48  0     63.83    0.4357E-01     118.0    280.6
2015 12 12   346   16 49  0     63.83    0.4163E-01     110.1    279.3
2015 12 12   346   16 50  0     63.83    0.4041E-01     105.1    278.2
2015 12 12   346   16 51  0     63.83    0.3833E-01      96.0    276.4
2015 12 12   346   16 52  0     63.83    0.3815E-01      96.3    276.7
2015 12 12   346   16 53  0     63.83    0.3743E-01      93.7    276.4
2015 12 12   346   16 54  0     63.83    0.3711E-01      92.7    276.3
2015 12 12   346   16 55  0     63.84    0.3618E-01      89.9    276.1
2015 12 12   346   16 56  0     63.84    0.3491E-01      86.5    275.9
2015 12 12   346   16 57  0     63.85    0.3400E-01      84.5    276.0
2015 12 12   346   16 58  0     63.85    0.3433E-01      86.9    276.8
2015 12 12   346   16 59  0     63.86    0.3398E-01      85.8    276.7
2015 12 12   346   17  0  0     63.87    0.3358E-01      84.4    276.4
2015 12 12   346   17  1  0     63.88    0.3324E-01      83.3    276.2
2015 12 12   346   17  2  0     63.89    0.3272E-01      81.8    276.1
2015 12 12   346   17  3  0     63.90    0.3220E-01      80.4    276.1
2015 12 12   346   17  4  0     63.91    0.3184E-01      79.5    275.9
2015 12 12   346   17  5  0     63.92    0.3173E-01      79.1    275.6
2015 12 12   346   17  6  0     63.93    0.3176E-01      78.9    275.3
2015 12 12   346   17  7  0     63.95    0.3176E-01      78.9    274.9
2015 12 12   346   17  8  0     63.96    0.3158E-01      79.2    275.2
2015 12 12   346   17  9  0     63.98    0.3122E-01      79.2    275.7
2015 12 12   346   17 10  0     63.99    0.3079E-01      78.9    275.9
2015 12 12   346   17 11  0     64.01    0.3066E-01      78.7    275.1
2015 12 12   346   17 12  0     64.03    0.3092E-01      79.6    275.2
2015 12 12   346   17 13  0     64.05    0.3128E-01      80.9    275.2
2015 12 12   346   17 14  0     64.07    0.3128E-01      81.1    275.3
2015 12 12   346   17 15  0     64.09    0.3105E-01      80.8    275.1
2015 12 12   346   17 16  0     64.11    0.3045E-01      79.4    275.1
2015 12 12   346   17 17  0     64.13    0.2994E-01      78.3    275.2
2015 12 12   346   17 18  0     64.15    0.2983E-01      78.5    275.4
2015 12 12   346   17 19  0     64.18    0.3026E-01      80.6    275.8
2015 12 12   346   17 20  0     64.20    0.3055E-01      82.3    276.4
2015 12 12   346   17 21  0     64.23    0.3124E-01      85.1    276.9
2015 12 12   346   17 22  0     64.25    0.3295E-01      91.3    277.7
2015 12 12   346   17 23  0     64.28    0.3553E-01     100.8    278.9
2015 12 12   346   17 24  0     64.31    0.3784E-01     109.1    279.4
2015 12 12   346   17 25  0     64.34    0.3917E-01     111.4    278.6
2015 12 12   346   17 26  0     64.37    0.3899E-01     107.3    276.2
2015 12 12   346   17 27  0     64.40    0.3862E-01     104.1    274.8
2015 12 12   346   17 28  0     64.43    0.3929E-01     107.3    275.1
2015 12 12   346   17 29  0     64.46    0.3920E-01     106.9    274.8
2015 12 12   346   17 30  0     64.49    0.3947E-01     109.3    275.3
2015 12 12   346   17 31  0     64.53    0.3899E-01     110.4    276.9
2015 12 12   346   17 32  0     64.56    0.4021E-01     117.9    278.0
2015 12 12   346   17 33  0     64.60    0.4009E-01     117.7    277.6
2015 12 12   346   17 34  0     64.63    0.3931E-01     114.9    277.0
2015 12 12   346   17 35  0     64.67    0.3673E-01     104.4    275.5
2015 12 12   346   17 36  0     64.71    0.3465E-01      97.7    274.8
2015 12 12   346   17 37  0     64.75    0.3265E-01      91.9    274.6
2015 12 12   346   17 38  0     64.79    0.3163E-01      89.1    274.3
2015 12 12   346   17 39  0     64.83    0.3100E-01      87.8    274.3
2015 12 12   346   17 40  0     64.87    0.3021E-01      86.2    274.4
2015 12 12   346   17 41  0     64.91    0.2921E-01      84.7    274.9
2015 12 12   346   17 42  0     64.95    0.2840E-01      84.2    275.4
2015 12 12   346   17 43  0     65.00    0.2665E-01      78.2    274.7
2015 12 12   346   17 44  0     65.04    0.2532E-01      73.7    273.0
2015 12 12   346   17 45  0     65.08    0.2518E-01      73.4    272.4
2015 12 12   346   17 46  0     65.13    0.2532E-01      73.9    272.1
2015 12 12   346   17 47  0     65.18    0.2590E-01      75.4    271.5
2015 12 12   346   17 48  0     65.22    0.2654E-01      77.0    271.0
2015 12 12   346   17 49  0     65.27    0.2645E-01      76.6    270.4
2015 12 12   346   17 50  0     65.32    0.2577E-01      74.4    270.1
2015 12 12   346   17 51  0     65.37    0.2504E-01      72.1    269.7
2015 12 12   346   17 52  0     65.42    0.2454E-01      70.2    268.9
2015 12 12   346   17 53  0     65.47    0.2442E-01      69.8    268.7
2015 12 12   346   17 54  0     65.53    0.2459E-01      71.0    268.8
2015 12 12   346   17 55  0     65.58    0.2454E-01      71.6    269.1
2015 12 12   346   17 56  0     65.63    0.2453E-01      72.6    269.5
2015 12 12   346   17 57  0     65.69    0.2478E-01      74.5    269.9
2015 12 12   346   17 58  0     65.74    0.2517E-01      76.9    270.3
2015 12 12   346   17 59  0     65.80    0.2571E-01      79.3    270.7
2015 12 12   346   18  0  0     65.85    0.2613E-01      81.1    270.6
2015 12 12   346   18  1  0     65.91    0.2612E-01      81.2    270.2
2015 12 12   346   18  2  0     65.97    0.2541E-01      78.5    269.5
2015 12 12   346   18  3  0     66.03    0.2409E-01      73.5    268.1
2015 12 12   346   18  4  0     66.09    0.2205E-01      66.0    266.7
2015 12 12   346   18  5  0     66.15    0.2012E-01      59.8    265.7
2015 12 12   346   18  6  0     66.21    0.1910E-01      57.0    265.1
2015 12 12   346   18  7  0     66.27    0.1925E-01      57.9    264.8
2015 12 12   346   18  8  0     66.34    0.1937E-01      59.2    264.7
2015 12 12   346   18  9  0     66.40    0.1872E-01      58.3    264.9
2015 12 12   346   18 10  0     66.46    0.1760E-01      55.9    264.8
2015 12 12   346   18 11  0     66.53    0.1636E-01      52.5    264.5
2015 12 12   346   18 12  0     66.60    0.1525E-01      49.1    263.9
2015 12 12   346   18 13  0     66.66    0.1413E-01      45.5    263.0
2015 12 12   346   18 14  0     66.73    0.1272E-01      40.9    261.9
2015 12 12   346   18 15  0     66.80    0.1122E-01      36.2    260.8
2015 12 12   346   18 16  0     66.87    0.1004E-01      32.6    259.6
2015 12 12   346   18 17  0     66.94    0.9302E-02      30.3    258.7
2015 12 12   346   18 18  0     67.01    0.8986E-02      29.5    257.6
2015 12 12   346   18 19  0     67.08    0.8956E-02      29.6    257.6
2015 12 12   346   18 20  0     67.15    0.9173E-02      30.7    258.1
2015 12 12   346   18 21  0     67.22    0.9522E-02      32.3    259.2
2015 12 12   346   18 22  0     67.30    0.1003E-01      34.6    259.7
2015 12 12   346   18 23  0     67.37    0.1086E-01      38.0    260.2
2015 12 12   346   18 24  0     67.44    0.1192E-01      42.4    260.8
2015 12 12   346   18 25  0     67.52    0.1257E-01      45.4    261.3
2015 12 12   346   18 26  0     67.60    0.1241E-01      45.3    260.9
2015 12 12   346   18 27  0     67.67    0.1174E-01      43.3    260.6
2015 12 12   346   18 28  0     67.75    0.1142E-01      42.7    260.3
2015 12 12   346   18 29  0     67.83    0.1168E-01      44.1    260.3
2015 12 12   346   18 30  0     67.91    0.1197E-01      45.3    259.9
2015 12 12   346   18 31  0     67.99    0.1176E-01      44.5    259.2
2015 12 12   346   18 32  0     68.07    0.1089E-01      41.1    257.6
2015 12 12   346   18 33  0     68.15    0.9808E-02      36.9    255.8
2015 12 12   346   18 34  0     68.23    0.9119E-02      34.3    254.5
2015 12 12   346   18 35  0     68.31    0.8693E-02      32.7    253.2
2015 12 12   346   18 36  0     68.39    0.8281E-02      31.0    251.7
2015 12 12   346   18 37  0     68.48    0.7964E-02      29.9    250.7
2015 12 12   346   18 38  0     68.56    0.7666E-02      29.2    250.5
2015 12 12   346   18 39  0     68.65    0.7282E-02      28.2    249.4
2015 12 12   346   18 40  0     68.73    0.6797E-02      26.5    247.6
2015 12 12   346   18 41  0     68.82    0.6292E-02      24.7    246.3
2015 12 12   346   18 42  0     68.91    0.5894E-02      23.2    244.7
2015 12 12   346   18 43  0     69.00    0.5720E-02      22.9    244.1
2015 12 12   346   18 44  0     69.08    0.5753E-02      23.4    244.3
2015 12 12   346   18 45  0     69.17    0.5828E-02      24.1    244.2
2015 12 12   346   18 46  0     69.26    0.5799E-02      24.4    244.5
2015 12 12   346   18 47  0     69.35    0.5777E-02      24.5    243.9
2015 12 12   346   18 48  0     69.44    0.5770E-02      24.7    243.6
2015 12 12   346   18 49  0     69.54    0.5831E-02      25.5    244.4
2015 12 12   346   18 50  0     69.63    0.5953E-02      26.6    245.0
2015 12 12   346   18 51  0     69.72    0.6049E-02      27.4    244.9
2015 12 12   346   18 52  0     69.81    0.6145E-02      28.4    245.6
2015 12 12   346   18 53  0     69.91    0.6373E-02      30.0    245.8
2015 12 12   346   18 54  0     70.00    0.6580E-02      31.6    246.6
2015 12 12   346   18 55  0     70.10    0.6621E-02      32.2    246.3
2015 12 12   346   18 56  0     70.20    0.6453E-02      31.9    246.0
2015 12 12   346   18 57  0     70.29    0.6210E-02      31.0    244.6
2015 12 12   346   18 58  0     70.39    0.5988E-02      30.2    243.3
2015 12 12   346   18 59  0     70.49    0.5877E-02      30.3    244.1
2015 12 12   346   19  0  0     70.59    0.5868E-02      30.5    243.0
2015 12 12   346   19  1  0     70.69    0.5719E-02      30.3    243.1
2015 12 12   346   19  2  0     70.79    0.5562E-02      29.6    241.4
2015 12 12   346   19  3  0     70.89    0.5384E-02      28.9    240.2
2015 12 12   346   19  4  0     70.99    0.5273E-02      28.7    239.7
2015 12 12   346   19  5  0     71.09    0.5418E-02      30.0    240.1
2015 12 12   346   19  6  0     71.19    0.5872E-02      33.0    240.5
2015 12 12   346   19  7  0     71.30    0.6455E-02      37.1    242.2
2015 12 12   346   19  8  0     71.40    0.6967E-02      40.8    243.4
2015 12 12   346   19  9  0     71.50    0.7097E-02      42.2    243.6
2015 12 12   346   19 10  0     71.61    0.6944E-02      41.7    242.8
2015 12 12   346   19 11  0     71.71    0.6903E-02      42.3    242.7
2015 12 12   346   19 12  0     71.82    0.7146E-02      45.0    243.7
2015 12 12   346   19 13  0     71.93    0.7414E-02      47.7    244.0
2015 12 12   346   19 14  0     72.03    0.7225E-02      46.9    242.7
2015 12 12   346   19 15  0     72.14    0.6429E-02      41.8    239.8
2015 12 12   346   19 16  0     72.25    0.5402E-02      35.2    236.2
2015 12 12   346   19 17  0     72.36    0.4617E-02      30.0    231.3
2015 12 12   346   19 18  0     72.47    0.4158E-02      27.1    227.4
2015 12 12   346   19 19  0     72.58    0.4017E-02      26.7    226.6
2015 12 12   346   19 20  0     72.69    0.4147E-02      28.2    227.2
2015 12 12   346   19 21  0     72.80    0.4297E-02      29.9    227.8
2015 12 12   346   19 22  0     72.91    0.4376E-02      31.0    227.8
2015 12 12   346   19 23  0     73.02    0.4369E-02      31.5    227.6
2015 12 12   346   19 24  0     73.14    0.4299E-02      31.4    226.4
2015 12 12   346   19 25  0     73.25    0.4149E-02      30.6    224.9
2015 12 12   346   19 26  0     73.36    0.3945E-02      29.4    223.1
2015 12 12   346   19 27  0     73.48    0.3715E-02      27.8    220.5
2015 12 12   346   19 28  0     73.59    0.3474E-02      26.1    217.8
2015 12 12   346   19 29  0     73.71    0.3386E-02      25.9    217.0
2015 12 12   346   19 30  0     73.83    0.3329E-02      25.8    215.9
2015 12 12   346   19 31  0     73.94    0.3111E-02      24.1    213.2
2015 12 12   346   19 32  0     74.06    0.2935E-02      22.7    208.1
2015 12 12   346   19 33  0     74.18    0.2828E-02      22.2    206.5
2015 12 12   346   19 34  0     74.29    0.2797E-02      22.3    205.5
2015 12 12   346   19 35  0     74.41    0.2876E-02      23.4    204.6
2015 12 12   346   19 36  0     74.53    0.2958E-02      24.6    205.2
2015 12 12   346   19 37  0     74.65    0.2870E-02      24.0    203.1
2015 12 12   346   19 38  0     74.77    0.2677E-02      22.0    198.2
2015 12 12   346   19 39  0     74.89    0.2465E-02      20.2    195.1
2015 12 12   346   19 40  0     75.02    0.2348E-02      19.2    190.3
2015 12 12   346   19 41  0     75.14    0.2341E-02      19.6    190.4
2015 12 12   346   19 42  0     75.26    0.2362E-02      20.5    191.9
2015 12 12   346   19 43  0     75.38    0.2326E-02      20.7    191.1
2015 12 12   346   19 44  0     75.51    0.2244E-02      20.1    188.3
2015 12 12   346   19 45  0     75.63    0.2189E-02      19.9    186.8
2015 12 12   346   19 46  0     75.75    0.2252E-02      20.8    185.9
2015 12 12   346   19 47  0     75.88    0.2351E-02      22.5    187.2
2015 12 12   346   19 48  0     76.00    0.2490E-02      24.9    189.7
2015 12 12   346   19 49  0     76.13    0.2536E-02      26.2    191.0
2015 12 12   346   19 50  0     76.26    0.2479E-02      25.8    188.4
2015 12 12   346   19 51  0     76.38    0.2493E-02      26.5    187.4
2015 12 12   346   19 52  0     76.51    0.2731E-02      30.9    192.6
2015 12 12   346   19 53  0     76.64    0.3025E-02      36.0    197.4
2015 12 12   346   19 54  0     76.77    0.3083E-02      37.3    196.6
2015 12 12   346   19 55  0     76.90    0.2980E-02      36.7    195.4
2015 12 12   346   19 56  0     77.03    0.2959E-02      37.3    193.4
2015 12 12   346   19 57  0     77.16    0.3044E-02      39.6    193.9
2015 12 12   346   19 58  0     77.29    0.3212E-02      43.5    195.8
2015 12 12   346   19 59  0     77.42    0.3362E-02      47.5    198.3
2015 12 12   346   20  0  0     77.55    0.3386E-02      49.0    197.9
2015 12 12   346   20  1  0     77.68    0.3280E-02      48.3    196.3
2015 12 12   346   20  2  0     77.81    0.3178E-02      47.5    194.3
2015 12 12   346   20  3  0     77.94    0.3061E-02      46.4    190.5
2015 12 12   346   20  4  0     78.08    0.2860E-02      43.2    185.4
2015 12 12   346   20  5  0     78.21    0.2672E-02      41.0    182.8
2015 12 12   346   20  6  0     78.34    0.2705E-02      43.5    183.7
2015 12 12   346   20  7  0     78.48    0.2953E-02      50.3    186.4
2015 12 12   346   20  8  0     78.61    0.3184E-02      57.5    189.8
2015 12 12   346   20  9  0     78.75    0.3325E-02      62.6    191.0
2015 12 12   346   20 10  0     78.88    0.3307E-02      65.0    193.0
2015 12 12   346   20 11  0     79.02    0.3334E-02      68.1    190.9
2015 12 12   346   20 12  0     79.16    0.3429E-02      73.8    192.7
2015 12 12   346   20 13  0     79.29    0.3546E-02      80.2    194.4
2015 12 12   346   20 14  0     79.43    0.3628E-02      86.0    195.9
2015 12 12   346   20 15  0     79.57    0.3693E-02      90.5    194.4
2015 12 12   346   20 16  0     79.71    0.3654E-02      93.7    195.7
2015 12 12   346   20 17  0     79.85    0.3599E-02      95.3    194.6
2015 12 12   346   20 18  0     79.98    0.3508E-02      95.3    192.5
2015 12 12   346   20 19  0     80.12    0.3360E-02      94.4    189.9
2015 12 12   346   20 20  0     80.26    0.3194E-02      92.6    188.3
2015 12 12   346   20 21  0     80.40    0.3080E-02      91.2    185.0
2015 12 12   346   20 22  0     80.54    0.2954E-02      90.1    183.0
2015 12 12   346   20 23  0     80.69    0.2831E-02      88.8    180.8
2015 12 12   346   20 24  0     80.83    0.2734E-02      87.3    176.9
2015 12 12   346   20 25  0     80.97    0.2593E-02      84.4    173.6
2015 12 12   346   20 26  0     81.11    0.2422E-02      79.7    168.7
2015 12 12   346   20 27  0     81.25    0.2326E-02      77.0    164.0
2015 12 12   346   20 28  0     81.40    0.2299E-02      76.8    160.5
2015 12 12   346   20 29  0     81.54    0.2264E-02      77.3    158.4
2015 12 12   346   20 30  0     81.68    0.2249E-02      79.6    158.1
2015 12 12   346   20 31  0     81.83    0.2286E-02      83.6    157.4
2015 12 12   346   20 32  0     81.97    0.2301E-02      87.0    156.5
2015 12 12   346   20 33  0     82.12    0.2281E-02      89.2    155.3
2015 12 12   346   20 34  0     82.26    0.2244E-02      90.2    153.8
2015 12 12   346   20 35  0     82.41    0.2234E-02      90.4    149.3
2015 12 12   346   20 36  0     82.56    0.2166E-02      90.1    148.0
2015 12 12   346   20 37  0     82.70    0.2145E-02      90.5    144.9
2015 12 12   346   20 38  0     82.85    0.2122E-02      91.7    142.7
2015 12 12   346   20 39  0     83.00    0.2097E-02      93.4    140.9
2015 12 12   346   20 40  0     83.14    0.2077E-02      95.2    139.5
2015 12 12   346   20 41  0     83.29    0.2039E-02      98.1    140.1
2015 12 12   346   20 42  0     83.44    0.2045E-02     101.1    137.9
2015 12 12   346   20 43  0     83.59    0.2012E-02     103.6    136.8
2015 12 12   346   20 44  0     83.74    0.1979E-02     105.6    135.0
2015 12 12   346   20 45  0     83.89    0.1942E-02     107.4    132.8
2015 12 12   346   20 46  0     84.04    0.1903E-02     109.8    131.4
2015 12 12   346   20 47  0     84.19    0.1871E-02     112.8    130.5
2015 12 12   346   20 48  0     84.34    0.1859E-02     116.8    129.1
2015 12 12   346   20 49  0     84.49    0.1851E-02     121.3    127.8
2015 12 12   346   20 50  0     84.64    0.1840E-02     126.0    126.7
2015 12 12   346   20 51  0     84.79    0.1835E-02     130.8    125.2
2015 12 12   346   20 52  0     84.94    0.1804E-02     135.1    124.8
2015 12 12   346   20 53  0     85.10    0.1799E-02     138.9    122.8
2015 12 12   346   20 54  0     85.25    0.1777E-02     141.8    121.1
2015 12 12   346   20 55  0     85.40    0.1775E-02     144.8    118.1
2015 12 12   346   20 56  0     85.56    0.1730E-02     148.1    117.6
2015 12 12   346   20 57  0     85.71    0.1711E-02     151.0    115.3
2015 12 12   346   20 58  0     85.86    0.1693E-02     153.3    112.3
2015 12 12   346   20 59  0     86.02    0.1631E-02     155.1    111.9
2015 12 12   346   21  0  0     86.17    0.1573E-02     156.2    111.8
2015 12 12   346   21  1  0     86.33    0.1541E-02     157.2    109.9
2015 12 12   346   21  2  0     86.48    0.1525E-02     158.1    106.9
2015 12 12   346   21  3  0     86.64    0.1515E-02     159.3    103.5
2015 12 12   346   21  4  0     86.79    0.1471E-02     160.5    102.2
2015 12 12   346   21  5  0     86.95    0.1445E-02     162.1     99.7
2015 12 12   346   21  6  0     87.11    0.1412E-02     163.4     98.3
2015 12 12   346   21  7  0     87.26    0.1393E-02     164.3     96.1
2015 12 12   346   21  8  0     87.42    0.1359E-02     165.2     94.8
2015 12 12   346   21  9  0     87.58    0.1331E-02     166.5     93.0
2015 12 12   346   21 10  0     87.73    0.1325E-02     168.2     89.6
2015 12 12   346   21 11  0     87.89    0.1300E-02     170.6     87.4
2015 12 12   346   21 12  0     88.05    0.1275E-02     173.1     85.7
2015 12 12   346   21 13  0     88.21    0.1249E-02     175.2     84.9
2015 12 12   346   21 14  0     88.37    0.1230E-02     177.5     83.2
2015 12 12   346   21 15  0     88.53    0.1213E-02     180.1     81.1
2015 12 12   346   21 16  0     88.69    0.1186E-02     182.8     79.5
2015 12 12   346   21 17  0     88.85    0.1179E-02     185.5     76.1
2015 12 12   346   21 18  0     89.01    0.1157E-02     188.7     73.6
2015 12 12   346   21 19  0     89.17    0.1142E-02     190.3     72.2
2015 12 12   346   21 20  0     89.33    0.1117E-02     192.8     71.2
2015 12 12   346   21 21  0     89.49    0.1100E-02     195.5     69.3
2015 12 12   346   21 22  0     89.65    0.1085E-02     198.7     66.0
2015 12 12   346   21 23  0     89.81    0.1067E-02     202.5     63.6
2015 12 12   346   21 24  0     89.97    0.1046E-02     206.8     60.9
