                            NILUUV 115

Uvpro Version 2.0
Latitude :   40.74 (North)
Longitude:  -74.03  (West)
Calibration file: cf100603a.115
Height above sea level:    40.0  m
CLT derived from channel 5
CLT scale factor used:   1.0
Ozone derived from channel pair ch3/ch1
Ozone scale factor used:   1.0
Drift factors ch1-ch6:   0.307  0.310  0.453  0.504  0.345  0.908
Ozone profile climatology: Mid  Latitude
Dose type:    CLW    Caldwell Plant 1971           

yyyy mm dd   jul   hh mm ss      SZA     dose rate       clt     Ozone
                              [degrees]   [W/m^2]        [%]     [DU]
2022  5 21   141    0  0  0     88.84    0.9013E-05      64.7    535.9
2022  5 21   141    0  1  0     89.01   -0.2601E-04      67.0    535.9
2022  5 21   141    0  2  0     89.18   -0.8970E-05      68.5    -99.9
2022  5 21   141    0  3  0     89.35   -0.2264E-04      68.1    -99.9
2022  5 21   141    0  4  0     89.52   -0.1634E-04      67.2    -99.9
2022  5 21   141    0  5  0     89.69   -0.5418E-04      61.8    -99.9
2022  5 21   141    0  6  0     89.86   -0.3356E-04      59.8    -99.9
2022  5 21   141    9 40  0     89.87   -0.5216E-04      53.1    -99.9
2022  5 21   141    9 41  0     89.71   -0.4933E-04      50.6    -99.9
2022  5 21   141    9 42  0     89.54   -0.4267E-04      49.4    -99.9
2022  5 21   141    9 43  0     89.37   -0.3154E-04      48.6    -99.9
2022  5 21   141    9 44  0     89.20   -0.4339E-04      47.9    -99.9
2022  5 21   141    9 45  0     89.03   -0.3354E-04      47.2    -99.9
2022  5 21   141    9 46  0     88.86   -0.5055E-04      45.9    -99.9
2022  5 21   141    9 47  0     88.69   -0.1213E-04      45.1    485.4
2022  5 21   141    9 48  0     88.52    0.1180E-04      45.4    340.3
2022  5 21   141    9 49  0     88.35   -0.2866E-04      45.7    340.3
2022  5 21   141    9 50  0     88.17   -0.1458E-04      45.0    -99.9
2022  5 21   141    9 51  0     88.00   -0.1399E-04      45.5    -99.9
2022  5 21   141    9 52  0     87.83   -0.9158E-05      45.5    -99.9
2022  5 21   141    9 53  0     87.66    0.2837E-04      47.2    409.4
2022  5 21   141    9 54  0     87.49    0.4294E-04      47.7    370.0
2022  5 21   141    9 55  0     87.32    0.3418E-04      48.4    456.1
2022  5 21   141    9 56  0     87.14    0.5370E-04      48.6    385.3
2022  5 21   141    9 57  0     86.97    0.5481E-04      49.6    422.4
2022  5 21   141    9 58  0     86.80    0.9282E-04      49.6    307.3
2022  5 21   141    9 59  0     86.62    0.5909E-04      49.8    476.2
2022  5 21   141   10  0  0     86.45    0.9061E-04      50.0    366.2
2022  5 21   141   10  1  0     86.28    0.8125E-04      50.4    436.6
2022  5 21   141   10  2  0     86.10    0.8920E-04      51.2    448.2
2022  5 21   141   10  3  0     85.93    0.1126E-03      51.1    389.0
2022  5 21   141   10  4  0     85.76    0.1304E-03      52.4    374.1
2022  5 21   141   10  5  0     85.58    0.1646E-03      57.0    361.6
2022  5 21   141   10  6  0     85.41    0.1843E-03      58.4    356.6
2022  5 21   141   10  7  0     85.23    0.1812E-03      56.9    369.6
2022  5 21   141   10  8  0     85.06    0.1769E-03      55.1    382.7
2022  5 21   141   10  9  0     84.88    0.1898E-03      52.4    348.3
2022  5 21   141   10 10  0     84.71    0.2069E-03      51.1    325.4
2022  5 21   141   10 11  0     84.53    0.2044E-03      51.3    366.7
2022  5 21   141   10 12  0     84.36    0.2018E-03      50.5    398.3
2022  5 21   141   10 13  0     84.18    0.2223E-03      50.1    379.2
2022  5 21   141   10 14  0     84.00    0.2497E-03      50.2    353.1
2022  5 21   141   10 15  0     83.83    0.2716E-03      49.8    331.1
2022  5 21   141   10 16  0     83.65    0.2606E-03      50.0    390.8
2022  5 21   141   10 17  0     83.47    0.3287E-03      49.7    296.3
2022  5 21   141   10 18  0     83.30    0.3429E-03      49.4    302.1
2022  5 21   141   10 19  0     83.12    0.3499E-03      49.3    321.0
2022  5 21   141   10 20  0     82.94    0.3693E-03      50.0    334.9
2022  5 21   141   10 21  0     82.77    0.4037E-03      50.3    324.3
2022  5 21   141   10 22  0     82.59    0.4349E-03      48.6    293.2
2022  5 21   141   10 23  0     82.41    0.4690E-03      48.9    286.4
2022  5 21   141   10 24  0     82.23    0.4601E-03      49.5    332.3
2022  5 21   141   10 25  0     82.05    0.5030E-03      50.5    325.1
2022  5 21   141   10 26  0     81.88    0.5725E-03      52.4    306.2
2022  5 21   141   10 27  0     81.70    0.5741E-03      51.2    317.5
2022  5 21   141   10 28  0     81.52    0.5950E-03      49.4    304.4
2022  5 21   141   10 29  0     81.34    0.6047E-03      48.4    312.5
2022  5 21   141   10 30  0     81.16    0.6465E-03      48.0    299.8
2022  5 21   141   10 31  0     80.98    0.6652E-03      47.6    306.0
2022  5 21   141   10 32  0     80.80    0.6925E-03      46.9    305.6
2022  5 21   141   10 33  0     80.62    0.7285E-03      46.9    306.8
2022  5 21   141   10 34  0     80.44    0.7339E-03      46.1    316.4
2022  5 21   141   10 35  0     80.26    0.7679E-03      45.8    314.8
2022  5 21   141   10 36  0     80.08    0.8114E-03      46.3    318.9
2022  5 21   141   10 37  0     79.90    0.8801E-03      47.1    313.0
2022  5 21   141   10 38  0     79.72    0.9362E-03      47.2    310.3
2022  5 21   141   10 39  0     79.54    0.1005E-02      47.5    301.5
2022  5 21   141   10 40  0     79.36    0.1033E-02      46.7    298.6
2022  5 21   141   10 41  0     79.18    0.1089E-02      47.5    300.1
2022  5 21   141   10 42  0     79.00    0.1140E-02      47.7    296.1
2022  5 21   141   10 43  0     78.82    0.1142E-02      46.0    295.8
2022  5 21   141   10 44  0     78.64    0.1147E-02      44.5    303.1
2022  5 21   141   10 45  0     78.46    0.1184E-02      42.9    294.9
2022  5 21   141   10 46  0     78.28    0.1238E-02      43.1    300.3
2022  5 21   141   10 47  0     78.09    0.1326E-02      44.1    302.8
2022  5 21   141   10 48  0     77.91    0.1452E-02      45.7    293.9
2022  5 21   141   10 49  0     77.73    0.1469E-02      45.3    299.0
2022  5 21   141   10 50  0     77.55    0.1495E-02      44.0    301.1
2022  5 21   141   10 51  0     77.37    0.1551E-02      43.0    302.1
2022  5 21   141   10 52  0     77.18    0.1613E-02      42.5    304.5
2022  5 21   141   10 53  0     77.00    0.1734E-02      43.3    300.3
2022  5 21   141   10 54  0     76.82    0.1901E-02      44.8    295.3
2022  5 21   141   10 55  0     76.64    0.2018E-02      45.0    291.2
2022  5 21   141   10 56  0     76.45    0.2064E-02      44.1    293.2
2022  5 21   141   10 57  0     76.27    0.2143E-02      43.5    293.9
2022  5 21   141   10 58  0     76.09    0.2070E-02      41.1    299.2
2022  5 21   141   10 59  0     75.90    0.2047E-02      38.8    297.9
2022  5 21   141   11  0  0     75.72    0.2087E-02      38.1    300.0
2022  5 21   141   11  1  0     75.54    0.2130E-02      37.4    301.5
2022  5 21   141   11  2  0     75.35    0.2209E-02      37.4    304.4
2022  5 21   141   11  3  0     75.17    0.2352E-02      37.7    301.6
2022  5 21   141   11  4  0     74.99    0.2392E-02      36.8    303.5
2022  5 21   141   11  5  0     74.80    0.2437E-02      35.7    303.0
2022  5 21   141   11  6  0     74.62    0.2535E-02      35.2    300.5
2022  5 21   141   11  7  0     74.44    0.2607E-02      34.1    297.4
2022  5 21   141   11  8  0     74.25    0.2642E-02      33.3    300.5
2022  5 21   141   11  9  0     74.07    0.2797E-02      33.6    297.6
2022  5 21   141   11 10  0     73.88    0.2961E-02      33.5    298.9
2022  5 21   141   11 11  0     73.70    0.3097E-02      33.2    299.2
2022  5 21   141   11 12  0     73.51    0.3233E-02      32.9    298.2
2022  5 21   141   11 13  0     73.33    0.3323E-02      32.2    297.4
2022  5 21   141   11 14  0     73.14    0.3500E-02      32.4    294.5
2022  5 21   141   11 15  0     72.96    0.3547E-02      31.9    298.3
2022  5 21   141   11 16  0     72.77    0.3603E-02      31.2    297.8
2022  5 21   141   11 17  0     72.59    0.3753E-02      31.5    299.6
2022  5 21   141   11 18  0     72.40    0.3886E-02      31.1    297.4
2022  5 21   141   11 19  0     72.22    0.3916E-02      30.5    299.0
2022  5 21   141   11 20  0     72.03    0.4111E-02      30.9    297.3
2022  5 21   141   11 21  0     71.84    0.4349E-02      31.5    297.6
2022  5 21   141   11 22  0     71.66    0.4546E-02      31.9    297.1
2022  5 21   141   11 23  0     71.47    0.4820E-02      32.8    297.1
2022  5 21   141   11 24  0     71.29    0.4890E-02      32.4    298.3
2022  5 21   141   11 25  0     71.10    0.4906E-02      31.8    299.7
2022  5 21   141   11 26  0     70.91    0.4983E-02      31.3    300.0
2022  5 21   141   11 27  0     70.73    0.5261E-02      32.4    301.2
2022  5 21   141   11 28  0     70.54    0.5494E-02      33.2    300.0
2022  5 21   141   11 29  0     70.36    0.5457E-02      33.3    302.1
2022  5 21   141   11 30  0     70.17    0.5672E-02      34.0    302.4
2022  5 21   141   11 31  0     69.98    0.5895E-02      34.4    302.3
2022  5 21   141   11 32  0     69.80    0.5943E-02      34.2    303.8
2022  5 21   141   11 33  0     69.61    0.6001E-02      34.1    304.6
2022  5 21   141   11 34  0     69.42    0.6333E-02      34.9    303.2
2022  5 21   141   11 35  0     69.23    0.6530E-02      34.6    304.1
2022  5 21   141   11 36  0     69.05    0.6820E-02      35.0    304.7
2022  5 21   141   11 37  0     68.86    0.6978E-02      34.8    305.1
2022  5 21   141   11 38  0     68.67    0.7369E-02      36.6    305.8
2022  5 21   141   11 39  0     68.49    0.7750E-02      38.3    306.3
2022  5 21   141   11 40  0     68.30    0.7945E-02      38.4    305.9
2022  5 21   141   11 41  0     68.11    0.8072E-02      38.9    307.5
2022  5 21   141   11 42  0     67.92    0.8405E-02      39.1    306.8
2022  5 21   141   11 43  0     67.74    0.8613E-02      38.8    307.6
2022  5 21   141   11 44  0     67.55    0.9031E-02      39.8    306.9
2022  5 21   141   11 45  0     67.36    0.9385E-02      40.8    307.8
2022  5 21   141   11 46  0     67.17    0.9597E-02      40.7    308.6
2022  5 21   141   11 47  0     66.99    0.9865E-02      40.3    307.9
2022  5 21   141   11 48  0     66.80    0.1018E-01      40.3    308.2
2022  5 21   141   11 49  0     66.61    0.1056E-01      40.8    307.9
2022  5 21   141   11 50  0     66.42    0.1052E-01      39.8    308.6
2022  5 21   141   11 51  0     66.23    0.1045E-01      38.6    308.9
2022  5 21   141   11 52  0     66.05    0.1080E-01      39.8    309.6
2022  5 21   141   11 53  0     65.86    0.1180E-01      43.7    310.2
2022  5 21   141   11 54  0     65.67    0.1214E-01      44.5    310.4
2022  5 21   141   11 55  0     65.48    0.1240E-01      43.7    310.3
2022  5 21   141   11 56  0     65.29    0.1283E-01      43.6    310.4
2022  5 21   141   11 57  0     65.10    0.1295E-01      43.2    309.3
2022  5 21   141   11 58  0     64.91    0.1297E-01      42.4    310.4
2022  5 21   141   11 59  0     64.73    0.1347E-01      42.8    310.4
2022  5 21   141   12  0  0     64.54    0.1352E-01      41.7    310.7
2022  5 21   141   12  1  0     64.35    0.1375E-01      41.2    310.6
2022  5 21   141   12  2  0     64.16    0.1469E-01      42.7    310.7
2022  5 21   141   12  3  0     63.97    0.1572E-01      45.6    312.0
2022  5 21   141   12  4  0     63.78    0.1566E-01      45.2    311.4
2022  5 21   141   12  5  0     63.59    0.1564E-01      44.6    311.3
2022  5 21   141   12  6  0     63.41    0.1624E-01      45.5    312.1
2022  5 21   141   12  7  0     63.22    0.1692E-01      46.4    312.1
2022  5 21   141   12  8  0     63.03    0.1684E-01      45.1    312.2
2022  5 21   141   12  9  0     62.84    0.1742E-01      46.4    314.0
2022  5 21   141   12 10  0     62.65    0.1812E-01      47.4    312.5
2022  5 21   141   12 11  0     62.46    0.1798E-01      46.7    313.1
2022  5 21   141   12 12  0     62.27    0.1794E-01      46.0    313.3
2022  5 21   141   12 13  0     62.08    0.1799E-01      44.9    313.8
2022  5 21   141   12 14  0     61.89    0.1885E-01      46.9    314.9
2022  5 21   141   12 15  0     61.70    0.1993E-01      47.1    314.6
2022  5 21   141   12 16  0     61.51    0.2121E-01      51.2    314.5
2022  5 21   141   12 17  0     61.32    0.2095E-01      48.7    314.7
2022  5 21   141   12 18  0     61.14    0.2160E-01      49.0    314.5
2022  5 21   141   12 19  0     60.95    0.2154E-01      48.3    315.5
2022  5 21   141   12 20  0     60.76    0.2412E-01      50.8    315.2
2022  5 21   141   12 21  0     60.57    0.2729E-01      59.5    315.6
2022  5 21   141   12 22  0     60.38    0.2553E-01      53.0    315.1
2022  5 21   141   12 23  0     60.19    0.2647E-01      54.2    315.1
2022  5 21   141   12 24  0     60.00    0.2760E-01      56.0    315.7
2022  5 21   141   12 25  0     59.81    0.2760E-01      54.8    315.8
2022  5 21   141   12 26  0     59.62    0.2837E-01      55.1    316.1
2022  5 21   141   12 27  0     59.43    0.2992E-01      57.8    315.5
2022  5 21   141   12 28  0     59.24    0.3076E-01      56.5    315.1
2022  5 21   141   12 29  0     59.05    0.3405E-01      62.0    315.1
2022  5 21   141   12 30  0     58.86    0.3457E-01      62.9    316.1
2022  5 21   141   12 31  0     58.67    0.3230E-01      56.1    316.1
2022  5 21   141   12 32  0     58.48    0.3316E-01      57.0    316.4
2022  5 21   141   12 33  0     58.29    0.3411E-01      57.1    315.4
2022  5 21   141   12 34  0     58.10    0.3414E-01      54.7    315.2
2022  5 21   141   12 35  0     57.92    0.3556E-01      57.3    315.7
2022  5 21   141   12 36  0     57.73    0.3544E-01      55.6    315.7
2022  5 21   141   12 37  0     57.54    0.3474E-01      53.1    315.2
2022  5 21   141   12 38  0     57.35    0.3504E-01      52.1    315.3
2022  5 21   141   12 39  0     57.16    0.3700E-01      55.7    315.6
2022  5 21   141   12 40  0     56.97    0.3987E-01      56.6    315.8
2022  5 21   141   12 41  0     56.78    0.4245E-01      61.1    316.0
2022  5 21   141   12 42  0     56.59    0.4378E-01      61.9    316.1
2022  5 21   141   12 43  0     56.40    0.4506E-01      61.7    315.6
2022  5 21   141   12 44  0     56.21    0.4969E-01      65.9    314.9
2022  5 21   141   12 45  0     56.02    0.5121E-01      71.2    315.8
2022  5 21   141   12 46  0     55.83    0.4866E-01      64.1    316.3
2022  5 21   141   12 47  0     55.64    0.5319E-01      70.9    316.4
2022  5 21   141   12 48  0     55.45    0.5605E-01      74.1    316.0
2022  5 21   141   12 49  0     55.26    0.6035E-01      80.0    316.4
2022  5 21   141   12 50  0     55.07    0.6008E-01      79.0    316.6
2022  5 21   141   12 51  0     54.88    0.5884E-01      75.0    317.0
2022  5 21   141   12 52  0     54.70    0.6112E-01      75.5    316.7
2022  5 21   141   12 53  0     54.51    0.6495E-01      80.7    316.8
2022  5 21   141   12 54  0     54.32    0.6744E-01      83.2    316.2
2022  5 21   141   12 55  0     54.13    0.6748E-01      82.7    316.7
2022  5 21   141   12 56  0     53.94    0.6965E-01      85.0    317.3
2022  5 21   141   12 57  0     53.75    0.6840E-01      83.0    317.7
2022  5 21   141   12 58  0     53.56    0.6690E-01      77.4    317.3
2022  5 21   141   12 59  0     53.37    0.6848E-01      78.1    316.5
2022  5 21   141   13  0  0     53.18    0.6746E-01      73.6    316.5
2022  5 21   141   13  1  0     52.99    0.7365E-01      76.3    316.2
2022  5 21   141   13  2  0     52.80    0.7617E-01      81.7    316.6
2022  5 21   141   13  3  0     52.62    0.7882E-01      85.1    317.2
2022  5 21   141   13  4  0     52.43    0.8323E-01      90.6    317.4
2022  5 21   141   13  5  0     52.24    0.8201E-01      86.2    316.8
2022  5 21   141   13  6  0     52.05    0.8477E-01      87.1    316.7
2022  5 21   141   13  7  0     51.86    0.8933E-01      91.2    317.0
2022  5 21   141   13  8  0     51.67    0.9453E-01      95.2    316.4
2022  5 21   141   13  9  0     51.48    0.9566E-01      96.2    316.2
2022  5 21   141   13 10  0     51.30    0.9223E-01      91.0    316.4
2022  5 21   141   13 11  0     51.11    0.9142E-01      87.2    316.4
2022  5 21   141   13 12  0     50.92    0.9929E-01      95.2    317.0
2022  5 21   141   13 13  0     50.73    0.1038E+00     100.4    317.3
2022  5 21   141   13 14  0     50.54    0.1020E+00      90.2    316.0
2022  5 21   141   13 15  0     50.35    0.1138E+00     107.5    317.0
2022  5 21   141   13 16  0     50.17    0.1181E+00     111.4    317.0
2022  5 21   141   13 17  0     49.98    0.1149E+00     100.5    316.5
2022  5 21   141   13 18  0     49.79    0.1154E+00      97.7    316.2
2022  5 21   141   13 19  0     49.60    0.1243E+00     111.2    316.9
2022  5 21   141   13 20  0     49.41    0.1262E+00     110.9    316.3
2022  5 21   141   13 21  0     49.23    0.1273E+00     110.9    316.5
2022  5 21   141   13 22  0     49.04    0.1281E+00     112.5    317.2
2022  5 21   141   13 23  0     48.85    0.1220E+00     101.5    317.0
2022  5 21   141   13 24  0     48.66    0.1197E+00      92.3    315.5
2022  5 21   141   13 25  0     48.48    0.1352E+00     111.9    316.3
2022  5 21   141   13 26  0     48.29    0.1371E+00     112.3    316.3
2022  5 21   141   13 27  0     48.10    0.1387E+00     112.0    316.2
2022  5 21   141   13 28  0     47.92    0.1412E+00     112.7    316.6
2022  5 21   141   13 29  0     47.73    0.1436E+00     113.4    316.4
2022  5 21   141   13 30  0     47.54    0.1450E+00     112.7    315.8
2022  5 21   141   13 31  0     47.35    0.1470E+00     113.0    315.8
2022  5 21   141   13 32  0     47.17    0.1485E+00     112.7    315.8
2022  5 21   141   13 33  0     46.98    0.1511E+00     113.6    316.3
2022  5 21   141   13 34  0     46.79    0.1535E+00     113.7    316.0
2022  5 21   141   13 35  0     46.61    0.1557E+00     113.7    315.2
2022  5 21   141   13 36  0     46.42    0.1579E+00     113.8    315.2
2022  5 21   141   13 37  0     46.24    0.1602E+00     114.4    315.0
2022  5 21   141   13 38  0     46.05    0.1622E+00     114.4    315.0
2022  5 21   141   13 39  0     45.86    0.1642E+00     114.4    314.9
2022  5 21   141   13 40  0     45.68    0.1662E+00     114.3    314.7
2022  5 21   141   13 41  0     45.49    0.1685E+00     114.7    314.8
2022  5 21   141   13 42  0     45.31    0.1713E+00     115.7    314.8
2022  5 21   141   13 43  0     45.12    0.1735E+00     115.8    314.7
2022  5 21   141   13 44  0     44.94    0.1758E+00     116.0    314.7
2022  5 21   141   13 45  0     44.75    0.1781E+00     116.3    314.8
2022  5 21   141   13 46  0     44.57    0.1799E+00     116.2    314.8
2022  5 21   141   13 47  0     44.38    0.1821E+00     116.3    314.7
2022  5 21   141   13 48  0     44.20    0.1840E+00     116.2    314.6
2022  5 21   141   13 49  0     44.01    0.1860E+00     116.5    314.7
2022  5 21   141   13 50  0     43.83    0.1876E+00     116.3    314.9
2022  5 21   141   13 51  0     43.65    0.1893E+00     116.1    315.0
2022  5 21   141   13 52  0     43.46    0.1916E+00     116.3    314.9
2022  5 21   141   13 53  0     43.28    0.1938E+00     116.4    314.7
2022  5 21   141   13 54  0     43.10    0.1963E+00     116.7    314.5
2022  5 21   141   13 55  0     42.91    0.1986E+00     116.9    314.4
2022  5 21   141   13 56  0     42.73    0.2001E+00     116.5    314.4
2022  5 21   141   13 57  0     42.55    0.2011E+00     115.5    314.3
2022  5 21   141   13 58  0     42.36    0.2025E+00     114.9    314.3
2022  5 21   141   13 59  0     42.18    0.2049E+00     115.4    314.2
2022  5 21   141   14  0  0     42.00    0.2066E+00     115.0    314.1
2022  5 21   141   14  1  0     41.82    0.2078E+00     114.3    314.0
2022  5 21   141   14  2  0     41.63    0.2101E+00     114.5    313.9
2022  5 21   141   14  3  0     41.45    0.2125E+00     114.9    313.8
2022  5 21   141   14  4  0     41.27    0.2124E+00     113.0    313.7
2022  5 21   141   14  5  0     41.09    0.2126E+00     111.5    313.6
2022  5 21   141   14  6  0     40.91    0.2119E+00     109.3    313.6
2022  5 21   141   14  7  0     40.73    0.2158E+00     111.0    313.7
2022  5 21   141   14  8  0     40.55    0.2170E+00     110.1    313.4
2022  5 21   141   14  9  0     40.37    0.2207E+00     111.5    313.6
2022  5 21   141   14 10  0     40.19    0.2243E+00     112.8    313.6
2022  5 21   141   14 11  0     40.01    0.2256E+00     112.4    313.7
2022  5 21   141   14 12  0     39.83    0.2320E+00     115.9    313.7
2022  5 21   141   14 13  0     39.65    0.2340E+00     115.5    313.5
2022  5 21   141   14 14  0     39.47    0.2355E+00     115.1    313.5
2022  5 21   141   14 15  0     39.29    0.2338E+00     112.1    313.4
2022  5 21   141   14 16  0     39.11    0.2323E+00     109.6    313.5
2022  5 21   141   14 17  0     38.93    0.2425E+00     115.7    313.5
2022  5 21   141   14 18  0     38.75    0.2449E+00     115.8    313.4
2022  5 21   141   14 19  0     38.58    0.2481E+00     116.6    313.3
2022  5 21   141   14 20  0     38.40    0.2491E+00     115.6    313.1
2022  5 21   141   14 21  0     38.22    0.2500E+00     114.8    313.2
2022  5 21   141   14 22  0     38.04    0.2549E+00     117.0    313.4
2022  5 21   141   14 23  0     37.87    0.2575E+00     117.3    313.2
2022  5 21   141   14 24  0     37.69    0.2597E+00     117.4    313.2
2022  5 21   141   14 25  0     37.52    0.2615E+00     117.2    313.1
2022  5 21   141   14 26  0     37.34    0.2632E+00     117.0    313.1
2022  5 21   141   14 27  0     37.16    0.2643E+00     116.4    313.2
2022  5 21   141   14 28  0     36.99    0.2653E+00     115.7    313.2
2022  5 21   141   14 29  0     36.81    0.2679E+00     116.0    313.1
2022  5 21   141   14 30  0     36.64    0.2707E+00     116.6    313.3
2022  5 21   141   14 31  0     36.47    0.2746E+00     117.8    313.3
2022  5 21   141   14 32  0     36.29    0.2768E+00     117.9    313.3
2022  5 21   141   14 33  0     36.12    0.2795E+00     118.2    313.1
2022  5 21   141   14 34  0     35.95    0.2815E+00     118.1    313.1
2022  5 21   141   14 35  0     35.77    0.2835E+00     118.1    313.1
2022  5 21   141   14 36  0     35.60    0.2844E+00     117.5    313.2
2022  5 21   141   14 37  0     35.43    0.2872E+00     118.0    313.2
2022  5 21   141   14 38  0     35.26    0.2899E+00     118.2    313.0
2022  5 21   141   14 39  0     35.08    0.2928E+00     118.6    313.0
2022  5 21   141   14 40  0     34.91    0.2948E+00     118.5    312.9
2022  5 21   141   14 41  0     34.74    0.2966E+00     118.6    313.0
2022  5 21   141   14 42  0     34.57    0.2987E+00     118.6    313.1
2022  5 21   141   14 43  0     34.40    0.3011E+00     118.7    313.1
2022  5 21   141   14 44  0     34.23    0.3051E+00     119.8    313.1
2022  5 21   141   14 45  0     34.07    0.3069E+00     119.5    312.9
2022  5 21   141   14 46  0     33.90    0.3087E+00     119.4    313.0
2022  5 21   141   14 47  0     33.73    0.3105E+00     119.5    313.1
2022  5 21   141   14 48  0     33.56    0.3120E+00     119.3    313.2
2022  5 21   141   14 49  0     33.40    0.3147E+00     119.7    313.1
2022  5 21   141   14 50  0     33.23    0.3172E+00     119.8    313.0
2022  5 21   141   14 51  0     33.06    0.3193E+00     120.0    313.2
2022  5 21   141   14 52  0     32.90    0.3216E+00     120.4    313.5
2022  5 21   141   14 53  0     32.73    0.3242E+00     120.7    313.5
2022  5 21   141   14 54  0     32.57    0.3270E+00     120.9    313.3
2022  5 21   141   14 55  0     32.40    0.3300E+00     121.2    313.1
2022  5 21   141   14 56  0     32.24    0.3317E+00     121.1    313.2
2022  5 21   141   14 57  0     32.08    0.3321E+00     120.6    313.5
2022  5 21   141   14 58  0     31.92    0.3345E+00     121.0    313.6
2022  5 21   141   14 59  0     31.75    0.3370E+00     121.1    313.5
2022  5 21   141   15  0  0     31.59    0.3399E+00     121.4    313.2
2022  5 21   141   15  1  0     31.43    0.3411E+00     121.1    313.3
2022  5 21   141   15  2  0     31.27    0.3427E+00     121.1    313.5
2022  5 21   141   15  3  0     31.11    0.3441E+00     121.0    313.7
2022  5 21   141   15  4  0     30.95    0.3463E+00     121.0    313.6
2022  5 21   141   15  5  0     30.80    0.3493E+00     121.4    313.4
2022  5 21   141   15  6  0     30.64    0.3515E+00     121.6    313.5
2022  5 21   141   15  7  0     30.48    0.3533E+00     121.7    313.6
2022  5 21   141   15  8  0     30.32    0.3554E+00     121.9    313.8
2022  5 21   141   15  9  0     30.17    0.3574E+00     121.9    313.6
2022  5 21   141   15 10  0     30.01    0.3593E+00     121.8    313.5
2022  5 21   141   15 11  0     29.86    0.3613E+00     121.9    313.5
2022  5 21   141   15 12  0     29.70    0.3622E+00     121.6    313.6
2022  5 21   141   15 13  0     29.55    0.3638E+00     121.7    313.8
2022  5 21   141   15 14  0     29.40    0.3655E+00     121.9    314.0
2022  5 21   141   15 15  0     29.25    0.3671E+00     121.7    313.9
2022  5 21   141   15 16  0     29.10    0.3696E+00     122.0    313.8
2022  5 21   141   15 17  0     28.95    0.3723E+00     122.3    313.8
2022  5 21   141   15 18  0     28.80    0.3739E+00     122.3    313.9
2022  5 21   141   15 19  0     28.65    0.3757E+00     122.6    314.1
2022  5 21   141   15 20  0     28.50    0.3766E+00     122.3    314.2
2022  5 21   141   15 21  0     28.35    0.3786E+00     122.4    314.2
2022  5 21   141   15 22  0     28.21    0.3804E+00     122.5    314.1
2022  5 21   141   15 23  0     28.06    0.3815E+00     122.3    314.2
2022  5 21   141   15 24  0     27.92    0.3831E+00     122.3    314.3
2022  5 21   141   15 25  0     27.77    0.3855E+00     122.5    314.2
2022  5 21   141   15 26  0     27.63    0.3879E+00     122.7    314.0
2022  5 21   141   15 27  0     27.49    0.3890E+00     122.6    314.1
2022  5 21   141   15 28  0     27.35    0.3902E+00     122.7    314.3
2022  5 21   141   15 29  0     27.21    0.3907E+00     122.3    314.5
2022  5 21   141   15 30  0     27.07    0.3932E+00     122.8    314.5
2022  5 21   141   15 31  0     26.93    0.3945E+00     122.8    314.6
2022  5 21   141   15 32  0     26.79    0.3957E+00     122.7    314.6
2022  5 21   141   15 33  0     26.66    0.3957E+00     122.1    314.7
2022  5 21   141   15 34  0     26.52    0.3969E+00     122.3    315.0
2022  5 21   141   15 35  0     26.39    0.3985E+00     122.5    315.2
2022  5 21   141   15 36  0     26.25    0.3992E+00     122.3    315.3
2022  5 21   141   15 37  0     26.12    0.4000E+00     122.1    315.3
2022  5 21   141   15 38  0     25.99    0.4008E+00     121.8    315.2
2022  5 21   141   15 39  0     25.86    0.4025E+00     121.9    315.2
2022  5 21   141   15 40  0     25.73    0.4041E+00     122.0    315.2
2022  5 21   141   15 41  0     25.60    0.4054E+00     121.9    315.1
2022  5 21   141   15 42  0     25.47    0.4073E+00     122.1    315.0
2022  5 21   141   15 43  0     25.35    0.4095E+00     122.7    315.3
2022  5 21   141   15 44  0     25.22    0.4104E+00     122.6    315.5
2022  5 21   141   15 45  0     25.10    0.4112E+00     122.4    315.5
2022  5 21   141   15 46  0     24.98    0.4132E+00     122.5    315.3
2022  5 21   141   15 47  0     24.86    0.4130E+00     121.9    315.2
2022  5 21   141   15 48  0     24.74    0.4133E+00     121.8    315.5
2022  5 21   141   15 49  0     24.62    0.4152E+00     122.2    315.7
2022  5 21   141   15 50  0     24.50    0.4161E+00     122.1    315.7
2022  5 21   141   15 51  0     24.38    0.4173E+00     122.1    315.6
2022  5 21   141   15 52  0     24.27    0.4194E+00     122.3    315.5
2022  5 21   141   15 53  0     24.15    0.4215E+00     122.7    315.5
2022  5 21   141   15 54  0     24.04    0.4209E+00     122.2    315.7
2022  5 21   141   15 55  0     23.93    0.4223E+00     122.4    315.8
2022  5 21   141   15 56  0     23.82    0.4256E+00     123.1    315.6
2022  5 21   141   15 57  0     23.71    0.4274E+00     123.2    315.4
2022  5 21   141   15 58  0     23.61    0.4279E+00     122.7    315.2
2022  5 21   141   15 59  0     23.50    0.4291E+00     122.8    315.3
2022  5 21   141   16  0  0     23.40    0.4302E+00     122.9    315.3
2022  5 21   141   16  1  0     23.30    0.4303E+00     122.6    315.3
2022  5 21   141   16  2  0     23.19    0.4309E+00     122.6    315.4
2022  5 21   141   16  3  0     23.09    0.4316E+00     122.4    315.3
2022  5 21   141   16  4  0     23.00    0.4325E+00     122.4    315.3
2022  5 21   141   16  5  0     22.90    0.4341E+00     122.6    315.3
2022  5 21   141   16  6  0     22.81    0.4337E+00     122.3    315.5
2022  5 21   141   16  7  0     22.71    0.4363E+00     122.8    315.4
2022  5 21   141   16  8  0     22.62    0.4374E+00     122.8    315.3
2022  5 21   141   16  9  0     22.53    0.4389E+00     123.2    315.3
2022  5 21   141   16 10  0     22.44    0.4385E+00     122.9    315.5
2022  5 21   141   16 11  0     22.36    0.4392E+00     123.1    315.7
2022  5 21   141   16 12  0     22.27    0.4400E+00     123.0    315.7
2022  5 21   141   16 13  0     22.19    0.4406E+00     123.0    315.7
2022  5 21   141   16 14  0     22.11    0.4427E+00     123.4    315.7
2022  5 21   141   16 15  0     22.03    0.4439E+00     123.4    315.7
2022  5 21   141   16 16  0     21.95    0.4436E+00     123.1    315.7
2022  5 21   141   16 17  0     21.87    0.4425E+00     122.6    315.9
2022  5 21   141   16 18  0     21.80    0.4422E+00     122.5    316.1
2022  5 21   141   16 19  0     21.73    0.4450E+00     123.5    316.3
2022  5 21   141   16 20  0     21.66    0.4463E+00     123.7    316.3
2022  5 21   141   16 21  0     21.59    0.4477E+00     124.0    316.4
2022  5 21   141   16 22  0     21.52    0.4476E+00     123.5    316.1
2022  5 21   141   16 23  0     21.46    0.4478E+00     123.5    316.2
2022  5 21   141   16 24  0     21.39    0.4472E+00     123.2    316.3
2022  5 21   141   16 25  0     21.33    0.4456E+00     122.6    316.5
2022  5 21   141   16 26  0     21.27    0.4448E+00     122.4    316.9
2022  5 21   141   16 27  0     21.22    0.4463E+00     122.9    317.0
2022  5 21   141   16 28  0     21.16    0.4450E+00     122.3    317.0
2022  5 21   141   16 29  0     21.11    0.4431E+00     121.6    317.0
2022  5 21   141   16 30  0     21.06    0.4410E+00     121.0    317.3
2022  5 21   141   16 31  0     21.01    0.4413E+00     121.2    317.6
2022  5 21   141   16 32  0     20.96    0.4459E+00     122.6    317.6
2022  5 21   141   16 33  0     20.91    0.4469E+00     122.6    317.5
2022  5 21   141   16 34  0     20.87    0.4481E+00     122.9    317.5
2022  5 21   141   16 35  0     20.83    0.4496E+00     123.4    317.6
2022  5 21   141   16 36  0     20.79    0.4503E+00     123.5    317.6
2022  5 21   141   16 37  0     20.75    0.4509E+00     123.5    317.6
2022  5 21   141   16 38  0     20.72    0.4515E+00     123.8    317.7
2022  5 21   141   16 39  0     20.69    0.4519E+00     123.9    317.8
2022  5 21   141   16 40  0     20.66    0.4513E+00     123.6    317.8
2022  5 21   141   16 41  0     20.63    0.4514E+00     123.7    317.9
2022  5 21   141   16 42  0     20.60    0.4497E+00     123.3    318.2
2022  5 21   141   16 43  0     20.58    0.4492E+00     123.2    318.4
2022  5 21   141   16 44  0     20.56    0.4489E+00     123.0    318.4
2022  5 21   141   16 45  0     20.54    0.4481E+00     122.9    318.5
2022  5 21   141   16 46  0     20.52    0.4487E+00     123.2    318.7
2022  5 21   141   16 47  0     20.50    0.4483E+00     122.9    318.6
2022  5 21   141   16 48  0     20.49    0.4489E+00     123.1    318.7
2022  5 21   141   16 49  0     20.48    0.4507E+00     123.8    318.8
2022  5 21   141   16 50  0     20.47    0.4501E+00     123.6    318.8
2022  5 21   141   16 51  0     20.47    0.4510E+00     123.8    318.7
2022  5 21   141   16 52  0     20.46    0.4517E+00     123.9    318.6
2022  5 21   141   16 53  0     20.46    0.4522E+00     124.1    318.5
2022  5 21   141   16 54  0     20.46    0.4510E+00     123.9    318.8
2022  5 21   141   16 55  0     20.46    0.4506E+00     123.9    319.1
2022  5 21   141   16 56  0     20.47    0.4496E+00     123.8    319.3
2022  5 21   141   16 57  0     20.48    0.4493E+00     123.7    319.3
2022  5 21   141   16 58  0     20.48    0.4485E+00     123.4    319.2
2022  5 21   141   16 59  0     20.50    0.4449E+00     122.4    319.5
2022  5 21   141   17  0  0     20.51    0.4438E+00     122.5    319.8
2022  5 21   141   17  1  0     20.53    0.4431E+00     122.6    320.1
2022  5 21   141   17  2  0     20.54    0.4443E+00     123.1    320.1
2022  5 21   141   17  3  0     20.56    0.4456E+00     123.5    320.0
2022  5 21   141   17  4  0     20.59    0.4445E+00     123.5    320.3
2022  5 21   141   17  5  0     20.61    0.4431E+00     123.4    320.6
2022  5 21   141   17  6  0     20.64    0.4411E+00     122.7    320.5
2022  5 21   141   17  7  0     20.67    0.4402E+00     122.4    320.5
2022  5 21   141   17  8  0     20.70    0.4397E+00     122.5    320.6
2022  5 21   141   17  9  0     20.73    0.4386E+00     122.4    320.8
2022  5 21   141   17 10  0     20.77    0.4384E+00     122.8    321.1
2022  5 21   141   17 11  0     20.81    0.4387E+00     123.2    321.3
2022  5 21   141   17 12  0     20.85    0.4390E+00     123.5    321.4
2022  5 21   141   17 13  0     20.89    0.4387E+00     123.5    321.4
2022  5 21   141   17 14  0     20.93    0.4379E+00     123.3    321.5
2022  5 21   141   17 15  0     20.98    0.4381E+00     123.5    321.4
2022  5 21   141   17 16  0     21.02    0.4369E+00     123.3    321.5
2022  5 21   141   17 17  0     21.07    0.4351E+00     122.8    321.5
2022  5 21   141   17 18  0     21.13    0.4345E+00     122.8    321.6
2022  5 21   141   17 19  0     21.18    0.4351E+00     123.4    321.8
2022  5 21   141   17 20  0     21.24    0.4350E+00     123.6    321.8
2022  5 21   141   17 21  0     21.29    0.4338E+00     123.2    321.7
2022  5 21   141   17 22  0     21.35    0.4334E+00     123.3    321.6
2022  5 21   141   17 23  0     21.42    0.4309E+00     122.8    321.9
2022  5 21   141   17 24  0     21.48    0.4273E+00     122.1    322.3
2022  5 21   141   17 25  0     21.55    0.4247E+00     121.4    322.4
2022  5 21   141   17 26  0     21.61    0.4249E+00     121.7    322.3
2022  5 21   141   17 27  0     21.68    0.4260E+00     122.2    322.1
2022  5 21   141   17 28  0     21.75    0.4249E+00     122.1    322.3
2022  5 21   141   17 29  0     21.83    0.4241E+00     122.4    322.7
2022  5 21   141   17 30  0     21.90    0.4223E+00     122.2    323.0
2022  5 21   141   17 31  0     21.98    0.4221E+00     122.3    323.0
2022  5 21   141   17 32  0     22.06    0.4215E+00     122.4    323.1
2022  5 21   141   17 33  0     22.14    0.4210E+00     122.6    323.3
2022  5 21   141   17 34  0     22.22    0.4203E+00     122.8    323.5
2022  5 21   141   17 35  0     22.30    0.4196E+00     122.8    323.5
2022  5 21   141   17 36  0     22.39    0.4190E+00     122.8    323.4
2022  5 21   141   17 37  0     22.48    0.4196E+00     123.3    323.4
2022  5 21   141   17 38  0     22.57    0.4186E+00     123.4    323.6
2022  5 21   141   17 39  0     22.66    0.4174E+00     123.6    323.9
2022  5 21   141   17 40  0     22.75    0.4172E+00     124.0    324.1
2022  5 21   141   17 41  0     22.84    0.4160E+00     123.9    324.2
2022  5 21   141   17 42  0     22.94    0.4139E+00     123.6    324.3
2022  5 21   141   17 43  0     23.03    0.4135E+00     123.8    324.3
2022  5 21   141   17 44  0     23.13    0.4134E+00     124.1    324.2
2022  5 21   141   17 45  0     23.23    0.4129E+00     124.1    324.1
2022  5 21   141   17 46  0     23.33    0.4117E+00     124.1    324.1
2022  5 21   141   17 47  0     23.44    0.4110E+00     124.3    324.2
2022  5 21   141   17 48  0     23.54    0.4089E+00     124.2    324.5
2022  5 21   141   17 49  0     23.65    0.4076E+00     124.1    324.6
2022  5 21   141   17 50  0     23.75    0.4076E+00     124.4    324.5
2022  5 21   141   17 51  0     23.86    0.4074E+00     124.6    324.3
2022  5 21   141   17 52  0     23.97    0.4066E+00     124.6    324.2
2022  5 21   141   17 53  0     24.08    0.4049E+00     124.5    324.3
2022  5 21   141   17 54  0     24.20    0.4043E+00     124.7    324.4
2022  5 21   141   17 55  0     24.31    0.4035E+00     124.9    324.4
2022  5 21   141   17 56  0     24.43    0.4025E+00     124.9    324.3
2022  5 21   141   17 57  0     24.54    0.4017E+00     124.9    324.1
2022  5 21   141   17 58  0     24.66    0.3998E+00     124.8    324.2
2022  5 21   141   17 59  0     24.78    0.3974E+00     124.6    324.6
2022  5 21   141   18  0  0     24.90    0.3963E+00     124.7    324.7
2022  5 21   141   18  1  0     25.02    0.3956E+00     124.7    324.4
2022  5 21   141   18  2  0     25.15    0.3944E+00     124.6    324.3
2022  5 21   141   18  3  0     25.27    0.3919E+00     124.3    324.5
2022  5 21   141   18  4  0     25.39    0.3897E+00     124.2    324.9
2022  5 21   141   18  5  0     25.52    0.3894E+00     124.8    325.0
2022  5 21   141   18  6  0     25.65    0.3884E+00     124.7    324.9
2022  5 21   141   18  7  0     25.78    0.3886E+00     125.2    324.6
2022  5 21   141   18  8  0     25.91    0.3880E+00     125.4    324.5
2022  5 21   141   18  9  0     26.04    0.3864E+00     125.4    324.7
2022  5 21   141   18 10  0     26.17    0.3829E+00     124.8    325.0
2022  5 21   141   18 11  0     26.30    0.3813E+00     124.9    325.1
2022  5 21   141   18 12  0     26.44    0.3803E+00     125.0    325.1
2022  5 21   141   18 13  0     26.57    0.3780E+00     124.8    325.2
2022  5 21   141   18 14  0     26.71    0.3767E+00     125.0    325.3
2022  5 21   141   18 15  0     26.84    0.3749E+00     125.0    325.4
2022  5 21   141   18 16  0     26.98    0.3719E+00     124.7    325.6
2022  5 21   141   18 17  0     27.12    0.3681E+00     124.0    325.9
2022  5 21   141   18 18  0     27.26    0.3662E+00     124.2    326.2
2022  5 21   141   18 19  0     27.40    0.3638E+00     124.1    326.5
2022  5 21   141   18 20  0     27.54    0.3604E+00     123.6    326.8
2022  5 21   141   18 21  0     27.68    0.3583E+00     123.5    326.8
2022  5 21   141   18 22  0     27.83    0.3568E+00     123.4    326.6
2022  5 21   141   18 23  0     27.97    0.3555E+00     123.6    326.7
2022  5 21   141   18 24  0     28.12    0.3531E+00     123.7    327.0
2022  5 21   141   18 25  0     28.26    0.3495E+00     123.0    327.3
2022  5 21   141   18 26  0     28.41    0.3473E+00     122.9    327.4
2022  5 21   141   18 27  0     28.56    0.3459E+00     122.9    327.3
2022  5 21   141   18 28  0     28.70    0.3434E+00     122.6    327.4
2022  5 21   141   18 29  0     28.85    0.3421E+00     122.7    327.3
2022  5 21   141   18 30  0     29.00    0.3393E+00     122.1    327.3
2022  5 21   141   18 31  0     29.15    0.3396E+00     122.9    327.2
2022  5 21   141   18 32  0     29.30    0.3378E+00     122.9    327.3
2022  5 21   141   18 33  0     29.46    0.3361E+00     123.1    327.5
2022  5 21   141   18 34  0     29.61    0.3340E+00     122.9    327.5
2022  5 21   141   18 35  0     29.76    0.3327E+00     122.9    327.3
2022  5 21   141   18 36  0     29.92    0.3311E+00     122.9    327.2
2022  5 21   141   18 37  0     30.07    0.3287E+00     122.5    327.2
2022  5 21   141   18 38  0     30.23    0.3256E+00     122.1    327.4
2022  5 21   141   18 39  0     30.38    0.3236E+00     122.2    327.7
2022  5 21   141   18 40  0     30.54    0.3221E+00     122.3    327.7
2022  5 21   141   18 41  0     30.70    0.3218E+00     122.7    327.4
2022  5 21   141   18 42  0     30.85    0.3197E+00     122.4    327.3
2022  5 21   141   18 43  0     31.01    0.3186E+00     122.8    327.3
2022  5 21   141   18 44  0     31.17    0.3171E+00     123.1    327.6
2022  5 21   141   18 45  0     31.33    0.3150E+00     122.7    327.4
2022  5 21   141   18 46  0     31.49    0.3136E+00     122.6    327.1
2022  5 21   141   18 47  0     31.65    0.3129E+00     122.8    326.8
2022  5 21   141   18 48  0     31.81    0.3111E+00     122.7    326.8
2022  5 21   141   18 49  0     31.97    0.3102E+00     123.0    326.7
2022  5 21   141   18 50  0     32.14    0.3092E+00     123.2    326.5
2022  5 21   141   18 51  0     32.30    0.3083E+00     123.2    326.1
2022  5 21   141   18 52  0     32.46    0.3075E+00     123.5    325.9
2022  5 21   141   18 53  0     32.63    0.3049E+00     122.9    325.8
2022  5 21   141   18 54  0     32.79    0.3049E+00     123.9    325.8
2022  5 21   141   18 55  0     32.96    0.3038E+00     123.9    325.5
2022  5 21   141   18 56  0     33.12    0.3021E+00     124.0    325.5
2022  5 21   141   18 57  0     33.29    0.3002E+00     124.2    325.6
2022  5 21   141   18 58  0     33.46    0.2977E+00     124.0    325.8
2022  5 21   141   18 59  0     33.62    0.2951E+00     123.7    325.9
2022  5 21   141   19  0  0     33.79    0.2937E+00     123.7    325.7
2022  5 21   141   19  1  0     33.96    0.2926E+00     123.8    325.4
2022  5 21   141   19  2  0     34.13    0.2911E+00     123.9    325.4
2022  5 21   141   19  3  0     34.30    0.2900E+00     124.3    325.3
2022  5 21   141   19  4  0     34.46    0.2885E+00     124.4    325.2
2022  5 21   141   19  5  0     34.63    0.2875E+00     124.6    325.0
2022  5 21   141   19  6  0     34.80    0.2863E+00     124.6    324.6
2022  5 21   141   19  7  0     34.97    0.2835E+00     124.2    324.7
2022  5 21   141   19  8  0     35.15    0.2810E+00     124.2    324.9
2022  5 21   141   19  9  0     35.32    0.2795E+00     124.4    324.8
2022  5 21   141   19 10  0     35.49    0.2778E+00     124.4    324.6
2022  5 21   141   19 11  0     35.66    0.2765E+00     124.6    324.5
2022  5 21   141   19 12  0     35.83    0.2727E+00     123.6    324.5
2022  5 21   141   19 13  0     36.01    0.2692E+00     122.7    324.6
2022  5 21   141   19 14  0     36.18    0.2681E+00     123.5    324.7
2022  5 21   141   19 15  0     36.35    0.2657E+00     123.3    324.8
2022  5 21   141   19 16  0     36.53    0.2631E+00     123.0    324.9
2022  5 21   141   19 17  0     36.70    0.2609E+00     122.8    324.9
2022  5 21   141   19 18  0     36.88    0.2595E+00     122.9    324.7
2022  5 21   141   19 19  0     37.05    0.2572E+00     122.5    324.5
2022  5 21   141   19 20  0     37.23    0.2554E+00     122.4    324.3
2022  5 21   141   19 21  0     37.40    0.2532E+00     122.3    324.3
2022  5 21   141   19 22  0     37.58    0.2524E+00     123.2    324.5
2022  5 21   141   19 23  0     37.75    0.2508E+00     123.3    324.5
2022  5 21   141   19 24  0     37.93    0.2486E+00     122.9    324.2
2022  5 21   141   19 25  0     38.11    0.2467E+00     122.8    324.1
2022  5 21   141   19 26  0     38.28    0.2446E+00     122.7    323.9
2022  5 21   141   19 27  0     38.46    0.2423E+00     122.6    324.0
2022  5 21   141   19 28  0     38.64    0.2412E+00     123.1    324.0
2022  5 21   141   19 29  0     38.82    0.2389E+00     122.6    323.7
2022  5 21   141   19 30  0     38.99    0.2366E+00     122.4    323.7
2022  5 21   141   19 31  0     39.17    0.2347E+00     122.5    323.6
2022  5 21   141   19 32  0     39.35    0.2328E+00     122.5    323.5
2022  5 21   141   19 33  0     39.53    0.2309E+00     122.4    323.4
2022  5 21   141   19 34  0     39.71    0.2281E+00     121.7    323.3
2022  5 21   141   19 35  0     39.89    0.2250E+00     120.9    323.2
2022  5 21   141   19 36  0     40.07    0.2232E+00     120.9    323.1
2022  5 21   141   19 37  0     40.25    0.2183E+00     118.5    323.3
2022  5 21   141   19 38  0     40.43    0.2202E+00     121.6    323.2
2022  5 21   141   19 39  0     40.61    0.2204E+00     123.0    323.0
2022  5 21   141   19 40  0     40.79    0.2176E+00     122.1    322.7
2022  5 21   141   19 41  0     40.97    0.2162E+00     122.5    322.8
2022  5 21   141   19 42  0     41.15    0.2149E+00     123.1    322.8
2022  5 21   141   19 43  0     41.33    0.2125E+00     122.7    322.6
2022  5 21   141   19 44  0     41.51    0.2015E+00     113.9    322.1
2022  5 21   141   19 45  0     41.70    0.1978E+00     112.8    322.3
2022  5 21   141   19 46  0     41.88    0.2003E+00     117.1    322.4
2022  5 21   141   19 47  0     42.06    0.2002E+00     118.7    322.4
2022  5 21   141   19 48  0     42.24    0.1992E+00     119.5    322.3
2022  5 21   141   19 49  0     42.43    0.1971E+00     119.2    322.1
2022  5 21   141   19 50  0     42.61    0.1870E+00     110.7    321.6
2022  5 21   141   19 51  0     42.79    0.1847E+00     111.2    322.1
2022  5 21   141   19 52  0     42.97    0.1912E+00     118.9    322.0
2022  5 21   141   19 53  0     43.16    0.1913E+00     120.0    321.6
2022  5 21   141   19 54  0     43.34    0.1919E+00     122.1    321.5
2022  5 21   141   19 55  0     43.52    0.1906E+00     122.5    321.5
2022  5 21   141   19 56  0     43.71    0.1894E+00     123.1    321.6
2022  5 21   141   19 57  0     43.89    0.1871E+00     122.7    321.5
2022  5 21   141   19 58  0     44.08    0.1852E+00     122.5    321.3
2022  5 21   141   19 59  0     44.26    0.1831E+00     122.3    321.2
2022  5 21   141   20  0  0     44.44    0.1810E+00     122.1    321.2
2022  5 21   141   20  1  0     44.63    0.1787E+00     122.1    321.4
2022  5 21   141   20  2  0     44.81    0.1764E+00     121.5    321.3
2022  5 21   141   20  3  0     45.00    0.1745E+00     121.3    321.0
2022  5 21   141   20  4  0     45.18    0.1729E+00     121.3    320.8
2022  5 21   141   20  5  0     45.37    0.1705E+00     120.8    320.7
2022  5 21   141   20  6  0     45.55    0.1690E+00     121.2    320.8
2022  5 21   141   20  7  0     45.74    0.1679E+00     121.9    320.6
2022  5 21   141   20  8  0     45.93    0.1665E+00     121.9    320.3
2022  5 21   141   20  9  0     46.11    0.1655E+00     122.6    320.1
2022  5 21   141   20 10  0     46.30    0.1638E+00     122.6    319.9
2022  5 21   141   20 11  0     46.48    0.1613E+00     121.8    319.9
2022  5 21   141   20 12  0     46.67    0.1587E+00     121.0    319.8
2022  5 21   141   20 13  0     46.86    0.1550E+00     118.1    319.4
2022  5 21   141   20 14  0     47.04    0.1487E+00     112.6    319.3
2022  5 21   141   20 15  0     47.23    0.1514E+00     118.9    319.7
2022  5 21   141   20 16  0     47.41    0.1514E+00     121.3    319.8
2022  5 21   141   20 17  0     47.60    0.1500E+00     121.6    319.7
2022  5 21   141   20 18  0     47.79    0.1482E+00     121.3    319.4
2022  5 21   141   20 19  0     47.97    0.1468E+00     121.5    319.2
2022  5 21   141   20 20  0     48.16    0.1448E+00     121.3    319.3
2022  5 21   141   20 21  0     48.35    0.1431E+00     121.3    319.3
2022  5 21   141   20 22  0     48.54    0.1418E+00     122.0    319.3
2022  5 21   141   20 23  0     48.72    0.1405E+00     122.4    319.2
2022  5 21   141   20 24  0     48.91    0.1382E+00     121.5    319.1
2022  5 21   141   20 25  0     49.10    0.1362E+00     121.2    318.8
2022  5 21   141   20 26  0     49.29    0.1347E+00     121.6    319.0
2022  5 21   141   20 27  0     49.47    0.1331E+00     121.6    318.9
2022  5 21   141   20 28  0     49.66    0.1310E+00     121.3    318.9
2022  5 21   141   20 29  0     49.85    0.1287E+00     120.6    319.0
2022  5 21   141   20 30  0     50.04    0.1273E+00     121.0    318.8
2022  5 21   141   20 31  0     50.22    0.1262E+00     121.7    318.9
2022  5 21   141   20 32  0     50.41    0.1248E+00     122.0    318.8
2022  5 21   141   20 33  0     50.60    0.1227E+00     121.3    318.7
2022  5 21   141   20 34  0     50.79    0.1206E+00     120.6    318.7
2022  5 21   141   20 35  0     50.98    0.1193E+00     120.9    318.5
2022  5 21   141   20 36  0     51.16    0.1180E+00     121.2    318.2
2022  5 21   141   20 37  0     51.35    0.1162E+00     120.9    318.3
2022  5 21   141   20 38  0     51.54    0.1147E+00     120.8    318.2
2022  5 21   141   20 39  0     51.73    0.1133E+00     121.2    318.1
2022  5 21   141   20 40  0     51.92    0.1118E+00     121.2    317.9
2022  5 21   141   20 41  0     52.11    0.1100E+00     120.5    317.4
2022  5 21   141   20 42  0     52.30    0.1081E+00     119.9    317.4
2022  5 21   141   20 43  0     52.48    0.1068E+00     120.7    317.8
2022  5 21   141   20 44  0     52.67    0.1052E+00     120.6    317.8
2022  5 21   141   20 45  0     52.86    0.1035E+00     120.1    317.7
2022  5 21   141   20 46  0     53.05    0.1021E+00     120.1    317.1
2022  5 21   141   20 47  0     53.24    0.1006E+00     120.2    317.2
2022  5 21   141   20 48  0     53.43    0.9921E-01     120.6    317.5
2022  5 21   141   20 49  0     53.62    0.9776E-01     120.9    317.5
2022  5 21   141   20 50  0     53.81    0.9615E-01     120.5    317.4
2022  5 21   141   20 51  0     54.00    0.9469E-01     120.5    317.4
2022  5 21   141   20 52  0     54.18    0.9295E-01     120.0    317.0
2022  5 21   141   20 53  0     54.37    0.9158E-01     120.1    316.9
2022  5 21   141   20 54  0     54.56    0.9011E-01     119.7    317.1
2022  5 21   141   20 55  0     54.75    0.8848E-01     119.1    317.0
2022  5 21   141   20 56  0     54.94    0.8709E-01     119.3    317.1
2022  5 21   141   20 57  0     55.13    0.8533E-01     118.5    316.5
2022  5 21   141   20 58  0     55.32    0.8413E-01     118.9    316.5
2022  5 21   141   20 59  0     55.51    0.8296E-01     119.3    316.9
2022  5 21   141   21  0  0     55.70    0.8181E-01     119.8    316.7
2022  5 21   141   21  1  0     55.89    0.8043E-01     119.9    316.8
2022  5 21   141   21  2  0     56.08    0.7900E-01     119.9    316.3
2022  5 21   141   21  3  0     56.26    0.7760E-01     119.7    316.4
2022  5 21   141   21  4  0     56.45    0.7636E-01     119.6    316.1
2022  5 21   141   21  5  0     56.64    0.7510E-01     119.5    316.4
2022  5 21   141   21  6  0     56.83    0.7356E-01     118.9    316.3
2022  5 21   141   21  7  0     57.02    0.7185E-01     117.7    315.6
2022  5 21   141   21  8  0     57.21    0.7038E-01     117.3    315.6
2022  5 21   141   21  9  0     57.40    0.6917E-01     117.6    315.7
2022  5 21   141   21 10  0     57.59    0.6818E-01     118.2    316.2
2022  5 21   141   21 11  0     57.78    0.6696E-01     117.9    316.0
2022  5 21   141   21 12  0     57.97    0.6548E-01     117.0    315.8
2022  5 21   141   21 13  0     58.16    0.6433E-01     116.8    315.0
2022  5 21   141   21 14  0     58.35    0.6347E-01     117.3    314.7
2022  5 21   141   21 15  0     58.54    0.6231E-01     117.3    314.5
2022  5 21   141   21 16  0     58.73    0.6108E-01     117.0    315.2
2022  5 21   141   21 17  0     58.92    0.5999E-01     117.0    315.0
2022  5 21   141   21 18  0     59.10    0.5863E-01     116.0    314.1
2022  5 21   141   21 19  0     59.29    0.5746E-01     115.8    314.0
2022  5 21   141   21 20  0     59.48    0.5658E-01     116.6    313.9
2022  5 21   141   21 21  0     59.67    0.5564E-01     116.9    313.8
2022  5 21   141   21 22  0     59.86    0.5440E-01     116.0    314.5
2022  5 21   141   21 23  0     60.05    0.5306E-01     114.5    313.2
2022  5 21   141   21 24  0     60.24    0.5202E-01     114.5    313.0
2022  5 21   141   21 25  0     60.43    0.5109E-01     114.8    312.8
2022  5 21   141   21 26  0     60.62    0.5010E-01     114.7    312.5
2022  5 21   141   21 27  0     60.81    0.4921E-01     115.2    312.5
2022  5 21   141   21 28  0     61.00    0.4824E-01     115.3    313.4
2022  5 21   141   21 29  0     61.19    0.4719E-01     115.0    312.3
2022  5 21   141   21 30  0     61.38    0.4629E-01     114.9    312.0
2022  5 21   141   21 31  0     61.56    0.4549E-01     115.4    311.8
2022  5 21   141   21 32  0     61.75    0.4470E-01     115.9    311.6
2022  5 21   141   21 33  0     61.94    0.4367E-01     115.0    312.6
2022  5 21   141   21 34  0     62.13    0.4271E-01     114.7    311.1
2022  5 21   141   21 35  0     62.32    0.4186E-01     114.7    310.9
2022  5 21   141   21 36  0     62.51    0.4088E-01     113.9    310.6
2022  5 21   141   21 37  0     62.70    0.4010E-01     114.4    310.4
2022  5 21   141   21 38  0     62.89    0.3941E-01     115.1    310.0
2022  5 21   141   21 39  0     63.08    0.3864E-01     115.6    310.0
2022  5 21   141   21 40  0     63.26    0.3772E-01     114.5    309.5
2022  5 21   141   21 41  0     63.45    0.3692E-01     114.3    309.3
2022  5 21   141   21 42  0     63.64    0.3614E-01     114.3    309.1
2022  5 21   141   21 43  0     63.83    0.3531E-01     113.8    308.7
2022  5 21   141   21 44  0     64.02    0.3455E-01     113.6    308.3
2022  5 21   141   21 45  0     64.21    0.3379E-01     113.8    308.3
2022  5 21   141   21 46  0     64.40    0.3303E-01     113.5    308.0
2022  5 21   141   21 47  0     64.58    0.3223E-01     113.1    307.7
2022  5 21   141   21 48  0     64.77    0.3132E-01     111.6    307.4
2022  5 21   141   21 49  0     64.96    0.3039E-01     108.8    306.7
2022  5 21   141   21 50  0     65.15    0.2956E-01     107.4    306.3
2022  5 21   141   21 51  0     65.34    0.2902E-01     109.1    306.3
2022  5 21   141   21 52  0     65.53    0.2844E-01     110.0    306.2
2022  5 21   141   21 53  0     65.71    0.2773E-01     109.0    305.8
2022  5 21   141   21 54  0     65.90    0.2709E-01     109.7    305.8
2022  5 21   141   21 55  0     66.09    0.2640E-01     108.6    305.1
2022  5 21   141   21 56  0     66.28    0.2582E-01     110.3    305.4
2022  5 21   141   21 57  0     66.47    0.2529E-01     111.2    304.9
2022  5 21   141   21 58  0     66.65    0.2471E-01     111.4    304.4
2022  5 21   141   21 59  0     66.84    0.2409E-01     111.3    304.0
2022  5 21   141   22  0  0     67.03    0.2345E-01     111.2    304.1
2022  5 21   141   22  1  0     67.22    0.2289E-01     111.3    303.8
2022  5 21   141   22  2  0     67.40    0.2238E-01     111.9    303.5
2022  5 21   141   22  3  0     67.59    0.2185E-01     112.3    303.2
2022  5 21   141   22  4  0     67.78    0.2124E-01     112.1    303.3
2022  5 21   141   22  5  0     67.97    0.2071E-01     112.1    302.8
2022  5 21   141   22  6  0     68.15    0.2021E-01     112.3    302.2
2022  5 21   141   22  7  0     68.34    0.1969E-01     112.6    302.3
2022  5 21   141   22  8  0     68.53    0.1918E-01     112.2    301.7
2022  5 21   141   22  9  0     68.71    0.1868E-01     112.6    301.5
2022  5 21   141   22 10  0     68.90    0.1816E-01     112.0    301.1
2022  5 21   141   22 11  0     69.09    0.1765E-01     111.4    300.6
2022  5 21   141   22 12  0     69.28    0.1719E-01     111.3    300.3
2022  5 21   141   22 13  0     69.46    0.1676E-01     111.6    299.7
2022  5 21   141   22 14  0     69.65    0.1634E-01     111.9    299.4
2022  5 21   141   22 15  0     69.84    0.1589E-01     112.1    299.3
2022  5 21   141   22 16  0     70.02    0.1546E-01     112.1    298.7
2022  5 21   141   22 17  0     70.21    0.1503E-01     111.5    298.3
2022  5 21   141   22 18  0     70.39    0.1460E-01     111.4    298.0
2022  5 21   141   22 19  0     70.58    0.1417E-01     111.2    297.8
2022  5 21   141   22 20  0     70.77    0.1378E-01     111.1    297.1
2022  5 21   141   22 21  0     70.95    0.1341E-01     111.1    296.1
2022  5 21   141   22 22  0     71.14    0.1300E-01     111.1    295.3
2022  5 21   141   22 23  0     71.32    0.1257E-01     110.2    295.3
2022  5 21   141   22 24  0     71.51    0.1212E-01     107.3    295.3
2022  5 21   141   22 25  0     71.70    0.1178E-01     108.7    294.6
2022  5 21   141   22 26  0     71.88    0.1143E-01     108.9    294.2
2022  5 21   141   22 27  0     72.07    0.1107E-01     108.8    292.9
2022  5 21   141   22 28  0     72.25    0.1074E-01     108.8    292.1
2022  5 21   141   22 29  0     72.44    0.1037E-01     108.7    292.7
2022  5 21   141   22 30  0     72.62    0.1008E-01     108.6    291.1
2022  5 21   141   22 31  0     72.81    0.9763E-02     107.6    290.0
2022  5 21   141   22 32  0     72.99    0.9449E-02     105.9    288.4
2022  5 21   141   22 33  0     73.18    0.9128E-02     104.3    287.5
2022  5 21   141   22 34  0     73.36    0.8818E-02     103.2    286.6
2022  5 21   141   22 35  0     73.55    0.8539E-02     104.9    286.6
2022  5 21   141   22 36  0     73.73    0.8267E-02     105.1    285.9
2022  5 21   141   22 37  0     73.92    0.8004E-02     105.3    285.2
2022  5 21   141   22 38  0     74.10    0.7765E-02     106.3    284.2
2022  5 21   141   22 39  0     74.28    0.7516E-02     106.6    283.6
2022  5 21   141   22 40  0     74.47    0.7293E-02     106.8    282.0
2022  5 21   141   22 41  0     74.65    0.7040E-02     106.7    281.6
2022  5 21   141   22 42  0     74.84    0.6784E-02     106.7    281.8
2022  5 21   141   22 43  0     75.02    0.6564E-02     106.3    280.6
2022  5 21   141   22 44  0     75.20    0.6359E-02     106.0    279.0
2022  5 21   141   22 45  0     75.39    0.6123E-02     105.7    279.0
2022  5 21   141   22 46  0     75.57    0.5916E-02     105.7    277.8
2022  5 21   141   22 47  0     75.75    0.5716E-02     105.9    276.5
2022  5 21   141   22 48  0     75.94    0.5520E-02     106.0    275.5
2022  5 21   141   22 49  0     76.12    0.5314E-02     106.1    274.4
2022  5 21   141   22 50  0     76.30    0.5162E-02     106.0    271.3
2022  5 21   141   22 51  0     76.48    0.4955E-02     105.9    271.5
2022  5 21   141   22 52  0     76.67    0.4795E-02     105.6    269.1
2022  5 21   141   22 53  0     76.85    0.4615E-02     105.9    268.4
2022  5 21   141   22 54  0     77.03    0.4489E-02     106.0    264.4
2022  5 21   141   22 55  0     77.21    0.4309E-02     106.1    264.4
2022  5 21   141   22 56  0     77.40    0.4156E-02     105.9    262.6
2022  5 21   141   22 57  0     77.58    0.4008E-02     105.8    260.8
2022  5 21   141   22 58  0     77.76    0.3854E-02     105.6    259.7
2022  5 21   141   22 59  0     77.94    0.3718E-02     105.6    257.7
2022  5 21   141   23  0  0     78.12    0.3560E-02     105.5    257.3
2022  5 21   141   23  1  0     78.30    0.3427E-02     105.4    255.5
2022  5 21   141   23  2  0     78.48    0.3301E-02     105.4    253.6
2022  5 21   141   23  3  0     78.66    0.3215E-02     105.5    248.4
2022  5 21   141   23  4  0     78.85    0.3063E-02     105.7    249.4
2022  5 21   141   23  5  0     79.03    0.2972E-02     105.7    245.2
2022  5 21   141   23  6  0     79.21    0.2847E-02     105.6    244.2
2022  5 21   141   23  7  0     79.39    0.2724E-02     105.6    243.6
2022  5 21   141   23  8  0     79.57    0.2625E-02     105.5    240.9
2022  5 21   141   23  9  0     79.75    0.2482E-02     105.6    243.0
2022  5 21   141   23 10  0     79.93    0.2406E-02     105.5    238.3
2022  5 21   141   23 11  0     80.11    0.2317E-02     105.4    235.4
2022  5 21   141   23 12  0     80.29    0.2183E-02     104.9    238.2
2022  5 21   141   23 13  0     80.47    0.2127E-02     104.4    231.6
2022  5 21   141   23 14  0     80.65    0.2057E-02     104.3    227.3
2022  5 21   141   23 15  0     80.82    0.1967E-02     104.4    225.6
2022  5 21   141   23 16  0     81.00    0.1875E-02     104.5    224.7
2022  5 21   141   23 17  0     81.18    0.1815E-02     104.6    220.3
2022  5 21   141   23 18  0     81.36    0.1740E-02     104.6    217.9
2022  5 21   141   23 19  0     81.54    0.1642E-02     104.7    219.4
2022  5 21   141   23 20  0     81.72    0.1576E-02     104.9    216.7
2022  5 21   141   23 21  0     81.90    0.1538E-02     105.2    210.4
2022  5 21   141   23 22  0     82.07    0.1449E-02     105.6    212.4
2022  5 21   141   23 23  0     82.25    0.1393E-02     105.9    209.7
2022  5 21   141   23 24  0     82.43    0.1341E-02     106.2    206.6
2022  5 21   141   23 25  0     82.61    0.1283E-02     106.6    204.9
2022  5 21   141   23 26  0     82.78    0.1242E-02     107.0    200.1
2022  5 21   141   23 27  0     82.96    0.1197E-02     107.3    196.1
2022  5 21   141   23 28  0     83.14    0.1114E-02     107.6    200.5
2022  5 21   141   23 29  0     83.31    0.1101E-02     107.7    191.6
2022  5 21   141   23 30  0     83.49    0.1074E-02     107.9    185.9
2022  5 21   141   23 31  0     83.67    0.1017E-02     108.2    186.1
2022  5 21   141   23 32  0     83.84    0.9798E-03     108.4    182.7
2022  5 21   141   23 33  0     84.02    0.9366E-03     108.6    180.6
2022  5 21   141   23 34  0     84.20    0.9068E-03     108.8    176.8
2022  5 21   141   23 35  0     84.37    0.8713E-03     109.1    174.4
2022  5 21   141   23 36  0     84.55    0.8351E-03     109.5    172.2
2022  5 21   141   23 37  0     84.72    0.8309E-03     109.9    162.3
2022  5 21   141   23 38  0     84.90    0.7836E-03     110.3    163.0
2022  5 21   141   23 39  0     85.07    0.7594E-03     110.8    158.7
2022  5 21   141   23 40  0     85.25    0.6990E-03     110.9    165.9
2022  5 21   141   23 41  0     85.42    0.7053E-03     111.0    153.7
2022  5 21   141   23 42  0     85.59    0.6872E-03     111.2    148.4
2022  5 21   141   23 43  0     85.77    0.6814E-03     111.5    139.8
2022  5 21   141   23 44  0     85.94    0.6500E-03     111.7    138.5
2022  5 21   141   23 45  0     86.11    0.6362E-03     111.8    134.2
2022  5 21   141   23 46  0     86.29    0.5714E-03     111.9    145.3
2022  5 21   141   23 47  0     86.46    0.5942E-03     112.0    129.6
2022  5 21   141   23 48  0     86.63    0.5642E-03     112.1    129.3
2022  5 21   141   23 49  0     86.81    0.5515E-03     112.4    123.0
2022  5 21   141   23 50  0     86.98    0.5458E-03     112.8    117.8
2022  5 21   141   23 51  0     87.15    0.5083E-03     112.7    120.6
2022  5 21   141   23 52  0     87.32    0.4874E-03     112.8    120.4
2022  5 21   141   23 53  0     87.49    0.4773E-03     112.8    117.0
2022  5 21   141   23 54  0     87.67    0.4686E-03     113.1    113.3
2022  5 21   141   23 55  0     87.84    0.4362E-03     113.4    115.3
2022  5 21   141   23 56  0     88.01    0.4339E-03     113.9    109.4
2022  5 21   141   23 57  0     88.18    0.4148E-03     113.7    110.1
2022  5 21   141   23 58  0     88.35    0.3892E-03     113.7    112.7
2022  5 21   141   23 59  0     88.52    0.3934E-03     113.9    105.3
