                            NILUUV 115

Uvpro Version 2.0
Latitude :   40.74 (North)
Longitude:  -74.03  (West)
Calibration file: cf100603a.115
Height above sea level:    40.0  m
CLT derived from channel 5
CLT scale factor used:   1.0
Ozone derived from channel pair ch3/ch1
Ozone scale factor used:   1.0
Drift factors ch1-ch6:   0.305  0.307  0.450  0.503  0.346  0.906
Ozone profile climatology: Mid  Latitude
Dose type:    CLW    Caldwell Plant 1971           

yyyy mm dd   jul   hh mm ss      SZA     dose rate       clt     Ozone
                              [degrees]   [W/m^2]        [%]     [DU]
2022  7 17   198    0  0  0     86.46    0.4503E-03      84.2    110.8
2022  7 17   198    0  1  0     86.63    0.4114E-03      86.1    115.7
2022  7 17   198    0  2  0     86.80    0.4359E-03      86.8    106.7
2022  7 17   198    0  3  0     86.97    0.4136E-03      86.8    106.3
2022  7 17   198    0  4  0     87.14    0.4262E-03      86.2    100.1
2022  7 17   198    0  5  0     87.31    0.4314E-03      85.6     95.3
2022  7 17   198    0  6  0     87.49    0.3972E-03      84.9     97.5
2022  7 17   198    0  7  0     87.66    0.3980E-03      84.3     92.4
2022  7 17   198    0  8  0     87.82    0.3960E-03      83.7     87.8
2022  7 17   198    0  9  0     87.99    0.3534E-03      83.3     91.5
2022  7 17   198    0 10  0     88.16    0.3702E-03      82.5     84.0
2022  7 17   198    0 11  0     88.33    0.3643E-03      81.8     80.9
2022  7 17   198    0 12  0     88.50    0.3555E-03      81.1     78.1
2022  7 17   198    0 13  0     88.67    0.3707E-03      80.6     70.6
2022  7 17   198    0 14  0     88.84    0.3123E-03      80.6     77.4
2022  7 17   198    0 15  0     89.01    0.3332E-03      81.0     67.9
2022  7 17   198    0 16  0     89.17    0.3200E-03      80.9     67.4
2022  7 17   198    0 17  0     89.34    0.2822E-03      81.3     72.2
2022  7 17   198    0 18  0     89.51    0.2842E-03      82.0     67.5
2022  7 17   198    0 19  0     89.68    0.2843E-03      82.9     62.3
2022  7 17   198    0 20  0     89.84    0.2842E-03      84.2     58.1
2022  7 17   198    9 45  0     89.99    0.2492E-03     103.9     79.7
2022  7 17   198    9 46  0     89.82    0.2674E-03     103.4     80.9
2022  7 17   198    9 47  0     89.65    0.2667E-03     103.0     87.8
2022  7 17   198    9 48  0     89.48    0.2813E-03     102.4     88.6
2022  7 17   198    9 49  0     89.32    0.3048E-03     101.5     86.0
2022  7 17   198    9 50  0     89.15    0.2923E-03     100.8     95.4
2022  7 17   198    9 51  0     88.98    0.3037E-03     100.5     95.9
2022  7 17   198    9 52  0     88.81    0.3337E-03      99.8     92.7
2022  7 17   198    9 53  0     88.64    0.3376E-03      99.5     97.3
2022  7 17   198    9 54  0     88.48    0.3066E-03      99.8    114.2
2022  7 17   198    9 55  0     88.31    0.3119E-03     100.3    119.1
2022  7 17   198    9 56  0     88.14    0.3509E-03     101.1    111.7
2022  7 17   198    9 57  0     87.97    0.3998E-03     101.8    104.2
2022  7 17   198    9 58  0     87.80    0.3938E-03     102.1    114.4
2022  7 17   198    9 59  0     87.63    0.4435E-03     102.4    109.2
2022  7 17   198   10  0  0     87.46    0.4482E-03     102.6    114.7
2022  7 17   198   10  1  0     87.29    0.4357E-03     102.7    124.4
2022  7 17   198   10  2  0     87.12    0.4785E-03     102.8    119.3
2022  7 17   198   10  3  0     86.95    0.4507E-03     102.7    137.1
2022  7 17   198   10  4  0     86.78    0.4864E-03     102.3    133.7
2022  7 17   198   10  5  0     86.61    0.4877E-03     101.7    142.1
2022  7 17   198   10  6  0     86.44    0.5109E-03     101.1    142.6
2022  7 17   198   10  7  0     86.26    0.5116E-03     100.7    152.9
2022  7 17   198   10  8  0     86.09    0.5316E-03     100.5    155.4
2022  7 17   198   10  9  0     85.92    0.5612E-03     100.7    155.5
2022  7 17   198   10 10  0     85.75    0.5970E-03     100.8    154.9
2022  7 17   198   10 11  0     85.58    0.5959E-03     100.9    167.4
2022  7 17   198   10 12  0     85.40    0.6196E-03     101.5    170.6
2022  7 17   198   10 13  0     85.23    0.6671E-03     102.8    166.1
2022  7 17   198   10 14  0     85.06    0.6799E-03     104.3    173.6
2022  7 17   198   10 15  0     84.88    0.7211E-03     104.7    172.9
2022  7 17   198   10 16  0     84.71    0.7810E-03     104.8    169.1
2022  7 17   198   10 17  0     84.54    0.8186E-03     105.1    172.7
2022  7 17   198   10 18  0     84.36    0.8304E-03     105.5    182.6
2022  7 17   198   10 19  0     84.19    0.8528E-03     105.9    189.3
2022  7 17   198   10 20  0     84.01    0.9067E-03     105.9    186.8
2022  7 17   198   10 21  0     83.84    0.9449E-03     105.7    189.1
2022  7 17   198   10 22  0     83.66    0.9356E-03     105.4    202.7
2022  7 17   198   10 23  0     83.49    0.1001E-02     104.5    197.3
2022  7 17   198   10 24  0     83.31    0.1017E-02     103.3    203.4
2022  7 17   198   10 25  0     83.14    0.1091E-02     102.6    196.8
2022  7 17   198   10 26  0     82.96    0.1157E-02     102.3    193.7
2022  7 17   198   10 27  0     82.79    0.1147E-02     101.7    204.8
2022  7 17   198   10 28  0     82.61    0.1173E-02     101.5    208.9
2022  7 17   198   10 29  0     82.44    0.1203E-02     101.2    211.5
2022  7 17   198   10 30  0     82.26    0.1223E-02     100.6    215.3
2022  7 17   198   10 31  0     82.08    0.1265E-02      99.6    214.3
2022  7 17   198   10 32  0     81.91    0.1268E-02      97.8    221.5
2022  7 17   198   10 33  0     81.73    0.1321E-02      95.5    220.0
2022  7 17   198   10 34  0     81.55    0.1352E-02      94.0    223.7
2022  7 17   198   10 35  0     81.38    0.1419E-02      93.4    222.9
2022  7 17   198   10 36  0     81.20    0.1470E-02      93.3    225.4
2022  7 17   198   10 37  0     81.02    0.1517E-02      92.9    228.6
2022  7 17   198   10 38  0     80.84    0.1576E-02      92.4    229.5
2022  7 17   198   10 39  0     80.66    0.1630E-02      91.6    231.0
2022  7 17   198   10 40  0     80.49    0.1667E-02      90.4    234.6
2022  7 17   198   10 41  0     80.31    0.1721E-02      89.1    235.7
2022  7 17   198   10 42  0     80.13    0.1773E-02      87.8    237.4
2022  7 17   198   10 43  0     79.95    0.1799E-02      86.6    243.6
2022  7 17   198   10 44  0     79.77    0.1852E-02      85.3    246.2
2022  7 17   198   10 45  0     79.59    0.1909E-02      84.1    248.6
2022  7 17   198   10 46  0     79.41    0.1991E-02      83.0    247.4
2022  7 17   198   10 47  0     79.23    0.2064E-02      81.8    246.9
2022  7 17   198   10 48  0     79.06    0.2106E-02      80.0    248.9
2022  7 17   198   10 49  0     78.88    0.2132E-02      77.6    251.0
2022  7 17   198   10 50  0     78.70    0.2163E-02      74.9    251.4
2022  7 17   198   10 51  0     78.52    0.2177E-02      72.3    255.7
2022  7 17   198   10 52  0     78.34    0.2256E-02      70.7    255.0
2022  7 17   198   10 53  0     78.16    0.2329E-02      69.4    256.7
2022  7 17   198   10 54  0     77.98    0.2402E-02      68.1    258.2
2022  7 17   198   10 55  0     77.80    0.2485E-02      67.2    260.1
2022  7 17   198   10 56  0     77.62    0.2538E-02      66.9    266.8
2022  7 17   198   10 57  0     77.43    0.2679E-02      66.4    263.8
2022  7 17   198   10 58  0     77.25    0.2791E-02      65.7    262.3
2022  7 17   198   10 59  0     77.07    0.2858E-02      64.6    264.1
2022  7 17   198   11  0  0     76.89    0.2884E-02      63.3    268.8
2022  7 17   198   11  1  0     76.71    0.2954E-02      61.7    266.0
2022  7 17   198   11  2  0     76.53    0.2904E-02      59.6    271.3
2022  7 17   198   11  3  0     76.35    0.2889E-02      57.4    272.0
2022  7 17   198   11  4  0     76.16    0.2937E-02      56.2    271.8
2022  7 17   198   11  5  0     75.98    0.3057E-02      56.4    273.2
2022  7 17   198   11  6  0     75.80    0.3162E-02      57.3    279.1
2022  7 17   198   11  7  0     75.62    0.3310E-02      58.1    280.9
2022  7 17   198   11  8  0     75.44    0.3460E-02      58.4    281.3
2022  7 17   198   11  9  0     75.25    0.3591E-02      58.1    281.3
2022  7 17   198   11 10  0     75.07    0.3661E-02      57.0    282.9
2022  7 17   198   11 11  0     74.89    0.3682E-02      55.4    285.1
2022  7 17   198   11 12  0     74.71    0.3723E-02      53.7    285.8
2022  7 17   198   11 13  0     74.52    0.3845E-02      53.0    284.8
2022  7 17   198   11 14  0     74.34    0.4024E-02      53.3    286.2
2022  7 17   198   11 15  0     74.16    0.4236E-02      54.1    287.7
2022  7 17   198   11 16  0     73.97    0.4476E-02      54.7    286.4
2022  7 17   198   11 17  0     73.79    0.4600E-02      54.7    289.3
2022  7 17   198   11 18  0     73.61    0.4697E-02      54.1    289.4
2022  7 17   198   11 19  0     73.42    0.4707E-02      52.6    289.2
2022  7 17   198   11 20  0     73.24    0.4614E-02      50.1    290.4
2022  7 17   198   11 21  0     73.05    0.4524E-02      47.5    289.9
2022  7 17   198   11 22  0     72.87    0.4435E-02      45.6    292.5
2022  7 17   198   11 23  0     72.69    0.4420E-02      44.6    291.3
2022  7 17   198   11 24  0     72.50    0.4450E-02      44.8    292.7
2022  7 17   198   11 25  0     72.32    0.4577E-02      45.8    294.2
2022  7 17   198   11 26  0     72.13    0.4854E-02      47.7    294.0
2022  7 17   198   11 27  0     71.95    0.5197E-02      50.6    298.6
2022  7 17   198   11 28  0     71.76    0.5715E-02      54.0    298.8
2022  7 17   198   11 29  0     71.58    0.6250E-02      58.0    301.6
2022  7 17   198   11 30  0     71.39    0.6854E-02      61.5    301.3
2022  7 17   198   11 31  0     71.21    0.7384E-02      64.3    302.7
2022  7 17   198   11 32  0     71.02    0.7984E-02      67.0    302.6
2022  7 17   198   11 33  0     70.84    0.8551E-02      69.5    303.6
2022  7 17   198   11 34  0     70.65    0.9085E-02      71.7    304.6
2022  7 17   198   11 35  0     70.47    0.9560E-02      73.5    304.2
2022  7 17   198   11 36  0     70.28    0.9948E-02      77.9    305.5
2022  7 17   198   11 37  0     70.10    0.9979E-02      72.8    305.3
2022  7 17   198   11 38  0     69.91    0.1013E-01      72.9    305.5
2022  7 17   198   11 39  0     69.72    0.1021E-01      70.6    305.7
2022  7 17   198   11 40  0     69.54    0.1037E-01      68.5    306.1
2022  7 17   198   11 41  0     69.35    0.1060E-01      66.0    306.1
2022  7 17   198   11 42  0     69.17    0.1098E-01      65.5    305.9
2022  7 17   198   11 43  0     68.98    0.1138E-01      65.6    306.3
2022  7 17   198   11 44  0     68.79    0.1179E-01      66.1    306.4
2022  7 17   198   11 45  0     68.61    0.1215E-01      66.9    307.6
2022  7 17   198   11 46  0     68.42    0.1250E-01      67.4    308.3
2022  7 17   198   11 47  0     68.23    0.1281E-01      67.6    308.9
2022  7 17   198   11 48  0     68.05    0.1310E-01      67.2    309.2
2022  7 17   198   11 49  0     67.86    0.1337E-01      66.7    311.9
2022  7 17   198   11 50  0     67.67    0.1379E-01      66.2    310.5
2022  7 17   198   11 51  0     67.49    0.1429E-01      66.1    310.3
2022  7 17   198   11 52  0     67.30    0.1479E-01      66.0    310.5
2022  7 17   198   11 53  0     67.11    0.1526E-01      65.9    310.6
2022  7 17   198   11 54  0     66.93    0.1573E-01      66.0    311.9
2022  7 17   198   11 55  0     66.74    0.1616E-01      66.0    311.3
2022  7 17   198   11 56  0     66.55    0.1678E-01      66.4    311.7
2022  7 17   198   11 57  0     66.36    0.1766E-01      67.2    311.6
2022  7 17   198   11 58  0     66.18    0.1872E-01      67.8    310.8
2022  7 17   198   11 59  0     65.99    0.1997E-01      69.0    311.4
2022  7 17   198   12  0  0     65.80    0.2130E-01      71.2    309.7
2022  7 17   198   12  1  0     65.61    0.2262E-01      74.1    309.4
2022  7 17   198   12  2  0     65.43    0.2376E-01      76.8    309.7
2022  7 17   198   12  3  0     65.24    0.2485E-01      80.6    310.7
2022  7 17   198   12  4  0     65.05    0.2579E-01      84.7    312.0
2022  7 17   198   12  5  0     64.86    0.2652E-01      88.4    314.2
2022  7 17   198   12  6  0     64.67    0.2688E-01      89.6    315.2
2022  7 17   198   12  7  0     64.49    0.2849E-01     105.1    317.4
2022  7 17   198   12  8  0     64.30    0.2803E-01      97.1    316.6
2022  7 17   198   12  9  0     64.11    0.2810E-01      95.5    316.9
2022  7 17   198   12 10  0     63.92    0.2788E-01      89.9    317.2
2022  7 17   198   12 11  0     63.73    0.2969E-01     100.7    318.3
2022  7 17   198   12 12  0     63.55    0.2914E-01      89.5    317.3
2022  7 17   198   12 13  0     63.36    0.2897E-01      81.7    315.6
2022  7 17   198   12 14  0     63.17    0.2948E-01      79.7    315.1
2022  7 17   198   12 15  0     62.98    0.3014E-01      79.5    315.9
2022  7 17   198   12 16  0     62.79    0.3073E-01      79.8    316.1
2022  7 17   198   12 17  0     62.60    0.3108E-01      79.3    316.2
2022  7 17   198   12 18  0     62.41    0.3134E-01      78.2    315.7
2022  7 17   198   12 19  0     62.23    0.3184E-01      77.8    315.9
2022  7 17   198   12 20  0     62.04    0.3276E-01      78.6    315.8
2022  7 17   198   12 21  0     61.85    0.3385E-01      79.9    316.9
2022  7 17   198   12 22  0     61.66    0.3515E-01      81.6    316.8
2022  7 17   198   12 23  0     61.47    0.3610E-01      82.0    317.1
2022  7 17   198   12 24  0     61.28    0.3706E-01      82.8    316.6
2022  7 17   198   12 25  0     61.09    0.3797E-01      83.7    316.7
2022  7 17   198   12 26  0     60.90    0.3909E-01      85.9    317.6
2022  7 17   198   12 27  0     60.72    0.4041E-01      88.9    318.0
2022  7 17   198   12 28  0     60.53    0.4158E-01      91.2    318.7
2022  7 17   198   12 29  0     60.34    0.4426E-01     100.8    319.8
2022  7 17   198   12 30  0     60.15    0.4360E-01      92.4    319.1
2022  7 17   198   12 31  0     59.96    0.4519E-01      94.9    319.2
2022  7 17   198   12 32  0     59.77    0.4509E-01      88.3    318.3
2022  7 17   198   12 33  0     59.58    0.4526E-01      83.3    317.7
2022  7 17   198   12 34  0     59.39    0.4650E-01      82.1    317.1
2022  7 17   198   12 35  0     59.20    0.4794E-01      81.7    316.3
2022  7 17   198   12 36  0     59.01    0.4888E-01      79.7    315.9
2022  7 17   198   12 37  0     58.82    0.5007E-01      79.5    316.3
2022  7 17   198   12 38  0     58.63    0.5113E-01      79.2    316.4
2022  7 17   198   12 39  0     58.45    0.5228E-01      79.2    315.7
2022  7 17   198   12 40  0     58.26    0.5344E-01      79.0    315.7
2022  7 17   198   12 41  0     58.07    0.5445E-01      78.7    315.7
2022  7 17   198   12 42  0     57.88    0.5585E-01      80.6    316.8
2022  7 17   198   12 43  0     57.69    0.5743E-01      81.9    316.8
2022  7 17   198   12 44  0     57.50    0.5854E-01      81.5    317.0
2022  7 17   198   12 45  0     57.31    0.6220E-01      90.2    318.0
2022  7 17   198   12 46  0     57.12    0.6299E-01      87.5    317.1
2022  7 17   198   12 47  0     56.93    0.6851E-01     103.5    319.1
2022  7 17   198   12 48  0     56.74    0.7007E-01     102.9    318.7
2022  7 17   198   12 49  0     56.55    0.7343E-01     110.6    319.6
2022  7 17   198   12 50  0     56.36    0.7635E-01     114.8    319.8
2022  7 17   198   12 51  0     56.17    0.8025E-01     122.1    320.1
2022  7 17   198   12 52  0     55.98    0.8202E-01     123.0    320.0
2022  7 17   198   12 53  0     55.79    0.8298E-01     121.2    319.9
2022  7 17   198   12 54  0     55.61    0.8379E-01     120.0    320.1
2022  7 17   198   12 55  0     55.42    0.8733E-01     127.1    320.6
2022  7 17   198   12 56  0     55.23    0.8912E-01     128.5    320.8
2022  7 17   198   12 57  0     55.04    0.9047E-01     128.5    320.8
2022  7 17   198   12 58  0     54.85    0.9180E-01     128.8    321.0
2022  7 17   198   12 59  0     54.66    0.9356E-01     130.5    321.3
2022  7 17   198   13  0  0     54.47    0.9514E-01     131.7    321.6
2022  7 17   198   13  1  0     54.28    0.9670E-01     132.7    321.8
2022  7 17   198   13  2  0     54.09    0.9784E-01     132.9    322.0
2022  7 17   198   13  3  0     53.90    0.9850E-01     131.9    322.1
2022  7 17   198   13  4  0     53.71    0.9795E-01     128.7    322.3
2022  7 17   198   13  5  0     53.52    0.1006E+00     132.3    322.5
2022  7 17   198   13  6  0     53.34    0.1014E+00     132.4    322.7
2022  7 17   198   13  7  0     53.15    0.1036E+00     135.8    323.2
2022  7 17   198   13  8  0     52.96    0.1042E+00     135.7    323.5
2022  7 17   198   13  9  0     52.77    0.1011E+00     128.5    323.8
2022  7 17   198   13 10  0     52.58    0.9984E-01     128.2    324.7
2022  7 17   198   13 11  0     52.39    0.9336E-01     115.5    324.4
2022  7 17   198   13 12  0     52.20    0.7913E-01      88.7    323.8
2022  7 17   198   13 13  0     52.01    0.7331E-01      78.9    323.6
2022  7 17   198   13 14  0     51.82    0.7047E-01      74.8    324.0
2022  7 17   198   13 15  0     51.63    0.6845E-01      71.7    324.4
2022  7 17   198   13 16  0     51.45    0.6788E-01      69.9    324.6
2022  7 17   198   13 17  0     51.26    0.7060E-01      71.2    324.4
2022  7 17   198   13 18  0     51.07    0.7473E-01      74.3    324.1
2022  7 17   198   13 19  0     50.88    0.8010E-01      79.5    324.2
2022  7 17   198   13 20  0     50.69    0.8796E-01      89.1    324.5
2022  7 17   198   13 21  0     50.50    0.9591E-01      99.2    324.6
2022  7 17   198   13 22  0     50.31    0.9342E-01      93.4    324.8
2022  7 17   198   13 23  0     50.13    0.8914E-01      86.2    325.2
2022  7 17   198   13 24  0     49.94    0.8960E-01      87.3    326.1
2022  7 17   198   13 25  0     49.75    0.9114E-01      89.2    326.1
2022  7 17   198   13 26  0     49.56    0.8953E-01      87.5    326.9
2022  7 17   198   13 27  0     49.37    0.8620E-01      82.0    326.9
2022  7 17   198   13 28  0     49.18    0.8549E-01      79.7    327.2
2022  7 17   198   13 29  0     49.00    0.8601E-01      78.2    327.4
2022  7 17   198   13 30  0     48.81    0.9059E-01      81.4    327.2
2022  7 17   198   13 31  0     48.62    0.1009E+00      92.4    327.4
2022  7 17   198   13 32  0     48.43    0.1260E+00     125.6    327.7
2022  7 17   198   13 33  0     48.24    0.1228E+00     115.0    326.4
2022  7 17   198   13 34  0     48.06    0.1086E+00      91.3    325.7
2022  7 17   198   13 35  0     47.87    0.1126E+00      94.7    325.9
2022  7 17   198   13 36  0     47.68    0.1220E+00     105.7    326.6
2022  7 17   198   13 37  0     47.49    0.1401E+00     127.4    326.6
2022  7 17   198   13 38  0     47.31    0.1471E+00     137.1    327.3
2022  7 17   198   13 39  0     47.12    0.1485E+00     138.7    327.5
2022  7 17   198   13 40  0     46.93    0.1429E+00     133.0    328.1
2022  7 17   198   13 41  0     46.75    0.1366E+00     126.6    328.6
2022  7 17   198   13 42  0     46.56    0.1193E+00     106.5    328.7
2022  7 17   198   13 43  0     46.37    0.1005E+00      86.3    329.8
2022  7 17   198   13 44  0     46.18    0.8483E-01      68.0    329.5
2022  7 17   198   13 45  0     46.00    0.7230E-01      54.4    330.6
2022  7 17   198   13 46  0     45.81    0.6728E-01      49.2    331.3
2022  7 17   198   13 47  0     45.63    0.6509E-01      46.3    331.7
2022  7 17   198   13 48  0     45.44    0.6406E-01      44.4    331.9
2022  7 17   198   13 49  0     45.25    0.6451E-01      43.7    332.0
2022  7 17   198   13 50  0     45.07    0.6668E-01      44.1    331.4
2022  7 17   198   13 51  0     44.88    0.6998E-01      45.4    331.1
2022  7 17   198   13 52  0     44.70    0.7390E-01      47.0    330.9
2022  7 17   198   13 53  0     44.51    0.7858E-01      48.9    330.5
2022  7 17   198   13 54  0     44.32    0.8355E-01      50.7    330.1
2022  7 17   198   13 55  0     44.14    0.8898E-01      52.3    329.3
2022  7 17   198   13 56  0     43.95    0.9549E-01      54.5    328.5
2022  7 17   198   13 57  0     43.77    0.1045E+00      58.7    327.7
2022  7 17   198   13 58  0     43.58    0.1137E+00      62.8    326.9
2022  7 17   198   13 59  0     43.40    0.1208E+00      65.4    326.2
2022  7 17   198   14  0  0     43.21    0.1259E+00      66.4    325.8
2022  7 17   198   14  1  0     43.03    0.1321E+00      68.4    325.5
2022  7 17   198   14  2  0     42.85    0.1412E+00      72.6    325.0
2022  7 17   198   14  3  0     42.66    0.1510E+00      77.4    324.5
2022  7 17   198   14  4  0     42.48    0.1598E+00      82.0    324.3
2022  7 17   198   14  5  0     42.29    0.1953E+00     113.1    325.4
2022  7 17   198   14  6  0     42.11    0.2104E+00     123.9    325.1
2022  7 17   198   14  7  0     41.93    0.2123E+00     123.3    325.1
2022  7 17   198   14  8  0     41.74    0.2251E+00     134.5    325.4
2022  7 17   198   14  9  0     41.56    0.2244E+00     132.1    325.2
2022  7 17   198   14 10  0     41.38    0.2036E+00     111.5    324.9
2022  7 17   198   14 11  0     41.19    0.2326E+00     138.6    326.0
2022  7 17   198   14 12  0     41.01    0.2355E+00     139.1    325.7
2022  7 17   198   14 13  0     40.83    0.2362E+00     139.8    326.0
2022  7 17   198   14 14  0     40.65    0.2399E+00     144.1    326.7
2022  7 17   198   14 15  0     40.46    0.2393E+00     144.1    327.1
2022  7 17   198   14 16  0     40.28    0.2362E+00     142.1    327.8
2022  7 17   198   14 17  0     40.10    0.2312E+00     138.4    328.3
2022  7 17   198   14 18  0     39.92    0.2204E+00     131.4    329.2
2022  7 17   198   14 19  0     39.74    0.2152E+00     129.0    329.9
2022  7 17   198   14 20  0     39.56    0.2060E+00     122.5    329.7
2022  7 17   198   14 21  0     39.38    0.1348E+00      68.5    331.7
2022  7 17   198   14 22  0     39.20    0.1284E+00      65.3    333.0
2022  7 17   198   14 23  0     39.02    0.1401E+00      75.6    333.8
2022  7 17   198   14 24  0     38.83    0.1241E+00      62.6    331.9
2022  7 17   198   14 25  0     38.66    0.1147E+00      58.2    334.4
2022  7 17   198   14 26  0     38.48    0.1027E+00      50.5    335.1
2022  7 17   198   14 27  0     38.30    0.9343E-01      45.1    336.4
2022  7 17   198   14 28  0     38.12    0.8853E-01      42.4    337.1
2022  7 17   198   14 29  0     37.94    0.8600E-01      41.0    338.1
2022  7 17   198   14 30  0     37.76    0.9792E-01      49.0    336.9
2022  7 17   198   14 31  0     37.58    0.8285E-01      38.4    338.2
2022  7 17   198   14 32  0     37.40    0.8426E-01      38.8    337.7
2022  7 17   198   14 33  0     37.23    0.8457E-01      38.3    337.5
2022  7 17   198   14 34  0     37.05    0.8724E-01      39.3    337.1
2022  7 17   198   14 35  0     36.87    0.9026E-01      40.5    337.2
2022  7 17   198   14 36  0     36.69    0.9281E-01      41.4    336.4
2022  7 17   198   14 37  0     36.52    0.9478E-01      41.8    336.3
2022  7 17   198   14 38  0     36.34    0.9797E-01      43.0    336.1
2022  7 17   198   14 39  0     36.17    0.1145E+00      52.3    335.6
2022  7 17   198   14 40  0     35.99    0.1327E+00      61.4    333.7
2022  7 17   198   14 41  0     35.82    0.1311E+00      57.3    333.6
2022  7 17   198   14 42  0     35.64    0.1406E+00      60.0    332.9
2022  7 17   198   14 43  0     35.47    0.1469E+00      61.0    332.4
2022  7 17   198   14 44  0     35.29    0.1480E+00      59.6    332.4
2022  7 17   198   14 45  0     35.12    0.1542E+00      61.4    332.0
2022  7 17   198   14 46  0     34.94    0.1620E+00      64.3    331.8
2022  7 17   198   14 47  0     34.77    0.1931E+00      81.9    331.4
2022  7 17   198   14 48  0     34.60    0.2066E+00      87.5    330.2
2022  7 17   198   14 49  0     34.43    0.2016E+00      83.2    330.0
2022  7 17   198   14 50  0     34.25    0.1853E+00      73.1    330.3
2022  7 17   198   14 51  0     34.08    0.1665E+00      62.4    331.2
2022  7 17   198   14 52  0     33.91    0.1604E+00      59.0    331.6
2022  7 17   198   14 53  0     33.74    0.1548E+00      56.1    332.3
2022  7 17   198   14 54  0     33.57    0.1502E+00      54.1    333.1
2022  7 17   198   14 55  0     33.40    0.1485E+00      52.9    333.6
2022  7 17   198   14 56  0     33.23    0.1516E+00      53.1    333.7
2022  7 17   198   14 57  0     33.06    0.1570E+00      53.8    333.1
2022  7 17   198   14 58  0     32.89    0.1604E+00      53.6    332.8
2022  7 17   198   14 59  0     32.72    0.1641E+00      54.3    332.7
2022  7 17   198   15  0  0     32.56    0.1724E+00      57.5    332.4
2022  7 17   198   15  1  0     32.39    0.1793E+00      60.3    331.9
2022  7 17   198   15  2  0     32.22    0.1886E+00      65.1    331.9
2022  7 17   198   15  3  0     32.06    0.2172E+00      81.0    331.8
2022  7 17   198   15  4  0     31.89    0.1967E+00      69.1    330.5
2022  7 17   198   15  5  0     31.72    0.1646E+00      54.7    333.2
2022  7 17   198   15  6  0     31.56    0.1547E+00      51.5    334.6
2022  7 17   198   15  7  0     31.40    0.1482E+00      49.8    335.6
2022  7 17   198   15  8  0     31.23    0.1454E+00      49.5    336.1
2022  7 17   198   15  9  0     31.07    0.1451E+00      49.8    336.3
2022  7 17   198   15 10  0     30.91    0.1475E+00      50.9    336.3
2022  7 17   198   15 11  0     30.74    0.1581E+00      56.0    336.6
2022  7 17   198   15 12  0     30.58    0.1925E+00      70.9    333.9
2022  7 17   198   15 13  0     30.42    0.2047E+00      76.0    334.2
2022  7 17   198   15 14  0     30.26    0.2717E+00     108.2    332.3
2022  7 17   198   15 15  0     30.10    0.2897E+00     114.3    331.4
2022  7 17   198   15 16  0     29.94    0.3125E+00     123.6    330.5
2022  7 17   198   15 17  0     29.78    0.3329E+00     134.0    331.2
2022  7 17   198   15 18  0     29.62    0.3413E+00     136.7    330.8
2022  7 17   198   15 19  0     29.47    0.3134E+00     121.5    331.2
2022  7 17   198   15 20  0     29.31    0.2982E+00     112.8    330.9
2022  7 17   198   15 21  0     29.15    0.2328E+00      81.3    333.9
2022  7 17   198   15 22  0     29.00    0.2347E+00      82.1    334.5
2022  7 17   198   15 23  0     28.84    0.2949E+00     110.6    333.0
2022  7 17   198   15 24  0     28.69    0.2736E+00      97.4    332.3
2022  7 17   198   15 25  0     28.54    0.2651E+00      92.6    332.9
2022  7 17   198   15 26  0     28.38    0.2528E+00      86.0    333.5
2022  7 17   198   15 27  0     28.23    0.2531E+00      85.2    334.0
2022  7 17   198   15 28  0     28.08    0.2693E+00      91.9    334.2
2022  7 17   198   15 29  0     27.93    0.3212E+00     114.8    333.0
2022  7 17   198   15 30  0     27.78    0.3574E+00     130.1    332.0
2022  7 17   198   15 31  0     27.63    0.3143E+00     107.3    331.6
2022  7 17   198   15 32  0     27.48    0.2752E+00      90.3    334.3
2022  7 17   198   15 33  0     27.34    0.2755E+00      90.0    334.7
2022  7 17   198   15 34  0     27.19    0.2890E+00      95.2    334.2
2022  7 17   198   15 35  0     27.04    0.3057E+00     102.5    333.8
2022  7 17   198   15 36  0     26.90    0.2787E+00      89.9    334.7
2022  7 17   198   15 37  0     26.75    0.2696E+00      85.9    335.1
2022  7 17   198   15 38  0     26.61    0.2698E+00      85.7    335.3
2022  7 17   198   15 39  0     26.47    0.2560E+00      79.2    335.5
2022  7 17   198   15 40  0     26.33    0.2484E+00      75.5    335.8
2022  7 17   198   15 41  0     26.19    0.2518E+00      76.2    335.8
2022  7 17   198   15 42  0     26.05    0.2639E+00      80.5    335.4
2022  7 17   198   15 43  0     25.91    0.3089E+00      98.6    333.4
2022  7 17   198   15 44  0     25.77    0.3049E+00      96.0    333.9
2022  7 17   198   15 45  0     25.64    0.3912E+00     134.0    332.4
2022  7 17   198   15 46  0     25.50    0.4247E+00     146.6    330.9
2022  7 17   198   15 47  0     25.37    0.4312E+00     148.1    330.9
2022  7 17   198   15 48  0     25.23    0.4335E+00     147.8    330.7
2022  7 17   198   15 49  0     25.10    0.4417E+00     151.0    330.7
2022  7 17   198   15 50  0     24.97    0.4445E+00     151.3    330.5
2022  7 17   198   15 51  0     24.84    0.4378E+00     147.7    330.6
2022  7 17   198   15 52  0     24.71    0.4344E+00     145.8    330.7
2022  7 17   198   15 53  0     24.58    0.4158E+00     135.5    330.0
2022  7 17   198   15 54  0     24.46    0.3711E+00     115.3    330.9
2022  7 17   198   15 55  0     24.33    0.3317E+00      98.1    332.2
2022  7 17   198   15 56  0     24.21    0.4087E+00     129.9    330.9
2022  7 17   198   15 57  0     24.08    0.4320E+00     138.9    330.3
2022  7 17   198   15 58  0     23.96    0.4150E+00     130.0    330.0
2022  7 17   198   15 59  0     23.84    0.4369E+00     140.0    330.3
2022  7 17   198   16  0  0     23.72    0.3882E+00     116.5    329.8
2022  7 17   198   16  1  0     23.60    0.3695E+00     108.7    330.7
2022  7 17   198   16  2  0     23.49    0.4049E+00     123.3    330.4
2022  7 17   198   16  3  0     23.37    0.4306E+00     133.1    329.9
2022  7 17   198   16  4  0     23.26    0.4625E+00     145.8    329.4
2022  7 17   198   16  5  0     23.14    0.4641E+00     145.3    328.9
2022  7 17   198   16  6  0     23.03    0.4237E+00     127.8    329.3
2022  7 17   198   16  7  0     22.92    0.3929E+00     115.1    329.7
2022  7 17   198   16  8  0     22.81    0.3947E+00     116.0    330.2
2022  7 17   198   16  9  0     22.71    0.4147E+00     123.3    330.1
2022  7 17   198   16 10  0     22.60    0.4626E+00     142.6    329.7
2022  7 17   198   16 11  0     22.50    0.4701E+00     144.0    328.9
2022  7 17   198   16 12  0     22.39    0.4780E+00     147.0    328.9
2022  7 17   198   16 13  0     22.29    0.4692E+00     142.9    329.2
2022  7 17   198   16 14  0     22.19    0.4720E+00     143.5    329.4
2022  7 17   198   16 15  0     22.09    0.4933E+00     151.7    329.0
2022  7 17   198   16 16  0     22.00    0.4852E+00     147.7    329.0
2022  7 17   198   16 17  0     21.90    0.4725E+00     141.5    329.1
2022  7 17   198   16 18  0     21.81    0.4812E+00     144.6    329.1
2022  7 17   198   16 19  0     21.72    0.4817E+00     144.0    329.1
2022  7 17   198   16 20  0     21.63    0.4736E+00     140.3    329.4
2022  7 17   198   16 21  0     21.54    0.4760E+00     141.0    329.4
2022  7 17   198   16 22  0     21.45    0.4729E+00     140.1    329.7
2022  7 17   198   16 23  0     21.37    0.4740E+00     140.5    329.8
2022  7 17   198   16 24  0     21.29    0.4809E+00     143.1    329.9
2022  7 17   198   16 25  0     21.21    0.4876E+00     144.8    329.6
2022  7 17   198   16 26  0     21.13    0.4822E+00     142.1    329.5
2022  7 17   198   16 27  0     21.05    0.4782E+00     140.0    329.4
2022  7 17   198   16 28  0     20.97    0.4789E+00     139.7    329.3
2022  7 17   198   16 29  0     20.90    0.4814E+00     140.2    329.2
2022  7 17   198   16 30  0     20.83    0.4822E+00     140.4    329.4
2022  7 17   198   16 31  0     20.76    0.4909E+00     143.1    329.1
2022  7 17   198   16 32  0     20.69    0.4910E+00     143.0    329.1
2022  7 17   198   16 33  0     20.62    0.4937E+00     143.6    329.0
2022  7 17   198   16 34  0     20.56    0.4670E+00     131.9    328.9
2022  7 17   198   16 35  0     20.50    0.4347E+00     118.7    329.5
2022  7 17   198   16 36  0     20.44    0.4424E+00     121.7    329.6
2022  7 17   198   16 37  0     20.38    0.4782E+00     135.7    329.1
2022  7 17   198   16 38  0     20.32    0.4900E+00     139.7    329.0
2022  7 17   198   16 39  0     20.27    0.4954E+00     141.1    328.9
2022  7 17   198   16 40  0     20.22    0.4972E+00     141.3    328.8
2022  7 17   198   16 41  0     20.17    0.4936E+00     139.5    328.8
2022  7 17   198   16 42  0     20.12    0.4865E+00     136.4    328.8
2022  7 17   198   16 43  0     20.08    0.4806E+00     134.1    328.8
2022  7 17   198   16 44  0     20.03    0.4851E+00     135.5    328.7
2022  7 17   198   16 45  0     19.99    0.4885E+00     136.4    328.5
2022  7 17   198   16 46  0     19.95    0.4852E+00     135.0    328.5
2022  7 17   198   16 47  0     19.92    0.4776E+00     132.4    328.9
2022  7 17   198   16 48  0     19.88    0.4863E+00     135.4    328.7
2022  7 17   198   16 49  0     19.85    0.4927E+00     137.5    328.5
2022  7 17   198   16 50  0     19.82    0.4970E+00     138.7    328.3
2022  7 17   198   16 51  0     19.79    0.4925E+00     136.8    328.2
2022  7 17   198   16 52  0     19.77    0.4910E+00     136.4    328.3
2022  7 17   198   16 53  0     19.74    0.4880E+00     135.3    328.4
2022  7 17   198   16 54  0     19.72    0.4933E+00     137.3    328.3
2022  7 17   198   16 55  0     19.70    0.4855E+00     134.5    328.5
2022  7 17   198   16 56  0     19.69    0.4779E+00     132.1    328.8
2022  7 17   198   16 57  0     19.67    0.4716E+00     129.8    328.9
2022  7 17   198   16 58  0     19.66    0.4704E+00     129.2    329.0
2022  7 17   198   16 59  0     19.65    0.4712E+00     129.4    329.1
2022  7 17   198   17  0  0     19.64    0.4901E+00     136.1    328.8
2022  7 17   198   17  1  0     19.64    0.4987E+00     138.8    328.5
2022  7 17   198   17  2  0     19.63    0.4845E+00     133.6    328.6
2022  7 17   198   17  3  0     19.63    0.4845E+00     134.4    329.2
2022  7 17   198   17  4  0     19.63    0.4880E+00     135.7    329.2
2022  7 17   198   17  5  0     19.64    0.4880E+00     135.8    329.2
2022  7 17   198   17  6  0     19.64    0.4862E+00     135.4    329.3
2022  7 17   198   17  7  0     19.65    0.4834E+00     134.5    329.3
2022  7 17   198   17  8  0     19.66    0.4729E+00     130.9    329.5
2022  7 17   198   17  9  0     19.68    0.4748E+00     132.5    330.1
2022  7 17   198   17 10  0     19.69    0.4836E+00     135.6    329.9
2022  7 17   198   17 11  0     19.71    0.4732E+00     132.1    330.1
2022  7 17   198   17 12  0     19.73    0.4737E+00     132.6    330.2
2022  7 17   198   17 13  0     19.75    0.4639E+00     129.3    330.4
2022  7 17   198   17 14  0     19.78    0.4637E+00     129.7    330.7
2022  7 17   198   17 15  0     19.80    0.4622E+00     129.5    331.0
2022  7 17   198   17 16  0     19.83    0.4642E+00     130.6    331.1
2022  7 17   198   17 17  0     19.86    0.4646E+00     131.0    331.2
2022  7 17   198   17 18  0     19.90    0.4601E+00     129.5    331.3
2022  7 17   198   17 19  0     19.93    0.4559E+00     128.5    331.7
2022  7 17   198   17 20  0     19.97    0.4484E+00     126.3    332.1
2022  7 17   198   17 21  0     20.01    0.4497E+00     127.3    332.3
2022  7 17   198   17 22  0     20.05    0.4503E+00     127.6    332.2
2022  7 17   198   17 23  0     20.10    0.4522E+00     128.8    332.3
2022  7 17   198   17 24  0     20.14    0.4497E+00     128.7    332.8
2022  7 17   198   17 25  0     20.19    0.4518E+00     129.9    333.0
2022  7 17   198   17 26  0     20.24    0.4511E+00     130.3    333.3
2022  7 17   198   17 27  0     20.29    0.4471E+00     129.5    333.6
2022  7 17   198   17 28  0     20.35    0.4383E+00     127.1    334.2
2022  7 17   198   17 29  0     20.41    0.4335E+00     126.0    334.5
2022  7 17   198   17 30  0     20.47    0.4305E+00     125.6    334.8
2022  7 17   198   17 31  0     20.53    0.4253E+00     124.2    335.0
2022  7 17   198   17 32  0     20.59    0.4111E+00     119.6    335.7
2022  7 17   198   17 33  0     20.65    0.4156E+00     121.9    335.7
2022  7 17   198   17 34  0     20.72    0.4138E+00     121.5    335.8
2022  7 17   198   17 35  0     20.79    0.4170E+00     123.3    336.1
2022  7 17   198   17 36  0     20.86    0.4117E+00     121.7    336.4
2022  7 17   198   17 37  0     20.93    0.4137E+00     122.9    336.4
2022  7 17   198   17 38  0     21.01    0.4033E+00     119.2    336.7
2022  7 17   198   17 39  0     21.08    0.3951E+00     116.6    337.1
2022  7 17   198   17 40  0     21.16    0.4029E+00     119.9    336.8
2022  7 17   198   17 41  0     21.24    0.4067E+00     121.7    336.7
2022  7 17   198   17 42  0     21.32    0.4096E+00     123.5    336.8
2022  7 17   198   17 43  0     21.41    0.4073E+00     123.4    336.8
2022  7 17   198   17 44  0     21.49    0.3923E+00     117.9    337.1
2022  7 17   198   17 45  0     21.58    0.3321E+00      94.5    339.1
2022  7 17   198   17 46  0     21.67    0.3505E+00     103.2    339.1
2022  7 17   198   17 47  0     21.76    0.3467E+00     102.5    339.6
2022  7 17   198   17 48  0     21.85    0.3871E+00     119.1    338.1
2022  7 17   198   17 49  0     21.95    0.3900E+00     120.3    337.3
2022  7 17   198   17 50  0     22.04    0.3864E+00     119.0    337.3
2022  7 17   198   17 51  0     22.14    0.3804E+00     116.9    337.5
2022  7 17   198   17 52  0     22.24    0.3785E+00     116.6    337.5
2022  7 17   198   17 53  0     22.34    0.3459E+00     103.3    338.3
2022  7 17   198   17 54  0     22.44    0.3115E+00      90.6    340.0
2022  7 17   198   17 55  0     22.54    0.2840E+00      81.8    342.1
2022  7 17   198   17 56  0     22.65    0.2701E+00      77.7    343.3
2022  7 17   198   17 57  0     22.75    0.2591E+00      74.8    344.4
2022  7 17   198   17 58  0     22.86    0.2540E+00      73.8    344.9
2022  7 17   198   17 59  0     22.97    0.2534E+00      74.4    345.2
2022  7 17   198   18  0  0     23.08    0.2560E+00      76.0    345.0
2022  7 17   198   18  1  0     23.19    0.2607E+00      78.4    344.8
2022  7 17   198   18  2  0     23.31    0.3040E+00      97.1    343.0
2022  7 17   198   18  3  0     23.42    0.3095E+00      97.6    341.2
2022  7 17   198   18  4  0     23.54    0.3161E+00     100.7    341.2
2022  7 17   198   18  5  0     23.66    0.3451E+00     112.4    339.4
2022  7 17   198   18  6  0     23.77    0.3620E+00     119.3    338.6
2022  7 17   198   18  7  0     23.89    0.3582E+00     116.5    338.0
2022  7 17   198   18  8  0     24.01    0.3601E+00     117.0    337.5
2022  7 17   198   18  9  0     24.14    0.3668E+00     119.2    336.7
2022  7 17   198   18 10  0     24.26    0.3622E+00     117.1    336.6
2022  7 17   198   18 11  0     24.39    0.3602E+00     116.3    336.4
2022  7 17   198   18 12  0     24.51    0.3577E+00     115.7    336.5
2022  7 17   198   18 13  0     24.64    0.3501E+00     112.9    336.6
2022  7 17   198   18 14  0     24.77    0.3488E+00     113.2    336.9
2022  7 17   198   18 15  0     24.90    0.3453E+00     112.3    337.1
2022  7 17   198   18 16  0     25.03    0.3362E+00     109.2    337.6
2022  7 17   198   18 17  0     25.16    0.3242E+00     104.6    338.1
2022  7 17   198   18 18  0     25.29    0.3260E+00     106.2    338.1
2022  7 17   198   18 19  0     25.43    0.3144E+00     102.1    338.7
2022  7 17   198   18 20  0     25.56    0.3063E+00     100.0    339.6
2022  7 17   198   18 21  0     25.70    0.3051E+00     100.1    339.7
2022  7 17   198   18 22  0     25.84    0.2987E+00      98.3    340.1
2022  7 17   198   18 23  0     25.97    0.2991E+00      99.6    340.4
2022  7 17   198   18 24  0     26.11    0.3030E+00     101.9    340.2
2022  7 17   198   18 25  0     26.25    0.3060E+00     103.9    340.2
2022  7 17   198   18 26  0     26.39    0.3153E+00     108.2    339.5
2022  7 17   198   18 27  0     26.53    0.3085E+00     105.9    339.8
2022  7 17   198   18 28  0     26.68    0.3158E+00     110.0    339.7
2022  7 17   198   18 29  0     26.82    0.3234E+00     113.8    339.3
2022  7 17   198   18 30  0     26.96    0.3179E+00     112.0    339.5
2022  7 17   198   18 31  0     27.11    0.3109E+00     109.5    339.5
2022  7 17   198   18 32  0     27.26    0.2976E+00     104.8    340.5
2022  7 17   198   18 33  0     27.40    0.3003E+00     106.8    340.5
2022  7 17   198   18 34  0     27.55    0.2921E+00     103.9    340.9
2022  7 17   198   18 35  0     27.70    0.2751E+00      97.2    341.8
2022  7 17   198   18 36  0     27.85    0.2675E+00      94.6    342.3
2022  7 17   198   18 37  0     28.00    0.2689E+00      95.9    342.2
2022  7 17   198   18 38  0     28.15    0.2674E+00      95.9    342.3
2022  7 17   198   18 39  0     28.30    0.2631E+00      94.5    342.3
2022  7 17   198   18 40  0     28.45    0.2461E+00      88.0    343.7
2022  7 17   198   18 41  0     28.61    0.2417E+00      87.1    344.2
2022  7 17   198   18 42  0     28.76    0.2501E+00      91.9    343.8
2022  7 17   198   18 43  0     28.91    0.2609E+00      96.9    342.7
2022  7 17   198   18 44  0     29.07    0.2604E+00      97.0    342.5
2022  7 17   198   18 45  0     29.23    0.2622E+00      98.3    342.1
2022  7 17   198   18 46  0     29.38    0.2618E+00      98.4    341.8
2022  7 17   198   18 47  0     29.54    0.2549E+00      95.7    342.0
2022  7 17   198   18 48  0     29.70    0.2486E+00      93.4    342.3
2022  7 17   198   18 49  0     29.86    0.2454E+00      92.7    342.4
2022  7 17   198   18 50  0     30.01    0.2422E+00      91.7    342.4
2022  7 17   198   18 51  0     30.17    0.2315E+00      87.2    342.9
2022  7 17   198   18 52  0     30.33    0.2274E+00      86.0    343.2
2022  7 17   198   18 53  0     30.49    0.2277E+00      87.0    343.1
2022  7 17   198   18 54  0     30.66    0.2246E+00      86.0    343.1
2022  7 17   198   18 55  0     30.82    0.2201E+00      84.6    343.5
2022  7 17   198   18 56  0     30.98    0.2168E+00      83.7    343.7
2022  7 17   198   18 57  0     31.14    0.2161E+00      84.2    343.6
2022  7 17   198   18 58  0     31.31    0.2132E+00      83.4    343.7
2022  7 17   198   18 59  0     31.47    0.2126E+00      83.9    343.7
2022  7 17   198   19  0  0     31.64    0.2125E+00      84.5    343.5
2022  7 17   198   19  1  0     31.80    0.2122E+00      85.0    343.3
2022  7 17   198   19  2  0     31.97    0.2084E+00      83.6    343.5
2022  7 17   198   19  3  0     32.13    0.2079E+00      84.1    343.4
2022  7 17   198   19  4  0     32.30    0.2071E+00      84.2    343.2
2022  7 17   198   19  5  0     32.47    0.2049E+00      83.6    343.2
2022  7 17   198   19  6  0     32.63    0.2040E+00      83.7    343.1
2022  7 17   198   19  7  0     32.80    0.2051E+00      84.7    342.7
2022  7 17   198   19  8  0     32.97    0.2038E+00      84.3    342.4
2022  7 17   198   19  9  0     33.14    0.2107E+00      88.5    341.3
2022  7 17   198   19 10  0     33.31    0.2136E+00      90.1    340.4
2022  7 17   198   19 11  0     33.48    0.2179E+00      92.5    339.6
2022  7 17   198   19 12  0     33.65    0.2244E+00      96.4    338.8
2022  7 17   198   19 13  0     33.82    0.2292E+00      99.1    337.8
2022  7 17   198   19 14  0     33.99    0.2287E+00      98.7    337.2
2022  7 17   198   19 15  0     34.16    0.2276E+00      98.4    336.5
2022  7 17   198   19 16  0     34.33    0.2342E+00     102.6    335.5
2022  7 17   198   19 17  0     34.51    0.2356E+00     103.7    334.8
2022  7 17   198   19 18  0     34.68    0.2357E+00     104.3    334.4
2022  7 17   198   19 19  0     34.85    0.2354E+00     104.7    333.9
2022  7 17   198   19 20  0     35.03    0.2334E+00     104.2    333.6
2022  7 17   198   19 21  0     35.20    0.2330E+00     104.8    333.5
2022  7 17   198   19 22  0     35.37    0.2316E+00     104.9    333.3
2022  7 17   198   19 23  0     35.55    0.2306E+00     105.3    333.1
2022  7 17   198   19 24  0     35.72    0.2281E+00     104.6    333.0
2022  7 17   198   19 25  0     35.90    0.2257E+00     104.1    332.9
2022  7 17   198   19 26  0     36.07    0.2242E+00     104.2    332.8
2022  7 17   198   19 27  0     36.25    0.2226E+00     104.3    332.8
2022  7 17   198   19 28  0     36.43    0.2189E+00     103.3    332.9
2022  7 17   198   19 29  0     36.60    0.2125E+00     100.4    332.9
2022  7 17   198   19 30  0     36.78    0.2046E+00      96.9    333.4
2022  7 17   198   19 31  0     36.96    0.1961E+00      92.7    333.8
2022  7 17   198   19 32  0     37.13    0.1941E+00      93.0    334.1
2022  7 17   198   19 33  0     37.31    0.1920E+00      92.9    334.2
2022  7 17   198   19 34  0     37.49    0.1903E+00      93.1    334.3
2022  7 17   198   19 35  0     37.67    0.1887E+00      93.3    334.4
2022  7 17   198   19 36  0     37.85    0.1857E+00      92.4    334.5
2022  7 17   198   19 37  0     38.02    0.1847E+00      92.9    334.6
2022  7 17   198   19 38  0     38.20    0.1844E+00      93.7    334.4
2022  7 17   198   19 39  0     38.38    0.1826E+00      93.5    334.3
2022  7 17   198   19 40  0     38.56    0.1788E+00      91.8    334.4
2022  7 17   198   19 41  0     38.74    0.1746E+00      90.0    334.6
2022  7 17   198   19 42  0     38.92    0.1698E+00      87.6    334.7
2022  7 17   198   19 43  0     39.10    0.1663E+00      86.2    334.9
2022  7 17   198   19 44  0     39.28    0.1657E+00      86.9    334.8
2022  7 17   198   19 45  0     39.46    0.1662E+00      88.3    334.5
2022  7 17   198   19 46  0     39.64    0.1632E+00      86.9    334.4
2022  7 17   198   19 47  0     39.83    0.1599E+00      85.6    334.4
2022  7 17   198   19 48  0     40.01    0.1571E+00      84.5    334.4
2022  7 17   198   19 49  0     40.19    0.1535E+00      83.0    334.6
2022  7 17   198   19 50  0     40.37    0.1524E+00      83.3    334.6
2022  7 17   198   19 51  0     40.55    0.1513E+00      83.6    334.6
2022  7 17   198   19 52  0     40.73    0.1479E+00      82.1    334.7
2022  7 17   198   19 53  0     40.92    0.1448E+00      80.7    334.8
2022  7 17   198   19 54  0     41.10    0.1419E+00      79.6    334.9
2022  7 17   198   19 55  0     41.28    0.1385E+00      78.1    335.1
2022  7 17   198   19 56  0     41.46    0.1366E+00      77.7    335.3
2022  7 17   198   19 57  0     41.65    0.1359E+00      78.4    335.3
2022  7 17   198   19 58  0     41.83    0.1362E+00      79.8    335.1
2022  7 17   198   19 59  0     42.01    0.1359E+00      80.6    334.9
2022  7 17   198   20  0  0     42.20    0.1340E+00      79.9    334.8
2022  7 17   198   20  1  0     42.38    0.1330E+00      80.1    334.7
2022  7 17   198   20  2  0     42.57    0.1334E+00      81.5    334.4
2022  7 17   198   20  3  0     42.75    0.1334E+00      82.4    334.1
2022  7 17   198   20  4  0     42.93    0.1330E+00      82.9    333.8
2022  7 17   198   20  5  0     43.12    0.1328E+00      83.5    333.3
2022  7 17   198   20  6  0     43.30    0.1320E+00      83.7    333.0
2022  7 17   198   20  7  0     43.49    0.1321E+00      84.7    332.5
2022  7 17   198   20  8  0     43.67    0.1313E+00      85.0    332.2
2022  7 17   198   20  9  0     43.86    0.1304E+00      85.2    331.9
2022  7 17   198   20 10  0     44.04    0.1288E+00      84.8    331.5
2022  7 17   198   20 11  0     44.23    0.1249E+00      82.1    331.3
2022  7 17   198   20 12  0     44.42    0.1206E+00      79.2    331.2
2022  7 17   198   20 13  0     44.60    0.1161E+00      76.2    331.3
2022  7 17   198   20 14  0     44.79    0.1141E+00      75.8    331.3
2022  7 17   198   20 15  0     44.97    0.1124E+00      75.5    331.2
2022  7 17   198   20 16  0     45.16    0.1107E+00      75.3    331.3
2022  7 17   198   20 17  0     45.35    0.1088E+00      74.9    331.4
2022  7 17   198   20 18  0     45.53    0.1080E+00      75.8    331.5
2022  7 17   198   20 19  0     45.72    0.1073E+00      76.4    331.4
2022  7 17   198   20 20  0     45.90    0.1065E+00      76.8    331.3
2022  7 17   198   20 21  0     46.09    0.1058E+00      77.2    331.1
2022  7 17   198   20 22  0     46.28    0.1055E+00      78.0    330.9
2022  7 17   198   20 23  0     46.46    0.1056E+00      79.4    330.7
2022  7 17   198   20 24  0     46.65    0.1056E+00      80.5    330.4
2022  7 17   198   20 25  0     46.84    0.1052E+00      81.3    330.1
2022  7 17   198   20 26  0     47.03    0.1041E+00      81.4    330.0
2022  7 17   198   20 27  0     47.21    0.1023E+00      80.5    329.7
2022  7 17   198   20 28  0     47.40    0.9980E-01      78.8    329.5
2022  7 17   198   20 29  0     47.59    0.9790E-01      77.8    329.3
2022  7 17   198   20 30  0     47.78    0.9648E-01      77.6    329.2
2022  7 17   198   20 31  0     47.96    0.9555E-01      78.0    329.1
2022  7 17   198   20 32  0     48.15    0.9405E-01      77.4    328.9
2022  7 17   198   20 33  0     48.34    0.9263E-01      77.0    328.8
2022  7 17   198   20 34  0     48.53    0.9154E-01      76.9    328.5
2022  7 17   198   20 35  0     48.72    0.9071E-01      77.2    328.3
2022  7 17   198   20 36  0     48.90    0.8949E-01      76.8    328.0
2022  7 17   198   20 37  0     49.09    0.8861E-01      77.0    327.8
2022  7 17   198   20 38  0     49.28    0.8791E-01      77.3    327.4
2022  7 17   198   20 39  0     49.47    0.8697E-01      77.3    327.1
2022  7 17   198   20 40  0     49.66    0.8612E-01      77.6    326.8
2022  7 17   198   20 41  0     49.84    0.8501E-01      77.4    326.5
2022  7 17   198   20 42  0     50.03    0.8351E-01      76.8    326.3
2022  7 17   198   20 43  0     50.22    0.8183E-01      75.7    325.9
2022  7 17   198   20 44  0     50.41    0.8038E-01      75.1    325.7
2022  7 17   198   20 45  0     50.60    0.7881E-01      74.4    325.5
2022  7 17   198   20 46  0     50.79    0.7723E-01      73.5    325.2
2022  7 17   198   20 47  0     50.98    0.7618E-01      73.6    325.0
2022  7 17   198   20 48  0     51.16    0.7510E-01      73.5    324.9
2022  7 17   198   20 49  0     51.35    0.7388E-01      73.1    324.6
2022  7 17   198   20 50  0     51.54    0.7289E-01      73.1    324.4
2022  7 17   198   20 51  0     51.73    0.7194E-01      73.1    324.1
2022  7 17   198   20 52  0     51.92    0.7094E-01      73.0    323.9
2022  7 17   198   20 53  0     52.11    0.6977E-01      72.4    323.4
2022  7 17   198   20 54  0     52.30    0.6862E-01      72.0    323.2
2022  7 17   198   20 55  0     52.49    0.6760E-01      71.8    322.9
2022  7 17   198   20 56  0     52.68    0.6663E-01      71.7    322.7
2022  7 17   198   20 57  0     52.87    0.6557E-01      71.4    322.4
2022  7 17   198   20 58  0     53.06    0.6487E-01      71.9    322.3
2022  7 17   198   20 59  0     53.24    0.6426E-01      72.4    322.1
2022  7 17   198   21  0  0     53.43    0.6389E-01      73.3    321.8
2022  7 17   198   21  1  0     53.62    0.6276E-01      72.5    321.5
2022  7 17   198   21  2  0     53.81    0.6151E-01      71.4    321.1
2022  7 17   198   21  3  0     54.00    0.6056E-01      71.1    320.8
2022  7 17   198   21  4  0     54.19    0.5966E-01      70.9    320.6
2022  7 17   198   21  5  0     54.38    0.5864E-01      70.4    320.4
2022  7 17   198   21  6  0     54.57    0.5753E-01      69.8    320.1
2022  7 17   198   21  7  0     54.76    0.5642E-01      69.3    319.7
2022  7 17   198   21  8  0     54.95    0.5514E-01      68.5    319.5
2022  7 17   198   21  9  0     55.14    0.5387E-01      67.8    319.4
2022  7 17   198   21 10  0     55.33    0.5271E-01      67.3    319.3
2022  7 17   198   21 11  0     55.52    0.5166E-01      67.1    319.2
2022  7 17   198   21 12  0     55.71    0.5074E-01      67.2    319.2
2022  7 17   198   21 13  0     55.90    0.4969E-01      67.0    319.3
2022  7 17   198   21 14  0     56.09    0.4895E-01      67.3    319.5
2022  7 17   198   21 15  0     56.27    0.4838E-01      68.1    319.6
2022  7 17   198   21 16  0     56.46    0.4778E-01      68.6    319.7
2022  7 17   198   21 17  0     56.65    0.4718E-01      68.8    319.7
2022  7 17   198   21 18  0     56.84    0.4660E-01      69.1    319.5
2022  7 17   198   21 19  0     57.03    0.4616E-01      69.7    319.4
2022  7 17   198   21 20  0     57.22    0.4579E-01      70.4    319.5
2022  7 17   198   21 21  0     57.41    0.4558E-01      71.3    319.3
2022  7 17   198   21 22  0     57.60    0.4541E-01      72.5    319.1
2022  7 17   198   21 23  0     57.79    0.4534E-01      74.0    319.0
2022  7 17   198   21 24  0     57.98    0.4528E-01      75.6    319.0
2022  7 17   198   21 25  0     58.17    0.4532E-01      77.2    318.5
2022  7 17   198   21 26  0     58.36    0.4530E-01      78.9    318.5
2022  7 17   198   21 27  0     58.55    0.4520E-01      80.3    318.5
2022  7 17   198   21 28  0     58.74    0.4521E-01      82.3    318.4
2022  7 17   198   21 29  0     58.93    0.4538E-01      84.9    318.4
2022  7 17   198   21 30  0     59.12    0.4552E-01      87.4    318.1
2022  7 17   198   21 31  0     59.31    0.4584E-01      90.4    318.2
2022  7 17   198   21 32  0     59.50    0.4578E-01      91.9    317.9
2022  7 17   198   21 33  0     59.68    0.4582E-01      93.6    317.4
2022  7 17   198   21 34  0     59.87    0.4613E-01      96.7    317.3
2022  7 17   198   21 35  0     60.06    0.4643E-01      99.6    316.4
2022  7 17   198   21 36  0     60.25    0.4643E-01     101.2    316.0
2022  7 17   198   21 37  0     60.44    0.4641E-01     103.2    315.6
2022  7 17   198   21 38  0     60.63    0.4690E-01     108.2    315.9
2022  7 17   198   21 39  0     60.82    0.4671E-01     109.7    315.4
2022  7 17   198   21 40  0     61.01    0.4597E-01     109.3    314.1
2022  7 17   198   21 41  0     61.20    0.4500E-01     107.9    313.6
2022  7 17   198   21 42  0     61.39    0.4373E-01     105.4    312.9
2022  7 17   198   21 43  0     61.58    0.4222E-01     101.7    312.2
2022  7 17   198   21 44  0     61.76    0.4088E-01      99.0    311.4
2022  7 17   198   21 45  0     61.95    0.3975E-01      97.8    311.0
2022  7 17   198   21 46  0     62.14    0.3858E-01      96.1    310.5
2022  7 17   198   21 47  0     62.33    0.3734E-01      93.8    310.0
2022  7 17   198   21 48  0     62.52    0.3623E-01      92.3    309.6
2022  7 17   198   21 49  0     62.71    0.3518E-01      90.6    309.1
2022  7 17   198   21 50  0     62.90    0.3420E-01      89.5    308.8
2022  7 17   198   21 51  0     63.09    0.3353E-01      89.8    308.4
2022  7 17   198   21 52  0     63.27    0.3269E-01      88.5    308.1
2022  7 17   198   21 53  0     63.46    0.3193E-01      87.5    307.7
2022  7 17   198   21 54  0     63.65    0.3134E-01      87.7    307.4
2022  7 17   198   21 55  0     63.84    0.3079E-01      87.8    307.1
2022  7 17   198   21 56  0     64.03    0.3028E-01      87.9    306.7
2022  7 17   198   21 57  0     64.22    0.2985E-01      88.8    306.6
2022  7 17   198   21 58  0     64.41    0.2935E-01      89.0    306.4
2022  7 17   198   21 59  0     64.59    0.2883E-01      89.3    306.2
2022  7 17   198   22  0  0     64.78    0.2841E-01      90.3    305.8
2022  7 17   198   22  1  0     64.97    0.2810E-01      93.2    306.1
2022  7 17   198   22  2  0     65.16    0.2764E-01      93.7    305.9
2022  7 17   198   22  3  0     65.35    0.2752E-01      98.2    306.2
2022  7 17   198   22  4  0     65.53    0.2713E-01      99.2    305.8
2022  7 17   198   22  5  0     65.72    0.2660E-01      99.2    305.7
2022  7 17   198   22  6  0     65.91    0.2614E-01      99.7    305.4
2022  7 17   198   22  7  0     66.10    0.2556E-01      98.5    304.9
2022  7 17   198   22  8  0     66.28    0.2537E-01     102.7    305.0
2022  7 17   198   22  9  0     66.47    0.2510E-01     104.7    304.7
2022  7 17   198   22 10  0     66.66    0.2465E-01     104.5    304.0
2022  7 17   198   22 11  0     66.85    0.2425E-01     105.9    303.9
2022  7 17   198   22 12  0     67.03    0.2404E-01     109.8    303.6
2022  7 17   198   22 13  0     67.22    0.2354E-01     109.6    303.1
2022  7 17   198   22 14  0     67.41    0.2292E-01     108.6    302.5
2022  7 17   198   22 15  0     67.60    0.2227E-01     107.6    302.0
2022  7 17   198   22 16  0     67.78    0.2159E-01     106.7    301.5
2022  7 17   198   22 17  0     67.97    0.2087E-01     105.6    301.3
2022  7 17   198   22 18  0     68.16    0.2026E-01     104.6    300.4
2022  7 17   198   22 19  0     68.34    0.1976E-01     106.0    300.2
2022  7 17   198   22 20  0     68.53    0.1945E-01     111.0    300.6
2022  7 17   198   22 21  0     68.72    0.1907E-01     112.0    300.0
2022  7 17   198   22 22  0     68.90    0.1849E-01     109.4    299.4
2022  7 17   198   22 23  0     69.09    0.1796E-01     107.4    298.4
2022  7 17   198   22 24  0     69.28    0.1752E-01     107.4    298.0
2022  7 17   198   22 25  0     69.46    0.1704E-01     105.9    297.6
2022  7 17   198   22 26  0     69.65    0.1652E-01     101.9    296.0
2022  7 17   198   22 27  0     69.84    0.1600E-01     100.1    295.2
2022  7 17   198   22 28  0     70.02    0.1552E-01      99.2    293.5
2022  7 17   198   22 29  0     70.21    0.1492E-01      96.8    293.1
2022  7 17   198   22 30  0     70.39    0.1432E-01      93.6    291.8
2022  7 17   198   22 31  0     70.58    0.1365E-01      90.7    291.4
2022  7 17   198   22 32  0     70.76    0.1298E-01      86.4    289.8
2022  7 17   198   22 33  0     70.95    0.1239E-01      83.9    288.1
2022  7 17   198   22 34  0     71.14    0.1180E-01      79.9    286.7
2022  7 17   198   22 35  0     71.32    0.1126E-01      78.0    286.1
2022  7 17   198   22 36  0     71.51    0.1085E-01      78.0    285.2
2022  7 17   198   22 37  0     71.69    0.1044E-01      76.3    284.4
2022  7 17   198   22 38  0     71.88    0.1006E-01      75.4    283.9
2022  7 17   198   22 39  0     72.06    0.9732E-02      75.7    283.8
2022  7 17   198   22 40  0     72.25    0.9482E-02      77.3    283.4
2022  7 17   198   22 41  0     72.43    0.9235E-02      79.0    283.6
2022  7 17   198   22 42  0     72.62    0.8986E-02      80.0    283.5
2022  7 17   198   22 43  0     72.80    0.8751E-02      80.9    283.0
2022  7 17   198   22 44  0     72.98    0.8474E-02      81.5    283.5
2022  7 17   198   22 45  0     73.17    0.8235E-02      81.9    282.8
2022  7 17   198   22 46  0     73.35    0.7965E-02      82.3    283.2
2022  7 17   198   22 47  0     73.54    0.7704E-02      82.7    283.2
2022  7 17   198   22 48  0     73.72    0.7452E-02      82.9    282.5
2022  7 17   198   22 49  0     73.90    0.7203E-02      83.1    281.7
2022  7 17   198   22 50  0     74.09    0.6988E-02      83.2    279.9
2022  7 17   198   22 51  0     74.27    0.6748E-02      83.3    279.1
2022  7 17   198   22 52  0     74.45    0.6516E-02      83.5    278.6
2022  7 17   198   22 53  0     74.64    0.6262E-02      83.5    278.9
2022  7 17   198   22 54  0     74.82    0.6029E-02      83.6    278.6
2022  7 17   198   22 55  0     75.00    0.5837E-02      83.6    276.4
2022  7 17   198   22 56  0     75.19    0.5628E-02      83.4    275.4
2022  7 17   198   22 57  0     75.37    0.5411E-02      83.2    274.9
2022  7 17   198   22 58  0     75.55    0.5190E-02      82.9    275.3
2022  7 17   198   22 59  0     75.73    0.5025E-02      82.6    271.8
2022  7 17   198   23  0  0     75.92    0.4817E-02      82.2    272.2
2022  7 17   198   23  1  0     76.10    0.4645E-02      82.1    269.9
2022  7 17   198   23  2  0     76.28    0.4469E-02      82.0    269.1
2022  7 17   198   23  3  0     76.46    0.4328E-02      81.9    266.2
2022  7 17   198   23  4  0     76.65    0.4172E-02      81.9    264.5
2022  7 17   198   23  5  0     76.83    0.4041E-02      81.8    261.4
2022  7 17   198   23  6  0     77.01    0.3875E-02      81.8    261.0
2022  7 17   198   23  7  0     77.19    0.3702E-02      81.6    261.0
2022  7 17   198   23  8  0     77.37    0.3575E-02      81.3    257.5
2022  7 17   198   23  9  0     77.55    0.3438E-02      81.0    255.6
2022  7 17   198   23 10  0     77.73    0.3306E-02      80.8    253.6
2022  7 17   198   23 11  0     77.91    0.3154E-02      80.6    253.8
2022  7 17   198   23 12  0     78.09    0.3050E-02      80.3    249.4
2022  7 17   198   23 13  0     78.28    0.2935E-02      79.8    246.3
2022  7 17   198   23 14  0     78.46    0.2791E-02      78.8    245.4
2022  7 17   198   23 15  0     78.64    0.2652E-02      77.5    243.9
2022  7 17   198   23 16  0     78.82    0.2540E-02      75.9    239.4
2022  7 17   198   23 17  0     79.00    0.2392E-02      74.3    238.6
2022  7 17   198   23 18  0     79.18    0.2272E-02      72.8    235.8
2022  7 17   198   23 19  0     79.36    0.2166E-02      71.7    232.7
2022  7 17   198   23 20  0     79.53    0.2059E-02      71.2    231.1
2022  7 17   198   23 21  0     79.71    0.1977E-02      71.2    228.0
2022  7 17   198   23 22  0     79.89    0.1902E-02      71.7    225.4
2022  7 17   198   23 23  0     80.07    0.1814E-02      72.4    225.3
2022  7 17   198   23 24  0     80.25    0.1711E-02      73.1    227.9
2022  7 17   198   23 25  0     80.43    0.1685E-02      73.6    220.4
2022  7 17   198   23 26  0     80.61    0.1646E-02      74.0    214.5
2022  7 17   198   23 27  0     80.79    0.1577E-02      74.1    212.7
2022  7 17   198   23 28  0     80.96    0.1526E-02      74.1    208.6
2022  7 17   198   23 29  0     81.14    0.1485E-02      74.0    204.0
2022  7 17   198   23 30  0     81.32    0.1426E-02      73.8    201.8
2022  7 17   198   23 31  0     81.50    0.1352E-02      73.6    201.9
2022  7 17   198   23 32  0     81.67    0.1281E-02      73.6    202.3
2022  7 17   198   23 33  0     81.85    0.1239E-02      73.8    198.8
2022  7 17   198   23 34  0     82.03    0.1193E-02      74.2    196.5
2022  7 17   198   23 35  0     82.20    0.1159E-02      74.7    192.9
2022  7 17   198   23 36  0     82.38    0.1115E-02      75.2    191.3
2022  7 17   198   23 37  0     82.56    0.1093E-02      75.8    186.3
2022  7 17   198   23 38  0     82.73    0.1076E-02      76.2    180.7
2022  7 17   198   23 39  0     82.91    0.1038E-02      76.6    178.3
2022  7 17   198   23 40  0     83.09    0.9936E-03      76.7    177.5
2022  7 17   198   23 41  0     83.26    0.9960E-03      76.7    168.7
2022  7 17   198   23 42  0     83.44    0.9716E-03      76.5    164.7
2022  7 17   198   23 43  0     83.61    0.9309E-03      76.4    163.3
2022  7 17   198   23 44  0     83.79    0.9097E-03      76.2    158.7
2022  7 17   198   23 45  0     83.96    0.8763E-03      76.1    156.2
2022  7 17   198   23 46  0     84.14    0.8701E-03      76.1    149.5
2022  7 17   198   23 47  0     84.31    0.8301E-03      76.1    148.7
2022  7 17   198   23 48  0     84.49    0.8087E-03      76.2    144.5
2022  7 17   198   23 49  0     84.66    0.7843E-03      76.5    140.9
2022  7 17   198   23 50  0     84.83    0.7717E-03      76.9    135.6
2022  7 17   198   23 51  0     85.01    0.7382E-03      77.4    133.8
2022  7 17   198   23 52  0     85.18    0.7126E-03      77.7    131.5
2022  7 17   198   23 53  0     85.36    0.6920E-03      78.0    128.3
2022  7 17   198   23 54  0     85.53    0.6512E-03      78.5    128.7
2022  7 17   198   23 55  0     85.70    0.6249E-03      79.0    126.5
2022  7 17   198   23 56  0     85.87    0.6434E-03      79.7    116.8
2022  7 17   198   23 57  0     86.05    0.6163E-03      80.3    115.1
2022  7 17   198   23 58  0     86.22    0.5915E-03      80.6    113.9
2022  7 17   198   23 59  0     86.39    0.5657E-03      80.8    112.8
