                            NILUUV 115

Uvpro Version 2.0
Latitude :   40.74 (North)
Longitude:  -74.03  (West)
Calibration file: cf100603a.115
Height above sea level:    40.0  m
CLT derived from channel 5
CLT scale factor used:   1.0
Ozone derived from channel pair ch3/ch1
Ozone scale factor used:   1.0
Drift factors ch1-ch6:   0.304  0.309  0.451  0.504  0.346  0.906
Ozone profile climatology: Mid  Latitude
Dose type:    CLW    Caldwell Plant 1971           

yyyy mm dd   jul   hh mm ss      SZA     dose rate       clt     Ozone
                              [degrees]   [W/m^2]        [%]     [DU]
2022  6 12   163    0  0  0     86.25    0.3675E-03     110.1    249.1
2022  6 12   163    0  1  0     86.41    0.3860E-03     110.1    220.2
2022  6 12   163    0  2  0     86.58    0.3523E-03     110.0    239.2
2022  6 12   163    0  3  0     86.75    0.3301E-03     110.1    249.7
2022  6 12   163    0  4  0     86.92    0.3346E-03     110.4    231.7
2022  6 12   163    0  5  0     87.08    0.2996E-03     110.0    249.1
2022  6 12   163    0  6  0     87.25    0.2709E-03     109.3    268.4
2022  6 12   163    0  7  0     87.41    0.2896E-03     108.9    236.8
2022  6 12   163    0  8  0     87.58    0.2851E-03     108.4    226.6
2022  6 12   163    0  9  0     87.75    0.2625E-03     107.5    236.4
2022  6 12   163    0 10  0     87.91    0.2478E-03     106.4    234.5
2022  6 12   163    0 11  0     88.08    0.2445E-03     104.8    215.4
2022  6 12   163    0 12  0     88.24    0.2122E-03     102.7    235.2
2022  6 12   163    0 13  0     88.41    0.1998E-03     100.9    234.8
2022  6 12   163    0 14  0     88.57    0.1971E-03      99.4    218.4
2022  6 12   163    0 15  0     88.73    0.1730E-03      98.1    237.5
2022  6 12   163    0 16  0     88.90    0.1296E-03      97.4    282.0
2022  6 12   163    0 17  0     89.06    0.1495E-03      96.9    229.2
2022  6 12   163    0 18  0     89.23    0.1390E-03      95.9    233.2
2022  6 12   163    0 19  0     89.39    0.1029E-03      95.4    276.7
2022  6 12   163    0 20  0     89.55    0.1188E-03      95.6    236.8
2022  6 12   163    0 21  0     89.71    0.1149E-03      96.3    230.8
2022  6 12   163    0 22  0     89.88    0.9421E-04      97.1    256.9
2022  6 12   163    9 31  0     89.84    0.9129E-05      59.8    298.8
2022  6 12   163    9 32  0     89.68   -0.2255E-05      60.8    394.3
2022  6 12   163    9 33  0     89.52   -0.5921E-05      58.8    430.4
2022  6 12   163    9 34  0     89.35   -0.8119E-05      59.1    488.2
2022  6 12   163    9 35  0     89.19   -0.3788E-05      62.8    537.8
2022  6 12   163    9 36  0     89.03    0.2887E-04      66.6    377.5
2022  6 12   163    9 37  0     88.86    0.2836E-04      67.0    418.4
2022  6 12   163    9 38  0     88.70    0.2076E-04      64.8    475.3
2022  6 12   163    9 39  0     88.53    0.3307E-04      60.6    385.2
2022  6 12   163    9 40  0     88.37    0.3626E-04      55.3    340.5
2022  6 12   163    9 41  0     88.21    0.3576E-04      51.1    318.6
2022  6 12   163    9 42  0     88.04    0.1402E-04      49.0    422.6
2022  6 12   163    9 43  0     87.87    0.1775E-04      47.7    415.3
2022  6 12   163    9 44  0     87.71    0.1893E-04      46.5    415.0
2022  6 12   163    9 45  0     87.54    0.3962E-04      46.4    332.4
2022  6 12   163    9 46  0     87.38    0.4914E-04      47.9    330.7
2022  6 12   163    9 47  0     87.21    0.4871E-04      51.1    394.7
2022  6 12   163    9 48  0     87.04    0.7605E-04      56.6    373.0
2022  6 12   163    9 49  0     86.88    0.1351E-03      62.8    298.4
2022  6 12   163    9 50  0     86.71    0.1780E-03      68.0    276.1
2022  6 12   163    9 51  0     86.54    0.1919E-03      71.8    297.2
2022  6 12   163    9 52  0     86.38    0.2405E-03      74.5    256.3
2022  6 12   163    9 53  0     86.21    0.2375E-03      76.2    287.3
2022  6 12   163    9 54  0     86.04    0.2384E-03      76.6    307.2
2022  6 12   163    9 55  0     85.87    0.2498E-03      74.9    301.5
2022  6 12   163    9 56  0     85.70    0.2415E-03      70.7    306.9
2022  6 12   163    9 57  0     85.53    0.2263E-03      64.1    297.7
2022  6 12   163    9 58  0     85.37    0.1935E-03      56.5    309.1
2022  6 12   163    9 59  0     85.20    0.1643E-03      50.2    323.5
2022  6 12   163   10  0  0     85.03    0.1869E-03      46.7    259.2
2022  6 12   163   10  1  0     84.86    0.1587E-03      44.5    313.1
2022  6 12   163   10  2  0     84.69    0.1680E-03      42.2    287.4
2022  6 12   163   10  3  0     84.52    0.1491E-03      39.8    320.3
2022  6 12   163   10  4  0     84.35    0.1416E-03      38.6    345.0
2022  6 12   163   10  5  0     84.18    0.1845E-03      39.4    281.5
2022  6 12   163   10  6  0     84.01    0.1973E-03      42.0    318.7
2022  6 12   163   10  7  0     83.84    0.2212E-03      44.3    334.1
2022  6 12   163   10  8  0     83.66    0.2565E-03      44.5    300.1
2022  6 12   163   10  9  0     83.49    0.2846E-03      43.0    266.9
2022  6 12   163   10 10  0     83.32    0.2651E-03      42.1    308.0
2022  6 12   163   10 11  0     83.15    0.2768E-03      42.1    315.5
2022  6 12   163   10 12  0     82.98    0.2997E-03      42.3    307.2
2022  6 12   163   10 13  0     82.80    0.3109E-03      43.5    335.2
2022  6 12   163   10 14  0     82.63    0.3704E-03      46.1    310.8
2022  6 12   163   10 15  0     82.46    0.4158E-03      48.9    316.9
2022  6 12   163   10 16  0     82.29    0.4813E-03      51.2    296.9
2022  6 12   163   10 17  0     82.11    0.5093E-03      52.3    307.6
2022  6 12   163   10 18  0     81.94    0.5471E-03      52.3    297.7
2022  6 12   163   10 19  0     81.77    0.5715E-03      51.5    293.1
2022  6 12   163   10 20  0     81.59    0.5740E-03      49.5    293.8
2022  6 12   163   10 21  0     81.42    0.5542E-03      46.0    293.4
2022  6 12   163   10 22  0     81.24    0.5365E-03      42.8    290.1
2022  6 12   163   10 23  0     81.07    0.5633E-03      42.5    284.0
2022  6 12   163   10 24  0     80.90    0.6133E-03      44.8    297.5
2022  6 12   163   10 25  0     80.72    0.6458E-03      46.5    321.9
2022  6 12   163   10 26  0     80.55    0.6767E-03      45.3    313.0
2022  6 12   163   10 27  0     80.37    0.6867E-03      42.9    299.3
2022  6 12   163   10 28  0     80.20    0.6823E-03      41.0    298.9
2022  6 12   163   10 29  0     80.02    0.6750E-03      40.5    317.5
2022  6 12   163   10 30  0     79.84    0.7189E-03      41.3    319.8
2022  6 12   163   10 31  0     79.67    0.7813E-03      42.6    320.0
2022  6 12   163   10 32  0     79.49    0.8637E-03      43.5    304.9
2022  6 12   163   10 33  0     79.32    0.9307E-03      44.2    303.6
2022  6 12   163   10 34  0     79.14    0.1034E-02      45.4    298.0
2022  6 12   163   10 35  0     78.96    0.1160E-02      46.8    290.2
2022  6 12   163   10 36  0     78.79    0.1238E-02      47.8    297.5
2022  6 12   163   10 37  0     78.61    0.1304E-02      48.3    301.1
2022  6 12   163   10 38  0     78.43    0.1364E-02      48.4    300.4
2022  6 12   163   10 39  0     78.26    0.1395E-02      48.3    304.2
2022  6 12   163   10 40  0     78.08    0.1427E-02      47.9    304.5
2022  6 12   163   10 41  0     77.90    0.1464E-02      47.8    305.9
2022  6 12   163   10 42  0     77.72    0.1544E-02      48.8    307.6
2022  6 12   163   10 43  0     77.54    0.1692E-02      51.1    305.3
2022  6 12   163   10 44  0     77.37    0.1821E-02      53.9    314.2
2022  6 12   163   10 45  0     77.19    0.2002E-02      56.1    307.4
2022  6 12   163   10 46  0     77.01    0.2120E-02      57.1    308.0
2022  6 12   163   10 47  0     76.83    0.2215E-02      57.3    309.5
2022  6 12   163   10 48  0     76.65    0.2297E-02      57.2    310.5
2022  6 12   163   10 49  0     76.47    0.2375E-02      56.7    312.2
2022  6 12   163   10 50  0     76.29    0.2428E-02      55.3    312.0
2022  6 12   163   10 51  0     76.12    0.2424E-02      52.7    311.7
2022  6 12   163   10 52  0     75.94    0.2428E-02      50.4    311.5
2022  6 12   163   10 53  0     75.76    0.2535E-02      50.4    310.0
2022  6 12   163   10 54  0     75.58    0.2764E-02      53.1    312.4
2022  6 12   163   10 55  0     75.40    0.3143E-02      57.5    308.5
2022  6 12   163   10 56  0     75.22    0.3502E-02      61.8    308.0
2022  6 12   163   10 57  0     75.04    0.3779E-02      64.5    308.0
2022  6 12   163   10 58  0     74.86    0.3926E-02      65.2    308.9
2022  6 12   163   10 59  0     74.68    0.3986E-02      64.2    308.9
2022  6 12   163   11  0  0     74.49    0.3997E-02      62.7    311.2
2022  6 12   163   11  1  0     74.31    0.4056E-02      61.5    310.8
2022  6 12   163   11  2  0     74.13    0.4075E-02      60.2    314.2
2022  6 12   163   11  3  0     73.95    0.4100E-02      58.6    315.4
2022  6 12   163   11  4  0     73.77    0.4130E-02      56.7    313.8
2022  6 12   163   11  5  0     73.59    0.4147E-02      54.9    312.6
2022  6 12   163   11  6  0     73.41    0.4189E-02      53.2    311.5
2022  6 12   163   11  7  0     73.23    0.4207E-02      51.6    311.7
2022  6 12   163   11  8  0     73.04    0.4162E-02      49.6    313.1
2022  6 12   163   11  9  0     72.86    0.4097E-02      47.6    313.9
2022  6 12   163   11 10  0     72.68    0.3960E-02      45.7    317.8
2022  6 12   163   11 11  0     72.50    0.3851E-02      43.5    317.6
2022  6 12   163   11 12  0     72.32    0.3715E-02      41.4    319.0
2022  6 12   163   11 13  0     72.13    0.3572E-02      39.2    321.6
2022  6 12   163   11 14  0     71.95    0.3438E-02      36.9    321.3
2022  6 12   163   11 15  0     71.77    0.3240E-02      34.3    322.8
2022  6 12   163   11 16  0     71.59    0.3044E-02      32.0    324.0
2022  6 12   163   11 17  0     71.40    0.2955E-02      31.0    327.0
2022  6 12   163   11 18  0     71.22    0.3168E-02      32.0    326.8
2022  6 12   163   11 19  0     71.04    0.3745E-02      36.3    327.3
2022  6 12   163   11 20  0     70.85    0.4401E-02      40.8    327.1
2022  6 12   163   11 21  0     70.67    0.4645E-02      41.7    327.0
2022  6 12   163   11 22  0     70.49    0.4459E-02      39.2    327.5
2022  6 12   163   11 23  0     70.30    0.4097E-02      35.3    329.2
2022  6 12   163   11 24  0     70.12    0.3821E-02      31.8    330.0
2022  6 12   163   11 25  0     69.93    0.3674E-02      29.1    331.3
2022  6 12   163   11 26  0     69.75    0.3518E-02      26.5    330.0
2022  6 12   163   11 27  0     69.57    0.3234E-02      23.7    331.3
2022  6 12   163   11 28  0     69.38    0.3238E-02      23.6    332.1
2022  6 12   163   11 29  0     69.20    0.3678E-02      26.5    335.2
2022  6 12   163   11 30  0     69.01    0.4000E-02      27.9    333.3
2022  6 12   163   11 31  0     68.83    0.3801E-02      25.9    333.7
2022  6 12   163   11 32  0     68.64    0.3210E-02      21.8    337.0
2022  6 12   163   11 33  0     68.46    0.2724E-02      18.3    337.7
2022  6 12   163   11 34  0     68.27    0.2998E-02      19.6    337.7
2022  6 12   163   11 35  0     68.09    0.3805E-02      23.9    338.0
2022  6 12   163   11 36  0     67.90    0.5207E-02      31.2    335.9
2022  6 12   163   11 37  0     67.72    0.6529E-02      37.9    335.6
2022  6 12   163   11 38  0     67.53    0.7138E-02      40.5    335.3
2022  6 12   163   11 39  0     67.35    0.7318E-02      40.9    336.8
2022  6 12   163   11 40  0     67.16    0.6896E-02      37.9    337.3
2022  6 12   163   11 41  0     66.98    0.6268E-02      33.8    338.4
2022  6 12   163   11 42  0     66.79    0.5755E-02      30.7    341.0
2022  6 12   163   11 43  0     66.61    0.5478E-02      28.7    342.0
2022  6 12   163   11 44  0     66.42    0.5329E-02      27.4    344.2
2022  6 12   163   11 45  0     66.23    0.5150E-02      26.0    346.5
2022  6 12   163   11 46  0     66.05    0.4882E-02      24.0    345.6
2022  6 12   163   11 47  0     65.86    0.4564E-02      22.1    347.5
2022  6 12   163   11 48  0     65.68    0.4518E-02      21.7    350.4
2022  6 12   163   11 49  0     65.49    0.4660E-02      21.7    349.2
2022  6 12   163   11 50  0     65.30    0.4656E-02      21.3    351.5
2022  6 12   163   11 51  0     65.12    0.4885E-02      21.6    350.6
2022  6 12   163   11 52  0     64.93    0.4865E-02      21.0    352.3
2022  6 12   163   11 53  0     64.74    0.4826E-02      20.3    353.3
2022  6 12   163   11 54  0     64.56    0.4897E-02      20.2    351.8
2022  6 12   163   11 55  0     64.37    0.5264E-02      21.3    353.7
2022  6 12   163   11 56  0     64.18    0.5609E-02      21.9    352.2
2022  6 12   163   11 57  0     63.99    0.5896E-02      22.4    354.7
2022  6 12   163   11 58  0     63.81    0.5849E-02      21.5    355.6
2022  6 12   163   11 59  0     63.62    0.5975E-02      21.2    353.0
2022  6 12   163   12  0  0     63.43    0.7010E-02      23.8    350.4
2022  6 12   163   12  1  0     63.25    0.8041E-02      26.4    347.7
2022  6 12   163   12  2  0     63.06    0.8749E-02      27.9    346.6
2022  6 12   163   12  3  0     62.87    0.8088E-02      25.2    346.3
2022  6 12   163   12  4  0     62.68    0.8106E-02      24.8    346.5
2022  6 12   163   12  5  0     62.50    0.8423E-02      25.4    348.2
2022  6 12   163   12  6  0     62.31    0.9493E-02      28.0    348.5
2022  6 12   163   12  7  0     62.12    0.1022E-01      29.7    349.0
2022  6 12   163   12  8  0     61.93    0.1031E-01      29.6    349.5
2022  6 12   163   12  9  0     61.75    0.1034E-01      29.4    351.4
2022  6 12   163   12 10  0     61.56    0.1057E-01      29.5    351.0
2022  6 12   163   12 11  0     61.37    0.1069E-01      29.5    351.8
2022  6 12   163   12 12  0     61.18    0.1078E-01      29.3    352.5
2022  6 12   163   12 13  0     60.99    0.1092E-01      29.2    354.2
2022  6 12   163   12 14  0     60.80    0.1122E-01      29.4    354.3
2022  6 12   163   12 15  0     60.62    0.1165E-01      29.7    352.8
2022  6 12   163   12 16  0     60.43    0.1207E-01      29.9    352.0
2022  6 12   163   12 17  0     60.24    0.1238E-01      29.7    351.0
2022  6 12   163   12 18  0     60.05    0.1281E-01      29.8    349.9
2022  6 12   163   12 19  0     59.86    0.1348E-01      30.6    348.9
2022  6 12   163   12 20  0     59.67    0.1428E-01      31.7    348.2
2022  6 12   163   12 21  0     59.49    0.1515E-01      32.9    347.5
2022  6 12   163   12 22  0     59.30    0.1601E-01      34.0    346.9
2022  6 12   163   12 23  0     59.11    0.1688E-01      35.0    346.0
2022  6 12   163   12 24  0     58.92    0.1759E-01      35.7    345.3
2022  6 12   163   12 25  0     58.73    0.1791E-01      35.7    345.3
2022  6 12   163   12 26  0     58.54    0.1771E-01      34.8    345.7
2022  6 12   163   12 27  0     58.35    0.1700E-01      33.1    347.6
2022  6 12   163   12 28  0     58.16    0.1618E-01      31.2    349.4
2022  6 12   163   12 29  0     57.98    0.1545E-01      29.5    352.4
2022  6 12   163   12 30  0     57.79    0.1505E-01      28.4    353.7
2022  6 12   163   12 31  0     57.60    0.1502E-01      28.0    353.3
2022  6 12   163   12 32  0     57.41    0.1506E-01      27.7    354.2
2022  6 12   163   12 33  0     57.22    0.1496E-01      27.2    355.2
2022  6 12   163   12 34  0     57.03    0.1460E-01      26.2    356.7
2022  6 12   163   12 35  0     56.84    0.1424E-01      25.2    358.4
2022  6 12   163   12 36  0     56.65    0.1402E-01      24.4    359.4
2022  6 12   163   12 37  0     56.46    0.1398E-01      23.8    359.2
2022  6 12   163   12 38  0     56.27    0.1402E-01      23.5    359.9
2022  6 12   163   12 39  0     56.09    0.1429E-01      23.4    359.4
2022  6 12   163   12 40  0     55.90    0.1467E-01      23.6    359.1
2022  6 12   163   12 41  0     55.71    0.1531E-01      24.1    358.0
2022  6 12   163   12 42  0     55.52    0.1595E-01      24.6    356.9
2022  6 12   163   12 43  0     55.33    0.1618E-01      24.6    356.3
2022  6 12   163   12 44  0     55.14    0.1611E-01      24.3    356.9
2022  6 12   163   12 45  0     54.95    0.1619E-01      24.2    357.9
2022  6 12   163   12 46  0     54.76    0.1660E-01      24.5    358.2
2022  6 12   163   12 47  0     54.57    0.1727E-01      25.2    358.0
2022  6 12   163   12 48  0     54.38    0.1792E-01      25.8    357.9
2022  6 12   163   12 49  0     54.19    0.1818E-01      25.8    358.3
2022  6 12   163   12 50  0     54.00    0.1807E-01      25.3    359.2
2022  6 12   163   12 51  0     53.81    0.1777E-01      24.4    360.2
2022  6 12   163   12 52  0     53.62    0.1751E-01      23.5    360.1
2022  6 12   163   12 53  0     53.43    0.1751E-01      23.0    360.3
2022  6 12   163   12 54  0     53.25    0.1810E-01      23.3    359.4
2022  6 12   163   12 55  0     53.06    0.1926E-01      24.5    357.9
2022  6 12   163   12 56  0     52.87    0.2071E-01      26.0    357.1
2022  6 12   163   12 57  0     52.68    0.2200E-01      27.3    356.7
2022  6 12   163   12 58  0     52.49    0.2331E-01      28.5    356.6
2022  6 12   163   12 59  0     52.30    0.2511E-01      30.1    354.9
2022  6 12   163   13  0  0     52.11    0.2749E-01      32.3    353.6
2022  6 12   163   13  1  0     51.92    0.3029E-01      34.8    351.5
2022  6 12   163   13  2  0     51.73    0.3250E-01      36.8    350.2
2022  6 12   163   13  3  0     51.54    0.3304E-01      37.1    350.8
2022  6 12   163   13  4  0     51.35    0.3173E-01      35.5    352.7
2022  6 12   163   13  5  0     51.16    0.2929E-01      32.8    356.0
2022  6 12   163   13  6  0     50.97    0.2690E-01      30.2    360.1
2022  6 12   163   13  7  0     50.78    0.2532E-01      28.3    362.9
2022  6 12   163   13  8  0     50.59    0.2455E-01      27.3    364.9
2022  6 12   163   13  9  0     50.40    0.2420E-01      26.6    365.9
2022  6 12   163   13 10  0     50.22    0.2377E-01      26.0    367.3
2022  6 12   163   13 11  0     50.03    0.2310E-01      25.0    368.4
2022  6 12   163   13 12  0     49.84    0.2209E-01      23.7    370.1
2022  6 12   163   13 13  0     49.65    0.2102E-01      22.4    371.8
2022  6 12   163   13 14  0     49.46    0.2026E-01      21.4    372.6
2022  6 12   163   13 15  0     49.27    0.2021E-01      21.0    373.1
2022  6 12   163   13 16  0     49.08    0.2123E-01      21.7    371.6
2022  6 12   163   13 17  0     48.89    0.2295E-01      23.1    369.5
2022  6 12   163   13 18  0     48.70    0.2439E-01      24.2    368.2
2022  6 12   163   13 19  0     48.51    0.2330E-01      23.0    368.8
2022  6 12   163   13 20  0     48.32    0.1816E-01      18.2    373.2
2022  6 12   163   13 21  0     48.14    0.1598E-01      16.0    377.1
2022  6 12   163   13 22  0     47.95    0.1540E-01      15.3    378.8
2022  6 12   163   13 23  0     47.76    0.1168E-01      11.8    383.7
2022  6 12   163   13 24  0     47.57    0.1109E-01      11.3    388.1
2022  6 12   163   13 25  0     47.38    0.1071E-01      10.8    388.2
2022  6 12   163   13 26  0     47.19    0.1114E-01      11.1    389.3
2022  6 12   163   13 27  0     47.00    0.1571E-01      15.3    386.2
2022  6 12   163   13 28  0     46.81    0.2247E-01      21.1    380.8
2022  6 12   163   13 29  0     46.63    0.2802E-01      25.4    376.5
2022  6 12   163   13 30  0     46.44    0.3446E-01      30.2    372.1
2022  6 12   163   13 31  0     46.25    0.3792E-01      32.3    369.2
2022  6 12   163   13 32  0     46.06    0.3564E-01      29.9    369.1
2022  6 12   163   13 33  0     45.87    0.3542E-01      29.4    369.8
2022  6 12   163   13 34  0     45.68    0.3835E-01      31.5    369.7
2022  6 12   163   13 35  0     45.50    0.3856E-01      31.7    370.9
2022  6 12   163   13 36  0     45.31    0.3951E-01      32.2    371.5
2022  6 12   163   13 37  0     45.12    0.3762E-01      30.5    373.7
2022  6 12   163   13 38  0     44.93    0.3580E-01      29.0    377.1
2022  6 12   163   13 39  0     44.74    0.3655E-01      29.2    377.6
2022  6 12   163   13 40  0     44.56    0.3500E-01      27.8    377.9
2022  6 12   163   13 41  0     44.37    0.2856E-01      23.0    380.0
2022  6 12   163   13 42  0     44.18    0.2910E-01      23.1    379.3
2022  6 12   163   13 43  0     43.99    0.3087E-01      24.2    379.1
2022  6 12   163   13 44  0     43.81    0.2910E-01      22.7    380.2
2022  6 12   163   13 45  0     43.62    0.2936E-01      22.7    380.8
2022  6 12   163   13 46  0     43.43    0.3348E-01      25.3    379.0
2022  6 12   163   13 47  0     43.24    0.3475E-01      26.0    377.7
2022  6 12   163   13 48  0     43.06    0.3875E-01      28.7    375.6
2022  6 12   163   13 49  0     42.87    0.4042E-01      29.7    375.4
2022  6 12   163   13 50  0     42.68    0.3945E-01      28.9    376.5
2022  6 12   163   13 51  0     42.50    0.3649E-01      26.7    378.9
2022  6 12   163   13 52  0     42.31    0.3343E-01      24.6    382.8
2022  6 12   163   13 53  0     42.12    0.3546E-01      25.7    382.9
2022  6 12   163   13 54  0     41.94    0.3768E-01      27.1    381.9
2022  6 12   163   13 55  0     41.75    0.4220E-01      29.9    379.2
2022  6 12   163   13 56  0     41.57    0.4799E-01      33.4    376.1
2022  6 12   163   13 57  0     41.38    0.5121E-01      35.3    375.8
2022  6 12   163   13 58  0     41.19    0.5484E-01      37.4    376.1
2022  6 12   163   13 59  0     41.01    0.5931E-01      40.2    376.3
2022  6 12   163   14  0  0     40.82    0.6508E-01      43.5    375.8
2022  6 12   163   14  1  0     40.64    0.7014E-01      46.3    374.7
2022  6 12   163   14  2  0     40.45    0.7218E-01      47.2    374.7
2022  6 12   163   14  3  0     40.27    0.6743E-01      44.2    377.6
2022  6 12   163   14  4  0     40.08    0.7022E-01      45.7    377.7
2022  6 12   163   14  5  0     39.90    0.6887E-01      44.6    379.2
2022  6 12   163   14  6  0     39.71    0.6559E-01      42.2    380.2
2022  6 12   163   14  7  0     39.53    0.6463E-01      41.2    380.8
2022  6 12   163   14  8  0     39.34    0.6595E-01      41.6    380.2
2022  6 12   163   14  9  0     39.16    0.6806E-01      42.9    380.9
2022  6 12   163   14 10  0     38.98    0.6856E-01      42.8    381.2
2022  6 12   163   14 11  0     38.79    0.6511E-01      40.6    382.8
2022  6 12   163   14 12  0     38.61    0.6438E-01      39.9    383.4
2022  6 12   163   14 13  0     38.42    0.5637E-01      35.3    387.9
2022  6 12   163   14 14  0     38.24    0.5402E-01      34.3    391.1
2022  6 12   163   14 15  0     38.06    0.5040E-01      32.1    394.0
2022  6 12   163   14 16  0     37.87    0.4917E-01      31.4    396.3
2022  6 12   163   14 17  0     37.69    0.4808E-01      30.6    398.3
2022  6 12   163   14 18  0     37.51    0.4511E-01      28.8    400.7
2022  6 12   163   14 19  0     37.33    0.4026E-01      25.8    403.6
2022  6 12   163   14 20  0     37.15    0.3860E-01      24.6    404.3
2022  6 12   163   14 21  0     36.96    0.3814E-01      24.1    404.8
2022  6 12   163   14 22  0     36.78    0.3841E-01      24.1    405.6
2022  6 12   163   14 23  0     36.60    0.4207E-01      25.9    403.9
2022  6 12   163   14 24  0     36.42    0.4342E-01      26.2    401.2
2022  6 12   163   14 25  0     36.24    0.4498E-01      26.4    396.9
2022  6 12   163   14 26  0     36.06    0.5258E-01      30.1    391.7
2022  6 12   163   14 27  0     35.88    0.5586E-01      31.4    388.8
2022  6 12   163   14 28  0     35.70    0.5421E-01      30.3    389.5
2022  6 12   163   14 29  0     35.52    0.5854E-01      32.8    391.1
2022  6 12   163   14 30  0     35.34    0.6103E-01      34.2    392.9
2022  6 12   163   14 31  0     35.16    0.6255E-01      34.9    393.7
2022  6 12   163   14 32  0     34.98    0.6253E-01      34.8    394.3
2022  6 12   163   14 33  0     34.80    0.6387E-01      34.9    392.6
2022  6 12   163   14 34  0     34.62    0.6155E-01      33.2    391.7
2022  6 12   163   14 35  0     34.44    0.5901E-01      31.5    391.2
2022  6 12   163   14 36  0     34.26    0.5459E-01      28.7    390.7
2022  6 12   163   14 37  0     34.09    0.5247E-01      27.3    390.1
2022  6 12   163   14 38  0     33.91    0.5225E-01      27.0    389.8
2022  6 12   163   14 39  0     33.73    0.5208E-01      26.7    388.4
2022  6 12   163   14 40  0     33.55    0.4490E-01      23.2    391.5
2022  6 12   163   14 41  0     33.38    0.4469E-01      23.2    394.6
2022  6 12   163   14 42  0     33.20    0.4805E-01      25.2    396.7
2022  6 12   163   14 43  0     33.02    0.4612E-01      24.3    398.8
2022  6 12   163   14 44  0     32.85    0.4695E-01      24.7    400.1
2022  6 12   163   14 45  0     32.67    0.5006E-01      26.0    398.6
2022  6 12   163   14 46  0     32.50    0.4457E-01      23.3    401.1
2022  6 12   163   14 47  0     32.32    0.4944E-01      25.6    400.2
2022  6 12   163   14 48  0     32.15    0.5556E-01      28.3    397.9
2022  6 12   163   14 49  0     31.98    0.5343E-01      27.2    399.3
2022  6 12   163   14 50  0     31.80    0.5323E-01      27.0    399.8
2022  6 12   163   14 51  0     31.63    0.5533E-01      27.8    398.8
2022  6 12   163   14 52  0     31.46    0.5881E-01      29.1    396.9
2022  6 12   163   14 53  0     31.28    0.6046E-01      29.6    396.1
2022  6 12   163   14 54  0     31.11    0.6235E-01      30.1    394.6
2022  6 12   163   14 55  0     30.94    0.6422E-01      30.5    392.9
2022  6 12   163   14 56  0     30.77    0.6838E-01      32.0    391.0
2022  6 12   163   14 57  0     30.60    0.7148E-01      33.1    390.0
2022  6 12   163   14 58  0     30.43    0.7425E-01      34.0    389.0
2022  6 12   163   14 59  0     30.26    0.7850E-01      35.5    387.5
2022  6 12   163   15  0  0     30.09    0.8168E-01      36.5    386.1
2022  6 12   163   15  1  0     29.92    0.8489E-01      37.4    384.5
2022  6 12   163   15  2  0     29.75    0.8839E-01      38.4    382.8
2022  6 12   163   15  3  0     29.58    0.9095E-01      39.0    381.4
2022  6 12   163   15  4  0     29.42    0.9076E-01      38.6    380.6
2022  6 12   163   15  5  0     29.25    0.8671E-01      36.6    381.2
2022  6 12   163   15  6  0     29.08    0.7944E-01      33.5    383.0
2022  6 12   163   15  7  0     28.92    0.7451E-01      31.4    384.4
2022  6 12   163   15  8  0     28.75    0.7186E-01      30.3    385.6
2022  6 12   163   15  9  0     28.59    0.7097E-01      29.9    386.0
2022  6 12   163   15 10  0     28.42    0.6997E-01      29.4    386.4
2022  6 12   163   15 11  0     28.26    0.6976E-01      29.2    386.5
2022  6 12   163   15 12  0     28.10    0.7044E-01      29.5    386.5
2022  6 12   163   15 13  0     27.93    0.7119E-01      29.7    386.3
2022  6 12   163   15 14  0     27.77    0.7161E-01      29.8    386.4
2022  6 12   163   15 15  0     27.61    0.6864E-01      28.6    387.9
2022  6 12   163   15 16  0     27.45    0.6408E-01      26.8    390.3
2022  6 12   163   15 17  0     27.29    0.5742E-01      24.2    393.7
2022  6 12   163   15 18  0     27.13    0.5283E-01      22.5    397.3
2022  6 12   163   15 19  0     26.97    0.4910E-01      21.1    400.0
2022  6 12   163   15 20  0     26.81    0.4576E-01      19.9    403.4
2022  6 12   163   15 21  0     26.66    0.4244E-01      18.8    407.8
2022  6 12   163   15 22  0     26.50    0.4005E-01      18.1    412.3
2022  6 12   163   15 23  0     26.34    0.3758E-01      17.4    417.3
2022  6 12   163   15 24  0     26.19    0.3553E-01      16.7    421.6
2022  6 12   163   15 25  0     26.03    0.3502E-01      16.6    424.4
2022  6 12   163   15 26  0     25.88    0.3556E-01      17.0    426.0
2022  6 12   163   15 27  0     25.73    0.3621E-01      17.3    426.5
2022  6 12   163   15 28  0     25.57    0.3698E-01      17.7    427.8
2022  6 12   163   15 29  0     25.42    0.3885E-01      18.5    428.1
2022  6 12   163   15 30  0     25.27    0.4371E-01      20.5    425.8
2022  6 12   163   15 31  0     25.12    0.5134E-01      23.6    421.8
2022  6 12   163   15 32  0     24.97    0.5986E-01      26.8    417.6
2022  6 12   163   15 33  0     24.82    0.6823E-01      29.9    413.1
2022  6 12   163   15 34  0     24.68    0.7628E-01      32.6    409.2
2022  6 12   163   15 35  0     24.53    0.8454E-01      35.4    405.7
2022  6 12   163   15 36  0     24.38    0.9174E-01      37.8    402.9
2022  6 12   163   15 37  0     24.24    0.9661E-01      39.2    401.2
2022  6 12   163   15 38  0     24.10    0.9746E-01      39.2    400.4
2022  6 12   163   15 39  0     23.95    0.9563E-01      38.2    400.7
2022  6 12   163   15 40  0     23.81    0.9054E-01      36.2    402.1
2022  6 12   163   15 41  0     23.67    0.8294E-01      33.1    403.7
2022  6 12   163   15 42  0     23.53    0.7880E-01      31.6    405.9
2022  6 12   163   15 43  0     23.39    0.7607E-01      30.5    407.1
2022  6 12   163   15 44  0     23.25    0.7634E-01      30.5    406.8
2022  6 12   163   15 45  0     23.12    0.7334E-01      29.2    406.6
2022  6 12   163   15 46  0     22.98    0.7407E-01      29.2    405.6
2022  6 12   163   15 47  0     22.85    0.6776E-01      26.8    406.9
2022  6 12   163   15 48  0     22.71    0.7830E-01      30.8    405.8
2022  6 12   163   15 49  0     22.58    0.7563E-01      29.7    406.0
2022  6 12   163   15 50  0     22.45    0.6737E-01      26.8    408.8
2022  6 12   163   15 51  0     22.32    0.7467E-01      29.5    408.5
2022  6 12   163   15 52  0     22.19    0.7959E-01      31.3    407.6
2022  6 12   163   15 53  0     22.06    0.8808E-01      34.5    406.1
2022  6 12   163   15 54  0     21.94    0.9843E-01      37.8    402.8
2022  6 12   163   15 55  0     21.81    0.9858E-01      37.2    400.6
2022  6 12   163   15 56  0     21.69    0.1012E+00      37.9    399.2
2022  6 12   163   15 57  0     21.57    0.1144E+00      42.3    396.5
2022  6 12   163   15 58  0     21.44    0.1291E+00      47.0    393.8
2022  6 12   163   15 59  0     21.32    0.1396E+00      50.2    391.8
2022  6 12   163   16  0  0     21.21    0.1456E+00      52.0    390.8
2022  6 12   163   16  1  0     21.09    0.1483E+00      52.4    389.1
2022  6 12   163   16  2  0     20.97    0.1392E+00      49.0    388.7
2022  6 12   163   16  3  0     20.86    0.1423E+00      49.5    386.5
2022  6 12   163   16  4  0     20.75    0.1435E+00      49.8    385.7
2022  6 12   163   16  5  0     20.64    0.1486E+00      51.2    384.6
2022  6 12   163   16  6  0     20.53    0.1494E+00      51.1    383.8
2022  6 12   163   16  7  0     20.42    0.1427E+00      49.0    385.3
2022  6 12   163   16  8  0     20.31    0.1405E+00      48.1    385.0
2022  6 12   163   16  9  0     20.21    0.1289E+00      43.9    385.1
2022  6 12   163   16 10  0     20.11    0.1132E+00      38.8    387.0
2022  6 12   163   16 11  0     20.00    0.1116E+00      38.2    387.7
2022  6 12   163   16 12  0     19.90    0.1159E+00      39.5    387.7
2022  6 12   163   16 13  0     19.81    0.1136E+00      38.4    387.5
2022  6 12   163   16 14  0     19.71    0.1084E+00      36.4    387.1
2022  6 12   163   16 15  0     19.62    0.1058E+00      35.2    385.2
2022  6 12   163   16 16  0     19.52    0.1090E+00      36.0    381.8
2022  6 12   163   16 17  0     19.43    0.1129E+00      37.1    380.0
2022  6 12   163   16 18  0     19.34    0.1090E+00      35.6    380.1
2022  6 12   163   16 19  0     19.26    0.9536E-01      31.2    382.0
2022  6 12   163   16 20  0     19.17    0.9139E-01      30.1    383.6
2022  6 12   163   16 21  0     19.09    0.1010E+00      33.1    382.5
2022  6 12   163   16 22  0     19.01    0.1083E+00      35.2    380.3
2022  6 12   163   16 23  0     18.93    0.1107E+00      35.8    378.5
2022  6 12   163   16 24  0     18.85    0.1155E+00      37.0    375.9
2022  6 12   163   16 25  0     18.77    0.1185E+00      37.7    374.2
2022  6 12   163   16 26  0     18.70    0.1474E+00      46.7    371.8
2022  6 12   163   16 27  0     18.63    0.1444E+00      45.3    370.5
2022  6 12   163   16 28  0     18.56    0.1243E+00      39.4    373.0
2022  6 12   163   16 29  0     18.49    0.1325E+00      42.1    373.6
2022  6 12   163   16 30  0     18.43    0.1274E+00      40.9    376.7
2022  6 12   163   16 31  0     18.37    0.1411E+00      45.7    378.1
2022  6 12   163   16 32  0     18.31    0.1690E+00      54.6    376.9
2022  6 12   163   16 33  0     18.25    0.1922E+00      61.7    375.3
2022  6 12   163   16 34  0     18.19    0.2007E+00      63.7    374.0
2022  6 12   163   16 35  0     18.14    0.1854E+00      59.2    375.8
2022  6 12   163   16 36  0     18.09    0.1949E+00      61.7    373.5
2022  6 12   163   16 37  0     18.04    0.1937E+00      61.3    374.3
2022  6 12   163   16 38  0     17.99    0.2088E+00      65.4    371.8
2022  6 12   163   16 39  0     17.95    0.2062E+00      64.6    371.9
2022  6 12   163   16 40  0     17.90    0.1926E+00      60.9    373.7
2022  6 12   163   16 41  0     17.87    0.2129E+00      66.5    371.7
2022  6 12   163   16 42  0     17.83    0.2100E+00      65.1    371.2
2022  6 12   163   16 43  0     17.79    0.1920E+00      60.4    373.6
2022  6 12   163   16 44  0     17.76    0.2123E+00      66.5    371.3
2022  6 12   163   16 45  0     17.73    0.2516E+00      78.1    366.8
2022  6 12   163   16 46  0     17.70    0.2605E+00      80.6    366.3
2022  6 12   163   16 47  0     17.68    0.2668E+00      82.7    366.4
2022  6 12   163   16 48  0     17.66    0.2597E+00      80.1    366.4
2022  6 12   163   16 49  0     17.64    0.2557E+00      80.1    367.5
2022  6 12   163   16 50  0     17.62    0.2413E+00      74.2    369.2
2022  6 12   163   16 51  0     17.60    0.2293E+00      70.6    370.4
2022  6 12   163   16 52  0     17.59    0.2242E+00      69.6    371.5
2022  6 12   163   16 53  0     17.58    0.2314E+00      71.1    370.7
2022  6 12   163   16 54  0     17.57    0.2333E+00      71.5    370.7
2022  6 12   163   16 55  0     17.57    0.2491E+00      76.0    368.3
2022  6 12   163   16 56  0     17.56    0.2591E+00      79.0    366.6
2022  6 12   163   16 57  0     17.56    0.2752E+00      83.3    364.8
2022  6 12   163   16 58  0     17.57    0.2745E+00      83.1    364.5
2022  6 12   163   16 59  0     17.57    0.2542E+00      76.2    365.2
2022  6 12   163   17  0  0     17.58    0.2361E+00      71.3    366.1
2022  6 12   163   17  1  0     17.59    0.2369E+00      71.0    365.2
2022  6 12   163   17  2  0     17.60    0.2325E+00      69.7    365.4
2022  6 12   163   17  3  0     17.62    0.2515E+00      75.6    364.7
2022  6 12   163   17  4  0     17.63    0.2710E+00      81.2    363.4
2022  6 12   163   17  5  0     17.65    0.2778E+00      83.5    363.3
2022  6 12   163   17  6  0     17.68    0.2930E+00      87.7    361.6
2022  6 12   163   17  7  0     17.70    0.2987E+00      89.3    360.8
2022  6 12   163   17  8  0     17.73    0.3123E+00      94.0    359.7
2022  6 12   163   17  9  0     17.76    0.3291E+00      99.4    358.7
2022  6 12   163   17 10  0     17.79    0.3658E+00     112.6    356.5
2022  6 12   163   17 11  0     17.82    0.3978E+00     123.3    353.9
2022  6 12   163   17 12  0     17.86    0.3751E+00     114.4    354.9
2022  6 12   163   17 13  0     17.90    0.3428E+00     103.1    357.3
2022  6 12   163   17 14  0     17.94    0.3461E+00     104.6    357.4
2022  6 12   163   17 15  0     17.99    0.3460E+00     104.4    357.3
2022  6 12   163   17 16  0     18.03    0.3367E+00     101.8    358.7
2022  6 12   163   17 17  0     18.08    0.3400E+00     103.6    358.7
2022  6 12   163   17 18  0     18.13    0.3471E+00     106.5    358.3
2022  6 12   163   17 19  0     18.19    0.3397E+00     103.0    357.9
2022  6 12   163   17 20  0     18.24    0.3252E+00      97.9    359.0
2022  6 12   163   17 21  0     18.30    0.3104E+00      92.9    360.3
2022  6 12   163   17 22  0     18.36    0.3008E+00      90.1    361.3
2022  6 12   163   17 23  0     18.42    0.2940E+00      88.1    362.0
2022  6 12   163   17 24  0     18.49    0.2849E+00      85.4    362.7
2022  6 12   163   17 25  0     18.55    0.2750E+00      82.7    363.8
2022  6 12   163   17 26  0     18.62    0.2699E+00      81.6    364.2
2022  6 12   163   17 27  0     18.69    0.2702E+00      81.9    363.9
2022  6 12   163   17 28  0     18.77    0.2711E+00      82.2    363.1
2022  6 12   163   17 29  0     18.84    0.2695E+00      81.8    362.6
2022  6 12   163   17 30  0     18.92    0.2681E+00      81.6    362.3
2022  6 12   163   17 31  0     19.00    0.2673E+00      81.5    362.2
2022  6 12   163   17 32  0     19.08    0.2663E+00      81.4    362.3
2022  6 12   163   17 33  0     19.16    0.2631E+00      80.4    362.4
2022  6 12   163   17 34  0     19.25    0.2592E+00      79.2    362.6
2022  6 12   163   17 35  0     19.33    0.2588E+00      78.9    362.4
2022  6 12   163   17 36  0     19.42    0.2607E+00      79.4    362.1
2022  6 12   163   17 37  0     19.51    0.2633E+00      80.1    361.8
2022  6 12   163   17 38  0     19.60    0.2679E+00      81.7    361.4
2022  6 12   163   17 39  0     19.70    0.2764E+00      84.4    360.5
2022  6 12   163   17 40  0     19.79    0.2842E+00      86.7    359.4
2022  6 12   163   17 41  0     19.89    0.2816E+00      85.5    359.2
2022  6 12   163   17 42  0     19.99    0.2848E+00      86.5    358.6
2022  6 12   163   17 43  0     20.09    0.2880E+00      87.4    357.8
2022  6 12   163   17 44  0     20.20    0.2912E+00      88.2    356.8
2022  6 12   163   17 45  0     20.30    0.2907E+00      87.5    356.3
2022  6 12   163   17 46  0     20.41    0.2997E+00      90.2    355.2
2022  6 12   163   17 47  0     20.51    0.3305E+00     100.5    352.4
2022  6 12   163   17 48  0     20.62    0.3752E+00     116.2    349.3
2022  6 12   163   17 49  0     20.73    0.4009E+00     124.2    346.7
2022  6 12   163   17 50  0     20.85    0.4024E+00     125.3    346.4
2022  6 12   163   17 51  0     20.96    0.4124E+00     129.4    345.3
2022  6 12   163   17 52  0     21.08    0.3817E+00     118.1    345.9
2022  6 12   163   17 53  0     21.19    0.3566E+00     109.5    346.9
2022  6 12   163   17 54  0     21.31    0.3196E+00      96.3    348.7
2022  6 12   163   17 55  0     21.43    0.3306E+00     102.0    348.9
2022  6 12   163   17 56  0     21.55    0.3465E+00     109.3    348.9
2022  6 12   163   17 57  0     21.67    0.3536E+00     109.5    346.8
2022  6 12   163   17 58  0     21.80    0.3950E+00     125.5    345.5
2022  6 12   163   17 59  0     21.92    0.4166E+00     133.1    344.2
2022  6 12   163   18  0  0     22.05    0.3987E+00     124.4    343.7
2022  6 12   163   18  1  0     22.17    0.3366E+00     100.2    345.9
2022  6 12   163   18  2  0     22.30    0.3316E+00     100.9    347.0
2022  6 12   163   18  3  0     22.43    0.3573E+00     112.7    345.7
2022  6 12   163   18  4  0     22.56    0.3738E+00     120.7    345.6
2022  6 12   163   18  5  0     22.70    0.3963E+00     128.8    343.9
2022  6 12   163   18  6  0     22.83    0.4290E+00     142.6    343.7
2022  6 12   163   18  7  0     22.96    0.4654E+00     154.9    341.5
2022  6 12   163   18  8  0     23.10    0.4646E+00     154.0    341.4
2022  6 12   163   18  9  0     23.24    0.4622E+00     152.7    341.3
2022  6 12   163   18 10  0     23.37    0.4565E+00     151.2    341.4
2022  6 12   163   18 11  0     23.51    0.4544E+00     151.9    341.7
2022  6 12   163   18 12  0     23.65    0.4583E+00     156.3    341.8
2022  6 12   163   18 13  0     23.79    0.4063E+00     134.0    342.2
2022  6 12   163   18 14  0     23.93    0.4165E+00     142.2    343.7
2022  6 12   163   18 15  0     24.08    0.4419E+00     152.5    342.3
2022  6 12   163   18 16  0     24.22    0.4252E+00     145.1    342.7
2022  6 12   163   18 17  0     24.37    0.4181E+00     142.4    343.1
2022  6 12   163   18 18  0     24.51    0.4203E+00     142.8    342.6
2022  6 12   163   18 19  0     24.66    0.3802E+00     125.5    343.9
2022  6 12   163   18 20  0     24.81    0.4261E+00     148.8    343.5
2022  6 12   163   18 21  0     24.95    0.4206E+00     146.3    343.1
2022  6 12   163   18 22  0     25.10    0.4038E+00     138.3    343.0
2022  6 12   163   18 23  0     25.25    0.3264E+00     104.3    345.8
2022  6 12   163   18 24  0     25.40    0.4126E+00     146.1    344.6
2022  6 12   163   18 25  0     25.55    0.4013E+00     139.3    343.7
2022  6 12   163   18 26  0     25.71    0.4043E+00     141.8    344.0
2022  6 12   163   18 27  0     25.86    0.3905E+00     135.7    344.4
2022  6 12   163   18 28  0     26.01    0.3568E+00     120.3    345.1
2022  6 12   163   18 29  0     26.17    0.3822E+00     132.0    343.3
2022  6 12   163   18 30  0     26.32    0.3449E+00     118.0    346.5
2022  6 12   163   18 31  0     26.48    0.3429E+00     113.8    343.3
2022  6 12   163   18 32  0     26.64    0.3211E+00     109.4    347.1
2022  6 12   163   18 33  0     26.79    0.3188E+00     107.8    346.3
2022  6 12   163   18 34  0     26.95    0.4120E+00     153.6    343.3
2022  6 12   163   18 35  0     27.11    0.3039E+00      99.9    344.5
2022  6 12   163   18 36  0     27.27    0.3259E+00     115.0    346.1
2022  6 12   163   18 37  0     27.43    0.3431E+00     122.8    343.2
2022  6 12   163   18 38  0     27.59    0.3088E+00     109.9    345.1
2022  6 12   163   18 39  0     27.75    0.2585E+00      88.3    348.1
2022  6 12   163   18 40  0     27.91    0.3133E+00     114.3    345.3
2022  6 12   163   18 41  0     28.08    0.2913E+00     102.9    345.1
2022  6 12   163   18 42  0     28.24    0.2524E+00      87.7    348.5
2022  6 12   163   18 43  0     28.40    0.3272E+00     128.5    345.6
2022  6 12   163   18 44  0     28.57    0.2215E+00      77.8    348.7
2022  6 12   163   18 45  0     28.73    0.2144E+00      76.1    349.6
2022  6 12   163   18 46  0     28.90    0.2650E+00     100.5    347.5
2022  6 12   163   18 47  0     29.06    0.2562E+00      95.4    348.5
2022  6 12   163   18 48  0     29.23    0.3043E+00     119.0    345.9
2022  6 12   163   18 49  0     29.40    0.2748E+00     103.7    345.9
2022  6 12   163   18 50  0     29.56    0.2185E+00      78.6    349.5
2022  6 12   163   18 51  0     29.73    0.2154E+00      78.6    349.7
2022  6 12   163   18 52  0     29.90    0.2103E+00      77.6    350.8
2022  6 12   163   18 53  0     30.07    0.2302E+00      87.7    350.5
2022  6 12   163   18 54  0     30.24    0.2760E+00     110.4    347.4
2022  6 12   163   18 55  0     30.41    0.2622E+00     106.9    349.1
2022  6 12   163   18 56  0     30.58    0.2875E+00     123.9    347.1
2022  6 12   163   18 57  0     30.75    0.2461E+00     103.9    348.1
2022  6 12   163   18 58  0     30.92    0.2520E+00     111.2    347.8
2022  6 12   163   18 59  0     31.09    0.1899E+00      77.3    349.5
2022  6 12   163   19  0  0     31.26    0.1684E+00      67.2    350.4
2022  6 12   163   19  1  0     31.43    0.1646E+00      66.0    350.1
2022  6 12   163   19  2  0     31.61    0.1504E+00      58.8    349.5
2022  6 12   163   19  3  0     31.78    0.1213E+00      47.0    351.6
2022  6 12   163   19  4  0     31.95    0.1005E+00      40.0    354.3
2022  6 12   163   19  5  0     32.13    0.9311E-01      38.0    355.9
2022  6 12   163   19  6  0     32.30    0.8612E-01      35.6    356.8
2022  6 12   163   19  7  0     32.48    0.8275E-01      34.6    357.2
2022  6 12   163   19  8  0     32.65    0.8979E-01      38.2    356.8
2022  6 12   163   19  9  0     32.83    0.1046E+00      45.0    355.0
2022  6 12   163   19 10  0     33.00    0.1131E+00      48.9    353.9
2022  6 12   163   19 11  0     33.18    0.1174E+00      50.3    353.4
2022  6 12   163   19 12  0     33.35    0.1227E+00      52.7    353.2
2022  6 12   163   19 13  0     33.53    0.1270E+00      55.0    352.9
2022  6 12   163   19 14  0     33.71    0.1256E+00      54.6    353.2
2022  6 12   163   19 15  0     33.89    0.1190E+00      52.2    353.7
2022  6 12   163   19 16  0     34.06    0.1186E+00      53.6    353.8
2022  6 12   163   19 17  0     34.24    0.1227E+00      56.4    352.7
2022  6 12   163   19 18  0     34.42    0.1225E+00      56.1    351.6
2022  6 12   163   19 19  0     34.60    0.1156E+00      52.4    351.0
2022  6 12   163   19 20  0     34.78    0.1035E+00      46.6    351.5
2022  6 12   163   19 21  0     34.95    0.8755E-01      39.5    353.6
2022  6 12   163   19 22  0     35.13    0.7733E-01      35.7    355.7
2022  6 12   163   19 23  0     35.31    0.7338E-01      34.3    356.6
2022  6 12   163   19 24  0     35.49    0.7403E-01      34.5    357.2
2022  6 12   163   19 25  0     35.67    0.7862E-01      36.2    357.7
2022  6 12   163   19 26  0     35.85    0.8418E-01      38.9    358.0
2022  6 12   163   19 27  0     36.03    0.9243E-01      44.3    356.8
2022  6 12   163   19 28  0     36.21    0.9621E-01      46.6    356.3
2022  6 12   163   19 29  0     36.39    0.1055E+00      51.4    356.8
2022  6 12   163   19 30  0     36.58    0.1277E+00      63.8    355.7
2022  6 12   163   19 31  0     36.76    0.1497E+00      76.7    354.0
2022  6 12   163   19 32  0     36.94    0.1722E+00      91.4    352.5
2022  6 12   163   19 33  0     37.12    0.1739E+00      91.5    351.7
2022  6 12   163   19 34  0     37.30    0.1547E+00      78.9    352.9
2022  6 12   163   19 35  0     37.49    0.1451E+00      72.5    354.1
2022  6 12   163   19 36  0     37.67    0.1434E+00      72.6    354.4
2022  6 12   163   19 37  0     37.85    0.1405E+00      72.9    353.8
2022  6 12   163   19 38  0     38.03    0.1256E+00      64.7    353.2
2022  6 12   163   19 39  0     38.22    0.1012E+00      51.3    353.9
2022  6 12   163   19 40  0     38.40    0.8250E-01      42.4    356.4
2022  6 12   163   19 41  0     38.58    0.8512E-01      44.9    358.5
2022  6 12   163   19 42  0     38.77    0.1003E+00      54.3    357.6
2022  6 12   163   19 43  0     38.95    0.1118E+00      60.4    354.7
2022  6 12   163   19 44  0     39.13    0.9989E-01      52.9    354.5
2022  6 12   163   19 45  0     39.32    0.9371E-01      50.4    356.1
2022  6 12   163   19 46  0     39.50    0.1056E+00      58.7    355.7
2022  6 12   163   19 47  0     39.69    0.1147E+00      63.9    354.7
2022  6 12   163   19 48  0     39.87    0.1281E+00      71.5    354.0
2022  6 12   163   19 49  0     40.06    0.1390E+00      79.0    354.0
2022  6 12   163   19 50  0     40.24    0.1481E+00      85.4    353.8
2022  6 12   163   19 51  0     40.43    0.1739E+00     108.0    351.9
2022  6 12   163   19 52  0     40.61    0.1775E+00     111.6    351.2
2022  6 12   163   19 53  0     40.80    0.1927E+00     122.9    349.1
2022  6 12   163   19 54  0     40.98    0.1957E+00     127.1    348.5
2022  6 12   163   19 55  0     41.17    0.1884E+00     126.9    349.3
2022  6 12   163   19 56  0     41.35    0.1704E+00     111.7    350.0
2022  6 12   163   19 57  0     41.54    0.2024E+00     144.0    350.7
2022  6 12   163   19 58  0     41.73    0.2258E+00     162.7    348.9
2022  6 12   163   19 59  0     41.91    0.2235E+00     158.7    348.8
2022  6 12   163   20  0  0     42.10    0.2199E+00     153.5    347.9
2022  6 12   163   20  1  0     42.29    0.2055E+00     139.4    347.5
2022  6 12   163   20  2  0     42.47    0.2075E+00     146.8    348.1
2022  6 12   163   20  3  0     42.66    0.1928E+00     132.6    347.9
2022  6 12   163   20  4  0     42.85    0.2007E+00     143.6    348.3
2022  6 12   163   20  5  0     43.03    0.1989E+00     144.2    348.1
2022  6 12   163   20  6  0     43.22    0.1862E+00     133.1    347.5
2022  6 12   163   20  7  0     43.41    0.1613E+00     110.9    347.6
2022  6 12   163   20  8  0     43.59    0.1535E+00     111.4    350.0
2022  6 12   163   20  9  0     43.78    0.1567E+00     116.0    348.0
2022  6 12   163   20 10  0     43.97    0.1259E+00      85.3    349.0
2022  6 12   163   20 11  0     44.16    0.1385E+00     104.1    351.5
2022  6 12   163   20 12  0     44.34    0.1690E+00     135.9    349.4
2022  6 12   163   20 13  0     44.53    0.1498E+00     109.2    348.1
2022  6 12   163   20 14  0     44.72    0.1715E+00     136.6    348.1
2022  6 12   163   20 15  0     44.91    0.1721E+00     138.7    347.6
2022  6 12   163   20 16  0     45.09    0.1744E+00     144.5    347.5
2022  6 12   163   20 17  0     45.28    0.1620E+00     130.7    347.5
2022  6 12   163   20 18  0     45.47    0.1660E+00     138.5    347.9
2022  6 12   163   20 19  0     45.66    0.1610E+00     133.8    348.0
2022  6 12   163   20 20  0     45.85    0.1413E+00     108.4    347.5
2022  6 12   163   20 21  0     46.03    0.1483E+00     122.0    348.7
2022  6 12   163   20 22  0     46.22    0.1573E+00     137.4    349.0
2022  6 12   163   20 23  0     46.41    0.1581E+00     140.1    348.2
2022  6 12   163   20 24  0     46.60    0.1560E+00     140.9    348.5
2022  6 12   163   20 25  0     46.79    0.1430E+00     122.4    347.7
2022  6 12   163   20 26  0     46.98    0.1497E+00     135.5    348.2
2022  6 12   163   20 27  0     47.16    0.1499E+00     138.0    348.2
2022  6 12   163   20 28  0     47.35    0.1487E+00     138.7    348.1
2022  6 12   163   20 29  0     47.54    0.1461E+00     137.1    347.8
2022  6 12   163   20 30  0     47.73    0.1450E+00     138.3    347.6
2022  6 12   163   20 31  0     47.92    0.1440E+00     139.8    347.7
2022  6 12   163   20 32  0     48.11    0.1418E+00     139.1    347.4
2022  6 12   163   20 33  0     48.30    0.1396E+00     138.4    347.2
2022  6 12   163   20 34  0     48.49    0.1374E+00     137.5    346.8
2022  6 12   163   20 35  0     48.68    0.1359E+00     138.1    346.7
2022  6 12   163   20 36  0     48.86    0.1334E+00     137.4    346.7
2022  6 12   163   20 37  0     49.05    0.1316E+00     137.1    346.6
2022  6 12   163   20 38  0     49.24    0.1299E+00     136.9    346.5
2022  6 12   163   20 39  0     49.43    0.1288E+00     137.6    346.3
2022  6 12   163   20 40  0     49.62    0.1278E+00     138.4    346.0
2022  6 12   163   20 41  0     49.81    0.1259E+00     137.9    345.6
2022  6 12   163   20 42  0     50.00    0.1241E+00     137.5    345.4
2022  6 12   163   20 43  0     50.19    0.1224E+00     137.3    345.2
2022  6 12   163   20 44  0     50.38    0.1204E+00     136.5    344.9
2022  6 12   163   20 45  0     50.57    0.1189E+00     136.8    344.6
2022  6 12   163   20 46  0     50.76    0.1169E+00     135.7    344.2
2022  6 12   163   20 47  0     50.94    0.1148E+00     135.0    343.8
2022  6 12   163   20 48  0     51.13    0.1132E+00     135.3    343.6
2022  6 12   163   20 49  0     51.32    0.1124E+00     137.1    343.3
2022  6 12   163   20 50  0     51.51    0.1052E+00     124.9    342.5
2022  6 12   163   20 51  0     51.70    0.9228E-01     100.7    341.5
2022  6 12   163   20 52  0     51.89    0.8621E-01      92.0    341.7
2022  6 12   163   20 53  0     52.08    0.1021E+00     130.4    342.6
2022  6 12   163   20 54  0     52.27    0.1003E+00     127.1    341.6
2022  6 12   163   20 55  0     52.46    0.9603E-01     120.1    340.9
2022  6 12   163   20 56  0     52.65    0.8218E-01      90.9    339.7
2022  6 12   163   20 57  0     52.84    0.8496E-01     100.7    339.8
2022  6 12   163   20 58  0     53.03    0.7932E-01      90.5    338.9
2022  6 12   163   20 59  0     53.22    0.8204E-01     102.8    340.3
2022  6 12   163   21  0  0     53.41    0.9291E-01     132.1    340.5
2022  6 12   163   21  1  0     53.60    0.9473E-01     141.8    341.0
2022  6 12   163   21  2  0     53.79    0.9435E-01     142.7    340.4
2022  6 12   163   21  3  0     53.97    0.9549E-01     149.1    340.3
2022  6 12   163   21  4  0     54.16    0.9416E-01     149.9    340.1
2022  6 12   163   21  5  0     54.35    0.9317E-01     152.4    340.1
2022  6 12   163   21  6  0     54.54    0.8770E-01     141.0    339.1
2022  6 12   163   21  7  0     54.73    0.7230E-01     101.2    337.1
2022  6 12   163   21  8  0     54.92    0.7177E-01     105.4    337.9
2022  6 12   163   21  9  0     55.11    0.6928E-01      97.1    335.4
2022  6 12   163   21 10  0     55.30    0.6652E-01      92.9    335.5
2022  6 12   163   21 11  0     55.49    0.7513E-01     124.9    338.3
2022  6 12   163   21 12  0     55.68    0.7547E-01     126.3    337.5
2022  6 12   163   21 13  0     55.87    0.8158E-01     150.5    338.5
2022  6 12   163   21 14  0     56.06    0.7997E-01     147.9    337.5
2022  6 12   163   21 15  0     56.25    0.6617E-01     104.1    334.2
2022  6 12   163   21 16  0     56.43    0.6256E-01      98.9    334.1
2022  6 12   163   21 17  0     56.62    0.5855E-01      90.4    333.4
2022  6 12   163   21 18  0     56.81    0.5644E-01      87.7    334.0
2022  6 12   163   21 19  0     57.00    0.5612E-01      90.6    333.5
2022  6 12   163   21 20  0     57.19    0.5736E-01      99.1    334.5
2022  6 12   163   21 21  0     57.38    0.6128E-01     118.3    335.8
2022  6 12   163   21 22  0     57.57    0.5647E-01     101.9    334.0
2022  6 12   163   21 23  0     57.76    0.5270E-01      92.2    333.3
2022  6 12   163   21 24  0     57.95    0.5164E-01      92.5    333.9
2022  6 12   163   21 25  0     58.14    0.4937E-01      88.4    333.0
2022  6 12   163   21 26  0     58.32    0.4783E-01      87.4    333.3
2022  6 12   163   21 27  0     58.51    0.4537E-01      82.9    333.1
2022  6 12   163   21 28  0     58.70    0.4346E-01      80.2    333.1
2022  6 12   163   21 29  0     58.89    0.4181E-01      77.2    334.0
2022  6 12   163   21 30  0     59.08    0.4072E-01      75.4    332.4
2022  6 12   163   21 31  0     59.27    0.3999E-01      74.3    331.7
2022  6 12   163   21 32  0     59.46    0.3939E-01      74.0    331.1
2022  6 12   163   21 33  0     59.64    0.3875E-01      74.3    331.1
2022  6 12   163   21 34  0     59.83    0.3823E-01      75.9    331.4
2022  6 12   163   21 35  0     60.02    0.3774E-01      78.1    332.1
2022  6 12   163   21 36  0     60.21    0.3699E-01      79.7    332.9
2022  6 12   163   21 37  0     60.40    0.3635E-01      80.6    332.7
2022  6 12   163   21 38  0     60.59    0.3583E-01      81.1    332.4
2022  6 12   163   21 39  0     60.77    0.3551E-01      81.7    331.6
2022  6 12   163   21 40  0     60.96    0.3531E-01      83.3    332.6
2022  6 12   163   21 41  0     61.15    0.3612E-01      90.5    332.1
2022  6 12   163   21 42  0     61.34    0.3748E-01      99.4    332.4
2022  6 12   163   21 43  0     61.53    0.3916E-01     110.7    332.7
2022  6 12   163   21 44  0     61.71    0.3909E-01     111.7    331.6
2022  6 12   163   21 45  0     61.90    0.3671E-01      99.2    329.2
2022  6 12   163   21 46  0     62.09    0.3436E-01      90.2    328.4
2022  6 12   163   21 47  0     62.28    0.3300E-01      88.2    328.5
2022  6 12   163   21 48  0     62.47    0.3230E-01      91.3    329.3
2022  6 12   163   21 49  0     62.65    0.3157E-01      93.6    330.3
2022  6 12   163   21 50  0     62.84    0.3034E-01      89.5    329.9
2022  6 12   163   21 51  0     63.03    0.3034E-01      93.2    329.9
2022  6 12   163   21 52  0     63.22    0.3178E-01     107.3    330.9
2022  6 12   163   21 53  0     63.40    0.3275E-01     117.4    331.4
2022  6 12   163   21 54  0     63.59    0.3240E-01     117.8    330.9
2022  6 12   163   21 55  0     63.78    0.3024E-01     106.4    329.8
2022  6 12   163   21 56  0     63.96    0.2851E-01      99.9    329.1
2022  6 12   163   21 57  0     64.15    0.2724E-01      97.3    329.1
2022  6 12   163   21 58  0     64.34    0.2619E-01      96.2    329.5
2022  6 12   163   21 59  0     64.52    0.2550E-01      97.7    330.0
2022  6 12   163   22  0  0     64.71    0.2554E-01     105.7    330.9
2022  6 12   163   22  1  0     64.90    0.2714E-01     132.4    334.3
2022  6 12   163   22  2  0     65.08    0.2628E-01     124.3    331.6
2022  6 12   163   22  3  0     65.27    0.2505E-01     111.0    329.5
2022  6 12   163   22  4  0     65.46    0.2503E-01     113.6    329.2
2022  6 12   163   22  5  0     65.64    0.2615E-01     129.7    329.7
2022  6 12   163   22  6  0     65.83    0.2535E-01     122.7    328.0
2022  6 12   163   22  7  0     66.02    0.2399E-01     111.1    326.1
2022  6 12   163   22  8  0     66.20    0.2337E-01     107.7    324.8
2022  6 12   163   22  9  0     66.39    0.2220E-01      97.4    323.1
2022  6 12   163   22 10  0     66.57    0.2169E-01      97.4    322.8
2022  6 12   163   22 11  0     66.76    0.2213E-01     111.9    323.4
2022  6 12   163   22 12  0     66.95    0.2262E-01     127.1    324.2
2022  6 12   163   22 13  0     67.13    0.2224E-01     126.6    323.8
2022  6 12   163   22 14  0     67.32    0.2148E-01     119.9    323.0
2022  6 12   163   22 15  0     67.50    0.2087E-01     117.1    322.5
2022  6 12   163   22 16  0     67.69    0.2068E-01     122.9    322.6
2022  6 12   163   22 17  0     67.87    0.2039E-01     126.3    322.8
2022  6 12   163   22 18  0     68.06    0.2002E-01     126.8    322.3
2022  6 12   163   22 19  0     68.24    0.1948E-01     124.0    321.5
2022  6 12   163   22 20  0     68.43    0.1902E-01     125.5    321.3
2022  6 12   163   22 21  0     68.61    0.1830E-01     119.6    320.0
2022  6 12   163   22 22  0     68.80    0.1749E-01     112.4    318.8
2022  6 12   163   22 23  0     68.98    0.1682E-01     107.8    317.5
2022  6 12   163   22 24  0     69.17    0.1605E-01     100.4    315.6
2022  6 12   163   22 25  0     69.35    0.1497E-01      84.3    313.1
2022  6 12   163   22 26  0     69.53    0.1425E-01      79.2    312.0
2022  6 12   163   22 27  0     69.72    0.1367E-01      76.4    310.1
2022  6 12   163   22 28  0     69.90    0.1298E-01      74.0    311.1
2022  6 12   163   22 29  0     70.09    0.1218E-01      72.0    309.6
2022  6 12   163   22 30  0     70.27    0.1126E-01      69.5    308.7
2022  6 12   163   22 31  0     70.45    0.1013E-01      66.3    310.0
2022  6 12   163   22 32  0     70.64    0.8999E-02      63.2    311.6
2022  6 12   163   22 33  0     70.82    0.8092E-02      61.0    314.1
2022  6 12   163   22 34  0     71.00    0.7596E-02      60.1    312.7
2022  6 12   163   22 35  0     71.19    0.7380E-02      60.4    311.6
2022  6 12   163   22 36  0     71.37    0.7203E-02      61.2    311.5
2022  6 12   163   22 37  0     71.55    0.6980E-02      61.5    311.6
2022  6 12   163   22 38  0     71.74    0.6781E-02      61.6    310.2
2022  6 12   163   22 39  0     71.92    0.6581E-02      61.2    309.2
2022  6 12   163   22 40  0     72.10    0.6440E-02      60.2    308.4
2022  6 12   163   22 41  0     72.28    0.6394E-02      59.4    307.2
2022  6 12   163   22 42  0     72.46    0.6359E-02      58.3    305.9
2022  6 12   163   22 43  0     72.65    0.6277E-02      57.5    303.2
2022  6 12   163   22 44  0     72.83    0.6106E-02      57.9    302.1
2022  6 12   163   22 45  0     73.01    0.5844E-02      58.8    302.6
2022  6 12   163   22 46  0     73.19    0.5530E-02      60.0    304.1
2022  6 12   163   22 47  0     73.37    0.5202E-02      61.1    303.9
2022  6 12   163   22 48  0     73.56    0.4745E-02      61.1    306.2
2022  6 12   163   22 49  0     73.74    0.4425E-02      60.8    303.8
2022  6 12   163   22 50  0     73.92    0.4206E-02      59.4    306.4
2022  6 12   163   22 51  0     74.10    0.4170E-02      58.4    303.9
2022  6 12   163   22 52  0     74.28    0.4232E-02      57.8    300.9
2022  6 12   163   22 53  0     74.46    0.4314E-02      57.2    298.2
2022  6 12   163   22 54  0     74.64    0.4277E-02      55.4    294.1
2022  6 12   163   22 55  0     74.82    0.4123E-02      54.4    293.4
2022  6 12   163   22 56  0     75.00    0.4025E-02      55.0    290.4
2022  6 12   163   22 57  0     75.18    0.3931E-02      56.8    289.6
2022  6 12   163   22 58  0     75.36    0.3862E-02      59.5    293.6
2022  6 12   163   22 59  0     75.54    0.3956E-02      62.7    293.6
2022  6 12   163   23  0  0     75.72    0.4018E-02      64.8    289.6
2022  6 12   163   23  1  0     75.90    0.3928E-02      66.3    288.3
2022  6 12   163   23  2  0     76.08    0.3777E-02      68.5    287.2
2022  6 12   163   23  3  0     76.26    0.3569E-02      72.2    290.9
2022  6 12   163   23  4  0     76.44    0.3424E-02      75.1    293.4
2022  6 12   163   23  5  0     76.62    0.3393E-02      78.2    290.2
2022  6 12   163   23  6  0     76.80    0.3283E-02      81.1    294.6
2022  6 12   163   23  7  0     76.97    0.3210E-02      84.8    294.4
2022  6 12   163   23  8  0     77.15    0.3284E-02      90.4    293.5
2022  6 12   163   23  9  0     77.33    0.3346E-02      98.5    298.4
2022  6 12   163   23 10  0     77.51    0.3392E-02     105.9    300.2
2022  6 12   163   23 11  0     77.69    0.3374E-02     110.9    300.9
2022  6 12   163   23 12  0     77.87    0.3333E-02     112.8    299.5
2022  6 12   163   23 13  0     78.04    0.3286E-02     114.4    295.8
2022  6 12   163   23 14  0     78.22    0.3138E-02     114.7    298.8
2022  6 12   163   23 15  0     78.40    0.3000E-02     113.4    296.6
2022  6 12   163   23 16  0     78.57    0.2835E-02     111.2    297.5
2022  6 12   163   23 17  0     78.75    0.2685E-02     108.9    296.0
2022  6 12   163   23 18  0     78.93    0.2555E-02     107.3    292.4
2022  6 12   163   23 19  0     79.10    0.2444E-02     106.0    285.7
2022  6 12   163   23 20  0     79.28    0.2287E-02     102.5    283.9
2022  6 12   163   23 21  0     79.46    0.2114E-02      97.8    284.5
2022  6 12   163   23 22  0     79.63    0.1967E-02      94.8    283.6
2022  6 12   163   23 23  0     79.81    0.1846E-02      92.8    278.6
2022  6 12   163   23 24  0     79.98    0.1701E-02      90.8    280.2
2022  6 12   163   23 25  0     80.16    0.1627E-02      89.6    274.2
2022  6 12   163   23 26  0     80.33    0.1583E-02      88.7    267.8
2022  6 12   163   23 27  0     80.51    0.1497E-02      88.9    274.7
2022  6 12   163   23 28  0     80.68    0.1464E-02      89.5    267.0
2022  6 12   163   23 29  0     80.86    0.1420E-02      90.1    261.8
2022  6 12   163   23 30  0     81.03    0.1325E-02      92.0    271.5
2022  6 12   163   23 31  0     81.21    0.1294E-02      95.4    266.2
2022  6 12   163   23 32  0     81.38    0.1254E-02      99.4    264.7
2022  6 12   163   23 33  0     81.56    0.1211E-02     103.7    267.8
2022  6 12   163   23 34  0     81.73    0.1172E-02     107.4    271.4
2022  6 12   163   23 35  0     81.90    0.1148E-02     110.9    270.4
2022  6 12   163   23 36  0     82.08    0.1134E-02     115.1    265.8
2022  6 12   163   23 37  0     82.25    0.1093E-02     118.9    269.8
2022  6 12   163   23 38  0     82.42    0.1086E-02     120.7    262.1
2022  6 12   163   23 39  0     82.59    0.1057E-02     119.8    261.3
2022  6 12   163   23 40  0     82.77    0.1028E-02     117.5    258.3
2022  6 12   163   23 41  0     82.94    0.9940E-03     115.6    256.7
2022  6 12   163   23 42  0     83.11    0.9558E-03     114.8    257.5
2022  6 12   163   23 43  0     83.28    0.9061E-03     114.6    263.7
2022  6 12   163   23 44  0     83.45    0.9135E-03     114.4    245.1
2022  6 12   163   23 45  0     83.63    0.8453E-03     114.2    258.4
2022  6 12   163   23 46  0     83.80    0.8005E-03     113.9    262.3
2022  6 12   163   23 47  0     83.97    0.7639E-03     113.9    262.1
2022  6 12   163   23 48  0     84.14    0.7329E-03     113.6    259.7
2022  6 12   163   23 49  0     84.31    0.7032E-03     113.1    257.2
2022  6 12   163   23 50  0     84.48    0.6806E-03     112.7    250.8
2022  6 12   163   23 51  0     84.65    0.6424E-03     111.8    252.9
2022  6 12   163   23 52  0     84.82    0.5981E-03     110.7    257.7
2022  6 12   163   23 53  0     84.99    0.5455E-03     109.9    270.5
2022  6 12   163   23 54  0     85.16    0.5353E-03     109.4    258.0
2022  6 12   163   23 55  0     85.33    0.5049E-03     109.3    264.0
2022  6 12   163   23 56  0     85.50    0.4788E-03     108.3    267.2
2022  6 12   163   23 57  0     85.66    0.4475E-03     107.1    272.4
2022  6 12   163   23 58  0     85.83    0.4528E-03     106.6    246.8
2022  6 12   163   23 59  0     86.00    0.4160E-03     107.2    256.4
