                            NILUUV 115

Uvpro Version 2.0
Latitude :   40.74 (North)
Longitude:  -74.03  (West)
Calibration file: cf100603a.115
Height above sea level:    40.0  m
CLT derived from channel 4
CLT scale factor used:   1.0
Ozone derived from channel pair ch3/ch1
Ozone scale factor used:   1.0
Drift factors ch1-ch6:   0.503  0.530  0.599  0.654  0.505  0.877
Ozone profile climatology: Mid  Latitude
Dose type:    CLW    Caldwell Plant 1971           

yyyy mm dd   jul   hh mm ss      SZA     dose rate       clt     Ozone
                              [degrees]   [W/m^2]        [%]     [DU]
2014 12 10   344   12 15  0     89.98    0.4854E-03      46.2     25.3
2014 12 10   344   12 16  0     89.82    0.4808E-03      50.5     30.5
2014 12 10   344   12 17  0     89.66    0.5217E-03      56.2     33.8
2014 12 10   344   12 18  0     89.50    0.5271E-03      60.0     38.6
2014 12 10   344   12 19  0     89.34    0.5291E-03      61.8     42.4
2014 12 10   344   12 20  0     89.17    0.5521E-03      59.2     41.2
2014 12 10   344   12 21  0     89.01    0.5220E-03      51.8     40.5
2014 12 10   344   12 22  0     88.85    0.5254E-03      51.6     42.8
2014 12 10   344   12 23  0     88.69    0.5392E-03      51.8     44.8
2014 12 10   344   12 24  0     88.53    0.5236E-03      47.6     45.5
2014 12 10   344   12 25  0     88.37    0.4911E-03      43.1     46.8
2014 12 10   344   12 26  0     88.21    0.5119E-03      46.0     50.1
2014 12 10   344   12 27  0     88.05    0.5538E-03      51.1     53.8
2014 12 10   344   12 28  0     87.90    0.5610E-03      50.6     55.8
2014 12 10   344   12 29  0     87.74    0.5432E-03      48.7     59.0
2014 12 10   344   12 30  0     87.58    0.5698E-03      51.1     61.9
2014 12 10   344   12 31  0     87.42    0.5970E-03      53.7     65.0
2014 12 10   344   12 32  0     87.26    0.6165E-03      55.5     68.0
2014 12 10   344   12 33  0     87.11    0.6186E-03      59.9     75.4
2014 12 10   344   12 34  0     86.95    0.6388E-03      61.1     78.2
2014 12 10   344   12 35  0     86.79    0.6605E-03      61.3     80.0
2014 12 10   344   12 36  0     86.64    0.6609E-03      59.2     81.5
2014 12 10   344   12 37  0     86.48    0.6403E-03      55.2     82.5
2014 12 10   344   12 38  0     86.33    0.6723E-03      56.1     83.6
2014 12 10   344   12 39  0     86.17    0.6847E-03      60.2     90.2
2014 12 10   344   12 40  0     86.02    0.6971E-03      60.0     92.2
2014 12 10   344   12 41  0     85.86    0.7079E-03      58.3     93.2
2014 12 10   344   12 42  0     85.71    0.7275E-03      60.1     97.8
2014 12 10   344   12 43  0     85.55    0.7522E-03      60.3     99.5
2014 12 10   344   12 44  0     85.40    0.7423E-03      60.3    104.0
2014 12 10   344   12 45  0     85.25    0.7668E-03      62.0    107.4
2014 12 10   344   12 46  0     85.09    0.7894E-03      63.1    110.5
2014 12 10   344   12 47  0     84.94    0.7854E-03      62.4    114.4
2014 12 10   344   12 48  0     84.79    0.8139E-03      62.3    115.8
2014 12 10   344   12 49  0     84.64    0.8272E-03      63.1    120.3
2014 12 10   344   12 50  0     84.48    0.8817E-03      64.9    122.0
2014 12 10   344   12 51  0     84.33    0.8958E-03      66.3    128.2
2014 12 10   344   12 52  0     84.18    0.9228E-03      67.8    132.9
2014 12 10   344   12 53  0     84.03    0.9573E-03      68.1    134.7
2014 12 10   344   12 54  0     83.88    0.9540E-03      66.3    137.6
2014 12 10   344   12 55  0     83.73    0.9525E-03      64.2    139.7
2014 12 10   344   12 56  0     83.58    0.9822E-03      63.8    140.9
2014 12 10   344   12 57  0     83.43    0.9892E-03      62.9    144.0
2014 12 10   344   12 58  0     83.28    0.9970E-03      62.4    148.0
2014 12 10   344   12 59  0     83.13    0.1017E-02      61.2    148.4
2014 12 10   344   13  0  0     82.99    0.1044E-02      61.0    150.5
2014 12 10   344   13  1  0     82.84    0.1082E-02      61.2    152.1
2014 12 10   344   13  2  0     82.69    0.1098E-02      60.7    155.9
2014 12 10   344   13  3  0     82.54    0.1132E-02      60.7    158.0
2014 12 10   344   13  4  0     82.40    0.1142E-02      60.3    162.1
2014 12 10   344   13  5  0     82.25    0.1155E-02      60.2    166.6
2014 12 10   344   13  6  0     82.11    0.1186E-02      59.8    167.9
2014 12 10   344   13  7  0     81.96    0.1206E-02      58.9    168.9
2014 12 10   344   13  8  0     81.82    0.1225E-02      59.2    174.5
2014 12 10   344   13  9  0     81.67    0.1273E-02      59.8    176.1
2014 12 10   344   13 10  0     81.53    0.1340E-02      61.4    178.7
2014 12 10   344   13 11  0     81.38    0.1380E-02      61.7    181.2
2014 12 10   344   13 12  0     81.24    0.1404E-02      62.1    185.8
2014 12 10   344   13 13  0     81.10    0.1456E-02      62.6    187.6
2014 12 10   344   13 14  0     80.95    0.1509E-02      63.4    190.1
2014 12 10   344   13 15  0     80.81    0.1580E-02      64.1    190.8
2014 12 10   344   13 16  0     80.67    0.1626E-02      64.6    193.9
2014 12 10   344   13 17  0     80.53    0.1669E-02      64.9    196.8
2014 12 10   344   13 18  0     80.39    0.1739E-02      66.3    199.2
2014 12 10   344   13 19  0     80.24    0.1779E-02      67.0    203.4
2014 12 10   344   13 20  0     80.10    0.1817E-02      66.7    205.1
2014 12 10   344   13 21  0     79.96    0.1855E-02      66.6    207.4
2014 12 10   344   13 22  0     79.82    0.1940E-02      66.9    206.5
2014 12 10   344   13 23  0     79.69    0.1985E-02      67.0    209.6
2014 12 10   344   13 24  0     79.55    0.2038E-02      66.7    210.6
2014 12 10   344   13 25  0     79.41    0.2070E-02      66.2    213.0
2014 12 10   344   13 26  0     79.27    0.2094E-02      65.2    214.8
2014 12 10   344   13 27  0     79.13    0.2125E-02      64.1    215.1
2014 12 10   344   13 28  0     79.00    0.2127E-02      62.7    217.9
2014 12 10   344   13 29  0     78.86    0.2151E-02      61.7    219.0
2014 12 10   344   13 30  0     78.72    0.2147E-02      59.9    220.1
2014 12 10   344   13 31  0     78.59    0.2204E-02      59.7    220.8
2014 12 10   344   13 32  0     78.45    0.2276E-02      60.2    222.1
2014 12 10   344   13 33  0     78.32    0.2360E-02      61.2    224.4
2014 12 10   344   13 34  0     78.18    0.2412E-02      61.4    227.1
2014 12 10   344   13 35  0     78.05    0.2450E-02      61.3    230.4
2014 12 10   344   13 36  0     77.92    0.2517E-02      60.9    230.0
2014 12 10   344   13 37  0     77.78    0.2563E-02      60.8    233.5
2014 12 10   344   13 38  0     77.65    0.2651E-02      61.1    234.1
2014 12 10   344   13 39  0     77.52    0.2746E-02      61.5    234.4
2014 12 10   344   13 40  0     77.39    0.2817E-02      61.6    236.6
2014 12 10   344   13 41  0     77.26    0.2862E-02      61.0    237.1
2014 12 10   344   13 42  0     77.13    0.2937E-02      61.3    239.6
2014 12 10   344   13 43  0     77.00    0.2950E-02      59.8    240.1
2014 12 10   344   13 44  0     76.87    0.3001E-02      59.5    241.5
2014 12 10   344   13 45  0     76.74    0.3143E-02      61.1    243.7
2014 12 10   344   13 46  0     76.61    0.3250E-02      61.8    245.0
2014 12 10   344   13 47  0     76.48    0.3317E-02      61.6    246.2
2014 12 10   344   13 48  0     76.35    0.3383E-02      61.6    247.4
2014 12 10   344   13 49  0     76.22    0.3643E-02      65.1    249.4
2014 12 10   344   13 50  0     76.10    0.3683E-02      64.4    250.6
2014 12 10   344   13 51  0     75.97    0.3739E-02      63.6    251.5
2014 12 10   344   13 52  0     75.84    0.3753E-02      62.1    252.2
2014 12 10   344   13 53  0     75.72    0.3777E-02      61.1    251.9
2014 12 10   344   13 54  0     75.59    0.3870E-02      61.0    252.2
2014 12 10   344   13 55  0     75.47    0.4028E-02      62.2    254.0
2014 12 10   344   13 56  0     75.35    0.4021E-02      60.6    254.2
2014 12 10   344   13 57  0     75.22    0.3999E-02      59.1    254.9
2014 12 10   344   13 58  0     75.10    0.4369E-02      63.7    257.9
2014 12 10   344   13 59  0     74.98    0.4466E-02      64.0    259.4
2014 12 10   344   14  0  0     74.85    0.4567E-02      64.3    260.8
2014 12 10   344   14  1  0     74.73    0.4729E-02      65.0    261.0
2014 12 10   344   14  2  0     74.61    0.4674E-02      62.6    261.0
2014 12 10   344   14  3  0     74.49    0.4664E-02      61.4    262.9
2014 12 10   344   14  4  0     74.37    0.4819E-02      62.0    263.4
2014 12 10   344   14  5  0     74.25    0.5088E-02      63.7    262.9
2014 12 10   344   14  6  0     74.13    0.5105E-02      62.5    263.5
2014 12 10   344   14  7  0     74.02    0.5055E-02      60.4    263.5
2014 12 10   344   14  8  0     73.90    0.5270E-02      62.0    265.3
2014 12 10   344   14  9  0     73.78    0.5455E-02      63.1    266.7
2014 12 10   344   14 10  0     73.66    0.5614E-02      63.7    267.2
2014 12 10   344   14 11  0     73.55    0.5606E-02      62.4    267.6
2014 12 10   344   14 12  0     73.43    0.5587E-02      60.9    268.0
2014 12 10   344   14 13  0     73.32    0.5403E-02      57.6    267.6
2014 12 10   344   14 14  0     73.20    0.5471E-02      57.3    268.2
2014 12 10   344   14 15  0     73.09    0.5585E-02      57.3    268.8
2014 12 10   344   14 16  0     72.98    0.5460E-02      55.0    270.7
2014 12 10   344   14 17  0     72.86    0.5605E-02      55.2    268.9
2014 12 10   344   14 18  0     72.75    0.5477E-02      52.8    269.2
2014 12 10   344   14 19  0     72.64    0.5475E-02      52.2    270.4
2014 12 10   344   14 20  0     72.53    0.5838E-02      54.8    271.4
2014 12 10   344   14 21  0     72.42    0.5857E-02      53.9    271.7
2014 12 10   344   14 22  0     72.31    0.5838E-02      52.8    271.7
2014 12 10   344   14 23  0     72.20    0.6107E-02      54.6    272.9
2014 12 10   344   14 24  0     72.09    0.6281E-02      55.4    274.1
2014 12 10   344   14 25  0     71.98    0.6424E-02      55.6    274.8
2014 12 10   344   14 26  0     71.87    0.6486E-02      55.3    275.4
2014 12 10   344   14 27  0     71.77    0.6557E-02      55.1    276.3
2014 12 10   344   14 28  0     71.66    0.6650E-02      55.1    277.1
2014 12 10   344   14 29  0     71.55    0.6730E-02      54.9    277.4
2014 12 10   344   14 30  0     71.45    0.6772E-02      54.5    278.3
2014 12 10   344   14 31  0     71.34    0.6747E-02      53.3    277.9
2014 12 10   344   14 32  0     71.24    0.6772E-02      52.7    278.3
2014 12 10   344   14 33  0     71.13    0.6816E-02      52.3    278.8
2014 12 10   344   14 34  0     71.03    0.6946E-02      52.5    279.1
2014 12 10   344   14 35  0     70.93    0.7049E-02      52.5    279.6
2014 12 10   344   14 36  0     70.83    0.7035E-02      51.6    279.9
2014 12 10   344   14 37  0     70.73    0.7082E-02      51.1    280.1
2014 12 10   344   14 38  0     70.63    0.7148E-02      50.7    279.9
2014 12 10   344   14 39  0     70.53    0.7117E-02      49.8    280.4
2014 12 10   344   14 40  0     70.43    0.7046E-02      48.6    280.7
2014 12 10   344   14 41  0     70.33    0.7219E-02      49.1    281.0
2014 12 10   344   14 42  0     70.23    0.7311E-02      49.0    281.3
2014 12 10   344   14 43  0     70.13    0.7337E-02      48.6    282.1
2014 12 10   344   14 44  0     70.04    0.7437E-02      48.3    281.1
2014 12 10   344   14 45  0     69.94    0.7360E-02      47.1    281.6
2014 12 10   344   14 46  0     69.84    0.7274E-02      45.9    281.6
2014 12 10   344   14 47  0     69.75    0.7634E-02      47.7    282.7
2014 12 10   344   14 48  0     69.65    0.7763E-02      47.8    282.8
2014 12 10   344   14 49  0     69.56    0.7850E-02      47.8    283.3
2014 12 10   344   14 50  0     69.47    0.8070E-02      48.6    284.0
2014 12 10   344   14 51  0     69.38    0.8357E-02      49.7    284.1
2014 12 10   344   14 52  0     69.28    0.8541E-02      50.2    284.5
2014 12 10   344   14 53  0     69.19    0.8841E-02      51.2    284.4
2014 12 10   344   14 54  0     69.10    0.9107E-02      52.2    284.8
2014 12 10   344   14 55  0     69.01    0.9307E-02      52.7    285.4
2014 12 10   344   14 56  0     68.92    0.9380E-02      52.4    285.5
2014 12 10   344   14 57  0     68.83    0.9518E-02      52.5    285.6
2014 12 10   344   14 58  0     68.75    0.9684E-02      52.9    286.0
2014 12 10   344   14 59  0     68.66    0.9912E-02      53.5    286.4
2014 12 10   344   15  0  0     68.57    0.1005E-01      53.7    287.0
2014 12 10   344   15  1  0     68.49    0.1035E-01      54.7    287.0
2014 12 10   344   15  2  0     68.40    0.1057E-01      55.3    287.4
2014 12 10   344   15  3  0     68.32    0.1087E-01      56.1    287.2
2014 12 10   344   15  4  0     68.24    0.1089E-01      55.6    287.4
2014 12 10   344   15  5  0     68.15    0.1096E-01      55.4    287.9
2014 12 10   344   15  6  0     68.07    0.1104E-01      55.1    287.8
2014 12 10   344   15  7  0     67.99    0.1128E-01      55.8    288.2
2014 12 10   344   15  8  0     67.91    0.1156E-01      56.6    288.5
2014 12 10   344   15  9  0     67.83    0.1188E-01      57.4    288.5
2014 12 10   344   15 10  0     67.75    0.1184E-01      56.5    288.4
2014 12 10   344   15 11  0     67.67    0.1201E-01      56.7    288.7
2014 12 10   344   15 12  0     67.59    0.1222E-01      57.1    288.9
2014 12 10   344   15 13  0     67.51    0.1250E-01      57.9    289.3
2014 12 10   344   15 14  0     67.44    0.1267E-01      58.0    289.1
2014 12 10   344   15 15  0     67.36    0.1275E-01      57.8    289.3
2014 12 10   344   15 16  0     67.29    0.1272E-01      57.2    289.7
2014 12 10   344   15 17  0     67.21    0.1299E-01      57.9    289.8
2014 12 10   344   15 18  0     67.14    0.1320E-01      58.3    290.0
2014 12 10   344   15 19  0     67.06    0.1384E-01      60.8    290.8
2014 12 10   344   15 20  0     66.99    0.1431E-01      62.3    292.4
2014 12 10   344   15 21  0     66.92    0.1461E-01      63.1    292.6
2014 12 10   344   15 22  0     66.85    0.1479E-01      63.2    291.3
2014 12 10   344   15 23  0     66.78    0.1484E-01      62.9    291.3
2014 12 10   344   15 24  0     66.71    0.1502E-01      63.1    291.6
2014 12 10   344   15 25  0     66.64    0.1518E-01      63.2    291.5
2014 12 10   344   15 26  0     66.57    0.1590E-01      65.9    292.1
2014 12 10   344   15 27  0     66.51    0.1647E-01      67.7    292.4
2014 12 10   344   15 28  0     66.44    0.1682E-01      68.6    292.4
2014 12 10   344   15 29  0     66.37    0.1682E-01      68.0    292.5
2014 12 10   344   15 30  0     66.31    0.1686E-01      67.7    292.8
2014 12 10   344   15 31  0     66.24    0.1744E-01      69.6    293.0
2014 12 10   344   15 32  0     66.18    0.1798E-01      71.2    293.0
2014 12 10   344   15 33  0     66.12    0.1823E-01      71.7    293.1
2014 12 10   344   15 34  0     66.06    0.1800E-01      70.4    293.5
2014 12 10   344   15 35  0     65.99    0.1744E-01      67.7    294.5
2014 12 10   344   15 36  0     65.93    0.1772E-01      68.3    294.6
2014 12 10   344   15 37  0     65.87    0.1811E-01      69.3    294.9
2014 12 10   344   15 38  0     65.81    0.1852E-01      70.3    294.9
2014 12 10   344   15 39  0     65.76    0.1901E-01      71.7    295.1
2014 12 10   344   15 40  0     65.70    0.1909E-01      71.6    295.2
2014 12 10   344   15 41  0     65.64    0.1891E-01      70.5    295.5
2014 12 10   344   15 42  0     65.59    0.1882E-01      69.7    295.4
2014 12 10   344   15 43  0     65.53    0.1884E-01      69.3    294.7
2014 12 10   344   15 44  0     65.48    0.1890E-01      69.2    295.1
2014 12 10   344   15 45  0     65.42    0.1846E-01      67.3    295.3
2014 12 10   344   15 46  0     65.37    0.1883E-01      68.2    295.5
2014 12 10   344   15 47  0     65.32    0.1914E-01      68.9    295.7
2014 12 10   344   15 48  0     65.27    0.1869E-01      66.9    295.9
2014 12 10   344   15 49  0     65.22    0.1860E-01      66.3    296.1
2014 12 10   344   15 50  0     65.17    0.1868E-01      66.2    296.5
2014 12 10   344   15 51  0     65.12    0.1797E-01      63.3    296.4
2014 12 10   344   15 52  0     65.07    0.1835E-01      64.4    296.6
2014 12 10   344   15 53  0     65.02    0.1798E-01      62.7    296.7
2014 12 10   344   15 54  0     64.98    0.1774E-01      61.7    297.4
2014 12 10   344   15 55  0     64.93    0.1741E-01      60.1    297.6
2014 12 10   344   15 56  0     64.89    0.1629E-01      56.0    297.6
2014 12 10   344   15 57  0     64.84    0.1666E-01      57.2    298.2
2014 12 10   344   15 58  0     64.80    0.1775E-01      60.7    298.5
2014 12 10   344   15 59  0     64.76    0.1860E-01      63.2    298.6
2014 12 10   344   16  0  0     64.71    0.1794E-01      60.5    298.2
2014 12 10   344   16  1  0     64.67    0.1781E-01      59.9    298.7
2014 12 10   344   16  2  0     64.63    0.1769E-01      59.2    298.8
2014 12 10   344   16  3  0     64.59    0.1598E-01      53.0    298.4
2014 12 10   344   16  4  0     64.56    0.1428E-01      47.1    298.3
2014 12 10   344   16  5  0     64.52    0.1353E-01      44.5    298.4
2014 12 10   344   16  6  0     64.48    0.1426E-01      46.9    299.1
2014 12 10   344   16  7  0     64.45    0.1538E-01      50.4    299.2
2014 12 10   344   16  8  0     64.41    0.1493E-01      48.4    298.5
2014 12 10   344   16  9  0     64.38    0.1351E-01      43.6    298.3
2014 12 10   344   16 10  0     64.34    0.1364E-01      44.1    299.0
2014 12 10   344   16 11  0     64.31    0.1467E-01      47.3    299.6
2014 12 10   344   16 12  0     64.28    0.1416E-01      45.3    299.1
2014 12 10   344   16 13  0     64.25    0.1360E-01      43.6    299.3
2014 12 10   344   16 14  0     64.22    0.1553E-01      49.9    300.3
2014 12 10   344   16 15  0     64.19    0.1538E-01      49.1    300.2
2014 12 10   344   16 16  0     64.16    0.1519E-01      48.5    300.5
2014 12 10   344   16 17  0     64.13    0.1573E-01      50.3    300.8
2014 12 10   344   16 18  0     64.10    0.1605E-01      51.2    301.0
2014 12 10   344   16 19  0     64.08    0.1639E-01      52.3    301.3
2014 12 10   344   16 20  0     64.05    0.1689E-01      53.7    301.3
2014 12 10   344   16 21  0     64.03    0.1651E-01      52.4    301.5
2014 12 10   344   16 22  0     64.00    0.1704E-01      54.1    301.9
2014 12 10   344   16 23  0     63.98    0.1699E-01      53.6    301.6
2014 12 10   344   16 24  0     63.96    0.1619E-01      51.1    302.0
2014 12 10   344   16 25  0     63.94    0.1605E-01      50.6    302.1
2014 12 10   344   16 26  0     63.92    0.1639E-01      51.7    302.6
2014 12 10   344   16 27  0     63.90    0.1625E-01      50.8    302.1
2014 12 10   344   16 28  0     63.88    0.1569E-01      49.1    302.3
2014 12 10   344   16 29  0     63.86    0.1610E-01      50.3    302.3
2014 12 10   344   16 30  0     63.85    0.1616E-01      50.3    302.3
2014 12 10   344   16 31  0     63.83    0.1577E-01      49.1    302.5
2014 12 10   344   16 32  0     63.82    0.1643E-01      51.1    302.8
2014 12 10   344   16 33  0     63.80    0.1695E-01      52.8    303.0
2014 12 10   344   16 34  0     63.79    0.1700E-01      52.9    303.1
2014 12 10   344   16 35  0     63.77    0.1682E-01      52.2    303.1
2014 12 10   344   16 36  0     63.76    0.1652E-01      51.3    303.3
2014 12 10   344   16 37  0     63.75    0.1708E-01      53.0    303.3
2014 12 10   344   16 38  0     63.74    0.1741E-01      53.9    303.1
2014 12 10   344   16 39  0     63.73    0.1686E-01      52.1    303.0
2014 12 10   344   16 40  0     63.72    0.1687E-01      52.3    303.6
2014 12 10   344   16 41  0     63.72    0.1741E-01      53.9    303.9
2014 12 10   344   16 42  0     63.71    0.1712E-01      52.9    303.4
2014 12 10   344   16 43  0     63.70    0.1714E-01      52.8    303.1
2014 12 10   344   16 44  0     63.70    0.1674E-01      51.8    303.7
2014 12 10   344   16 45  0     63.70    0.1745E-01      53.9    303.5
2014 12 10   344   16 46  0     63.69    0.1742E-01      54.0    303.8
2014 12 10   344   16 47  0     63.69    0.1859E-01      57.6    304.1
2014 12 10   344   16 48  0     63.69    0.1838E-01      57.0    304.1
2014 12 10   344   16 49  0     63.69    0.1781E-01      55.3    304.3
2014 12 10   344   16 50  0     63.69    0.1807E-01      56.1    304.2
2014 12 10   344   16 51  0     63.69    0.1795E-01      55.8    304.3
2014 12 10   344   16 52  0     63.69    0.1796E-01      55.8    304.3
2014 12 10   344   16 53  0     63.69    0.1698E-01      52.8    304.5
2014 12 10   344   16 54  0     63.70    0.1805E-01      56.2    304.6
2014 12 10   344   16 55  0     63.70    0.1801E-01      56.2    304.8
2014 12 10   344   16 56  0     63.70    0.1814E-01      56.7    304.9
2014 12 10   344   16 57  0     63.71    0.1822E-01      57.0    304.9
2014 12 10   344   16 58  0     63.72    0.1814E-01      56.7    304.8
2014 12 10   344   16 59  0     63.73    0.1753E-01      54.8    304.9
2014 12 10   344   17  0  0     63.73    0.1725E-01      53.9    304.9
2014 12 10   344   17  1  0     63.74    0.1775E-01      55.7    305.1
2014 12 10   344   17  2  0     63.75    0.1709E-01      53.4    304.7
2014 12 10   344   17  3  0     63.76    0.1578E-01      49.4    304.6
2014 12 10   344   17  4  0     63.78    0.1743E-01      55.1    305.4
2014 12 10   344   17  5  0     63.79    0.1773E-01      56.0    305.2
2014 12 10   344   17  6  0     63.80    0.1750E-01      55.4    305.3
2014 12 10   344   17  7  0     63.82    0.1674E-01      53.0    305.0
2014 12 10   344   17  8  0     63.83    0.1716E-01      54.5    305.0
2014 12 10   344   17  9  0     63.85    0.1713E-01      54.6    305.4
2014 12 10   344   17 10  0     63.87    0.1747E-01      55.9    305.4
2014 12 10   344   17 11  0     63.88    0.1780E-01      56.8    305.1
2014 12 10   344   17 12  0     63.90    0.1616E-01      51.5    304.6
2014 12 10   344   17 13  0     63.92    0.1664E-01      53.6    305.8
2014 12 10   344   17 14  0     63.94    0.1750E-01      56.4    305.4
2014 12 10   344   17 15  0     63.96    0.1857E-01      60.1    305.4
2014 12 10   344   17 16  0     63.99    0.1848E-01      59.9    305.2
2014 12 10   344   17 17  0     64.01    0.1865E-01      60.7    305.3
2014 12 10   344   17 18  0     64.03    0.1814E-01      59.1    304.9
2014 12 10   344   17 19  0     64.06    0.1789E-01      58.6    305.1
2014 12 10   344   17 20  0     64.08    0.1816E-01      59.7    305.0
2014 12 10   344   17 21  0     64.11    0.1802E-01      59.6    305.5
2014 12 10   344   17 22  0     64.14    0.1783E-01      59.3    305.5
2014 12 10   344   17 23  0     64.16    0.1866E-01      62.3    305.5
2014 12 10   344   17 24  0     64.19    0.1762E-01      59.1    305.7
2014 12 10   344   17 25  0     64.22    0.1721E-01      57.9    305.5
2014 12 10   344   17 26  0     64.25    0.1668E-01      56.4    305.5
2014 12 10   344   17 27  0     64.28    0.1816E-01      62.1    306.4
2014 12 10   344   17 28  0     64.31    0.1855E-01      63.5    306.2
2014 12 10   344   17 29  0     64.35    0.1738E-01      59.6    306.0
2014 12 10   344   17 30  0     64.38    0.1719E-01      59.3    305.9
2014 12 10   344   17 31  0     64.42    0.1798E-01      62.2    306.0
2014 12 10   344   17 32  0     64.45    0.1762E-01      61.3    306.1
2014 12 10   344   17 33  0     64.49    0.1809E-01      63.3    306.2
2014 12 10   344   17 34  0     64.52    0.1780E-01      62.6    306.3
2014 12 10   344   17 35  0     64.56    0.1712E-01      60.5    306.2
2014 12 10   344   17 36  0     64.60    0.1745E-01      62.0    306.4
2014 12 10   344   17 37  0     64.64    0.1795E-01      64.0    306.1
2014 12 10   344   17 38  0     64.68    0.1792E-01      64.1    306.0
2014 12 10   344   17 39  0     64.72    0.1770E-01      63.7    306.0
2014 12 10   344   17 40  0     64.76    0.1742E-01      62.9    306.0
2014 12 10   344   17 41  0     64.81    0.1731E-01      62.7    305.6
2014 12 10   344   17 42  0     64.85    0.1692E-01      61.7    305.8
2014 12 10   344   17 43  0     64.89    0.1717E-01      62.9    305.5
2014 12 10   344   17 44  0     64.94    0.1693E-01      62.2    305.2
2014 12 10   344   17 45  0     64.98    0.1685E-01      62.4    305.4
2014 12 10   344   17 46  0     65.03    0.1674E-01      62.4    305.3
2014 12 10   344   17 47  0     65.08    0.1638E-01      61.3    305.1
2014 12 10   344   17 48  0     65.13    0.1643E-01      61.8    304.9
2014 12 10   344   17 49  0     65.17    0.1590E-01      60.2    305.0
2014 12 10   344   17 50  0     65.22    0.1579E-01      60.2    304.9
2014 12 10   344   17 51  0     65.28    0.1612E-01      61.8    304.9
2014 12 10   344   17 52  0     65.33    0.1574E-01      60.5    304.5
2014 12 10   344   17 53  0     65.38    0.1455E-01      56.4    304.3
2014 12 10   344   17 54  0     65.43    0.1513E-01      59.1    304.3
2014 12 10   344   17 55  0     65.48    0.1559E-01      61.2    304.2
2014 12 10   344   17 56  0     65.54    0.1507E-01      59.6    304.0
2014 12 10   344   17 57  0     65.59    0.1531E-01      61.0    304.1
2014 12 10   344   17 58  0     65.65    0.1542E-01      61.8    303.9
2014 12 10   344   17 59  0     65.71    0.1507E-01      60.9    303.9
2014 12 10   344   18  0  0     65.77    0.1502E-01      61.0    303.5
2014 12 10   344   18  1  0     65.82    0.1476E-01      60.4    303.6
2014 12 10   344   18  2  0     65.88    0.1492E-01      61.5    303.5
2014 12 10   344   18  3  0     65.94    0.1493E-01      61.9    303.1
2014 12 10   344   18  4  0     66.00    0.1477E-01      61.6    302.9
2014 12 10   344   18  5  0     66.06    0.1507E-01      63.4    302.8
2014 12 10   344   18  6  0     66.13    0.1446E-01      61.3    302.7
2014 12 10   344   18  7  0     66.19    0.1350E-01      57.9    302.7
2014 12 10   344   18  8  0     66.25    0.1370E-01      59.4    302.9
2014 12 10   344   18  9  0     66.32    0.1527E-01      66.7    302.9
2014 12 10   344   18 10  0     66.38    0.1507E-01      66.1    302.6
2014 12 10   344   18 11  0     66.45    0.1465E-01      64.8    302.5
2014 12 10   344   18 12  0     66.52    0.1415E-01      63.0    301.9
2014 12 10   344   18 13  0     66.58    0.1376E-01      61.7    301.8
2014 12 10   344   18 14  0     66.65    0.1362E-01      61.9    301.7
2014 12 10   344   18 15  0     66.72    0.1368E-01      62.6    301.5
2014 12 10   344   18 16  0     66.79    0.1300E-01      59.9    301.2
2014 12 10   344   18 17  0     66.86    0.1355E-01      63.2    301.5
2014 12 10   344   18 18  0     66.93    0.1352E-01      63.4    300.8
2014 12 10   344   18 19  0     67.00    0.1278E-01      60.7    301.0
2014 12 10   344   18 20  0     67.07    0.1266E-01      60.4    300.0
2014 12 10   344   18 21  0     67.15    0.1258E-01      60.7    300.1
2014 12 10   344   18 22  0     67.22    0.1257E-01      61.4    300.5
2014 12 10   344   18 23  0     67.30    0.1298E-01      64.2    300.7
2014 12 10   344   18 24  0     67.37    0.1284E-01      64.0    300.2
2014 12 10   344   18 25  0     67.45    0.1221E-01      61.5    299.8
2014 12 10   344   18 26  0     67.53    0.1194E-01      61.1    299.9
2014 12 10   344   18 27  0     67.60    0.1298E-01      67.0    299.6
2014 12 10   344   18 28  0     67.68    0.1353E-01      70.5    299.9
2014 12 10   344   18 29  0     67.76    0.1322E-01      69.2    299.1
2014 12 10   344   18 30  0     67.84    0.1278E-01      67.7    298.8
2014 12 10   344   18 31  0     67.92    0.1266E-01      67.7    298.3
2014 12 10   344   18 32  0     68.00    0.1238E-01      67.1    298.1
2014 12 10   344   18 33  0     68.08    0.1154E-01      63.1    297.8
2014 12 10   344   18 34  0     68.16    0.1127E-01      62.3    297.3
2014 12 10   344   18 35  0     68.25    0.1102E-01      61.6    296.9
2014 12 10   344   18 36  0     68.33    0.1079E-01      61.1    297.4
2014 12 10   344   18 37  0     68.42    0.1107E-01      63.6    297.5
2014 12 10   344   18 38  0     68.50    0.1084E-01      63.1    297.2
2014 12 10   344   18 39  0     68.59    0.1022E-01      60.9    297.9
2014 12 10   344   18 40  0     68.67    0.1040E-01      62.9    298.0
2014 12 10   344   18 41  0     68.76    0.1065E-01      65.1    297.8
2014 12 10   344   18 42  0     68.85    0.1087E-01      67.6    298.1
2014 12 10   344   18 43  0     68.94    0.1107E-01      69.5    297.9
2014 12 10   344   18 44  0     69.03    0.1054E-01      67.1    296.9
2014 12 10   344   18 45  0     69.12    0.1006E-01      65.3    297.5
2014 12 10   344   18 46  0     69.21    0.9984E-02      65.2    296.6
2014 12 10   344   18 47  0     69.30    0.9728E-02      64.4    297.3
2014 12 10   344   18 48  0     69.39    0.9670E-02      65.0    297.1
2014 12 10   344   18 49  0     69.48    0.1014E-01      69.5    297.1
2014 12 10   344   18 50  0     69.58    0.1025E-01      71.5    297.9
2014 12 10   344   18 51  0     69.67    0.1030E-01      72.4    296.9
2014 12 10   344   18 52  0     69.76    0.1005E-01      71.7    296.4
2014 12 10   344   18 53  0     69.86    0.9625E-02      69.4    295.8
2014 12 10   344   18 54  0     69.95    0.9789E-02      71.9    295.9
2014 12 10   344   18 55  0     70.05    0.9830E-02      73.2    295.4
2014 12 10   344   18 56  0     70.15    0.9154E-02      68.8    294.5
2014 12 10   344   18 57  0     70.24    0.8698E-02      66.1    293.5
2014 12 10   344   18 58  0     70.34    0.8594E-02      66.2    292.8
2014 12 10   344   18 59  0     70.44    0.8366E-02      65.4    292.6
2014 12 10   344   19  0  0     70.54    0.8447E-02      67.3    292.7
2014 12 10   344   19  1  0     70.64    0.8580E-02      69.3    292.4
2014 12 10   344   19  2  0     70.74    0.8250E-02      67.5    291.7
2014 12 10   344   19  3  0     70.84    0.8022E-02      66.7    292.3
2014 12 10   344   19  4  0     70.94    0.8052E-02      68.2    292.6
2014 12 10   344   19  5  0     71.05    0.8425E-02      72.7    291.5
2014 12 10   344   19  6  0     71.15    0.8713E-02      76.5    291.3
2014 12 10   344   19  7  0     71.25    0.8711E-02      77.8    291.4
2014 12 10   344   19  8  0     71.36    0.8533E-02      77.2    290.1
2014 12 10   344   19  9  0     71.46    0.8219E-02      75.4    289.8
2014 12 10   344   19 10  0     71.57    0.8070E-02      75.3    289.0
2014 12 10   344   19 11  0     71.68    0.8143E-02      77.5    289.6
2014 12 10   344   19 12  0     71.78    0.8110E-02      78.2    288.8
2014 12 10   344   19 13  0     71.89    0.7878E-02      77.0    288.1
2014 12 10   344   19 14  0     72.00    0.7614E-02      75.3    286.8
2014 12 10   344   19 15  0     72.11    0.7435E-02      74.4    285.7
2014 12 10   344   19 16  0     72.21    0.7130E-02      72.3    284.9
2014 12 10   344   19 17  0     72.32    0.6867E-02      70.7    284.4
2014 12 10   344   19 18  0     72.43    0.6858E-02      71.7    283.9
2014 12 10   344   19 19  0     72.54    0.6771E-02      71.8    283.0
2014 12 10   344   19 20  0     72.66    0.6594E-02      71.2    282.9
2014 12 10   344   19 21  0     72.77    0.6461E-02      70.6    281.2
2014 12 10   344   19 22  0     72.88    0.6234E-02      69.2    280.4
2014 12 10   344   19 23  0     72.99    0.6074E-02      68.7    280.0
2014 12 10   344   19 24  0     73.11    0.5975E-02      68.7    279.4
2014 12 10   344   19 25  0     73.22    0.5874E-02      68.6    278.5
2014 12 10   344   19 26  0     73.34    0.5688E-02      67.7    278.1
2014 12 10   344   19 27  0     73.45    0.5477E-02      66.4    277.6
2014 12 10   344   19 28  0     73.57    0.5367E-02      66.4    277.2
2014 12 10   344   19 29  0     73.68    0.5244E-02      66.1    276.5
2014 12 10   344   19 30  0     73.80    0.5132E-02      66.1    276.1
2014 12 10   344   19 31  0     73.92    0.4877E-02      63.7    274.1
2014 12 10   344   19 32  0     74.03    0.4697E-02      62.8    272.8
2014 12 10   344   19 33  0     74.15    0.4763E-02      64.7    271.8
2014 12 10   344   19 34  0     74.27    0.4666E-02      64.6    271.4
2014 12 10   344   19 35  0     74.39    0.4502E-02      63.5    270.7
2014 12 10   344   19 36  0     74.51    0.4282E-02      61.3    268.3
2014 12 10   344   19 37  0     74.63    0.4191E-02      61.0    267.0
2014 12 10   344   19 38  0     74.75    0.4183E-02      62.2    266.7
2014 12 10   344   19 39  0     74.87    0.4085E-02      61.6    264.5
2014 12 10   344   19 40  0     75.00    0.3929E-02      60.6    263.5
2014 12 10   344   19 41  0     75.12    0.3924E-02      62.2    264.4
2014 12 10   344   19 42  0     75.24    0.3980E-02      64.4    263.9
2014 12 10   344   19 43  0     75.36    0.3934E-02      64.8    262.6
2014 12 10   344   19 44  0     75.49    0.3792E-02      63.7    261.3
2014 12 10   344   19 45  0     75.61    0.3706E-02      63.4    259.4
2014 12 10   344   19 46  0     75.74    0.3735E-02      65.7    260.2
2014 12 10   344   19 47  0     75.86    0.3680E-02      66.2    259.4
2014 12 10   344   19 48  0     75.99    0.3688E-02      67.6    257.5
2014 12 10   344   19 49  0     76.12    0.3622E-02      68.0    256.6
2014 12 10   344   19 50  0     76.24    0.3582E-02      69.0    256.1
2014 12 10   344   19 51  0     76.37    0.3497E-02      68.8    254.7
2014 12 10   344   19 52  0     76.50    0.3427E-02      68.9    253.0
2014 12 10   344   19 53  0     76.63    0.3317E-02      68.1    251.3
2014 12 10   344   19 54  0     76.76    0.3161E-02      66.4    250.1
2014 12 10   344   19 55  0     76.89    0.3091E-02      66.3    247.7
2014 12 10   344   19 56  0     77.02    0.3014E-02      66.3    246.5
2014 12 10   344   19 57  0     77.15    0.2981E-02      66.7    243.7
2014 12 10   344   19 58  0     77.28    0.2845E-02      65.6    242.9
2014 12 10   344   19 59  0     77.41    0.2874E-02      68.0    242.2
2014 12 10   344   20  0  0     77.54    0.2857E-02      69.4    241.6
2014 12 10   344   20  1  0     77.67    0.2818E-02      70.0    239.9
2014 12 10   344   20  2  0     77.80    0.2747E-02      69.7    238.4
2014 12 10   344   20  3  0     77.94    0.2655E-02      69.2    237.8
2014 12 10   344   20  4  0     78.07    0.2591E-02      68.7    234.5
2014 12 10   344   20  5  0     78.21    0.2518E-02      67.8    231.8
2014 12 10   344   20  6  0     78.34    0.2434E-02      67.4    230.7
2014 12 10   344   20  7  0     78.47    0.2367E-02      67.4    229.6
2014 12 10   344   20  8  0     78.61    0.2285E-02      66.6    227.1
2014 12 10   344   20  9  0     78.75    0.2203E-02      66.8    228.0
2014 12 10   344   20 10  0     78.88    0.2219E-02      69.2    226.3
2014 12 10   344   20 11  0     79.02    0.2191E-02      70.3    225.5
2014 12 10   344   20 12  0     79.16    0.2121E-02      69.7    223.6
2014 12 10   344   20 13  0     79.29    0.2064E-02      69.6    221.9
2014 12 10   344   20 14  0     79.43    0.1957E-02      67.5    219.7
2014 12 10   344   20 15  0     79.57    0.1849E-02      65.0    216.4
2014 12 10   344   20 16  0     79.71    0.1831E-02      66.0    214.7
2014 12 10   344   20 17  0     79.85    0.1772E-02      65.7    213.3
2014 12 10   344   20 18  0     79.99    0.1719E-02      64.7    209.0
2014 12 10   344   20 19  0     80.13    0.1658E-02      64.3    207.9
2014 12 10   344   20 20  0     80.27    0.1639E-02      65.3    207.0
2014 12 10   344   20 21  0     80.41    0.1566E-02      63.2    202.6
2014 12 10   344   20 22  0     80.55    0.1505E-02      62.3    200.5
2014 12 10   344   20 23  0     80.69    0.1499E-02      63.4    197.2
2014 12 10   344   20 24  0     80.83    0.1448E-02      63.7    197.5
2014 12 10   344   20 25  0     80.97    0.1402E-02      63.1    194.8
2014 12 10   344   20 26  0     81.12    0.1361E-02      62.7    191.3
2014 12 10   344   20 27  0     81.26    0.1299E-02      62.0    190.6
2014 12 10   344   20 28  0     81.40    0.1256E-02      61.1    186.8
2014 12 10   344   20 29  0     81.55    0.1200E-02      59.6    183.2
2014 12 10   344   20 30  0     81.69    0.1149E-02      59.0    181.7
2014 12 10   344   20 31  0     81.84    0.1099E-02      58.0    179.1
2014 12 10   344   20 32  0     81.98    0.1069E-02      57.3    174.8
2014 12 10   344   20 33  0     82.13    0.1056E-02      57.5    170.1
2014 12 10   344   20 34  0     82.27    0.1038E-02      58.0    167.6
2014 12 10   344   20 35  0     82.42    0.1007E-02      57.8    165.2
2014 12 10   344   20 36  0     82.57    0.9652E-03      57.7    164.9
2014 12 10   344   20 37  0     82.71    0.9445E-03      57.8    161.8
2014 12 10   344   20 38  0     82.86    0.9256E-03      57.8    158.0
2014 12 10   344   20 39  0     83.01    0.8945E-03      58.6    158.3
2014 12 10   344   20 40  0     83.16    0.8782E-03      58.9    155.4
2014 12 10   344   20 41  0     83.31    0.8668E-03      58.6    150.3
2014 12 10   344   20 42  0     83.46    0.8425E-03      59.0    148.8
2014 12 10   344   20 43  0     83.60    0.8171E-03      59.3    148.0
2014 12 10   344   20 44  0     83.75    0.8137E-03      59.7    143.0
2014 12 10   344   20 45  0     83.90    0.7822E-03      59.5    141.7
2014 12 10   344   20 46  0     84.05    0.7645E-03      59.1    137.7
2014 12 10   344   20 47  0     84.20    0.7461E-03      58.5    133.7
2014 12 10   344   20 48  0     84.36    0.7264E-03      57.9    130.1
2014 12 10   344   20 49  0     84.51    0.6997E-03      57.4    127.8
2014 12 10   344   20 50  0     84.66    0.6905E-03      57.4    123.4
2014 12 10   344   20 51  0     84.81    0.6740E-03      57.3    120.2
2014 12 10   344   20 52  0     84.96    0.6576E-03      57.0    116.8
2014 12 10   344   20 53  0     85.12    0.6448E-03      56.8    114.4
2014 12 10   344   20 54  0     85.27    0.6212E-03      56.3    112.9
2014 12 10   344   20 55  0     85.42    0.5975E-03      55.5    110.9
2014 12 10   344   20 56  0     85.58    0.5875E-03      54.5    106.7
2014 12 10   344   20 57  0     85.73    0.5723E-03      53.7    103.6
2014 12 10   344   20 58  0     85.88    0.5640E-03      53.2     99.9
2014 12 10   344   20 59  0     86.04    0.5561E-03      52.1     95.3
2014 12 10   344   21  0  0     86.19    0.5452E-03      51.6     92.5
2014 12 10   344   21  1  0     86.35    0.5388E-03      51.2     89.3
2014 12 10   344   21  2  0     86.51    0.5176E-03      50.7     87.8
2014 12 10   344   21  3  0     86.66    0.5136E-03      52.6     87.1
2014 12 10   344   21  4  0     86.82    0.5340E-03      52.4     80.6
2014 12 10   344   21  5  0     86.97    0.5051E-03      52.8     81.0
2014 12 10   344   21  6  0     87.13    0.5112E-03      53.1     77.1
2014 12 10   344   21  7  0     87.29    0.4843E-03      54.2     78.8
2014 12 10   344   21  8  0     87.45    0.4839E-03      54.9     76.3
2014 12 10   344   21  9  0     87.60    0.4716E-03      55.4     75.0
2014 12 10   344   21 10  0     87.76    0.4675E-03      55.8     72.2
2014 12 10   344   21 11  0     87.92    0.4539E-03      56.5     71.1
2014 12 10   344   21 12  0     88.08    0.4733E-03      56.5     65.1
2014 12 10   344   21 13  0     88.24    0.4541E-03      55.8     64.0
2014 12 10   344   21 14  0     88.40    0.4353E-03      54.9     62.4
2014 12 10   344   21 15  0     88.56    0.4302E-03      54.1     58.8
2014 12 10   344   21 16  0     88.72    0.4218E-03      54.6     56.8
2014 12 10   344   21 17  0     88.88    0.4114E-03      54.2     54.2
2014 12 10   344   21 18  0     89.04    0.4123E-03      55.0     51.4
2014 12 10   344   21 19  0     89.20    0.4018E-03      55.1     50.3
2014 12 10   344   21 20  0     89.36    0.3889E-03      54.7     48.9
2014 12 10   344   21 21  0     89.52    0.3970E-03      54.1     44.3
2014 12 10   344   21 22  0     89.68    0.3958E-03      53.0     40.1
2014 12 10   344   21 23  0     89.85    0.3743E-03      52.2     38.6
