                            NILUUV 115

Uvpro Version 2.0
Latitude :   40.74 (North)
Longitude:  -74.03  (West)
Calibration file: cf100603a.115
Height above sea level:    40.0  m
CLT derived from channel 5
CLT scale factor used:   1.0
Ozone derived from channel pair ch3/ch1
Ozone scale factor used:   1.0
Drift factors ch1-ch6:   0.420  0.401  0.576  0.575  0.384  0.908
Ozone profile climatology: Mid  Latitude
Dose type:    CLW    Caldwell Plant 1971           

yyyy mm dd   jul   hh mm ss      SZA     dose rate       clt     Ozone
                              [degrees]   [W/m^2]        [%]     [DU]
2018  5 19   139    0  0  0     89.15    0.9745E-03      51.8     25.0
2018  5 19   139    0  1  0     89.32    0.9746E-03      50.5     23.2
2018  5 19   139    0  2  0     89.50    0.9819E-03      49.2     21.3
2018  5 19   139    0  3  0     89.67    0.9385E-03      47.9     20.5
2018  5 19   139    0  4  0     89.84    0.9706E-03      46.5     17.5
2018  5 19   139    9 41  0     89.98    0.6994E-03       4.3      5.4
2018  5 19   139    9 42  0     89.81    0.6957E-03       4.5      5.8
2018  5 19   139    9 43  0     89.64    0.7002E-03       5.5      6.5
2018  5 19   139    9 44  0     89.47    0.6897E-03       6.1      7.4
2018  5 19   139    9 45  0     89.30    0.7119E-03       7.1      8.0
2018  5 19   139    9 46  0     89.13    0.7091E-03       8.1      9.3
2018  5 19   139    9 47  0     88.95    0.7199E-03       9.0     10.3
2018  5 19   139    9 48  0     88.78    0.7142E-03       8.7     10.9
2018  5 19   139    9 49  0     88.61    0.7260E-03       9.1     11.8
2018  5 19   139    9 50  0     88.44    0.7201E-03       9.7     13.5
2018  5 19   139    9 51  0     88.27    0.7173E-03       9.4     14.2
2018  5 19   139    9 52  0     88.10    0.7180E-03      10.0     15.9
2018  5 19   139    9 53  0     87.93    0.7333E-03      11.6     19.2
2018  5 19   139    9 54  0     87.75    0.7391E-03      12.9     20.8
2018  5 19   139    9 55  0     87.58    0.7252E-03      12.9     22.0
2018  5 19   139    9 56  0     87.41    0.7109E-03      12.1     22.6
2018  5 19   139    9 57  0     87.23    0.7208E-03      12.0     23.3
2018  5 19   139    9 58  0     87.06    0.7546E-03      13.1     24.6
2018  5 19   139    9 59  0     86.89    0.7227E-03      14.1     27.7
2018  5 19   139   10  0  0     86.71    0.7285E-03      14.1     29.1
2018  5 19   139   10  1  0     86.54    0.7465E-03      14.6     30.7
2018  5 19   139   10  2  0     86.37    0.7291E-03      15.3     34.0
2018  5 19   139   10  3  0     86.19    0.7618E-03      15.5     35.1
2018  5 19   139   10  4  0     86.02    0.7395E-03      13.7     35.3
2018  5 19   139   10  5  0     85.84    0.7344E-03      12.8     36.1
2018  5 19   139   10  6  0     85.67    0.7571E-03      13.6     39.3
2018  5 19   139   10  7  0     85.49    0.7562E-03      14.4     41.9
2018  5 19   139   10  8  0     85.32    0.7514E-03      13.7     42.9
2018  5 19   139   10  9  0     85.14    0.7463E-03      14.1     45.6
2018  5 19   139   10 10  0     84.97    0.7523E-03      14.8     48.5
2018  5 19   139   10 11  0     84.79    0.7683E-03      13.7     48.4
2018  5 19   139   10 12  0     84.61    0.7664E-03      13.0     49.6
2018  5 19   139   10 13  0     84.44    0.7577E-03      13.9     54.5
2018  5 19   139   10 14  0     84.26    0.7759E-03      14.1     56.8
2018  5 19   139   10 15  0     84.08    0.8002E-03      15.1     60.6
2018  5 19   139   10 16  0     83.91    0.8102E-03      14.6     61.6
2018  5 19   139   10 17  0     83.73    0.7962E-03      14.0     63.3
2018  5 19   139   10 18  0     83.55    0.7998E-03      14.0     65.6
2018  5 19   139   10 19  0     83.37    0.8148E-03      13.6     66.3
2018  5 19   139   10 20  0     83.20    0.8118E-03      13.0     67.5
2018  5 19   139   10 21  0     83.02    0.8322E-03      12.2     66.9
2018  5 19   139   10 22  0     82.84    0.8144E-03      13.6     74.2
2018  5 19   139   10 23  0     82.66    0.8527E-03      15.7     81.3
2018  5 19   139   10 24  0     82.48    0.8586E-03      15.1     82.5
2018  5 19   139   10 25  0     82.31    0.8396E-03      12.0     77.4
2018  5 19   139   10 26  0     82.13    0.8425E-03      11.6     79.2
2018  5 19   139   10 27  0     81.95    0.8665E-03      12.4     83.1
2018  5 19   139   10 28  0     81.77    0.8726E-03      12.7     86.5
2018  5 19   139   10 29  0     81.59    0.8805E-03      12.9     89.9
2018  5 19   139   10 30  0     81.41    0.9074E-03      14.7     98.4
2018  5 19   139   10 31  0     81.23    0.9067E-03      14.4    100.6
2018  5 19   139   10 32  0     81.05    0.8990E-03      13.1     99.5
2018  5 19   139   10 33  0     80.87    0.9205E-03      13.5    102.3
2018  5 19   139   10 34  0     80.69    0.9694E-03      15.3    109.1
2018  5 19   139   10 35  0     80.51    0.9508E-03      14.1    109.4
2018  5 19   139   10 36  0     80.33    0.9459E-03      13.2    109.3
2018  5 19   139   10 37  0     80.15    0.9905E-03      15.1    117.8
2018  5 19   139   10 38  0     79.97    0.1044E-02      16.0    121.5
2018  5 19   139   10 39  0     79.79    0.9963E-03      14.2    121.1
2018  5 19   139   10 40  0     79.61    0.1008E-02      13.2    119.5
2018  5 19   139   10 41  0     79.43    0.1031E-02      14.1    124.7
2018  5 19   139   10 42  0     79.25    0.1052E-02      14.9    130.5
2018  5 19   139   10 43  0     79.07    0.1087E-02      15.3    133.8
2018  5 19   139   10 44  0     78.88    0.1126E-02      16.2    140.0
2018  5 19   139   10 45  0     78.70    0.1117E-02      15.2    140.0
2018  5 19   139   10 46  0     78.52    0.1139E-02      15.6    144.5
2018  5 19   139   10 47  0     78.34    0.1201E-02      16.2    147.0
2018  5 19   139   10 48  0     78.16    0.1208E-02      15.9    149.6
2018  5 19   139   10 49  0     77.97    0.1182E-02      15.0    151.1
2018  5 19   139   10 50  0     77.79    0.1250E-02      15.7    155.9
2018  5 19   139   10 51  0     77.61    0.1260E-02      15.4    157.9
2018  5 19   139   10 52  0     77.43    0.1305E-02      15.4    159.4
2018  5 19   139   10 53  0     77.24    0.1281E-02      14.6    160.9
2018  5 19   139   10 54  0     77.06    0.1320E-02      15.1    165.0
2018  5 19   139   10 55  0     76.88    0.1326E-02      14.4    165.3
2018  5 19   139   10 56  0     76.69    0.1283E-02      12.8    162.2
2018  5 19   139   10 57  0     76.51    0.1317E-02      13.3    167.1
2018  5 19   139   10 58  0     76.33    0.1315E-02      12.9    169.7
2018  5 19   139   10 59  0     76.14    0.1290E-02      11.6    166.1
2018  5 19   139   11  0  0     75.96    0.1293E-02      11.2    167.2
2018  5 19   139   11  1  0     75.78    0.1369E-02      11.9    171.8
2018  5 19   139   11  2  0     75.59    0.1382E-02      11.8    175.9
2018  5 19   139   11  3  0     75.41    0.1448E-02      12.4    180.0
2018  5 19   139   11  4  0     75.23    0.1457E-02      12.1    181.5
2018  5 19   139   11  5  0     75.04    0.1485E-02      12.2    185.7
2018  5 19   139   11  6  0     74.86    0.1478E-02      11.2    181.7
2018  5 19   139   11  7  0     74.67    0.1677E-02      14.0    196.2
2018  5 19   139   11  8  0     74.49    0.1672E-02      13.2    194.6
2018  5 19   139   11  9  0     74.30    0.1633E-02      12.3    194.5
2018  5 19   139   11 10  0     74.12    0.1763E-02      13.5    201.3
2018  5 19   139   11 11  0     73.93    0.1921E-02      15.0    207.9
2018  5 19   139   11 12  0     73.75    0.2124E-02      16.8    216.0
2018  5 19   139   11 13  0     73.56    0.2212E-02      17.3    219.5
2018  5 19   139   11 14  0     73.38    0.2445E-02      19.2    224.5
2018  5 19   139   11 15  0     73.19    0.2359E-02      17.7    224.1
2018  5 19   139   11 16  0     73.01    0.2224E-02      15.9    222.0
2018  5 19   139   11 17  0     72.82    0.2333E-02      16.3    224.8
2018  5 19   139   11 18  0     72.64    0.2189E-02      14.3    220.9
2018  5 19   139   11 19  0     72.45    0.2315E-02      14.8    222.9
2018  5 19   139   11 20  0     72.26    0.2525E-02      16.1    229.3
2018  5 19   139   11 21  0     72.08    0.2397E-02      14.4    226.8
2018  5 19   139   11 22  0     71.89    0.2680E-02      16.1    232.6
2018  5 19   139   11 23  0     71.71    0.3069E-02      18.5    238.9
2018  5 19   139   11 24  0     71.52    0.3423E-02      20.6    244.0
2018  5 19   139   11 25  0     71.33    0.3366E-02      19.2    242.2
2018  5 19   139   11 26  0     71.15    0.3211E-02      17.5    240.2
2018  5 19   139   11 27  0     70.96    0.3391E-02      18.4    244.9
2018  5 19   139   11 28  0     70.77    0.3309E-02      17.2    244.0
2018  5 19   139   11 29  0     70.59    0.3170E-02      15.9    242.9
2018  5 19   139   11 30  0     70.40    0.3441E-02      17.2    247.8
2018  5 19   139   11 31  0     70.21    0.3531E-02      17.0    246.9
2018  5 19   139   11 32  0     70.03    0.3808E-02      18.1    250.4
2018  5 19   139   11 33  0     69.84    0.4102E-02      19.3    254.8
2018  5 19   139   11 34  0     69.65    0.4096E-02      18.6    253.5
2018  5 19   139   11 35  0     69.47    0.4362E-02      19.5    255.2
2018  5 19   139   11 36  0     69.28    0.4201E-02      18.2    254.4
2018  5 19   139   11 37  0     69.09    0.4304E-02      18.5    257.9
2018  5 19   139   11 38  0     68.90    0.4015E-02      16.6    256.3
2018  5 19   139   11 39  0     68.72    0.4407E-02      18.2    259.4
2018  5 19   139   11 40  0     68.53    0.4547E-02      18.4    262.2
2018  5 19   139   11 41  0     68.34    0.4583E-02      18.1    263.0
2018  5 19   139   11 42  0     68.15    0.4827E-02      18.7    264.5
2018  5 19   139   11 43  0     67.97    0.5174E-02      19.7    265.9
2018  5 19   139   11 44  0     67.78    0.5211E-02      19.2    266.2
2018  5 19   139   11 45  0     67.59    0.5428E-02      19.6    267.4
2018  5 19   139   11 46  0     67.40    0.5930E-02      21.0    269.7
2018  5 19   139   11 47  0     67.21    0.6461E-02      22.3    270.9
2018  5 19   139   11 48  0     67.03    0.6720E-02      22.5    270.7
2018  5 19   139   11 49  0     66.84    0.6664E-02      21.8    271.1
2018  5 19   139   11 50  0     66.65    0.6501E-02      20.8    271.5
2018  5 19   139   11 51  0     66.46    0.6951E-02      21.9    272.5
2018  5 19   139   11 52  0     66.27    0.7513E-02      23.4    274.2
2018  5 19   139   11 53  0     66.08    0.7956E-02      24.2    274.7
2018  5 19   139   11 54  0     65.90    0.8459E-02      25.3    276.1
2018  5 19   139   11 55  0     65.71    0.9574E-02      28.4    277.6
2018  5 19   139   11 56  0     65.52    0.9316E-02      27.0    277.6
2018  5 19   139   11 57  0     65.33    0.9269E-02      26.6    278.5
2018  5 19   139   11 58  0     65.14    0.1030E-01      29.3    279.8
2018  5 19   139   11 59  0     64.95    0.1133E-01      31.8    280.6
2018  5 19   139   12  0  0     64.76    0.1036E-01      28.2    279.8
2018  5 19   139   12  1  0     64.58    0.1051E-01      28.3    280.7
2018  5 19   139   12  2  0     64.39    0.1069E-01      28.3    281.3
2018  5 19   139   12  3  0     64.20    0.1026E-01      26.6    281.3
2018  5 19   139   12  4  0     64.01    0.1109E-01      28.7    283.0
2018  5 19   139   12  5  0     63.82    0.1233E-01      31.3    284.1
2018  5 19   139   12  6  0     63.63    0.1264E-01      31.5    285.3
2018  5 19   139   12  7  0     63.44    0.1221E-01      29.5    284.8
2018  5 19   139   12  8  0     63.25    0.1150E-01      27.0    284.5
2018  5 19   139   12  9  0     63.06    0.1199E-01      27.6    286.0
2018  5 19   139   12 10  0     62.87    0.1224E-01      27.3    286.1
2018  5 19   139   12 11  0     62.69    0.1190E-01      25.9    286.3
2018  5 19   139   12 12  0     62.50    0.1288E-01      27.3    286.6
2018  5 19   139   12 13  0     62.31    0.1433E-01      29.9    287.7
2018  5 19   139   12 14  0     62.12    0.1366E-01      27.7    287.5
2018  5 19   139   12 15  0     61.93    0.1287E-01      25.7    288.3
2018  5 19   139   12 16  0     61.74    0.1179E-01      23.1    288.2
2018  5 19   139   12 17  0     61.55    0.1237E-01      24.1    289.3
2018  5 19   139   12 18  0     61.36    0.1421E-01      27.5    290.6
2018  5 19   139   12 19  0     61.17    0.1493E-01      28.2    290.1
2018  5 19   139   12 20  0     60.98    0.1617E-01      30.2    290.4
2018  5 19   139   12 21  0     60.79    0.1501E-01      27.1    289.0
2018  5 19   139   12 22  0     60.60    0.1488E-01      26.9    290.0
2018  5 19   139   12 23  0     60.41    0.1697E-01      30.3    290.6
2018  5 19   139   12 24  0     60.22    0.1646E-01      29.0    290.7
2018  5 19   139   12 25  0     60.03    0.1628E-01      28.4    291.4
2018  5 19   139   12 26  0     59.84    0.1536E-01      26.5    291.8
2018  5 19   139   12 27  0     59.66    0.1646E-01      28.4    293.8
2018  5 19   139   12 28  0     59.47    0.1741E-01      29.7    295.1
2018  5 19   139   12 29  0     59.28    0.1598E-01      26.7    295.4
2018  5 19   139   12 30  0     59.09    0.1526E-01      25.2    296.3
2018  5 19   139   12 31  0     58.90    0.1552E-01      25.2    297.7
2018  5 19   139   12 32  0     58.71    0.1573E-01      25.3    298.3
2018  5 19   139   12 33  0     58.52    0.1569E-01      24.8    299.1
2018  5 19   139   12 34  0     58.33    0.1654E-01      26.0    299.8
2018  5 19   139   12 35  0     58.14    0.1803E-01      28.0    300.6
2018  5 19   139   12 36  0     57.95    0.1891E-01      29.1    301.2
2018  5 19   139   12 37  0     57.76    0.1953E-01      29.3    300.2
2018  5 19   139   12 38  0     57.57    0.2043E-01      30.2    300.0
2018  5 19   139   12 39  0     57.38    0.2393E-01      34.6    299.6
2018  5 19   139   12 40  0     57.19    0.2722E-01      38.8    299.5
2018  5 19   139   12 41  0     57.00    0.2636E-01      36.7    299.0
2018  5 19   139   12 42  0     56.81    0.2628E-01      36.2    300.0
2018  5 19   139   12 43  0     56.62    0.2615E-01      35.6    300.3
2018  5 19   139   12 44  0     56.43    0.2731E-01      36.8    301.3
2018  5 19   139   12 45  0     56.24    0.2780E-01      36.9    301.7
2018  5 19   139   12 46  0     56.06    0.2532E-01      33.0    301.9
2018  5 19   139   12 47  0     55.87    0.2338E-01      30.2    302.8
2018  5 19   139   12 48  0     55.68    0.2109E-01      26.8    303.5
2018  5 19   139   12 49  0     55.49    0.1867E-01      23.6    305.0
2018  5 19   139   12 50  0     55.30    0.1782E-01      22.4    306.6
2018  5 19   139   12 51  0     55.11    0.1689E-01      21.1    307.6
2018  5 19   139   12 52  0     54.92    0.1691E-01      21.0    309.2
2018  5 19   139   12 53  0     54.73    0.1793E-01      22.1    310.4
2018  5 19   139   12 54  0     54.54    0.2050E-01      24.9    311.0
2018  5 19   139   12 55  0     54.35    0.2260E-01      27.1    311.5
2018  5 19   139   12 56  0     54.16    0.2229E-01      26.2    311.1
2018  5 19   139   12 57  0     53.97    0.2193E-01      25.3    310.9
2018  5 19   139   12 58  0     53.79    0.2280E-01      25.9    311.0
2018  5 19   139   12 59  0     53.60    0.2318E-01      25.8    310.8
2018  5 19   139   13  0  0     53.41    0.2234E-01      24.5    310.7
2018  5 19   139   13  1  0     53.22    0.2611E-01      28.5    311.8
2018  5 19   139   13  2  0     53.03    0.2868E-01      30.8    311.9
2018  5 19   139   13  3  0     52.84    0.2712E-01      28.6    311.5
2018  5 19   139   13  4  0     52.65    0.2347E-01      24.4    311.9
2018  5 19   139   13  5  0     52.46    0.2403E-01      24.6    312.3
2018  5 19   139   13  6  0     52.28    0.2202E-01      22.2    312.1
2018  5 19   139   13  7  0     52.09    0.2452E-01      24.5    312.7
2018  5 19   139   13  8  0     51.90    0.2458E-01      24.1    312.3
2018  5 19   139   13  9  0     51.71    0.2508E-01      24.4    312.7
2018  5 19   139   13 10  0     51.52    0.2702E-01      26.0    313.1
2018  5 19   139   13 11  0     51.33    0.3005E-01      28.6    313.6
2018  5 19   139   13 12  0     51.15    0.2818E-01      26.4    313.1
2018  5 19   139   13 13  0     50.96    0.2984E-01      27.9    315.3
2018  5 19   139   13 14  0     50.77    0.2698E-01      24.8    314.6
2018  5 19   139   13 15  0     50.58    0.2594E-01      23.7    315.9
2018  5 19   139   13 16  0     50.39    0.2462E-01      22.4    317.3
2018  5 19   139   13 17  0     50.21    0.2595E-01      23.4    318.3
2018  5 19   139   13 18  0     50.02    0.2457E-01      21.9    318.1
2018  5 19   139   13 19  0     49.83    0.2773E-01      24.6    319.0
2018  5 19   139   13 20  0     49.64    0.2702E-01      23.5    318.5
2018  5 19   139   13 21  0     49.46    0.2457E-01      21.2    319.2
2018  5 19   139   13 22  0     49.27    0.2683E-01      23.2    320.8
2018  5 19   139   13 23  0     49.08    0.2808E-01      24.4    322.8
2018  5 19   139   13 24  0     48.89    0.2743E-01      23.7    324.3
2018  5 19   139   13 25  0     48.71    0.2372E-01      20.4    325.2
2018  5 19   139   13 26  0     48.52    0.2350E-01      20.2    327.3
2018  5 19   139   13 27  0     48.33    0.2292E-01      19.5    328.2
2018  5 19   139   13 28  0     48.14    0.2323E-01      19.7    329.2
2018  5 19   139   13 29  0     47.96    0.2458E-01      20.5    329.3
2018  5 19   139   13 30  0     47.77    0.2529E-01      20.7    328.4
2018  5 19   139   13 31  0     47.59    0.2764E-01      22.4    327.9
2018  5 19   139   13 32  0     47.40    0.2647E-01      20.9    326.7
2018  5 19   139   13 33  0     47.21    0.2880E-01      22.5    326.6
2018  5 19   139   13 34  0     47.03    0.3035E-01      23.2    325.1
2018  5 19   139   13 35  0     46.84    0.3197E-01      23.9    324.1
2018  5 19   139   13 36  0     46.65    0.3325E-01      24.5    323.1
2018  5 19   139   13 37  0     46.47    0.3464E-01      25.1    322.4
2018  5 19   139   13 38  0     46.28    0.3928E-01      28.2    322.2
2018  5 19   139   13 39  0     46.10    0.4290E-01      30.4    321.6
2018  5 19   139   13 40  0     45.91    0.4044E-01      28.1    321.3
2018  5 19   139   13 41  0     45.73    0.3752E-01      26.0    322.2
2018  5 19   139   13 42  0     45.54    0.3479E-01      24.0    323.2
2018  5 19   139   13 43  0     45.36    0.3481E-01      23.9    324.1
2018  5 19   139   13 44  0     45.17    0.3471E-01      23.5    324.1
2018  5 19   139   13 45  0     44.99    0.3394E-01      22.7    323.8
2018  5 19   139   13 46  0     44.80    0.3148E-01      20.8    323.5
2018  5 19   139   13 47  0     44.62    0.3583E-01      23.6    324.4
2018  5 19   139   13 48  0     44.44    0.3680E-01      23.9    324.1
2018  5 19   139   13 49  0     44.25    0.3634E-01      23.4    324.4
2018  5 19   139   13 50  0     44.07    0.3867E-01      24.6    323.8
2018  5 19   139   13 51  0     43.88    0.3895E-01      24.6    324.2
2018  5 19   139   13 52  0     43.70    0.3867E-01      24.2    325.1
2018  5 19   139   13 53  0     43.52    0.3734E-01      23.3    326.3
2018  5 19   139   13 54  0     43.34    0.3564E-01      22.2    327.5
2018  5 19   139   13 55  0     43.15    0.3288E-01      20.4    328.4
2018  5 19   139   13 56  0     42.97    0.3247E-01      20.0    328.8
2018  5 19   139   13 57  0     42.79    0.3113E-01      18.8    327.7
2018  5 19   139   13 58  0     42.60    0.3353E-01      20.0    326.5
2018  5 19   139   13 59  0     42.42    0.3507E-01      20.5    325.1
2018  5 19   139   14  0  0     42.24    0.3817E-01      22.2    325.6
2018  5 19   139   14  1  0     42.06    0.4156E-01      23.7    323.9
2018  5 19   139   14  2  0     41.88    0.4288E-01      24.1    322.8
2018  5 19   139   14  3  0     41.70    0.4102E-01      22.9    323.6
2018  5 19   139   14  4  0     41.52    0.4075E-01      22.6    324.2
2018  5 19   139   14  5  0     41.33    0.3940E-01      21.5    323.2
2018  5 19   139   14  6  0     41.15    0.3989E-01      21.4    322.0
2018  5 19   139   14  7  0     40.97    0.4475E-01      23.6    320.6
2018  5 19   139   14  8  0     40.79    0.4974E-01      25.9    319.3
2018  5 19   139   14  9  0     40.61    0.5476E-01      28.1    318.1
2018  5 19   139   14 10  0     40.43    0.6176E-01      31.3    317.0
2018  5 19   139   14 11  0     40.25    0.6371E-01      31.9    315.9
2018  5 19   139   14 12  0     40.08    0.6141E-01      30.7    317.0
2018  5 19   139   14 13  0     39.90    0.5476E-01      27.5    319.8
2018  5 19   139   14 14  0     39.72    0.5528E-01      27.9    321.8
2018  5 19   139   14 15  0     39.54    0.6307E-01      31.8    322.3
2018  5 19   139   14 16  0     39.36    0.5934E-01      29.6    322.2
2018  5 19   139   14 17  0     39.18    0.5098E-01      25.3    323.3
2018  5 19   139   14 18  0     39.01    0.5531E-01      27.4    323.9
2018  5 19   139   14 19  0     38.83    0.5651E-01      27.6    323.8
2018  5 19   139   14 20  0     38.65    0.5413E-01      26.2    323.7
2018  5 19   139   14 21  0     38.47    0.5988E-01      28.7    323.3
2018  5 19   139   14 22  0     38.30    0.5517E-01      26.5    324.5
2018  5 19   139   14 23  0     38.12    0.5945E-01      28.4    324.5
2018  5 19   139   14 24  0     37.95    0.5392E-01      25.5    324.4
2018  5 19   139   14 25  0     37.77    0.5475E-01      25.8    325.4
2018  5 19   139   14 26  0     37.60    0.5450E-01      25.6    325.3
2018  5 19   139   14 27  0     37.42    0.5494E-01      25.7    325.5
2018  5 19   139   14 28  0     37.25    0.5586E-01      26.1    326.6
2018  5 19   139   14 29  0     37.07    0.5548E-01      25.8    327.1
2018  5 19   139   14 30  0     36.90    0.5322E-01      24.7    328.7
2018  5 19   139   14 31  0     36.72    0.5298E-01      24.5    329.8
2018  5 19   139   14 32  0     36.55    0.4977E-01      23.1    331.6
2018  5 19   139   14 33  0     36.38    0.4930E-01      22.9    333.0
2018  5 19   139   14 34  0     36.21    0.4532E-01      21.0    334.0
2018  5 19   139   14 35  0     36.03    0.4875E-01      22.3    333.5
2018  5 19   139   14 36  0     35.86    0.4804E-01      21.7    332.4
2018  5 19   139   14 37  0     35.69    0.4597E-01      20.4    331.2
2018  5 19   139   14 38  0     35.52    0.4852E-01      21.4    330.6
2018  5 19   139   14 39  0     35.35    0.5763E-01      24.9    327.4
2018  5 19   139   14 40  0     35.18    0.6100E-01      26.0    326.2
2018  5 19   139   14 41  0     35.01    0.6143E-01      25.8    325.1
2018  5 19   139   14 42  0     34.84    0.6305E-01      26.3    324.7
2018  5 19   139   14 43  0     34.67    0.6501E-01      26.9    325.0
2018  5 19   139   14 44  0     34.51    0.6372E-01      26.5    326.5
2018  5 19   139   14 45  0     34.34    0.5725E-01      23.9    329.3
2018  5 19   139   14 46  0     34.17    0.4773E-01      20.3    333.7
2018  5 19   139   14 47  0     34.00    0.4424E-01      18.9    335.5
2018  5 19   139   14 48  0     33.84    0.4287E-01      18.1    335.2
2018  5 19   139   14 49  0     33.67    0.4530E-01      19.1    335.9
2018  5 19   139   14 50  0     33.51    0.5043E-01      21.1    335.0
2018  5 19   139   14 51  0     33.34    0.5443E-01      22.5    333.5
2018  5 19   139   14 52  0     33.18    0.5564E-01      22.7    332.6
2018  5 19   139   14 53  0     33.01    0.5602E-01      22.9    333.5
2018  5 19   139   14 54  0     32.85    0.5710E-01      23.3    334.5
2018  5 19   139   14 55  0     32.69    0.5385E-01      22.1    337.2
2018  5 19   139   14 56  0     32.52    0.4834E-01      20.1    340.9
2018  5 19   139   14 57  0     32.36    0.4315E-01      18.2    345.1
2018  5 19   139   14 58  0     32.20    0.4049E-01      17.3    348.2
2018  5 19   139   14 59  0     32.04    0.3964E-01      17.0    350.1
2018  5 19   139   15  0  0     31.88    0.3727E-01      16.1    352.4
2018  5 19   139   15  1  0     31.72    0.3563E-01      15.5    354.7
2018  5 19   139   15  2  0     31.56    0.3738E-01      16.2    354.8
2018  5 19   139   15  3  0     31.40    0.3958E-01      16.9    352.3
2018  5 19   139   15  4  0     31.24    0.4202E-01      17.7    351.4
2018  5 19   139   15  5  0     31.09    0.4099E-01      17.2    352.3
2018  5 19   139   15  6  0     30.93    0.4183E-01      17.7    354.3
2018  5 19   139   15  7  0     30.77    0.4201E-01      17.6    354.0
2018  5 19   139   15  8  0     30.62    0.4306E-01      17.8    352.4
2018  5 19   139   15  9  0     30.46    0.4691E-01      19.1    350.7
2018  5 19   139   15 10  0     30.31    0.5045E-01      20.4    349.8
2018  5 19   139   15 11  0     30.16    0.4922E-01      19.8    349.9
2018  5 19   139   15 12  0     30.00    0.4766E-01      19.1    351.2
2018  5 19   139   15 13  0     29.85    0.4790E-01      19.1    350.7
2018  5 19   139   15 14  0     29.70    0.5075E-01      19.9    348.4
2018  5 19   139   15 15  0     29.55    0.5228E-01      20.0    345.8
2018  5 19   139   15 16  0     29.40    0.5173E-01      19.5    343.7
2018  5 19   139   15 17  0     29.25    0.5451E-01      20.2    341.7
2018  5 19   139   15 18  0     29.10    0.5540E-01      20.0    338.2
2018  5 19   139   15 19  0     28.96    0.5683E-01      20.0    334.0
2018  5 19   139   15 20  0     28.81    0.5900E-01      20.4    331.1
2018  5 19   139   15 21  0     28.66    0.6000E-01      20.5    329.8
2018  5 19   139   15 22  0     28.52    0.5763E-01      19.4    329.0
2018  5 19   139   15 23  0     28.37    0.5657E-01      18.9    328.4
2018  5 19   139   15 24  0     28.23    0.5578E-01      18.5    328.0
2018  5 19   139   15 25  0     28.09    0.6063E-01      20.0    327.0
2018  5 19   139   15 26  0     27.95    0.7229E-01      23.6    324.5
2018  5 19   139   15 27  0     27.81    0.7410E-01      23.8    321.6
2018  5 19   139   15 28  0     27.67    0.7850E-01      25.1    321.4
2018  5 19   139   15 29  0     27.53    0.8793E-01      28.0    321.3
2018  5 19   139   15 30  0     27.39    0.7497E-01      23.5    321.3
2018  5 19   139   15 31  0     27.25    0.7320E-01      23.1    323.5
2018  5 19   139   15 32  0     27.12    0.7626E-01      24.2    324.4
2018  5 19   139   15 33  0     26.98    0.8643E-01      27.3    324.1
2018  5 19   139   15 34  0     26.85    0.9538E-01      29.9    323.3
2018  5 19   139   15 35  0     26.71    0.9377E-01      29.3    323.4
2018  5 19   139   15 36  0     26.58    0.8309E-01      26.0    323.9
2018  5 19   139   15 37  0     26.45    0.8352E-01      26.2    324.4
2018  5 19   139   15 38  0     26.32    0.7795E-01      24.4    324.6
2018  5 19   139   15 39  0     26.19    0.7999E-01      25.0    325.4
2018  5 19   139   15 40  0     26.06    0.7435E-01      23.3    327.4
2018  5 19   139   15 41  0     25.94    0.8655E-01      27.6    330.8
2018  5 19   139   15 42  0     25.81    0.8270E-01      26.6    332.9
2018  5 19   139   15 43  0     25.69    0.7625E-01      24.9    336.2
2018  5 19   139   15 44  0     25.56    0.7575E-01      25.0    338.9
2018  5 19   139   15 45  0     25.44    0.8167E-01      27.4    341.5
2018  5 19   139   15 46  0     25.32    0.7603E-01      25.8    343.9
2018  5 19   139   15 47  0     25.20    0.6925E-01      23.8    346.9
2018  5 19   139   15 48  0     25.08    0.7084E-01      24.7    348.9
2018  5 19   139   15 49  0     24.96    0.6671E-01      23.2    349.7
2018  5 19   139   15 50  0     24.85    0.7153E-01      25.3    351.9
2018  5 19   139   15 51  0     24.73    0.7016E-01      24.9    352.9
2018  5 19   139   15 52  0     24.62    0.7494E-01      26.8    354.4
2018  5 19   139   15 53  0     24.51    0.7201E-01      25.6    353.7
2018  5 19   139   15 54  0     24.40    0.6890E-01      24.4    353.4
2018  5 19   139   15 55  0     24.29    0.6371E-01      22.4    353.8
2018  5 19   139   15 56  0     24.18    0.6040E-01      21.3    355.1
2018  5 19   139   15 57  0     24.07    0.6213E-01      22.0    355.8
2018  5 19   139   15 58  0     23.97    0.6764E-01      23.7    354.0
2018  5 19   139   15 59  0     23.86    0.6606E-01      22.8    352.0
2018  5 19   139   16  0  0     23.76    0.7031E-01      24.4    353.2
2018  5 19   139   16  1  0     23.66    0.6685E-01      23.3    354.7
2018  5 19   139   16  2  0     23.56    0.6694E-01      23.5    356.7
2018  5 19   139   16  3  0     23.46    0.6827E-01      24.0    357.2
2018  5 19   139   16  4  0     23.37    0.7528E-01      26.3    355.5
2018  5 19   139   16  5  0     23.27    0.7397E-01      25.6    354.0
2018  5 19   139   16  6  0     23.18    0.7800E-01      26.7    352.5
2018  5 19   139   16  7  0     23.09    0.8777E-01      29.6    349.9
2018  5 19   139   16  8  0     23.00    0.8472E-01      28.0    346.9
2018  5 19   139   16  9  0     22.91    0.8759E-01      28.6    345.4
2018  5 19   139   16 10  0     22.82    0.1065E+00      34.7    344.5
2018  5 19   139   16 11  0     22.74    0.8956E-01      28.8    344.1
2018  5 19   139   16 12  0     22.65    0.7602E-01      24.6    345.8
2018  5 19   139   16 13  0     22.57    0.7644E-01      24.5    344.7
2018  5 19   139   16 14  0     22.49    0.7506E-01      23.9    344.5
2018  5 19   139   16 15  0     22.41    0.7241E-01      22.9    344.0
2018  5 19   139   16 16  0     22.34    0.7357E-01      23.5    345.8
2018  5 19   139   16 17  0     22.26    0.7591E-01      24.0    344.3
2018  5 19   139   16 18  0     22.19    0.7472E-01      23.4    342.8
2018  5 19   139   16 19  0     22.12    0.8458E-01      26.2    340.2
2018  5 19   139   16 20  0     22.05    0.8619E-01      26.2    337.2
2018  5 19   139   16 21  0     21.98    0.8114E-01      24.3    335.5
2018  5 19   139   16 22  0     21.91    0.6919E-01      20.3    332.5
2018  5 19   139   16 23  0     21.85    0.6251E-01      18.4    333.6
2018  5 19   139   16 24  0     21.79    0.6057E-01      17.7    331.9
2018  5 19   139   16 25  0     21.73    0.7055E-01      20.3    329.4
2018  5 19   139   16 26  0     21.67    0.9230E-01      26.3    327.0
2018  5 19   139   16 27  0     21.61    0.1346E+00      38.1    323.9
2018  5 19   139   16 28  0     21.56    0.1644E+00      45.8    320.7
2018  5 19   139   16 29  0     21.51    0.1709E+00      47.2    320.0
2018  5 19   139   16 30  0     21.46    0.1267E+00      34.8    320.8
2018  5 19   139   16 31  0     21.41    0.9155E-01      25.4    324.1
2018  5 19   139   16 32  0     21.36    0.8751E-01      24.8    329.0
2018  5 19   139   16 33  0     21.32    0.8789E-01      25.2    331.6
2018  5 19   139   16 34  0     21.28    0.9356E-01      27.0    332.9
2018  5 19   139   16 35  0     21.24    0.1037E+00      29.8    332.1
2018  5 19   139   16 36  0     21.20    0.1037E+00      29.9    332.4
2018  5 19   139   16 37  0     21.16    0.9529E-01      27.3    332.7
2018  5 19   139   16 38  0     21.13    0.7119E-01      20.4    334.0
2018  5 19   139   16 39  0     21.10    0.5891E-01      17.1    336.6
2018  5 19   139   16 40  0     21.07    0.6188E-01      18.0    337.1
2018  5 19   139   16 41  0     21.04    0.6261E-01      18.3    337.4
2018  5 19   139   16 42  0     21.02    0.6820E-01      20.0    338.9
2018  5 19   139   16 43  0     20.99    0.6357E-01      18.8    341.0
2018  5 19   139   16 44  0     20.97    0.7376E-01      21.7    340.5
2018  5 19   139   16 45  0     20.95    0.6632E-01      19.4    339.8
2018  5 19   139   16 46  0     20.94    0.8024E-01      23.4    339.4
2018  5 19   139   16 47  0     20.92    0.7848E-01      22.7    338.6
2018  5 19   139   16 48  0     20.91    0.8884E-01      26.4    342.1
2018  5 19   139   16 49  0     20.90    0.8949E-01      26.4    341.2
2018  5 19   139   16 50  0     20.89    0.6372E-01      18.8    342.4
2018  5 19   139   16 51  0     20.88    0.4739E-01      14.2    347.0
2018  5 19   139   16 52  0     20.88    0.4446E-01      14.0    354.5
2018  5 19   139   16 53  0     20.88    0.5262E-01      17.0    359.1
2018  5 19   139   16 54  0     20.88    0.4821E-01      16.0    362.9
2018  5 19   139   16 55  0     20.88    0.5212E-01      17.6    365.9
2018  5 19   139   16 56  0     20.89    0.5412E-01      18.4    365.9
2018  5 19   139   16 57  0     20.89    0.6393E-01      21.7    364.2
2018  5 19   139   16 58  0     20.90    0.6134E-01      20.6    361.4
2018  5 19   139   16 59  0     20.92    0.6592E-01      21.9    359.2
2018  5 19   139   17  0  0     20.93    0.5207E-01      17.0    357.6
2018  5 19   139   17  1  0     20.95    0.4472E-01      14.7    358.8
2018  5 19   139   17  2  0     20.96    0.5051E-01      16.6    357.3
2018  5 19   139   17  3  0     20.98    0.5482E-01      17.9    355.8
2018  5 19   139   17  4  0     21.01    0.5198E-01      16.8    353.6
2018  5 19   139   17  5  0     21.03    0.5132E-01      16.5    353.7
2018  5 19   139   17  6  0     21.06    0.4912E-01      15.9    354.9
2018  5 19   139   17  7  0     21.09    0.5253E-01      17.1    355.1
2018  5 19   139   17  8  0     21.12    0.5318E-01      17.3    355.9
2018  5 19   139   17  9  0     21.15    0.5475E-01      18.0    357.5
2018  5 19   139   17 10  0     21.19    0.5239E-01      17.3    358.0
2018  5 19   139   17 11  0     21.22    0.4335E-01      14.2    358.1
2018  5 19   139   17 12  0     21.26    0.3248E-01      10.5    357.1
2018  5 19   139   17 13  0     21.30    0.3856E-01      12.6    357.4
2018  5 19   139   17 14  0     21.35    0.4624E-01      15.0    356.5
2018  5 19   139   17 15  0     21.39    0.4057E-01      13.3    358.2
2018  5 19   139   17 16  0     21.44    0.4014E-01      13.5    362.4
2018  5 19   139   17 17  0     21.49    0.4648E-01      15.8    363.5
2018  5 19   139   17 18  0     21.54    0.4423E-01      15.0    363.5
2018  5 19   139   17 19  0     21.59    0.4401E-01      15.2    365.6
2018  5 19   139   17 20  0     21.65    0.4646E-01      16.2    366.3
2018  5 19   139   17 21  0     21.71    0.5067E-01      17.7    366.2
2018  5 19   139   17 22  0     21.77    0.5215E-01      18.1    365.2
2018  5 19   139   17 23  0     21.83    0.5229E-01      18.0    364.0
2018  5 19   139   17 24  0     21.89    0.5989E-01      20.5    362.8
2018  5 19   139   17 25  0     21.96    0.6727E-01      22.8    360.0
2018  5 19   139   17 26  0     22.02    0.7462E-01      25.2    358.2
2018  5 19   139   17 27  0     22.09    0.8703E-01      29.1    355.0
2018  5 19   139   17 28  0     22.16    0.7177E-01      23.7    353.5
2018  5 19   139   17 29  0     22.23    0.6422E-01      21.2    352.8
2018  5 19   139   17 30  0     22.31    0.8428E-01      27.9    350.6
2018  5 19   139   17 31  0     22.38    0.1128E+00      36.6    344.7
2018  5 19   139   17 32  0     22.46    0.1251E+00      39.7    340.3
2018  5 19   139   17 33  0     22.54    0.1064E+00      33.4    339.2
2018  5 19   139   17 34  0     22.62    0.9454E-01      30.1    341.8
2018  5 19   139   17 35  0     22.71    0.9615E-01      30.9    343.4
2018  5 19   139   17 36  0     22.79    0.8807E-01      28.6    345.5
2018  5 19   139   17 37  0     22.88    0.8341E-01      27.3    346.3
2018  5 19   139   17 38  0     22.96    0.8705E-01      28.5    345.8
2018  5 19   139   17 39  0     23.05    0.8512E-01      27.4    343.6
2018  5 19   139   17 40  0     23.15    0.6416E-01      20.6    344.0
2018  5 19   139   17 41  0     23.24    0.5349E-01      17.4    346.3
2018  5 19   139   17 42  0     23.33    0.5527E-01      18.3    349.2
2018  5 19   139   17 43  0     23.43    0.5874E-01      19.8    351.5
2018  5 19   139   17 44  0     23.52    0.6409E-01      21.9    352.8
2018  5 19   139   17 45  0     23.62    0.6525E-01      22.4    352.9
2018  5 19   139   17 46  0     23.72    0.6520E-01      22.5    353.0
2018  5 19   139   17 47  0     23.83    0.6867E-01      24.0    354.0
2018  5 19   139   17 48  0     23.93    0.7770E-01      27.3    354.4
2018  5 19   139   17 49  0     24.03    0.7929E-01      28.0    354.6
2018  5 19   139   17 50  0     24.14    0.7573E-01      26.8    354.6
2018  5 19   139   17 51  0     24.25    0.7142E-01      25.4    355.6
2018  5 19   139   17 52  0     24.36    0.6708E-01      24.0    356.3
2018  5 19   139   17 53  0     24.47    0.6676E-01      24.1    357.3
2018  5 19   139   17 54  0     24.58    0.6432E-01      23.2    356.7
2018  5 19   139   17 55  0     24.69    0.6293E-01      22.6    355.6
2018  5 19   139   17 56  0     24.81    0.6365E-01      22.9    355.0
2018  5 19   139   17 57  0     24.92    0.7082E-01      25.4    353.2
2018  5 19   139   17 58  0     25.04    0.7458E-01      26.5    350.6
2018  5 19   139   17 59  0     25.16    0.7005E-01      24.7    348.5
2018  5 19   139   18  0  0     25.28    0.6700E-01      23.5    348.0
2018  5 19   139   18  1  0     25.40    0.6834E-01      24.1    348.7
2018  5 19   139   18  2  0     25.52    0.6573E-01      23.2    349.9
2018  5 19   139   18  3  0     25.64    0.6652E-01      23.9    352.3
2018  5 19   139   18  4  0     25.76    0.6664E-01      24.2    353.3
2018  5 19   139   18  5  0     25.89    0.5984E-01      21.9    355.3
2018  5 19   139   18  6  0     26.02    0.6575E-01      24.5    357.2
2018  5 19   139   18  7  0     26.14    0.7294E-01      27.3    357.2
2018  5 19   139   18  8  0     26.27    0.7057E-01      26.4    356.9
2018  5 19   139   18  9  0     26.40    0.6132E-01      22.9    357.3
2018  5 19   139   18 10  0     26.53    0.6072E-01      22.9    358.5
2018  5 19   139   18 11  0     26.66    0.6241E-01      23.8    359.4
2018  5 19   139   18 12  0     26.80    0.6283E-01      24.0    359.5
2018  5 19   139   18 13  0     26.93    0.5570E-01      21.2    359.1
2018  5 19   139   18 14  0     27.07    0.5602E-01      21.4    358.4
2018  5 19   139   18 15  0     27.20    0.6293E-01      23.9    355.9
2018  5 19   139   18 16  0     27.34    0.6850E-01      25.7    352.3
2018  5 19   139   18 17  0     27.47    0.8218E-01      30.5    347.2
2018  5 19   139   18 18  0     27.61    0.8524E-01      31.1    342.2
2018  5 19   139   18 19  0     27.75    0.8170E-01      29.1    338.5
2018  5 19   139   18 20  0     27.89    0.8115E-01      28.4    335.5
2018  5 19   139   18 21  0     28.03    0.9049E-01      31.6    333.0
2018  5 19   139   18 22  0     28.18    0.9028E-01      31.4    329.4
2018  5 19   139   18 23  0     28.32    0.9542E-01      32.8    326.8
2018  5 19   139   18 24  0     28.46    0.8626E-01      29.3    325.0
2018  5 19   139   18 25  0     28.61    0.9018E-01      30.4    322.8
2018  5 19   139   18 26  0     28.75    0.1041E+00      34.3    319.4
2018  5 19   139   18 27  0     28.90    0.1012E+00      32.9    316.7
2018  5 19   139   18 28  0     29.05    0.1017E+00      33.4    313.4
2018  5 19   139   18 29  0     29.20    0.1019E+00      33.2    310.6
2018  5 19   139   18 30  0     29.34    0.9418E-01      29.6    312.1
2018  5 19   139   18 31  0     29.49    0.1094E+00      35.5    310.1
2018  5 19   139   18 32  0     29.64    0.1167E+00      38.1    307.7
2018  5 19   139   18 33  0     29.79    0.1067E+00      34.5    308.0
2018  5 19   139   18 34  0     29.95    0.9365E-01      30.1    308.9
2018  5 19   139   18 35  0     30.10    0.8597E-01      27.4    310.4
2018  5 19   139   18 36  0     30.25    0.7890E-01      24.8    313.0
2018  5 19   139   18 37  0     30.41    0.7685E-01      24.3    316.1
2018  5 19   139   18 38  0     30.56    0.7702E-01      25.3    319.6
2018  5 19   139   18 39  0     30.71    0.8077E-01      27.2    319.6
2018  5 19   139   18 40  0     30.87    0.7833E-01      26.6    318.7
2018  5 19   139   18 41  0     31.03    0.7049E-01      24.2    319.6
2018  5 19   139   18 42  0     31.18    0.7354E-01      26.3    321.4
2018  5 19   139   18 43  0     31.34    0.8904E-01      32.3    320.8
2018  5 19   139   18 44  0     31.50    0.8288E-01      30.1    319.6
2018  5 19   139   18 45  0     31.66    0.7398E-01      26.7    319.8
2018  5 19   139   18 46  0     31.82    0.6456E-01      23.3    320.6
2018  5 19   139   18 47  0     31.98    0.6029E-01      22.0    321.8
2018  5 19   139   18 48  0     32.14    0.5872E-01      21.8    321.1
2018  5 19   139   18 49  0     32.30    0.7684E-01      28.7    319.3
2018  5 19   139   18 50  0     32.46    0.8202E-01      30.0    317.5
2018  5 19   139   18 51  0     32.62    0.6602E-01      23.8    318.1
2018  5 19   139   18 52  0     32.78    0.5574E-01      20.4    320.2
2018  5 19   139   18 53  0     32.95    0.5772E-01      21.7    321.3
2018  5 19   139   18 54  0     33.11    0.5858E-01      22.0    320.2
2018  5 19   139   18 55  0     33.28    0.5599E-01      20.8    320.3
2018  5 19   139   18 56  0     33.44    0.5773E-01      21.7    321.6
2018  5 19   139   18 57  0     33.61    0.6653E-01      25.5    321.5
2018  5 19   139   18 58  0     33.77    0.7057E-01      27.0    319.7
2018  5 19   139   18 59  0     33.94    0.5819E-01      22.1    320.4
2018  5 19   139   19  0  0     34.10    0.5223E-01      20.6    325.8
2018  5 19   139   19  1  0     34.27    0.5512E-01      22.4    329.2
2018  5 19   139   19  2  0     34.44    0.5264E-01      21.5    328.5
2018  5 19   139   19  3  0     34.61    0.4980E-01      20.2    327.5
2018  5 19   139   19  4  0     34.78    0.5561E-01      22.7    328.0
2018  5 19   139   19  5  0     34.95    0.6342E-01      26.0    327.5
2018  5 19   139   19  6  0     35.11    0.7004E-01      29.2    326.4
2018  5 19   139   19  7  0     35.28    0.7052E-01      29.3    323.9
2018  5 19   139   19  8  0     35.45    0.6693E-01      27.7    323.2
2018  5 19   139   19  9  0     35.62    0.6344E-01      26.4    323.2
2018  5 19   139   19 10  0     35.80    0.6390E-01      27.1    323.5
2018  5 19   139   19 11  0     35.97    0.6421E-01      27.6    322.5
2018  5 19   139   19 12  0     36.14    0.7333E-01      31.7    319.3
2018  5 19   139   19 13  0     36.31    0.9063E-01      39.2    315.9
2018  5 19   139   19 14  0     36.48    0.8551E-01      36.4    313.9
2018  5 19   139   19 15  0     36.66    0.7643E-01      32.6    313.8
2018  5 19   139   19 16  0     36.83    0.7873E-01      33.5    312.1
2018  5 19   139   19 17  0     37.00    0.7218E-01      30.4    310.3
2018  5 19   139   19 18  0     37.18    0.6425E-01      27.0    310.0
2018  5 19   139   19 19  0     37.35    0.6725E-01      28.6    310.5
2018  5 19   139   19 20  0     37.53    0.7664E-01      32.7    310.0
2018  5 19   139   19 21  0     37.70    0.7512E-01      31.9    309.0
2018  5 19   139   19 22  0     37.88    0.7018E-01      30.0    308.8
2018  5 19   139   19 23  0     38.05    0.6711E-01      28.5    308.8
2018  5 19   139   19 24  0     38.23    0.5322E-01      22.5    308.5
2018  5 19   139   19 25  0     38.40    0.5333E-01      23.3    309.5
2018  5 19   139   19 26  0     38.58    0.7022E-01      30.4    308.3
2018  5 19   139   19 27  0     38.76    0.5969E-01      25.4    308.7
2018  5 19   139   19 28  0     38.93    0.4851E-01      20.9    311.3
2018  5 19   139   19 29  0     39.11    0.4249E-01      18.6    314.0
2018  5 19   139   19 30  0     39.29    0.4744E-01      21.3    315.9
2018  5 19   139   19 31  0     39.47    0.4382E-01      20.0    317.3
2018  5 19   139   19 32  0     39.65    0.4921E-01      23.2    319.5
2018  5 19   139   19 33  0     39.82    0.4542E-01      21.7    319.4
2018  5 19   139   19 34  0     40.00    0.4848E-01      23.7    319.8
2018  5 19   139   19 35  0     40.18    0.5101E-01      25.0    317.9
2018  5 19   139   19 36  0     40.36    0.4677E-01      23.1    316.9
2018  5 19   139   19 37  0     40.54    0.4888E-01      24.6    316.1
2018  5 19   139   19 38  0     40.72    0.4718E-01      23.7    313.7
2018  5 19   139   19 39  0     40.90    0.4361E-01      22.0    313.1
2018  5 19   139   19 40  0     41.08    0.4308E-01      21.9    313.4
2018  5 19   139   19 41  0     41.26    0.4644E-01      23.6    313.0
2018  5 19   139   19 42  0     41.44    0.4709E-01      24.0    311.7
2018  5 19   139   19 43  0     41.62    0.5211E-01      26.6    311.5
2018  5 19   139   19 44  0     41.80    0.5071E-01      25.6    310.4
2018  5 19   139   19 45  0     41.98    0.4793E-01      24.2    311.1
2018  5 19   139   19 46  0     42.17    0.5071E-01      25.8    311.8
2018  5 19   139   19 47  0     42.35    0.5482E-01      28.7    311.4
2018  5 19   139   19 48  0     42.53    0.5638E-01      29.8    309.9
2018  5 19   139   19 49  0     42.71    0.5155E-01      27.5    309.2
2018  5 19   139   19 50  0     42.89    0.5091E-01      27.5    308.5
2018  5 19   139   19 51  0     43.08    0.5086E-01      27.7    308.0
2018  5 19   139   19 52  0     43.26    0.4961E-01      27.4    308.3
2018  5 19   139   19 53  0     43.44    0.5074E-01      28.2    307.5
2018  5 19   139   19 54  0     43.62    0.4913E-01      27.2    306.5
2018  5 19   139   19 55  0     43.81    0.4781E-01      26.6    305.4
2018  5 19   139   19 56  0     43.99    0.5086E-01      28.8    304.6
2018  5 19   139   19 57  0     44.17    0.5466E-01      31.2    303.4
2018  5 19   139   19 58  0     44.36    0.5731E-01      32.8    302.7
2018  5 19   139   19 59  0     44.54    0.5322E-01      30.3    302.5
2018  5 19   139   20  0  0     44.73    0.5337E-01      30.6    302.6
2018  5 19   139   20  1  0     44.91    0.5347E-01      30.6    302.4
2018  5 19   139   20  2  0     45.10    0.4554E-01      26.0    302.6
2018  5 19   139   20  3  0     45.28    0.4009E-01      23.3    303.7
2018  5 19   139   20  4  0     45.46    0.3973E-01      23.8    304.7
2018  5 19   139   20  5  0     45.65    0.4168E-01      25.6    304.5
2018  5 19   139   20  6  0     45.83    0.4157E-01      25.4    303.7
2018  5 19   139   20  7  0     46.02    0.3929E-01      23.8    303.3
2018  5 19   139   20  8  0     46.21    0.3539E-01      21.6    303.3
2018  5 19   139   20  9  0     46.39    0.3295E-01      20.6    303.7
2018  5 19   139   20 10  0     46.58    0.3358E-01      21.4    303.8
2018  5 19   139   20 11  0     46.76    0.3476E-01      22.4    303.0
2018  5 19   139   20 12  0     46.95    0.3590E-01      23.2    302.2
2018  5 19   139   20 13  0     47.13    0.3818E-01      25.0    302.3
2018  5 19   139   20 14  0     47.32    0.3452E-01      22.7    301.8
2018  5 19   139   20 15  0     47.51    0.3503E-01      22.9    301.6
2018  5 19   139   20 16  0     47.69    0.3550E-01      23.4    300.6
2018  5 19   139   20 17  0     47.88    0.3633E-01      24.1    300.0
2018  5 19   139   20 18  0     48.07    0.3816E-01      25.0    298.8
2018  5 19   139   20 19  0     48.25    0.3732E-01      24.1    297.9
2018  5 19   139   20 20  0     48.44    0.3495E-01      22.5    298.4
2018  5 19   139   20 21  0     48.63    0.3657E-01      24.2    299.3
2018  5 19   139   20 22  0     48.81    0.3860E-01      25.9    298.6
2018  5 19   139   20 23  0     49.00    0.3703E-01      25.0    298.2
2018  5 19   139   20 24  0     49.19    0.3896E-01      26.9    298.5
2018  5 19   139   20 25  0     49.37    0.4054E-01      28.4    299.1
2018  5 19   139   20 26  0     49.56    0.3571E-01      25.6    300.2
2018  5 19   139   20 27  0     49.75    0.3372E-01      25.3    301.6
2018  5 19   139   20 28  0     49.94    0.3345E-01      25.9    301.8
2018  5 19   139   20 29  0     50.12    0.3456E-01      27.1    301.1
2018  5 19   139   20 30  0     50.31    0.3517E-01      27.4    300.0
2018  5 19   139   20 31  0     50.50    0.3396E-01      26.5    299.1
2018  5 19   139   20 32  0     50.69    0.3345E-01      26.1    297.9
2018  5 19   139   20 33  0     50.87    0.3273E-01      25.7    297.4
2018  5 19   139   20 34  0     51.06    0.3330E-01      26.6    296.2
2018  5 19   139   20 35  0     51.25    0.3315E-01      27.0    295.6
2018  5 19   139   20 36  0     51.44    0.3091E-01      25.6    296.1
2018  5 19   139   20 37  0     51.63    0.2887E-01      24.9    296.9
2018  5 19   139   20 38  0     51.82    0.3224E-01      29.0    296.8
2018  5 19   139   20 39  0     52.00    0.3310E-01      29.9    294.7
2018  5 19   139   20 40  0     52.19    0.3423E-01      30.6    293.4
2018  5 19   139   20 41  0     52.38    0.3374E-01      29.7    292.4
2018  5 19   139   20 42  0     52.57    0.3228E-01      28.7    293.2
2018  5 19   139   20 43  0     52.76    0.2765E-01      25.0    293.9
2018  5 19   139   20 44  0     52.95    0.2270E-01      20.3    293.4
2018  5 19   139   20 45  0     53.13    0.2008E-01      17.5    293.3
2018  5 19   139   20 46  0     53.32    0.1908E-01      16.4    293.4
2018  5 19   139   20 47  0     53.51    0.1847E-01      16.0    294.3
2018  5 19   139   20 48  0     53.70    0.1817E-01      16.0    294.6
2018  5 19   139   20 49  0     53.89    0.1811E-01      16.1    294.7
2018  5 19   139   20 50  0     54.08    0.1711E-01      15.4    293.9
2018  5 19   139   20 51  0     54.27    0.1610E-01      14.7    293.6
2018  5 19   139   20 52  0     54.46    0.1513E-01      14.2    294.4
2018  5 19   139   20 53  0     54.64    0.1499E-01      14.4    294.6
2018  5 19   139   20 54  0     54.83    0.1477E-01      14.4    293.7
2018  5 19   139   20 55  0     55.02    0.1508E-01      15.2    293.5
2018  5 19   139   20 56  0     55.21    0.1486E-01      15.5    293.9
2018  5 19   139   20 57  0     55.40    0.1489E-01      16.1    294.4
2018  5 19   139   20 58  0     55.59    0.1510E-01      16.9    294.8
2018  5 19   139   20 59  0     55.78    0.1533E-01      17.5    293.6
2018  5 19   139   21  0  0     55.97    0.1552E-01      18.3    294.6
2018  5 19   139   21  1  0     56.16    0.1659E-01      20.3    294.2
2018  5 19   139   21  2  0     56.35    0.1576E-01      19.4    293.2
2018  5 19   139   21  3  0     56.54    0.1595E-01      19.4    291.9
2018  5 19   139   21  4  0     56.73    0.1630E-01      19.6    290.1
2018  5 19   139   21  5  0     56.91    0.1633E-01      19.5    288.5
2018  5 19   139   21  6  0     57.10    0.1557E-01      18.7    287.7
2018  5 19   139   21  7  0     57.29    0.1584E-01      19.1    287.0
2018  5 19   139   21  8  0     57.48    0.1748E-01      21.7    286.6
2018  5 19   139   21  9  0     57.67    0.1804E-01      23.1    286.4
2018  5 19   139   21 10  0     57.86    0.1835E-01      24.0    286.3
2018  5 19   139   21 11  0     58.05    0.1763E-01      23.2    286.3
2018  5 19   139   21 12  0     58.24    0.1684E-01      22.8    286.8
2018  5 19   139   21 13  0     58.43    0.1651E-01      23.1    287.8
2018  5 19   139   21 14  0     58.62    0.1583E-01      22.7    287.7
2018  5 19   139   21 15  0     58.81    0.1466E-01      21.6    287.9
2018  5 19   139   21 16  0     59.00    0.1437E-01      21.7    287.5
2018  5 19   139   21 17  0     59.19    0.1315E-01      20.1    286.5
2018  5 19   139   21 18  0     59.38    0.1217E-01      19.0    286.7
2018  5 19   139   21 19  0     59.57    0.1203E-01      18.9    286.1
2018  5 19   139   21 20  0     59.75    0.1151E-01      18.0    285.5
2018  5 19   139   21 21  0     59.94    0.1120E-01      17.7    286.0
2018  5 19   139   21 22  0     60.13    0.1166E-01      18.8    287.4
2018  5 19   139   21 23  0     60.32    0.1171E-01      19.3    287.7
2018  5 19   139   21 24  0     60.51    0.1075E-01      18.1    287.9
2018  5 19   139   21 25  0     60.70    0.1013E-01      17.5    287.8
2018  5 19   139   21 26  0     60.89    0.1021E-01      18.2    289.1
2018  5 19   139   21 27  0     61.08    0.1006E-01      18.4    289.3
2018  5 19   139   21 28  0     61.27    0.9646E-02      18.0    289.0
2018  5 19   139   21 29  0     61.46    0.9681E-02      18.5    288.7
2018  5 19   139   21 30  0     61.65    0.8874E-02      17.1    287.4
2018  5 19   139   21 31  0     61.84    0.8144E-02      16.0    286.1
2018  5 19   139   21 32  0     62.02    0.7559E-02      15.2    285.9
2018  5 19   139   21 33  0     62.21    0.7337E-02      15.2    286.1
2018  5 19   139   21 34  0     62.40    0.7493E-02      15.9    286.5
2018  5 19   139   21 35  0     62.59    0.7792E-02      17.0    287.1
2018  5 19   139   21 36  0     62.78    0.7600E-02      16.9    287.0
2018  5 19   139   21 37  0     62.97    0.7715E-02      17.4    285.4
2018  5 19   139   21 38  0     63.16    0.7383E-02      16.7    283.1
2018  5 19   139   21 39  0     63.35    0.6619E-02      15.0    280.8
2018  5 19   139   21 40  0     63.54    0.6434E-02      14.7    279.2
2018  5 19   139   21 41  0     63.73    0.6927E-02      16.1    279.4
2018  5 19   139   21 42  0     63.91    0.6841E-02      16.1    278.2
2018  5 19   139   21 43  0     64.10    0.6463E-02      15.5    276.2
2018  5 19   139   21 44  0     64.29    0.6745E-02      16.6    276.7
2018  5 19   139   21 45  0     64.48    0.7042E-02      17.7    277.0
2018  5 19   139   21 46  0     64.67    0.7418E-02      19.3    278.0
2018  5 19   139   21 47  0     64.86    0.6995E-02      18.4    276.8
2018  5 19   139   21 48  0     65.05    0.6312E-02      16.8    273.3
2018  5 19   139   21 49  0     65.23    0.6041E-02      16.4    272.1
2018  5 19   139   21 50  0     65.42    0.6175E-02      17.2    272.9
2018  5 19   139   21 51  0     65.61    0.6271E-02      17.8    271.7
2018  5 19   139   21 52  0     65.80    0.6204E-02      17.8    269.7
2018  5 19   139   21 53  0     65.99    0.6531E-02      19.2    269.9
2018  5 19   139   21 54  0     66.18    0.6065E-02      18.1    267.7
2018  5 19   139   21 55  0     66.36    0.5633E-02      17.0    265.3
2018  5 19   139   21 56  0     66.55    0.5802E-02      17.8    265.3
2018  5 19   139   21 57  0     66.74    0.5723E-02      17.7    263.7
2018  5 19   139   21 58  0     66.93    0.5879E-02      18.6    262.9
2018  5 19   139   21 59  0     67.12    0.6258E-02      20.1    263.1
2018  5 19   139   22  0  0     67.30    0.6312E-02      20.4    262.1
2018  5 19   139   22  1  0     67.49    0.5991E-02      19.7    261.0
2018  5 19   139   22  2  0     67.68    0.5135E-02      16.9    256.6
2018  5 19   139   22  3  0     67.87    0.4375E-02      14.6    250.9
2018  5 19   139   22  4  0     68.05    0.4448E-02      15.5    251.0
2018  5 19   139   22  5  0     68.24    0.4363E-02      15.8    251.2
2018  5 19   139   22  6  0     68.43    0.4317E-02      16.3    252.0
2018  5 19   139   22  7  0     68.62    0.4024E-02      15.2    248.4
2018  5 19   139   22  8  0     68.80    0.4014E-02      15.3    246.5
2018  5 19   139   22  9  0     68.99    0.4106E-02      16.1    248.1
2018  5 19   139   22 10  0     69.18    0.4512E-02      18.3    250.1
2018  5 19   139   22 11  0     69.37    0.4954E-02      20.5    250.8
2018  5 19   139   22 12  0     69.55    0.4963E-02      21.2    250.5
2018  5 19   139   22 13  0     69.74    0.4931E-02      21.8    250.5
2018  5 19   139   22 14  0     69.93    0.4737E-02      21.5    249.2
2018  5 19   139   22 15  0     70.11    0.4448E-02      20.4    245.4
2018  5 19   139   22 16  0     70.30    0.4347E-02      20.5    244.5
2018  5 19   139   22 17  0     70.49    0.4408E-02      21.6    244.3
2018  5 19   139   22 18  0     70.67    0.4476E-02      22.7    243.8
2018  5 19   139   22 19  0     70.86    0.4498E-02      23.8    245.2
2018  5 19   139   22 20  0     71.05    0.4522E-02      24.5    243.9
2018  5 19   139   22 21  0     71.23    0.4491E-02      25.2    243.7
2018  5 19   139   22 22  0     71.42    0.4650E-02      27.2    244.5
2018  5 19   139   22 23  0     71.60    0.4478E-02      26.5    241.4
2018  5 19   139   22 24  0     71.79    0.4215E-02      25.3    239.0
2018  5 19   139   22 25  0     71.98    0.3972E-02      24.5    236.9
2018  5 19   139   22 26  0     72.16    0.4072E-02      26.0    237.0
2018  5 19   139   22 27  0     72.35    0.4339E-02      29.1    239.4
2018  5 19   139   22 28  0     72.53    0.4367E-02      30.8    240.7
2018  5 19   139   22 29  0     72.72    0.4323E-02      31.6    239.6
2018  5 19   139   22 30  0     72.90    0.4231E-02      31.9    237.5
2018  5 19   139   22 31  0     73.09    0.4218E-02      32.4    236.2
2018  5 19   139   22 32  0     73.27    0.3828E-02      29.1    230.5
2018  5 19   139   22 33  0     73.46    0.3939E-02      31.1    231.6
2018  5 19   139   22 34  0     73.64    0.4118E-02      33.1    231.8
2018  5 19   139   22 35  0     73.83    0.3980E-02      32.2    229.4
2018  5 19   139   22 36  0     74.01    0.3831E-02      31.3    225.3
2018  5 19   139   22 37  0     74.20    0.3534E-02      29.2    222.1
2018  5 19   139   22 38  0     74.38    0.3259E-02      26.8    217.6
2018  5 19   139   22 39  0     74.57    0.2970E-02      24.1    210.0
2018  5 19   139   22 40  0     74.75    0.2835E-02      23.1    207.9
2018  5 19   139   22 41  0     74.93    0.2793E-02      22.9    205.9
2018  5 19   139   22 42  0     75.12    0.2758E-02      22.9    204.0
2018  5 19   139   22 43  0     75.30    0.2701E-02      22.5    201.3
2018  5 19   139   22 44  0     75.49    0.2627E-02      21.8    198.3
2018  5 19   139   22 45  0     75.67    0.2418E-02      19.8    191.5
2018  5 19   139   22 46  0     75.85    0.2295E-02      19.1    188.9
2018  5 19   139   22 47  0     76.04    0.2226E-02      18.2    184.1
2018  5 19   139   22 48  0     76.22    0.2017E-02      15.9    176.3
2018  5 19   139   22 49  0     76.40    0.1861E-02      14.1    168.3
2018  5 19   139   22 50  0     76.59    0.1798E-02      13.5    163.7
2018  5 19   139   22 51  0     76.77    0.1730E-02      13.1    161.7
2018  5 19   139   22 52  0     76.95    0.1745E-02      13.5    161.0
2018  5 19   139   22 53  0     77.14    0.1797E-02      14.5    161.4
2018  5 19   139   22 54  0     77.32    0.1804E-02      15.4    163.4
2018  5 19   139   22 55  0     77.50    0.1850E-02      16.0    161.4
2018  5 19   139   22 56  0     77.68    0.1826E-02      16.6    161.6
2018  5 19   139   22 57  0     77.86    0.1847E-02      17.3    159.5
2018  5 19   139   22 58  0     78.05    0.1823E-02      17.8    157.6
2018  5 19   139   22 59  0     78.23    0.1814E-02      18.6    156.5
2018  5 19   139   23  0  0     78.41    0.1829E-02      19.9    157.5
2018  5 19   139   23  1  0     78.59    0.1891E-02      22.1    158.0
2018  5 19   139   23  2  0     78.77    0.1925E-02      24.7    160.1
2018  5 19   139   23  3  0     78.95    0.1879E-02      25.3    158.4
2018  5 19   139   23  4  0     79.13    0.1823E-02      24.9    152.9
2018  5 19   139   23  5  0     79.32    0.1865E-02      27.6    155.2
2018  5 19   139   23  6  0     79.50    0.1865E-02      28.3    152.4
2018  5 19   139   23  7  0     79.68    0.1798E-02      29.5    155.0
2018  5 19   139   23  8  0     79.86    0.1721E-02      27.8    146.3
2018  5 19   139   23  9  0     80.04    0.1646E-02      27.8    143.2
2018  5 19   139   23 10  0     80.22    0.1629E-02      29.4    142.7
2018  5 19   139   23 11  0     80.40    0.1585E-02      30.4    141.3
2018  5 19   139   23 12  0     80.58    0.1579E-02      32.2    140.4
2018  5 19   139   23 13  0     80.76    0.1556E-02      32.5    136.6
2018  5 19   139   23 14  0     80.94    0.1538E-02      33.7    134.6
2018  5 19   139   23 15  0     81.12    0.1505E-02      33.8    130.3
2018  5 19   139   23 16  0     81.30    0.1460E-02      32.6    125.3
2018  5 19   139   23 17  0     81.48    0.1415E-02      33.1    124.1
2018  5 19   139   23 18  0     81.65    0.1399E-02      33.3    120.8
2018  5 19   139   23 19  0     81.83    0.1341E-02      32.3    117.4
2018  5 19   139   23 20  0     82.01    0.1295E-02      30.4    111.0
2018  5 19   139   23 21  0     82.19    0.1233E-02      28.3    106.0
2018  5 19   139   23 22  0     82.37    0.1213E-02      28.2    103.3
2018  5 19   139   23 23  0     82.55    0.1206E-02      28.4    100.7
2018  5 19   139   23 24  0     82.72    0.1191E-02      28.4     98.2
2018  5 19   139   23 25  0     82.90    0.1162E-02      27.5     93.3
2018  5 19   139   23 26  0     83.08    0.1144E-02      26.2     88.4
2018  5 19   139   23 27  0     83.26    0.1116E-02      26.1     86.3
2018  5 19   139   23 28  0     83.43    0.1091E-02      26.7     85.5
2018  5 19   139   23 29  0     83.61    0.1110E-02      27.7     83.3
2018  5 19   139   23 30  0     83.79    0.1083E-02      27.6     81.6
2018  5 19   139   23 31  0     83.96    0.1063E-02      26.9     79.0
2018  5 19   139   23 32  0     84.14    0.1042E-02      26.5     75.8
2018  5 19   139   23 33  0     84.32    0.1059E-02      26.0     71.3
2018  5 19   139   23 34  0     84.49    0.1031E-02      24.8     67.7
2018  5 19   139   23 35  0     84.67    0.1016E-02      24.6     65.1
2018  5 19   139   23 36  0     84.84    0.9940E-03      25.4     64.1
2018  5 19   139   23 37  0     85.02    0.9892E-03      25.7     61.9
2018  5 19   139   23 38  0     85.20    0.9949E-03      25.6     59.3
2018  5 19   139   23 39  0     85.37    0.9860E-03      26.4     57.2
2018  5 19   139   23 40  0     85.55    0.9938E-03      28.3     56.2
2018  5 19   139   23 41  0     85.72    0.9858E-03      29.1     54.4
2018  5 19   139   23 42  0     85.89    0.1004E-02      28.3     50.1
2018  5 19   139   23 43  0     86.07    0.9749E-03      27.0     47.4
2018  5 19   139   23 44  0     86.24    0.9717E-03      25.3     43.9
2018  5 19   139   23 45  0     86.42    0.9554E-03      23.6     41.1
2018  5 19   139   23 46  0     86.59    0.9418E-03      23.4     39.6
2018  5 19   139   23 47  0     86.76    0.9259E-03      23.2     38.2
2018  5 19   139   23 48  0     86.94    0.9351E-03      23.7     35.1
2018  5 19   139   23 49  0     87.11    0.9478E-03      24.4     33.2
2018  5 19   139   23 50  0     87.28    0.9221E-03      22.7     30.5
2018  5 19   139   23 51  0     87.46    0.9402E-03      21.2     27.1
2018  5 19   139   23 52  0     87.63    0.8899E-03      20.7     26.2
2018  5 19   139   23 53  0     87.80    0.8961E-03      20.9     24.7
2018  5 19   139   23 54  0     87.97    0.9220E-03      22.0     23.3
2018  5 19   139   23 55  0     88.14    0.8992E-03      23.2     23.2
2018  5 19   139   23 56  0     88.32    0.9052E-03      23.3     21.9
2018  5 19   139   23 57  0     88.49    0.8969E-03      23.0     20.8
2018  5 19   139   23 58  0     88.66    0.8969E-03      23.5     20.0
2018  5 19   139   23 59  0     88.83    0.8906E-03      24.2     19.3
