                            NILUUV 115

Uvpro Version 2.0
Latitude :   40.74 (North)
Longitude:  -74.03  (West)
Calibration file: cf100603a.115
Height above sea level:    40.0  m
CLT derived from channel 5
CLT scale factor used:   1.0
Ozone derived from channel pair ch3/ch1
Ozone scale factor used:   1.0
Drift factors ch1-ch6:   0.422  0.398  0.575  0.573  0.380  0.918
Ozone profile climatology: Mid  Latitude
Dose type:    CLW    Caldwell Plant 1971           

yyyy mm dd   jul   hh mm ss      SZA     dose rate       clt     Ozone
                              [degrees]   [W/m^2]        [%]     [DU]
2018  9 30   273   10 57  0     89.92    0.9164E-03      25.2      9.7
2018  9 30   273   10 58  0     89.73    0.9165E-03      27.8     11.4
2018  9 30   273   10 59  0     89.54    0.9265E-03      30.3     13.0
2018  9 30   273   11  0  0     89.35    0.9383E-03      32.8     14.8
2018  9 30   273   11  1  0     89.16    0.9467E-03      35.3     17.0
2018  9 30   273   11  2  0     88.98    0.9533E-03      37.8     19.6
2018  9 30   273   11  3  0     88.79    0.9580E-03      39.8     21.4
2018  9 30   273   11  4  0     88.60    0.9640E-03      41.7     23.2
2018  9 30   273   11  5  0     88.41    0.9697E-03      43.7     25.3
2018  9 30   273   11  6  0     88.22    0.1013E-02      45.8     26.6
2018  9 30   273   11  7  0     88.03    0.1010E-02      47.8     29.0
2018  9 30   273   11  8  0     87.85    0.1032E-02      49.5     31.2
2018  9 30   273   11  9  0     87.66    0.1035E-02      51.2     34.1
2018  9 30   273   11 10  0     87.47    0.1057E-02      52.8     36.7
2018  9 30   273   11 11  0     87.28    0.1043E-02      54.4     40.4
2018  9 30   273   11 12  0     87.09    0.1074E-02      55.9     42.3
2018  9 30   273   11 13  0     86.91    0.1109E-02      57.3     44.3
2018  9 30   273   11 14  0     86.72    0.1110E-02      58.5     47.3
2018  9 30   273   11 15  0     86.53    0.1131E-02      59.8     50.0
2018  9 30   273   11 16  0     86.34    0.1138E-02      61.2     53.4
2018  9 30   273   11 17  0     86.15    0.1153E-02      62.4     56.7
2018  9 30   273   11 18  0     85.96    0.1174E-02      63.6     60.0
2018  9 30   273   11 19  0     85.78    0.1188E-02      64.6     62.9
2018  9 30   273   11 20  0     85.59    0.1211E-02      65.6     65.8
2018  9 30   273   11 21  0     85.40    0.1210E-02      66.6     69.6
2018  9 30   273   11 22  0     85.21    0.1245E-02      67.7     72.4
2018  9 30   273   11 23  0     85.03    0.1246E-02      68.6     76.6
2018  9 30   273   11 24  0     84.84    0.1271E-02      69.1     80.2
2018  9 30   273   11 25  0     84.65    0.1280E-02      69.8     83.8
2018  9 30   273   11 26  0     84.47    0.1326E-02      70.4     86.2
2018  9 30   273   11 27  0     84.28    0.1349E-02      71.0     89.5
2018  9 30   273   11 28  0     84.09    0.1369E-02      71.6     93.2
2018  9 30   273   11 29  0     83.90    0.1404E-02      72.3     97.4
2018  9 30   273   11 30  0     83.72    0.1457E-02      73.0     99.6
2018  9 30   273   11 31  0     83.53    0.1471E-02      73.8    103.3
2018  9 30   273   11 32  0     83.34    0.1502E-02      74.5    106.7
2018  9 30   273   11 33  0     83.16    0.1545E-02      75.2    109.7
2018  9 30   273   11 34  0     82.97    0.1574E-02      75.8    114.0
2018  9 30   273   11 35  0     82.78    0.1629E-02      76.1    116.8
2018  9 30   273   11 36  0     82.60    0.1658E-02      76.5    120.9
2018  9 30   273   11 37  0     82.41    0.1704E-02      76.9    124.5
2018  9 30   273   11 38  0     82.23    0.1737E-02      77.4    128.8
2018  9 30   273   11 39  0     82.04    0.1787E-02      77.7    132.5
2018  9 30   273   11 40  0     81.85    0.1853E-02      78.1    136.1
2018  9 30   273   11 41  0     81.67    0.1922E-02      78.3    139.1
2018  9 30   273   11 42  0     81.48    0.1973E-02      78.6    143.0
2018  9 30   273   11 43  0     81.30    0.2031E-02      78.9    146.8
2018  9 30   273   11 44  0     81.11    0.2082E-02      79.2    151.2
2018  9 30   273   11 45  0     80.93    0.2145E-02      79.5    155.9
2018  9 30   273   11 46  0     80.74    0.2217E-02      79.7    159.2
2018  9 30   273   11 47  0     80.56    0.2315E-02      79.9    161.6
2018  9 30   273   11 48  0     80.37    0.2385E-02      80.1    165.3
2018  9 30   273   11 49  0     80.19    0.2476E-02      80.4    168.3
2018  9 30   273   11 50  0     80.00    0.2542E-02      80.7    172.7
2018  9 30   273   11 51  0     79.82    0.2624E-02      80.9    177.1
2018  9 30   273   11 52  0     79.63    0.2759E-02      81.1    178.3
2018  9 30   273   11 53  0     79.45    0.2833E-02      81.4    182.3
2018  9 30   273   11 54  0     79.26    0.2915E-02      81.7    186.2
2018  9 30   273   11 55  0     79.08    0.3033E-02      82.0    188.5
2018  9 30   273   11 56  0     78.90    0.3158E-02      82.3    190.9
2018  9 30   273   11 57  0     78.71    0.3237E-02      82.5    196.2
2018  9 30   273   11 58  0     78.53    0.3376E-02      82.8    198.0
2018  9 30   273   11 59  0     78.34    0.3490E-02      83.1    200.9
2018  9 30   273   12  0  0     78.16    0.3642E-02      83.3    202.4
2018  9 30   273   12  1  0     77.98    0.3764E-02      83.5    205.3
2018  9 30   273   12  2  0     77.79    0.3876E-02      83.8    208.9
2018  9 30   273   12  3  0     77.61    0.4042E-02      84.0    210.6
2018  9 30   273   12  4  0     77.43    0.4178E-02      84.2    213.4
2018  9 30   273   12  5  0     77.25    0.4326E-02      84.5    216.1
2018  9 30   273   12  6  0     77.06    0.4492E-02      84.9    218.2
2018  9 30   273   12  7  0     76.88    0.4640E-02      85.2    221.0
2018  9 30   273   12  8  0     76.70    0.4786E-02      85.7    224.0
2018  9 30   273   12  9  0     76.52    0.4988E-02      86.2    225.1
2018  9 30   273   12 10  0     76.34    0.5151E-02      86.6    227.7
2018  9 30   273   12 11  0     76.15    0.5343E-02      87.0    229.4
2018  9 30   273   12 12  0     75.97    0.5518E-02      87.5    233.1
2018  9 30   273   12 13  0     75.79    0.5711E-02      87.7    234.9
2018  9 30   273   12 14  0     75.61    0.5920E-02      88.0    236.4
2018  9 30   273   12 15  0     75.43    0.6113E-02      88.5    238.6
2018  9 30   273   12 16  0     75.25    0.6326E-02      88.9    240.1
2018  9 30   273   12 17  0     75.07    0.6549E-02      89.3    241.6
2018  9 30   273   12 18  0     74.89    0.6775E-02      89.5    243.1
2018  9 30   273   12 19  0     74.71    0.6994E-02      89.7    245.0
2018  9 30   273   12 20  0     74.53    0.7224E-02      90.0    246.7
2018  9 30   273   12 21  0     74.35    0.7478E-02      89.9    247.8
2018  9 30   273   12 22  0     74.17    0.7743E-02      90.0    248.6
2018  9 30   273   12 23  0     73.99    0.7986E-02      90.2    251.8
2018  9 30   273   12 24  0     73.81    0.8272E-02      90.5    251.1
2018  9 30   273   12 25  0     73.63    0.8512E-02      90.9    254.4
2018  9 30   273   12 26  0     73.45    0.8795E-02      91.2    254.6
2018  9 30   273   12 27  0     73.27    0.9078E-02      91.6    255.9
2018  9 30   273   12 28  0     73.09    0.9344E-02      91.8    257.6
2018  9 30   273   12 29  0     72.91    0.9663E-02      92.0    258.5
2018  9 30   273   12 30  0     72.73    0.9973E-02      92.1    259.4
2018  9 30   273   12 31  0     72.56    0.1028E-01      92.4    260.5
2018  9 30   273   12 32  0     72.38    0.1059E-01      92.6    261.4
2018  9 30   273   12 33  0     72.20    0.1093E-01      92.8    261.9
2018  9 30   273   12 34  0     72.02    0.1126E-01      93.0    262.9
2018  9 30   273   12 35  0     71.85    0.1161E-01      93.1    263.6
2018  9 30   273   12 36  0     71.67    0.1197E-01      93.4    264.4
2018  9 30   273   12 37  0     71.49    0.1233E-01      93.8    265.2
2018  9 30   273   12 38  0     71.32    0.1270E-01      94.4    266.0
2018  9 30   273   12 39  0     71.14    0.1307E-01      94.5    266.7
2018  9 30   273   12 40  0     70.96    0.1344E-01      94.6    267.5
2018  9 30   273   12 41  0     70.79    0.1382E-01      94.7    268.2
2018  9 30   273   12 42  0     70.61    0.1423E-01      95.2    268.6
2018  9 30   273   12 43  0     70.44    0.1463E-01      95.6    269.5
2018  9 30   273   12 44  0     70.26    0.1505E-01      95.8    270.0
2018  9 30   273   12 45  0     70.09    0.1547E-01      96.2    270.6
2018  9 30   273   12 46  0     69.91    0.1590E-01      96.5    272.6
2018  9 30   273   12 47  0     69.74    0.1637E-01      96.8    271.5
2018  9 30   273   12 48  0     69.56    0.1682E-01      97.2    272.2
2018  9 30   273   12 49  0     69.39    0.1728E-01      97.4    272.6
2018  9 30   273   12 50  0     69.22    0.1774E-01      97.6    273.3
2018  9 30   273   12 51  0     69.04    0.1820E-01      97.7    273.7
2018  9 30   273   12 52  0     68.87    0.1871E-01      98.0    275.1
2018  9 30   273   12 53  0     68.70    0.1924E-01      98.5    275.4
2018  9 30   273   12 54  0     68.52    0.1977E-01      98.9    275.7
2018  9 30   273   12 55  0     68.35    0.2029E-01      99.0    275.3
2018  9 30   273   12 56  0     68.18    0.2084E-01      99.3    275.6
2018  9 30   273   12 57  0     68.01    0.2139E-01      99.5    276.0
2018  9 30   273   12 58  0     67.84    0.2196E-01     100.2    277.1
2018  9 30   273   12 59  0     67.66    0.2256E-01     100.8    277.3
2018  9 30   273   13  0  0     67.49    0.2311E-01     100.8    277.7
2018  9 30   273   13  1  0     67.32    0.2367E-01     100.6    277.8
2018  9 30   273   13  2  0     67.15    0.2424E-01     100.9    277.7
2018  9 30   273   13  3  0     66.98    0.2486E-01     101.2    278.3
2018  9 30   273   13  4  0     66.81    0.2548E-01     101.2    278.4
2018  9 30   273   13  5  0     66.64    0.2609E-01     101.4    278.8
2018  9 30   273   13  6  0     66.47    0.2674E-01     102.0    279.1
2018  9 30   273   13  7  0     66.30    0.2741E-01     102.4    279.4
2018  9 30   273   13  8  0     66.14    0.2805E-01     102.5    279.5
2018  9 30   273   13  9  0     65.97    0.2871E-01     102.9    279.7
2018  9 30   273   13 10  0     65.80    0.2934E-01     103.1    279.9
2018  9 30   273   13 11  0     65.63    0.3001E-01     103.7    280.3
2018  9 30   273   13 12  0     65.46    0.3075E-01     104.3    280.3
2018  9 30   273   13 13  0     65.30    0.3139E-01     104.3    280.5
2018  9 30   273   13 14  0     65.13    0.3204E-01     104.2    280.6
2018  9 30   273   13 15  0     64.96    0.3276E-01     104.9    280.8
2018  9 30   273   13 16  0     64.80    0.3348E-01     105.3    281.1
2018  9 30   273   13 17  0     64.63    0.3427E-01     106.1    281.3
2018  9 30   273   13 18  0     64.47    0.3488E-01     105.6    281.4
2018  9 30   273   13 19  0     64.30    0.3554E-01     105.5    281.4
2018  9 30   273   13 20  0     64.13    0.3621E-01     105.5    281.6
2018  9 30   273   13 21  0     63.97    0.3683E-01     105.0    281.7
2018  9 30   273   13 22  0     63.81    0.3750E-01     104.8    281.8
2018  9 30   273   13 23  0     63.64    0.3820E-01     105.0    282.1
2018  9 30   273   13 24  0     63.48    0.3887E-01     104.4    282.0
2018  9 30   273   13 25  0     63.32    0.3940E-01     103.4    282.0
2018  9 30   273   13 26  0     63.15    0.4002E-01     102.6    281.9
2018  9 30   273   13 27  0     62.99    0.4071E-01     102.4    282.1
2018  9 30   273   13 28  0     62.83    0.4159E-01     103.4    282.4
2018  9 30   273   13 29  0     62.67    0.4240E-01     103.8    282.6
2018  9 30   273   13 30  0     62.51    0.4312E-01     103.5    282.6
2018  9 30   273   13 31  0     62.34    0.4381E-01     103.1    282.6
2018  9 30   273   13 32  0     62.18    0.4449E-01     102.6    282.6
2018  9 30   273   13 33  0     62.02    0.4514E-01     101.7    282.6
2018  9 30   273   13 34  0     61.86    0.4599E-01     102.0    282.8
2018  9 30   273   13 35  0     61.70    0.4674E-01     101.3    282.8
2018  9 30   273   13 36  0     61.55    0.4788E-01     103.1    283.0
2018  9 30   273   13 37  0     61.39    0.4921E-01     105.6    283.4
2018  9 30   273   13 38  0     61.23    0.5011E-01     105.8    283.5
2018  9 30   273   13 39  0     61.07    0.5091E-01     105.4    283.4
2018  9 30   273   13 40  0     60.91    0.5185E-01     105.8    283.5
2018  9 30   273   13 41  0     60.76    0.5286E-01     106.4    283.7
2018  9 30   273   13 42  0     60.60    0.5394E-01     107.2    283.8
2018  9 30   273   13 43  0     60.44    0.5496E-01     107.7    284.0
2018  9 30   273   13 44  0     60.29    0.5605E-01     108.3    283.9
2018  9 30   273   13 45  0     60.13    0.5712E-01     108.8    284.0
2018  9 30   273   13 46  0     59.98    0.5806E-01     108.6    284.0
2018  9 30   273   13 47  0     59.82    0.5915E-01     109.1    284.0
2018  9 30   273   13 48  0     59.67    0.6009E-01     108.8    284.0
2018  9 30   273   13 49  0     59.51    0.6096E-01     108.2    283.9
2018  9 30   273   13 50  0     59.36    0.6196E-01     108.3    284.0
2018  9 30   273   13 51  0     59.21    0.6295E-01     108.2    284.0
2018  9 30   273   13 52  0     59.06    0.6394E-01     108.2    284.0
2018  9 30   273   13 53  0     58.90    0.6501E-01     108.3    284.0
2018  9 30   273   13 54  0     58.75    0.6610E-01     108.4    283.9
2018  9 30   273   13 55  0     58.60    0.6722E-01     108.6    283.9
2018  9 30   273   13 56  0     58.45    0.6826E-01     108.7    284.0
2018  9 30   273   13 57  0     58.30    0.6924E-01     108.5    284.1
2018  9 30   273   13 58  0     58.15    0.7040E-01     108.9    284.1
2018  9 30   273   13 59  0     58.00    0.7151E-01     109.0    284.1
2018  9 30   273   14  0  0     57.85    0.7259E-01     109.1    284.1
2018  9 30   273   14  1  0     57.71    0.7382E-01     109.6    284.2
2018  9 30   273   14  2  0     57.56    0.7488E-01     109.6    284.2
2018  9 30   273   14  3  0     57.41    0.7617E-01     110.4    284.3
2018  9 30   273   14  4  0     57.27    0.7728E-01     110.4    284.2
2018  9 30   273   14  5  0     57.12    0.7835E-01     110.0    284.1
2018  9 30   273   14  6  0     56.97    0.7926E-01     109.5    284.1
2018  9 30   273   14  7  0     56.83    0.8061E-01     110.1    284.1
2018  9 30   273   14  8  0     56.68    0.8199E-01     110.6    284.1
2018  9 30   273   14  9  0     56.54    0.8320E-01     110.8    284.1
2018  9 30   273   14 10  0     56.40    0.8433E-01     110.8    284.1
2018  9 30   273   14 11  0     56.25    0.8563E-01     111.4    284.2
2018  9 30   273   14 12  0     56.11    0.8693E-01     111.8    284.2
2018  9 30   273   14 13  0     55.97    0.8822E-01     112.1    284.2
2018  9 30   273   14 14  0     55.83    0.8940E-01     112.2    284.1
2018  9 30   273   14 15  0     55.69    0.9057E-01     112.3    284.2
2018  9 30   273   14 16  0     55.55    0.9139E-01     111.5    284.2
2018  9 30   273   14 17  0     55.41    0.9268E-01     111.7    284.2
2018  9 30   273   14 18  0     55.27    0.9369E-01     111.4    284.2
2018  9 30   273   14 19  0     55.13    0.9508E-01     112.1    284.3
2018  9 30   273   14 20  0     54.99    0.9656E-01     112.8    284.5
2018  9 30   273   14 21  0     54.85    0.9788E-01     113.1    284.5
2018  9 30   273   14 22  0     54.72    0.9940E-01     113.9    284.6
2018  9 30   273   14 23  0     54.58    0.1007E+00     114.1    284.6
2018  9 30   273   14 24  0     54.45    0.1020E+00     114.4    284.7
2018  9 30   273   14 25  0     54.31    0.1034E+00     114.8    284.7
2018  9 30   273   14 26  0     54.18    0.1048E+00     115.5    284.8
2018  9 30   273   14 27  0     54.04    0.1062E+00     115.9    284.9
2018  9 30   273   14 28  0     53.91    0.1070E+00     115.2    284.9
2018  9 30   273   14 29  0     53.78    0.1081E+00     115.2    284.9
2018  9 30   273   14 30  0     53.65    0.1095E+00     115.6    285.0
2018  9 30   273   14 31  0     53.51    0.1109E+00     116.2    285.0
2018  9 30   273   14 32  0     53.38    0.1121E+00     116.2    285.1
2018  9 30   273   14 33  0     53.25    0.1129E+00     115.6    285.0
2018  9 30   273   14 34  0     53.12    0.1136E+00     114.7    284.9
2018  9 30   273   14 35  0     52.99    0.1144E+00     114.1    284.9
2018  9 30   273   14 36  0     52.87    0.1154E+00     113.7    284.9
2018  9 30   273   14 37  0     52.74    0.1167E+00     113.8    284.9
2018  9 30   273   14 38  0     52.61    0.1177E+00     113.6    284.9
2018  9 30   273   14 39  0     52.49    0.1192E+00     114.3    285.1
2018  9 30   273   14 40  0     52.36    0.1206E+00     114.7    285.2
2018  9 30   273   14 41  0     52.24    0.1219E+00     115.0    285.2
2018  9 30   273   14 42  0     52.11    0.1231E+00     114.9    285.2
2018  9 30   273   14 43  0     51.99    0.1243E+00     114.9    285.3
2018  9 30   273   14 44  0     51.87    0.1255E+00     115.1    285.4
2018  9 30   273   14 45  0     51.74    0.1271E+00     115.9    285.5
2018  9 30   273   14 46  0     51.62    0.1285E+00     116.4    285.6
2018  9 30   273   14 47  0     51.50    0.1299E+00     116.6    285.7
2018  9 30   273   14 48  0     51.38    0.1311E+00     116.8    285.8
2018  9 30   273   14 49  0     51.26    0.1321E+00     116.6    285.8
2018  9 30   273   14 50  0     51.14    0.1332E+00     116.6    285.8
2018  9 30   273   14 51  0     51.03    0.1343E+00     116.4    285.8
2018  9 30   273   14 52  0     50.91    0.1355E+00     116.3    285.8
2018  9 30   273   14 53  0     50.79    0.1370E+00     116.7    285.8
2018  9 30   273   14 54  0     50.68    0.1385E+00     117.3    286.0
2018  9 30   273   14 55  0     50.56    0.1401E+00     117.9    286.1
2018  9 30   273   14 56  0     50.45    0.1415E+00     118.2    286.1
2018  9 30   273   14 57  0     50.33    0.1430E+00     118.6    286.1
2018  9 30   273   14 58  0     50.22    0.1443E+00     118.7    286.1
2018  9 30   273   14 59  0     50.11    0.1456E+00     118.8    286.0
2018  9 30   273   15  0  0     50.00    0.1465E+00     118.1    285.9
2018  9 30   273   15  1  0     49.89    0.1477E+00     118.0    285.8
2018  9 30   273   15  2  0     49.78    0.1488E+00     117.9    285.7
2018  9 30   273   15  3  0     49.67    0.1500E+00     117.9    285.7
2018  9 30   273   15  4  0     49.56    0.1514E+00     118.4    285.7
2018  9 30   273   15  5  0     49.46    0.1528E+00     118.7    285.7
2018  9 30   273   15  6  0     49.35    0.1540E+00     118.6    285.6
2018  9 30   273   15  7  0     49.24    0.1551E+00     118.7    285.6
2018  9 30   273   15  8  0     49.14    0.1564E+00     118.8    285.5
2018  9 30   273   15  9  0     49.04    0.1577E+00     119.0    285.5
2018  9 30   273   15 10  0     48.93    0.1590E+00     119.1    285.4
2018  9 30   273   15 11  0     48.83    0.1605E+00     119.5    285.4
2018  9 30   273   15 12  0     48.73    0.1617E+00     119.6    285.4
2018  9 30   273   15 13  0     48.63    0.1629E+00     119.6    285.4
2018  9 30   273   15 14  0     48.53    0.1644E+00     119.9    285.2
2018  9 30   273   15 15  0     48.43    0.1659E+00     120.2    285.2
2018  9 30   273   15 16  0     48.33    0.1673E+00     120.5    285.1
2018  9 30   273   15 17  0     48.24    0.1684E+00     120.3    285.0
2018  9 30   273   15 18  0     48.14    0.1697E+00     120.2    284.8
2018  9 30   273   15 19  0     48.05    0.1707E+00     120.0    284.8
2018  9 30   273   15 20  0     47.95    0.1719E+00     120.1    284.7
2018  9 30   273   15 21  0     47.86    0.1730E+00     120.0    284.5
2018  9 30   273   15 22  0     47.77    0.1742E+00     119.9    284.5
2018  9 30   273   15 23  0     47.68    0.1756E+00     120.2    284.4
2018  9 30   273   15 24  0     47.59    0.1768E+00     120.3    284.3
2018  9 30   273   15 25  0     47.50    0.1778E+00     120.3    284.3
2018  9 30   273   15 26  0     47.41    0.1790E+00     120.4    284.3
2018  9 30   273   15 27  0     47.32    0.1798E+00     120.3    284.3
2018  9 30   273   15 28  0     47.23    0.1808E+00     120.3    284.2
2018  9 30   273   15 29  0     47.15    0.1821E+00     120.4    284.1
2018  9 30   273   15 30  0     47.06    0.1829E+00     120.1    284.0
2018  9 30   273   15 31  0     46.98    0.1839E+00     120.0    283.9
2018  9 30   273   15 32  0     46.90    0.1850E+00     120.0    283.8
2018  9 30   273   15 33  0     46.81    0.1862E+00     120.1    283.8
2018  9 30   273   15 34  0     46.73    0.1873E+00     120.2    283.8
2018  9 30   273   15 35  0     46.65    0.1881E+00     119.9    283.6
2018  9 30   273   15 36  0     46.57    0.1897E+00     120.1    283.5
2018  9 30   273   15 37  0     46.49    0.1907E+00     120.1    283.5
2018  9 30   273   15 38  0     46.42    0.1918E+00     120.2    283.4
2018  9 30   273   15 39  0     46.34    0.1932E+00     120.4    283.3
2018  9 30   273   15 40  0     46.26    0.1946E+00     120.6    283.2
2018  9 30   273   15 41  0     46.19    0.1958E+00     120.6    283.0
2018  9 30   273   15 42  0     46.12    0.1971E+00     120.8    283.0
2018  9 30   273   15 43  0     46.05    0.1987E+00     121.4    282.9
2018  9 30   273   15 44  0     45.97    0.2001E+00     121.6    282.8
2018  9 30   273   15 45  0     45.90    0.2015E+00     122.0    282.8
2018  9 30   273   15 46  0     45.83    0.2027E+00     122.2    282.8
2018  9 30   273   15 47  0     45.77    0.2037E+00     122.3    282.8
2018  9 30   273   15 48  0     45.70    0.2048E+00     122.5    282.7
2018  9 30   273   15 49  0     45.63    0.2059E+00     122.8    282.8
2018  9 30   273   15 50  0     45.57    0.2066E+00     122.6    282.7
2018  9 30   273   15 51  0     45.50    0.2073E+00     122.5    282.6
2018  9 30   273   15 52  0     45.44    0.2076E+00     122.0    282.6
2018  9 30   273   15 53  0     45.38    0.2076E+00     121.6    282.5
2018  9 30   273   15 54  0     45.32    0.2087E+00     121.8    282.6
2018  9 30   273   15 55  0     45.26    0.2096E+00     121.8    282.4
2018  9 30   273   15 56  0     45.20    0.2109E+00     122.1    282.4
2018  9 30   273   15 57  0     45.14    0.2122E+00     122.4    282.3
2018  9 30   273   15 58  0     45.09    0.2135E+00     122.7    282.2
2018  9 30   273   15 59  0     45.03    0.2139E+00     122.5    282.2
2018  9 30   273   16  0  0     44.98    0.2141E+00     122.1    282.1
2018  9 30   273   16  1  0     44.92    0.2143E+00     121.6    282.1
2018  9 30   273   16  2  0     44.87    0.2149E+00     121.5    282.0
2018  9 30   273   16  3  0     44.82    0.2153E+00     121.4    282.0
2018  9 30   273   16  4  0     44.77    0.2162E+00     121.4    281.9
2018  9 30   273   16  5  0     44.72    0.2173E+00     121.7    281.8
2018  9 30   273   16  6  0     44.67    0.2186E+00     122.0    281.7
2018  9 30   273   16  7  0     44.63    0.2202E+00     122.7    281.7
2018  9 30   273   16  8  0     44.58    0.2220E+00     123.6    281.6
2018  9 30   273   16  9  0     44.54    0.2228E+00     123.7    281.6
2018  9 30   273   16 10  0     44.49    0.2222E+00     122.5    281.4
2018  9 30   273   16 11  0     44.45    0.2248E+00     124.2    281.4
2018  9 30   273   16 12  0     44.41    0.2249E+00     124.1    281.4
2018  9 30   273   16 13  0     44.37    0.2266E+00     124.7    281.3
2018  9 30   273   16 14  0     44.33    0.2271E+00     124.7    281.3
2018  9 30   273   16 15  0     44.29    0.2271E+00     124.2    281.2
2018  9 30   273   16 16  0     44.26    0.2269E+00     123.6    281.2
2018  9 30   273   16 17  0     44.22    0.2277E+00     123.9    281.2
2018  9 30   273   16 18  0     44.19    0.2275E+00     123.2    281.1
2018  9 30   273   16 19  0     44.16    0.2266E+00     122.1    280.9
2018  9 30   273   16 20  0     44.12    0.2278E+00     122.9    281.0
2018  9 30   273   16 21  0     44.09    0.2293E+00     123.8    281.0
2018  9 30   273   16 22  0     44.06    0.2294E+00     123.3    281.0
2018  9 30   273   16 23  0     44.04    0.2279E+00     121.7    280.9
2018  9 30   273   16 24  0     44.01    0.2298E+00     123.1    280.9
2018  9 30   273   16 25  0     43.98    0.2299E+00     122.7    280.8
2018  9 30   273   16 26  0     43.96    0.2311E+00     123.5    280.8
2018  9 30   273   16 27  0     43.93    0.2329E+00     124.4    280.8
2018  9 30   273   16 28  0     43.91    0.2333E+00     124.5    280.7
2018  9 30   273   16 29  0     43.89    0.2333E+00     124.3    280.7
2018  9 30   273   16 30  0     43.87    0.2334E+00     124.2    280.8
2018  9 30   273   16 31  0     43.85    0.2341E+00     124.6    280.8
2018  9 30   273   16 32  0     43.83    0.2344E+00     124.6    280.8
2018  9 30   273   16 33  0     43.82    0.2338E+00     124.2    280.9
2018  9 30   273   16 34  0     43.80    0.2325E+00     123.2    281.0
2018  9 30   273   16 35  0     43.79    0.2333E+00     123.9    281.2
2018  9 30   273   16 36  0     43.78    0.2332E+00     123.6    281.1
2018  9 30   273   16 37  0     43.76    0.2342E+00     124.0    281.1
2018  9 30   273   16 38  0     43.75    0.2349E+00     124.3    281.1
2018  9 30   273   16 39  0     43.75    0.2357E+00     125.0    281.1
2018  9 30   273   16 40  0     43.74    0.2352E+00     124.5    281.2
2018  9 30   273   16 41  0     43.73    0.2348E+00     124.3    281.3
2018  9 30   273   16 42  0     43.72    0.2346E+00     124.2    281.3
2018  9 30   273   16 43  0     43.72    0.2350E+00     124.4    281.3
2018  9 30   273   16 44  0     43.72    0.2356E+00     124.8    281.4
2018  9 30   273   16 45  0     43.71    0.2352E+00     124.4    281.3
2018  9 30   273   16 46  0     43.71    0.2343E+00     123.8    281.4
2018  9 30   273   16 47  0     43.71    0.2356E+00     124.5    281.3
2018  9 30   273   16 48  0     43.71    0.2362E+00     124.9    281.3
2018  9 30   273   16 49  0     43.72    0.2359E+00     124.6    281.3
2018  9 30   273   16 50  0     43.72    0.2348E+00     123.9    281.2
2018  9 30   273   16 51  0     43.73    0.2342E+00     123.5    281.2
2018  9 30   273   16 52  0     43.73    0.2352E+00     124.2    281.2
2018  9 30   273   16 53  0     43.74    0.2357E+00     124.6    281.2
2018  9 30   273   16 54  0     43.75    0.2370E+00     125.5    281.2
2018  9 30   273   16 55  0     43.76    0.2361E+00     124.7    281.0
2018  9 30   273   16 56  0     43.77    0.2358E+00     125.4    281.6
2018  9 30   273   16 57  0     43.78    0.2389E+00     127.0    281.2
2018  9 30   273   16 58  0     43.79    0.2386E+00     126.9    281.2
2018  9 30   273   16 59  0     43.81    0.2389E+00     127.1    281.1
2018  9 30   273   17  0  0     43.82    0.2383E+00     126.6    280.9
2018  9 30   273   17  1  0     43.84    0.2388E+00     126.9    280.9
2018  9 30   273   17  2  0     43.86    0.2393E+00     127.3    280.9
2018  9 30   273   17  3  0     43.88    0.2397E+00     127.5    280.7
2018  9 30   273   17  4  0     43.90    0.2391E+00     127.2    280.6
2018  9 30   273   17  5  0     43.92    0.2389E+00     127.2    280.6
2018  9 30   273   17  6  0     43.94    0.2383E+00     126.9    280.6
2018  9 30   273   17  7  0     43.96    0.2380E+00     126.8    280.5
2018  9 30   273   17  8  0     43.99    0.2376E+00     126.7    280.6
2018  9 30   273   17  9  0     44.02    0.2373E+00     126.5    280.5
2018  9 30   273   17 10  0     44.04    0.2384E+00     127.6    280.4
2018  9 30   273   17 11  0     44.07    0.2388E+00     127.9    280.3
2018  9 30   273   17 12  0     44.10    0.2385E+00     127.9    280.3
2018  9 30   273   17 13  0     44.13    0.2384E+00     127.9    280.2
2018  9 30   273   17 14  0     44.17    0.2386E+00     128.2    280.1
2018  9 30   273   17 15  0     44.20    0.2384E+00     128.3    280.0
2018  9 30   273   17 16  0     44.23    0.2384E+00     128.6    280.0
2018  9 30   273   17 17  0     44.27    0.2381E+00     128.8    280.0
2018  9 30   273   17 18  0     44.31    0.2348E+00     126.1    279.8
2018  9 30   273   17 19  0     44.34    0.2364E+00     128.2    279.9
2018  9 30   273   17 20  0     44.38    0.2355E+00     127.6    279.7
2018  9 30   273   17 21  0     44.42    0.2351E+00     127.6    279.7
2018  9 30   273   17 22  0     44.46    0.2345E+00     127.5    279.6
2018  9 30   273   17 23  0     44.51    0.2341E+00     127.6    279.6
2018  9 30   273   17 24  0     44.55    0.2334E+00     127.4    279.6
2018  9 30   273   17 25  0     44.60    0.2326E+00     127.2    279.6
2018  9 30   273   17 26  0     44.64    0.2325E+00     127.6    279.6
2018  9 30   273   17 27  0     44.69    0.2324E+00     127.9    279.5
2018  9 30   273   17 28  0     44.74    0.2328E+00     128.5    279.4
2018  9 30   273   17 29  0     44.79    0.2327E+00     128.8    279.4
2018  9 30   273   17 30  0     44.84    0.2324E+00     129.0    279.3
2018  9 30   273   17 31  0     44.89    0.2321E+00     129.3    279.3
2018  9 30   273   17 32  0     44.94    0.2325E+00     130.0    279.2
2018  9 30   273   17 33  0     44.99    0.2320E+00     130.2    279.2
2018  9 30   273   17 34  0     45.05    0.2311E+00     129.8    278.9
2018  9 30   273   17 35  0     45.10    0.2291E+00     128.8    278.9
2018  9 30   273   17 36  0     45.16    0.2269E+00     127.5    278.7
2018  9 30   273   17 37  0     45.22    0.2261E+00     127.4    278.6
2018  9 30   273   17 38  0     45.28    0.2200E+00     121.6    278.2
2018  9 30   273   17 39  0     45.34    0.2243E+00     126.9    278.6
2018  9 30   273   17 40  0     45.40    0.2187E+00     123.2    278.5
2018  9 30   273   17 41  0     45.46    0.2148E+00     120.1    278.0
2018  9 30   273   17 42  0     45.53    0.2120E+00     118.8    278.4
2018  9 30   273   17 43  0     45.59    0.2214E+00     127.4    278.4
2018  9 30   273   17 44  0     45.65    0.2237E+00     129.3    278.3
2018  9 30   273   17 45  0     45.72    0.2226E+00     128.8    278.3
2018  9 30   273   17 46  0     45.79    0.2222E+00     128.8    278.1
2018  9 30   273   17 47  0     45.86    0.2207E+00     128.3    278.0
2018  9 30   273   17 48  0     45.93    0.2199E+00     128.2    278.0
2018  9 30   273   17 49  0     46.00    0.2192E+00     128.3    277.9
2018  9 30   273   17 50  0     46.07    0.2186E+00     128.3    277.6
2018  9 30   273   17 51  0     46.14    0.2178E+00     128.5    277.6
2018  9 30   273   17 52  0     46.21    0.2168E+00     128.2    277.4
2018  9 30   273   17 53  0     46.29    0.2012E+00     111.5    275.8
2018  9 30   273   17 54  0     46.36    0.2052E+00     119.2    277.4
2018  9 30   273   17 55  0     46.44    0.2137E+00     128.1    277.3
2018  9 30   273   17 56  0     46.52    0.2126E+00     127.7    277.2
2018  9 30   273   17 57  0     46.60    0.2116E+00     127.5    277.4
2018  9 30   273   17 58  0     46.68    0.2104E+00     127.1    277.3
2018  9 30   273   17 59  0     46.76    0.2112E+00     129.0    277.3
2018  9 30   273   18  0  0     46.84    0.2110E+00     129.7    277.4
2018  9 30   273   18  1  0     46.92    0.2111E+00     130.5    277.2
2018  9 30   273   18  2  0     47.00    0.2096E+00     130.0    276.9
2018  9 30   273   18  3  0     47.09    0.2087E+00     130.2    277.0
2018  9 30   273   18  4  0     47.17    0.2073E+00     129.8    276.9
2018  9 30   273   18  5  0     47.26    0.2066E+00     130.1    276.9
2018  9 30   273   18  6  0     47.35    0.2058E+00     130.2    276.8
2018  9 30   273   18  7  0     47.44    0.2041E+00     129.7    276.8
2018  9 30   273   18  8  0     47.52    0.2031E+00     129.7    276.8
2018  9 30   273   18  9  0     47.62    0.2022E+00     130.0    277.1
2018  9 30   273   18 10  0     47.71    0.2011E+00     129.7    277.0
2018  9 30   273   18 11  0     47.80    0.1999E+00     129.5    276.9
2018  9 30   273   18 12  0     47.89    0.1995E+00     130.0    276.8
2018  9 30   273   18 13  0     47.98    0.1988E+00     130.6    276.8
2018  9 30   273   18 14  0     48.08    0.1981E+00     130.9    276.3
2018  9 30   273   18 15  0     48.17    0.1963E+00     130.3    276.3
2018  9 30   273   18 16  0     48.27    0.1942E+00     129.2    276.1
2018  9 30   273   18 17  0     48.37    0.1919E+00     127.9    275.9
2018  9 30   273   18 18  0     48.46    0.1906E+00     127.8    275.9
2018  9 30   273   18 19  0     48.56    0.1908E+00     129.1    275.9
2018  9 30   273   18 20  0     48.66    0.1880E+00     126.9    275.6
2018  9 30   273   18 21  0     48.76    0.1891E+00     129.7    275.6
2018  9 30   273   18 22  0     48.87    0.1875E+00     129.3    276.0
2018  9 30   273   18 23  0     48.97    0.1835E+00     125.4    275.7
2018  9 30   273   18 24  0     49.07    0.1847E+00     128.6    275.2
2018  9 30   273   18 25  0     49.17    0.1840E+00     129.2    275.1
2018  9 30   273   18 26  0     49.28    0.1829E+00     129.1    274.8
2018  9 30   273   18 27  0     49.39    0.1809E+00     127.5    274.5
2018  9 30   273   18 28  0     49.49    0.1762E+00     123.3    274.3
2018  9 30   273   18 29  0     49.60    0.1526E+00      93.2    271.9
2018  9 30   273   18 30  0     49.71    0.1779E+00     128.6    274.6
2018  9 30   273   18 31  0     49.82    0.1777E+00     129.2    274.3
2018  9 30   273   18 32  0     49.93    0.1775E+00     130.4    274.2
2018  9 30   273   18 33  0     50.04    0.1764E+00     130.3    274.1
2018  9 30   273   18 34  0     50.15    0.1753E+00     130.3    274.0
2018  9 30   273   18 35  0     50.26    0.1742E+00     130.4    274.0
2018  9 30   273   18 36  0     50.37    0.1733E+00     130.6    273.8
2018  9 30   273   18 37  0     50.49    0.1726E+00     131.0    273.6
2018  9 30   273   18 38  0     50.60    0.1717E+00     131.5    273.6
2018  9 30   273   18 39  0     50.72    0.1712E+00     132.5    273.6
2018  9 30   273   18 40  0     50.83    0.1701E+00     132.6    273.5
2018  9 30   273   18 41  0     50.95    0.1684E+00     132.2    273.4
2018  9 30   273   18 42  0     51.07    0.1679E+00     133.5    273.5
2018  9 30   273   18 43  0     51.18    0.1651E+00     131.2    273.2
2018  9 30   273   18 44  0     51.30    0.1608E+00     127.4    273.0
2018  9 30   273   18 45  0     51.42    0.1591E+00     127.1    272.9
2018  9 30   273   18 46  0     51.54    0.1591E+00     129.0    272.9
2018  9 30   273   18 47  0     51.66    0.1578E+00     128.8    272.8
2018  9 30   273   18 48  0     51.78    0.1558E+00     127.7    272.6
2018  9 30   273   18 49  0     51.91    0.1547E+00     128.0    272.6
2018  9 30   273   18 50  0     52.03    0.1546E+00     129.8    272.7
2018  9 30   273   18 51  0     52.15    0.1533E+00     129.7    272.6
2018  9 30   273   18 52  0     52.28    0.1518E+00     129.2    272.4
2018  9 30   273   18 53  0     52.40    0.1519E+00     131.1    272.4
2018  9 30   273   18 54  0     52.53    0.1521E+00     133.3    272.3
2018  9 30   273   18 55  0     52.66    0.1507E+00     133.1    272.2
2018  9 30   273   18 56  0     52.78    0.1469E+00     129.7    272.0
2018  9 30   273   18 57  0     52.91    0.1459E+00     130.2    271.9
2018  9 30   273   18 58  0     53.04    0.1443E+00     130.1    271.9
2018  9 30   273   18 59  0     53.17    0.1438E+00     131.2    271.8
2018  9 30   273   19  0  0     53.30    0.1422E+00     130.8    271.7
2018  9 30   273   19  1  0     53.43    0.1389E+00     128.0    271.4
2018  9 30   273   19  2  0     53.56    0.1360E+00     125.9    271.4
2018  9 30   273   19  3  0     53.69    0.1353E+00     127.2    271.4
2018  9 30   273   19  4  0     53.82    0.1344E+00     127.9    271.4
2018  9 30   273   19  5  0     53.95    0.1326E+00     127.0    271.3
2018  9 30   273   19  6  0     54.09    0.1320E+00     128.3    271.2
2018  9 30   273   19  7  0     54.22    0.1315E+00     129.6    271.3
2018  9 30   273   19  8  0     54.36    0.1308E+00     130.6    271.2
2018  9 30   273   19  9  0     54.49    0.1295E+00     130.4    271.1
2018  9 30   273   19 10  0     54.63    0.1282E+00     130.7    271.1
2018  9 30   273   19 11  0     54.77    0.1268E+00     130.7    271.0
2018  9 30   273   19 12  0     54.90    0.1260E+00     132.1    271.0
2018  9 30   273   19 13  0     55.04    0.1241E+00     131.3    270.9
2018  9 30   273   19 14  0     55.18    0.1183E+00     122.0    269.9
2018  9 30   273   19 15  0     55.32    0.1128E+00     114.1    269.6
2018  9 30   273   19 16  0     55.46    0.1167E+00     125.2    270.2
2018  9 30   273   19 17  0     55.60    0.1126E+00     120.0    269.8
2018  9 30   273   19 18  0     55.74    0.1083E+00     114.7    269.4
2018  9 30   273   19 19  0     55.88    0.1024E+00     105.2    268.6
2018  9 30   273   19 20  0     56.02    0.1030E+00     109.3    268.9
2018  9 30   273   19 21  0     56.16    0.1041E+00     113.7    269.1
2018  9 30   273   19 22  0     56.30    0.1013E+00     109.9    268.7
2018  9 30   273   19 23  0     56.45    0.1050E+00     121.1    269.4
2018  9 30   273   19 24  0     56.59    0.1064E+00     126.3    269.5
2018  9 30   273   19 25  0     56.73    0.1053E+00     126.1    269.3
2018  9 30   273   19 26  0     56.88    0.1033E+00     124.1    269.0
2018  9 30   273   19 27  0     57.02    0.9972E-01     118.7    268.5
2018  9 30   273   19 28  0     57.17    0.9900E-01     120.2    268.6
2018  9 30   273   19 29  0     57.32    0.9834E-01     121.6    268.6
2018  9 30   273   19 30  0     57.46    0.9819E-01     124.0    268.6
2018  9 30   273   19 31  0     57.61    0.9642E-01     122.3    268.3
2018  9 30   273   19 32  0     57.76    0.9495E-01     121.4    268.1
2018  9 30   273   19 33  0     57.91    0.9440E-01     123.2    268.1
2018  9 30   273   19 34  0     58.06    0.9433E-01     125.9    268.1
2018  9 30   273   19 35  0     58.21    0.9265E-01     124.0    267.7
2018  9 30   273   19 36  0     58.36    0.9195E-01     125.2    267.7
2018  9 30   273   19 37  0     58.51    0.9104E-01     125.5    267.5
2018  9 30   273   19 38  0     58.66    0.9058E-01     127.4    267.4
2018  9 30   273   19 39  0     58.81    0.8962E-01     127.6    267.2
2018  9 30   273   19 40  0     58.96    0.8913E-01     129.7    267.2
2018  9 30   273   19 41  0     59.11    0.8788E-01     129.0    266.9
2018  9 30   273   19 42  0     59.26    0.8674E-01     128.7    266.7
2018  9 30   273   19 43  0     59.42    0.8628E-01     130.6    266.6
2018  9 30   273   19 44  0     59.57    0.8571E-01     132.5    266.6
2018  9 30   273   19 45  0     59.72    0.8479E-01     133.5    266.5
2018  9 30   273   19 46  0     59.88    0.8316E-01     132.3    266.2
2018  9 30   273   19 47  0     60.03    0.8105E-01     129.5    265.8
2018  9 30   273   19 48  0     60.19    0.7905E-01     127.3    265.6
2018  9 30   273   19 49  0     60.34    0.7699E-01     124.5    265.2
2018  9 30   273   19 50  0     60.50    0.7462E-01     120.6    264.7
2018  9 30   273   19 51  0     60.66    0.7329E-01     120.9    264.6
2018  9 30   273   19 52  0     60.81    0.7236E-01     121.9    264.5
2018  9 30   273   19 53  0     60.97    0.7140E-01     122.7    264.4
2018  9 30   273   19 54  0     61.13    0.7035E-01     123.4    264.3
2018  9 30   273   19 55  0     61.29    0.6879E-01     122.0    264.2
2018  9 30   273   19 56  0     61.45    0.6753E-01     121.6    263.9
2018  9 30   273   19 57  0     61.60    0.6582E-01     119.5    263.6
2018  9 30   273   19 58  0     61.76    0.6423E-01     117.5    263.3
2018  9 30   273   19 59  0     61.92    0.6240E-01     114.5    263.0
2018  9 30   273   20  0  0     62.08    0.6328E-01     122.8    263.5
2018  9 30   273   20  1  0     62.24    0.6321E-01     126.4    263.6
2018  9 30   273   20  2  0     62.40    0.6209E-01     125.1    263.3
2018  9 30   273   20  3  0     62.57    0.6161E-01     127.4    263.3
2018  9 30   273   20  4  0     62.73    0.6067E-01     127.3    263.0
2018  9 30   273   20  5  0     62.89    0.6008E-01     129.4    262.9
2018  9 30   273   20  6  0     63.05    0.5928E-01     130.1    262.7
2018  9 30   273   20  7  0     63.21    0.5720E-01     123.4    261.8
2018  9 30   273   20  8  0     63.38    0.5608E-01     122.9    261.6
2018  9 30   273   20  9  0     63.54    0.5541E-01     124.8    261.6
2018  9 30   273   20 10  0     63.70    0.5458E-01     125.4    261.5
2018  9 30   273   20 11  0     63.87    0.5349E-01     123.7    261.0
2018  9 30   273   20 12  0     64.03    0.5284E-01     125.7    261.0
2018  9 30   273   20 13  0     64.20    0.5214E-01     126.5    260.7
2018  9 30   273   20 14  0     64.36    0.5120E-01     125.9    260.4
2018  9 30   273   20 15  0     64.53    0.4994E-01     123.0    259.8
2018  9 30   273   20 16  0     64.69    0.4929E-01     124.3    259.7
2018  9 30   273   20 17  0     64.86    0.4860E-01     125.5    259.7
2018  9 30   273   20 18  0     65.03    0.4775E-01     125.6    259.3
2018  9 30   273   20 19  0     65.19    0.4737E-01     129.1    259.5
2018  9 30   273   20 20  0     65.36    0.4664E-01     129.6    259.3
2018  9 30   273   20 21  0     65.53    0.4593E-01     130.0    259.1
2018  9 30   273   20 22  0     65.69    0.4497E-01     129.2    258.8
2018  9 30   273   20 23  0     65.86    0.4375E-01     126.0    258.2
2018  9 30   273   20 24  0     66.03    0.4267E-01     124.0    257.3
2018  9 30   273   20 25  0     66.20    0.4210E-01     126.3    257.2
2018  9 30   273   20 26  0     66.37    0.4152E-01     128.6    257.7
2018  9 30   273   20 27  0     66.54    0.4094E-01     131.0    257.7
2018  9 30   273   20 28  0     66.71    0.4017E-01     131.3    257.4
2018  9 30   273   20 29  0     66.88    0.3892E-01     127.7    256.7
2018  9 30   273   20 30  0     67.05    0.3781E-01     125.3    255.4
2018  9 30   273   20 31  0     67.22    0.3687E-01     124.2    254.9
2018  9 30   273   20 32  0     67.39    0.3533E-01     114.6    253.7
2018  9 30   273   20 33  0     67.56    0.3536E-01     124.5    254.3
2018  9 30   273   20 34  0     67.73    0.3504E-01     128.9    255.4
2018  9 30   273   20 35  0     67.90    0.3451E-01     131.0    255.2
2018  9 30   273   20 36  0     68.07    0.3392E-01     132.1    254.1
2018  9 30   273   20 37  0     68.25    0.3332E-01     132.8    253.8
2018  9 30   273   20 38  0     68.42    0.3247E-01     130.0    253.0
2018  9 30   273   20 39  0     68.59    0.3174E-01     129.5    252.7
2018  9 30   273   20 40  0     68.76    0.3118E-01     130.1    252.1
2018  9 30   273   20 41  0     68.94    0.3047E-01     129.7    253.0
2018  9 30   273   20 42  0     69.11    0.2981E-01     130.5    251.3
2018  9 30   273   20 43  0     69.29    0.2918E-01     131.6    251.1
2018  9 30   273   20 44  0     69.46    0.2853E-01     132.2    250.6
2018  9 30   273   20 45  0     69.63    0.2789E-01     133.3    250.4
2018  9 30   273   20 46  0     69.81    0.2727E-01     134.5    250.2
2018  9 30   273   20 47  0     69.98    0.2671E-01     135.4    249.6
2018  9 30   273   20 48  0     70.16    0.2593E-01     132.8    249.0
2018  9 30   273   20 49  0     70.33    0.2531E-01     133.4    248.7
2018  9 30   273   20 50  0     70.51    0.2450E-01     129.2    247.9
2018  9 30   273   20 51  0     70.68    0.2385E-01     128.0    247.4
2018  9 30   273   20 52  0     70.86    0.2332E-01     128.5    247.1
2018  9 30   273   20 53  0     71.04    0.2279E-01     128.1    246.6
2018  9 30   273   20 54  0     71.21    0.2227E-01     127.5    246.0
2018  9 30   273   20 55  0     71.39    0.2189E-01     130.8    246.0
2018  9 30   273   20 56  0     71.56    0.2147E-01     133.3    245.9
2018  9 30   273   20 57  0     71.74    0.2086E-01     130.9    245.3
2018  9 30   273   20 58  0     71.92    0.2031E-01     130.0    244.4
2018  9 30   273   20 59  0     72.10    0.1954E-01     123.6    243.0
2018  9 30   273   21  0  0     72.27    0.1905E-01     126.3    242.6
2018  9 30   273   21  1  0     72.45    0.1841E-01     124.1    241.9
2018  9 30   273   21  2  0     72.63    0.1804E-01     129.6    241.5
2018  9 30   273   21  3  0     72.81    0.1746E-01     127.2    240.6
2018  9 30   273   21  4  0     72.99    0.1688E-01     124.9    239.6
2018  9 30   273   21  5  0     73.17    0.1641E-01     124.6    238.9
2018  9 30   273   21  6  0     73.34    0.1597E-01     125.0    238.3
2018  9 30   273   21  7  0     73.52    0.1556E-01     125.5    237.7
2018  9 30   273   21  8  0     73.70    0.1520E-01     126.8    236.9
2018  9 30   273   21  9  0     73.88    0.1485E-01     129.7    236.7
2018  9 30   273   21 10  0     74.06    0.1455E-01     132.7    235.5
2018  9 30   273   21 11  0     74.24    0.1422E-01     134.7    235.1
2018  9 30   273   21 12  0     74.42    0.1394E-01     139.5    234.9
2018  9 30   273   21 13  0     74.60    0.1371E-01     146.8    235.6
2018  9 30   273   21 14  0     74.78    0.1340E-01     150.3    235.1
2018  9 30   273   21 15  0     74.96    0.1303E-01     150.0    234.1
2018  9 30   273   21 16  0     75.14    0.1237E-01     130.8    230.0
2018  9 30   273   21 17  0     75.32    0.1191E-01     124.8    228.2
2018  9 30   273   21 18  0     75.51    0.1169E-01     135.1    228.4
2018  9 30   273   21 19  0     75.69    0.1152E-01     145.0    228.4
2018  9 30   273   21 20  0     75.87    0.1119E-01     143.3    227.2
2018  9 30   273   21 21  0     76.05    0.1084E-01     141.0    225.9
2018  9 30   273   21 22  0     76.23    0.1055E-01     146.6    225.4
2018  9 30   273   21 23  0     76.41    0.1017E-01     141.7    224.0
2018  9 30   273   21 24  0     76.60    0.9805E-02     139.6    222.6
2018  9 30   273   21 25  0     76.78    0.9485E-02     138.2    221.1
2018  9 30   273   21 26  0     76.96    0.9175E-02     139.4    220.3
2018  9 30   273   21 27  0     77.14    0.8956E-02     145.9    219.4
2018  9 30   273   21 28  0     77.33    0.8724E-02     150.0    218.7
2018  9 30   273   21 29  0     77.51    0.8490E-02     154.2    218.2
2018  9 30   273   21 30  0     77.69    0.8268E-02     157.4    217.5
2018  9 30   273   21 31  0     77.87    0.8039E-02     158.7    216.7
2018  9 30   273   21 32  0     78.06    0.7844E-02     158.3    214.0
2018  9 30   273   21 33  0     78.24    0.7588E-02     161.7    214.0
2018  9 30   273   21 34  0     78.43    0.7381E-02     163.5    212.2
2018  9 30   273   21 35  0     78.61    0.7138E-02     164.2    211.0
2018  9 30   273   21 36  0     78.79    0.6904E-02     163.5    209.5
2018  9 30   273   21 37  0     78.98    0.6672E-02     163.5    207.9
2018  9 30   273   21 38  0     79.16    0.6463E-02     162.5    205.6
2018  9 30   273   21 39  0     79.35    0.6263E-02     164.4    203.5
2018  9 30   273   21 40  0     79.53    0.6033E-02     163.7    202.0
2018  9 30   273   21 41  0     79.71    0.5810E-02     162.2    200.4
2018  9 30   273   21 42  0     79.90    0.5635E-02     159.4    197.0
2018  9 30   273   21 43  0     80.09    0.5440E-02     156.0    193.7
2018  9 30   273   21 44  0     80.27    0.5216E-02     159.5    193.1
2018  9 30   273   21 45  0     80.46    0.5045E-02     162.7    190.9
2018  9 30   273   21 46  0     80.64    0.4869E-02     163.3    188.8
2018  9 30   273   21 47  0     80.83    0.4714E-02     163.8    186.1
2018  9 30   273   21 48  0     81.01    0.4584E-02     164.1    182.6
2018  9 30   273   21 49  0     81.20    0.4397E-02     164.1    181.6
2018  9 30   273   21 50  0     81.38    0.4264E-02     163.7    178.3
2018  9 30   273   21 51  0     81.57    0.4090E-02     162.9    176.8
2018  9 30   273   21 52  0     81.75    0.3957E-02     161.4    173.0
2018  9 30   273   21 53  0     81.94    0.3818E-02     159.5    169.8
2018  9 30   273   21 54  0     82.13    0.3717E-02     158.8    165.6
2018  9 30   273   21 55  0     82.31    0.3608E-02     157.8    161.8
2018  9 30   273   21 56  0     82.50    0.3463E-02     156.7    159.7
2018  9 30   273   21 57  0     82.69    0.3388E-02     155.8    154.5
2018  9 30   273   21 58  0     82.87    0.3248E-02     155.4    152.3
2018  9 30   273   21 59  0     83.06    0.3154E-02     155.7    148.5
2018  9 30   273   22  0  0     83.25    0.3040E-02     155.6    146.0
2018  9 30   273   22  1  0     83.43    0.2949E-02     155.9    142.4
2018  9 30   273   22  2  0     83.62    0.2850E-02     156.2    139.4
2018  9 30   273   22  3  0     83.81    0.2771E-02     156.6    135.7
2018  9 30   273   22  4  0     83.99    0.2686E-02     156.9    132.6
2018  9 30   273   22  5  0     84.18    0.2588E-02     156.8    130.4
2018  9 30   273   22  6  0     84.37    0.2512E-02     156.9    127.2
2018  9 30   273   22  7  0     84.56    0.2461E-02     157.3    123.0
2018  9 30   273   22  8  0     84.74    0.2374E-02     157.7    120.6
2018  9 30   273   22  9  0     84.93    0.2310E-02     158.5    117.1
2018  9 30   273   22 10  0     85.12    0.2240E-02     159.6    115.2
2018  9 30   273   22 11  0     85.31    0.2174E-02     159.9    112.9
2018  9 30   273   22 12  0     85.49    0.2110E-02     160.9    110.6
2018  9 30   273   22 13  0     85.68    0.2065E-02     162.3    107.6
2018  9 30   273   22 14  0     85.87    0.2025E-02     163.8    104.4
2018  9 30   273   22 15  0     86.06    0.1960E-02     165.4    102.4
2018  9 30   273   22 16  0     86.24    0.1923E-02     166.7     99.7
2018  9 30   273   22 17  0     86.43    0.1880E-02     167.9     96.9
2018  9 30   273   22 18  0     86.62    0.1822E-02     169.2     94.8
2018  9 30   273   22 19  0     86.81    0.1782E-02     171.1     92.0
2018  9 30   273   22 20  0     87.00    0.1746E-02     173.4     89.0
2018  9 30   273   22 21  0     87.19    0.1718E-02     174.8     86.6
2018  9 30   273   22 22  0     87.37    0.1669E-02     176.5     84.9
2018  9 30   273   22 23  0     87.56    0.1633E-02     178.6     82.6
2018  9 30   273   22 24  0     87.75    0.1580E-02     181.1     80.9
2018  9 30   273   22 25  0     87.94    0.1574E-02     183.8     76.8
2018  9 30   273   22 26  0     88.13    0.1537E-02     185.9     75.0
2018  9 30   273   22 27  0     88.32    0.1503E-02     187.9     73.2
2018  9 30   273   22 28  0     88.51    0.1504E-02     189.9     69.5
2018  9 30   273   22 29  0     88.70    0.1463E-02     192.5     67.6
2018  9 30   273   22 30  0     88.88    0.1450E-02     196.1     64.3
2018  9 30   273   22 31  0     89.07    0.1424E-02     199.9     62.1
2018  9 30   273   22 32  0     89.26    0.1395E-02     202.2     60.5
2018  9 30   273   22 33  0     89.45    0.1386E-02     204.3     57.8
2018  9 30   273   22 34  0     89.64    0.1350E-02     207.6     56.1
2018  9 30   273   22 35  0     89.83    0.1333E-02     211.9     53.3
