                            NILUUV 115

Uvpro Version 2.0
Latitude :   40.74 (North)
Longitude:  -74.03  (West)
Calibration file: cf100603a.115
Height above sea level:    40.0  m
CLT derived from channel 5
CLT scale factor used:   1.0
Ozone derived from channel pair ch3/ch1
Ozone scale factor used:   1.0
Drift factors ch1-ch6:   0.430  0.413  0.585  0.587  0.396  0.913
Ozone profile climatology: Mid  Latitude
Dose type:    CLW    Caldwell Plant 1971           

yyyy mm dd   jul   hh mm ss      SZA     dose rate       clt     Ozone
                              [degrees]   [W/m^2]        [%]     [DU]
2018  2  2    33   12 11  0     89.90    0.5201E-03      45.8     29.3
2018  2  2    33   12 12  0     89.72    0.5361E-03      48.9     31.7
2018  2  2    33   12 13  0     89.55    0.5293E-03      51.7     35.5
2018  2  2    33   12 14  0     89.37    0.5443E-03      52.9     37.4
2018  2  2    33   12 15  0     89.20    0.5451E-03      54.3     40.3
2018  2  2    33   12 16  0     89.02    0.5467E-03      56.2     42.9
2018  2  2    33   12 17  0     88.85    0.5446E-03      57.1     46.0
2018  2  2    33   12 18  0     88.67    0.5608E-03      56.9     47.3
2018  2  2    33   12 19  0     88.50    0.5508E-03      56.2     50.0
2018  2  2    33   12 20  0     88.33    0.5556E-03      55.8     51.8
2018  2  2    33   12 21  0     88.15    0.5692E-03      56.7     53.6
2018  2  2    33   12 22  0     87.98    0.5838E-03      58.0     55.7
2018  2  2    33   12 23  0     87.81    0.5842E-03      59.0     59.6
2018  2  2    33   12 24  0     87.64    0.5939E-03      59.6     62.4
2018  2  2    33   12 25  0     87.46    0.6073E-03      59.8     64.5
2018  2  2    33   12 26  0     87.29    0.6147E-03      59.7     67.0
2018  2  2    33   12 27  0     87.12    0.6086E-03      60.8     71.2
2018  2  2    33   12 28  0     86.95    0.6299E-03      61.9     73.2
2018  2  2    33   12 29  0     86.78    0.6285E-03      60.8     75.8
2018  2  2    33   12 30  0     86.61    0.6390E-03      58.9     77.2
2018  2  2    33   12 31  0     86.43    0.6461E-03      57.1     79.6
2018  2  2    33   12 32  0     86.26    0.6182E-03      49.0     78.0
2018  2  2    33   12 33  0     86.09    0.6260E-03      48.2     79.6
2018  2  2    33   12 34  0     85.92    0.6354E-03      48.6     81.7
2018  2  2    33   12 35  0     85.75    0.6042E-03      44.1     82.4
2018  2  2    33   12 36  0     85.58    0.6492E-03      44.1     81.9
2018  2  2    33   12 37  0     85.41    0.6405E-03      46.4     88.2
2018  2  2    33   12 38  0     85.25    0.6753E-03      48.9     91.1
2018  2  2    33   12 39  0     85.08    0.6578E-03      52.6    100.5
2018  2  2    33   12 40  0     84.91    0.7033E-03      54.7    101.9
2018  2  2    33   12 41  0     84.74    0.7487E-03      60.4    107.6
2018  2  2    33   12 42  0     84.57    0.7872E-03      64.1    113.1
2018  2  2    33   12 43  0     84.40    0.7838E-03      58.8    112.8
2018  2  2    33   12 44  0     84.24    0.7452E-03      52.9    113.4
2018  2  2    33   12 45  0     84.07    0.7973E-03      56.7    117.4
2018  2  2    33   12 46  0     83.90    0.8595E-03      60.4    121.1
2018  2  2    33   12 47  0     83.74    0.8196E-03      56.6    123.5
2018  2  2    33   12 48  0     83.57    0.8094E-03      53.6    124.3
2018  2  2    33   12 49  0     83.40    0.8348E-03      54.9    128.7
2018  2  2    33   12 50  0     83.24    0.8985E-03      57.6    131.1
2018  2  2    33   12 51  0     83.07    0.9264E-03      63.7    143.4
2018  2  2    33   12 52  0     82.91    0.9980E-03      68.3    148.7
2018  2  2    33   12 53  0     82.74    0.1026E-02      68.4    149.4
2018  2  2    33   12 54  0     82.57    0.1063E-02      70.9    154.4
2018  2  2    33   12 55  0     82.41    0.1103E-02      74.5    164.4
2018  2  2    33   12 56  0     82.25    0.1159E-02      75.5    164.1
2018  2  2    33   12 57  0     82.08    0.1171E-02      77.9    171.1
2018  2  2    33   12 58  0     81.92    0.1223E-02      80.2    175.4
2018  2  2    33   12 59  0     81.76    0.1232E-02      79.6    178.8
2018  2  2    33   13  0  0     81.59    0.1279E-02      80.6    182.4
2018  2  2    33   13  1  0     81.43    0.1362E-02      82.8    187.1
2018  2  2    33   13  2  0     81.27    0.1428E-02      82.6    190.9
2018  2  2    33   13  3  0     81.11    0.1506E-02      82.1    192.1
2018  2  2    33   13  4  0     80.94    0.1555E-02      82.5    196.4
2018  2  2    33   13  5  0     80.78    0.1591E-02      84.2    202.2
2018  2  2    33   13  6  0     80.62    0.1629E-02      84.8    207.3
2018  2  2    33   13  7  0     80.46    0.1703E-02      85.9    209.0
2018  2  2    33   13  8  0     80.30    0.1750E-02      87.0    213.9
2018  2  2    33   13  9  0     80.14    0.1791E-02      84.4    216.0
2018  2  2    33   13 10  0     79.98    0.1867E-02      82.0    215.6
2018  2  2    33   13 11  0     79.82    0.1928E-02      82.2    220.7
2018  2  2    33   13 12  0     79.66    0.2025E-02      83.1    222.9
2018  2  2    33   13 13  0     79.50    0.2090E-02      83.2    227.1
2018  2  2    33   13 14  0     79.34    0.2178E-02      82.8    228.2
2018  2  2    33   13 15  0     79.18    0.2213E-02      82.8    233.9
2018  2  2    33   13 16  0     79.03    0.2280E-02      83.3    236.5
2018  2  2    33   13 17  0     78.87    0.2363E-02      84.3    238.3
2018  2  2    33   13 18  0     78.71    0.2439E-02      86.4    241.0
2018  2  2    33   13 19  0     78.55    0.2473E-02      89.6    248.8
2018  2  2    33   13 20  0     78.40    0.2562E-02      91.2    249.9
2018  2  2    33   13 21  0     78.24    0.2617E-02      90.4    252.3
2018  2  2    33   13 22  0     78.09    0.2664E-02      89.4    255.1
2018  2  2    33   13 23  0     77.93    0.2737E-02      90.2    256.7
2018  2  2    33   13 24  0     77.77    0.2776E-02      90.4    260.5
2018  2  2    33   13 25  0     77.62    0.2814E-02      89.2    262.8
2018  2  2    33   13 26  0     77.46    0.2896E-02      88.4    262.0
2018  2  2    33   13 27  0     77.31    0.2966E-02      88.0    263.7
2018  2  2    33   13 28  0     77.16    0.3052E-02      89.1    267.1
2018  2  2    33   13 29  0     77.00    0.3156E-02      88.7    268.3
2018  2  2    33   13 30  0     76.85    0.3212E-02      85.8    272.5
2018  2  2    33   13 31  0     76.70    0.3316E-02      85.0    273.5
2018  2  2    33   13 32  0     76.54    0.3433E-02      85.0    273.3
2018  2  2    33   13 33  0     76.39    0.3532E-02      86.8    275.5
2018  2  2    33   13 34  0     76.24    0.3620E-02      88.5    278.9
2018  2  2    33   13 35  0     76.09    0.3723E-02      83.5    278.0
2018  2  2    33   13 36  0     75.94    0.3804E-02      82.3    279.9
2018  2  2    33   13 37  0     75.79    0.3856E-02      82.3    283.9
2018  2  2    33   13 38  0     75.64    0.3953E-02      78.7    283.9
2018  2  2    33   13 39  0     75.49    0.4066E-02      80.6    286.6
2018  2  2    33   13 40  0     75.34    0.4148E-02      78.6    288.6
2018  2  2    33   13 41  0     75.19    0.4223E-02      78.3    291.3
2018  2  2    33   13 42  0     75.04    0.4347E-02      78.6    293.7
2018  2  2    33   13 43  0     74.89    0.4534E-02      83.2    296.9
2018  2  2    33   13 44  0     74.75    0.4725E-02      86.3    298.3
2018  2  2    33   13 45  0     74.60    0.4896E-02      91.1    300.7
2018  2  2    33   13 46  0     74.45    0.5062E-02     102.7    305.8
2018  2  2    33   13 47  0     74.31    0.5263E-02     109.9    307.5
2018  2  2    33   13 48  0     74.16    0.5418E-02     116.3    311.8
2018  2  2    33   13 49  0     74.01    0.5538E-02     116.4    314.1
2018  2  2    33   13 50  0     73.87    0.5711E-02     117.9    314.5
2018  2  2    33   13 51  0     73.72    0.5828E-02     118.4    317.1
2018  2  2    33   13 52  0     73.58    0.5960E-02     118.7    318.7
2018  2  2    33   13 53  0     73.44    0.6118E-02     119.2    319.0
2018  2  2    33   13 54  0     73.29    0.6266E-02     119.3    320.0
2018  2  2    33   13 55  0     73.15    0.6402E-02     119.3    321.4
2018  2  2    33   13 56  0     73.01    0.6567E-02     119.3    321.5
2018  2  2    33   13 57  0     72.86    0.6711E-02     119.3    322.6
2018  2  2    33   13 58  0     72.72    0.6845E-02     119.6    324.7
2018  2  2    33   13 59  0     72.58    0.6985E-02     119.9    326.5
2018  2  2    33   14  0  0     72.44    0.7138E-02     119.8    327.2
2018  2  2    33   14  1  0     72.30    0.7287E-02     119.5    328.0
2018  2  2    33   14  2  0     72.16    0.7422E-02     119.1    329.5
2018  2  2    33   14  3  0     72.02    0.7569E-02     118.6    330.3
2018  2  2    33   14  4  0     71.88    0.7710E-02     118.4    332.7
2018  2  2    33   14  5  0     71.74    0.7882E-02     119.2    333.8
2018  2  2    33   14  6  0     71.61    0.8036E-02     119.1    334.9
2018  2  2    33   14  7  0     71.47    0.8190E-02     118.9    336.1
2018  2  2    33   14  8  0     71.33    0.8371E-02     119.1    336.6
2018  2  2    33   14  9  0     71.19    0.8530E-02     119.3    337.6
2018  2  2    33   14 10  0     71.06    0.8685E-02     119.0    338.8
2018  2  2    33   14 11  0     70.92    0.8870E-02     118.8    339.4
2018  2  2    33   14 12  0     70.79    0.9047E-02     119.0    340.2
2018  2  2    33   14 13  0     70.65    0.9233E-02     119.1    340.8
2018  2  2    33   14 14  0     70.52    0.9418E-02     119.4    341.4
2018  2  2    33   14 15  0     70.38    0.9579E-02     119.2    342.6
2018  2  2    33   14 16  0     70.25    0.9740E-02     119.3    344.0
2018  2  2    33   14 17  0     70.12    0.9918E-02     119.3    344.8
2018  2  2    33   14 18  0     69.99    0.1009E-01     119.2    345.9
2018  2  2    33   14 19  0     69.85    0.1030E-01     119.2    345.8
2018  2  2    33   14 20  0     69.72    0.1048E-01     119.9    347.4
2018  2  2    33   14 21  0     69.59    0.1070E-01     120.3    347.7
2018  2  2    33   14 22  0     69.46    0.1090E-01     120.3    348.3
2018  2  2    33   14 23  0     69.33    0.1109E-01     120.1    349.3
2018  2  2    33   14 24  0     69.20    0.1130E-01     120.8    349.9
2018  2  2    33   14 25  0     69.07    0.1148E-01     121.4    351.3
2018  2  2    33   14 26  0     68.94    0.1170E-01     121.7    352.8
2018  2  2    33   14 27  0     68.82    0.1190E-01     121.7    353.4
2018  2  2    33   14 28  0     68.69    0.1211E-01     121.9    354.2
2018  2  2    33   14 29  0     68.56    0.1233E-01     121.9    354.4
2018  2  2    33   14 30  0     68.44    0.1257E-01     122.2    354.6
2018  2  2    33   14 31  0     68.31    0.1280E-01     122.0    354.7
2018  2  2    33   14 32  0     68.19    0.1300E-01     122.0    356.1
2018  2  2    33   14 33  0     68.06    0.1322E-01     122.3    356.8
2018  2  2    33   14 34  0     67.94    0.1346E-01     122.3    357.2
2018  2  2    33   14 35  0     67.82    0.1367E-01     122.3    358.2
2018  2  2    33   14 36  0     67.69    0.1389E-01     121.9    358.8
2018  2  2    33   14 37  0     67.57    0.1411E-01     121.7    359.3
2018  2  2    33   14 38  0     67.45    0.1432E-01     121.7    360.1
2018  2  2    33   14 39  0     67.33    0.1458E-01     122.3    360.7
2018  2  2    33   14 40  0     67.21    0.1485E-01     122.8    361.0
2018  2  2    33   14 41  0     67.09    0.1509E-01     123.0    361.5
2018  2  2    33   14 42  0     66.97    0.1531E-01     122.6    361.9
2018  2  2    33   14 43  0     66.85    0.1550E-01     122.2    362.9
2018  2  2    33   14 44  0     66.73    0.1573E-01     122.0    363.6
2018  2  2    33   14 45  0     66.61    0.1599E-01     121.9    363.7
2018  2  2    33   14 46  0     66.50    0.1623E-01     121.7    364.0
2018  2  2    33   14 47  0     66.38    0.1644E-01     121.8    365.0
2018  2  2    33   14 48  0     66.26    0.1668E-01     122.1    365.8
2018  2  2    33   14 49  0     66.15    0.1693E-01     122.2    365.9
2018  2  2    33   14 50  0     66.03    0.1718E-01     122.3    366.6
2018  2  2    33   14 51  0     65.92    0.1743E-01     122.3    366.8
2018  2  2    33   14 52  0     65.81    0.1767E-01     122.6    367.5
2018  2  2    33   14 53  0     65.69    0.1793E-01     122.4    367.1
2018  2  2    33   14 54  0     65.58    0.1816E-01     122.5    367.4
2018  2  2    33   14 55  0     65.47    0.1844E-01     124.0    368.4
2018  2  2    33   14 56  0     65.36    0.1867E-01     124.7    369.1
2018  2  2    33   14 57  0     65.25    0.1886E-01     124.0    369.2
2018  2  2    33   14 58  0     65.14    0.1910E-01     123.5    369.0
2018  2  2    33   14 59  0     65.03    0.1810E-01      98.9    365.1
2018  2  2    33   15  0  0     64.92    0.1867E-01     107.2    367.2
2018  2  2    33   15  1  0     64.82    0.2000E-01     126.1    372.0
2018  2  2    33   15  2  0     64.71    0.2022E-01     125.6    371.2
2018  2  2    33   15  3  0     64.60    0.2039E-01     124.4    371.2
2018  2  2    33   15  4  0     64.50    0.2052E-01     122.0    370.5
2018  2  2    33   15  5  0     64.39    0.1989E-01     107.2    368.6
2018  2  2    33   15  6  0     64.29    0.1890E-01      86.7    365.2
2018  2  2    33   15  7  0     64.18    0.1982E-01      99.4    368.5
2018  2  2    33   15  8  0     64.08    0.2180E-01     126.4    373.1
2018  2  2    33   15  9  0     63.98    0.2203E-01     127.7    374.4
2018  2  2    33   15 10  0     63.87    0.2176E-01     121.1    373.7
2018  2  2    33   15 11  0     63.77    0.1970E-01      87.4    367.9
2018  2  2    33   15 12  0     63.67    0.1982E-01      90.4    370.2
2018  2  2    33   15 13  0     63.57    0.2275E-01     133.4    378.5
2018  2  2    33   15 14  0     63.47    0.2068E-01     103.5    373.6
2018  2  2    33   15 15  0     63.37    0.1958E-01      91.5    372.0
2018  2  2    33   15 16  0     63.28    0.2074E-01     107.7    375.9
2018  2  2    33   15 17  0     63.18    0.1880E-01      82.5    372.2
2018  2  2    33   15 18  0     63.08    0.1866E-01      79.0    371.6
2018  2  2    33   15 19  0     62.99    0.1892E-01      76.1    372.0
2018  2  2    33   15 20  0     62.89    0.1989E-01      81.7    373.9
2018  2  2    33   15 21  0     62.80    0.2188E-01     104.2    379.2
2018  2  2    33   15 22  0     62.71    0.2421E-01     126.6    381.6
2018  2  2    33   15 23  0     62.61    0.2452E-01     126.3    380.9
2018  2  2    33   15 24  0     62.52    0.2301E-01      97.2    375.3
2018  2  2    33   15 25  0     62.43    0.2321E-01      92.7    373.4
2018  2  2    33   15 26  0     62.34    0.2232E-01      81.5    372.5
2018  2  2    33   15 27  0     62.25    0.2488E-01     110.7    378.7
2018  2  2    33   15 28  0     62.16    0.2517E-01     115.7    379.9
2018  2  2    33   15 29  0     62.07    0.2343E-01      93.5    375.3
2018  2  2    33   15 30  0     61.98    0.2209E-01      76.6    373.2
2018  2  2    33   15 31  0     61.90    0.2384E-01      94.5    376.5
2018  2  2    33   15 32  0     61.81    0.2274E-01      84.7    375.9
2018  2  2    33   15 33  0     61.72    0.2504E-01     110.7    380.9
2018  2  2    33   15 34  0     61.64    0.2460E-01     110.9    382.8
2018  2  2    33   15 35  0     61.56    0.2387E-01     105.6    382.4
2018  2  2    33   15 36  0     61.47    0.2146E-01      77.0    377.4
2018  2  2    33   15 37  0     61.39    0.2161E-01      72.6    375.0
2018  2  2    33   15 38  0     61.31    0.2230E-01      72.0    373.8
2018  2  2    33   15 39  0     61.23    0.2363E-01      77.6    373.9
2018  2  2    33   15 40  0     61.15    0.2467E-01      85.0    376.0
2018  2  2    33   15 41  0     61.07    0.2390E-01      75.8    374.9
2018  2  2    33   15 42  0     60.99    0.2680E-01     102.1    379.6
2018  2  2    33   15 43  0     60.91    0.2380E-01      75.2    375.9
2018  2  2    33   15 44  0     60.83    0.2476E-01      83.4    377.3
2018  2  2    33   15 45  0     60.76    0.2343E-01      69.4    375.3
2018  2  2    33   15 46  0     60.68    0.2441E-01      75.3    376.2
2018  2  2    33   15 47  0     60.61    0.2455E-01      71.1    375.2
2018  2  2    33   15 48  0     60.54    0.2482E-01      70.2    375.1
2018  2  2    33   15 49  0     60.46    0.3025E-01     117.1    383.0
2018  2  2    33   15 50  0     60.39    0.2690E-01      80.9    376.7
2018  2  2    33   15 51  0     60.32    0.3109E-01     117.8    383.3
2018  2  2    33   15 52  0     60.25    0.3403E-01     139.9    386.0
2018  2  2    33   15 53  0     60.18    0.3425E-01     140.8    386.6
2018  2  2    33   15 54  0     60.11    0.3410E-01     138.2    386.0
2018  2  2    33   15 55  0     60.04    0.3420E-01     139.9    387.0
2018  2  2    33   15 56  0     59.97    0.3450E-01     144.0    388.8
2018  2  2    33   15 57  0     59.91    0.3355E-01     137.0    389.4
2018  2  2    33   15 58  0     59.84    0.3404E-01     140.3    389.7
2018  2  2    33   15 59  0     59.78    0.3449E-01     139.4    388.2
2018  2  2    33   16  0  0     59.71    0.3456E-01     136.2    387.4
2018  2  2    33   16  1  0     59.65    0.3201E-01     118.2    386.7
2018  2  2    33   16  2  0     59.59    0.3169E-01     119.1    387.4
2018  2  2    33   16  3  0     59.53    0.2797E-01      90.1    383.7
2018  2  2    33   16  4  0     59.46    0.2847E-01      91.3    383.3
2018  2  2    33   16  5  0     59.41    0.2828E-01      84.3    382.0
2018  2  2    33   16  6  0     59.35    0.2815E-01      77.8    380.4
2018  2  2    33   16  7  0     59.29    0.2878E-01      79.8    380.8
2018  2  2    33   16  8  0     59.23    0.3030E-01      91.0    382.6
2018  2  2    33   16  9  0     59.17    0.3388E-01     117.8    386.0
2018  2  2    33   16 10  0     59.12    0.3313E-01     112.5    385.1
2018  2  2    33   16 11  0     59.06    0.2713E-01      73.0    380.0
2018  2  2    33   16 12  0     59.01    0.2643E-01      72.2    380.9
2018  2  2    33   16 13  0     58.96    0.2592E-01      71.9    381.9
2018  2  2    33   16 14  0     58.90    0.2512E-01      69.3    381.8
2018  2  2    33   16 15  0     58.85    0.2450E-01      65.6    380.8
2018  2  2    33   16 16  0     58.80    0.2435E-01      62.4    379.7
2018  2  2    33   16 17  0     58.75    0.2475E-01      60.5    378.6
2018  2  2    33   16 18  0     58.70    0.2550E-01      59.7    377.9
2018  2  2    33   16 19  0     58.66    0.2658E-01      59.9    376.3
2018  2  2    33   16 20  0     58.61    0.2765E-01      61.7    376.5
2018  2  2    33   16 21  0     58.56    0.3004E-01      74.0    378.9
2018  2  2    33   16 22  0     58.52    0.3082E-01      79.5    380.5
2018  2  2    33   16 23  0     58.47    0.3115E-01      77.1    379.1
2018  2  2    33   16 24  0     58.43    0.2969E-01      68.7    378.3
2018  2  2    33   16 25  0     58.39    0.2919E-01      65.5    377.8
2018  2  2    33   16 26  0     58.34    0.2981E-01      69.9    379.1
2018  2  2    33   16 27  0     58.30    0.3018E-01      71.8    379.4
2018  2  2    33   16 28  0     58.26    0.3300E-01      91.6    383.2
2018  2  2    33   16 29  0     58.22    0.3024E-01      74.4    380.9
2018  2  2    33   16 30  0     58.19    0.3054E-01      76.8    381.9
2018  2  2    33   16 31  0     58.15    0.3144E-01      81.6    382.7
2018  2  2    33   16 32  0     58.11    0.3119E-01      79.8    382.5
2018  2  2    33   16 33  0     58.08    0.3173E-01      83.5    383.6
2018  2  2    33   16 34  0     58.04    0.3447E-01      99.9    386.1
2018  2  2    33   16 35  0     58.01    0.3807E-01     124.8    390.2
2018  2  2    33   16 36  0     57.98    0.4027E-01     140.9    393.4
2018  2  2    33   16 37  0     57.95    0.4135E-01     148.4    394.1
2018  2  2    33   16 38  0     57.92    0.3690E-01     120.9    392.0
2018  2  2    33   16 39  0     57.89    0.3938E-01     136.4    393.0
2018  2  2    33   16 40  0     57.86    0.3259E-01      96.8    388.4
2018  2  2    33   16 41  0     57.83    0.3729E-01     129.8    394.1
2018  2  2    33   16 42  0     57.80    0.3446E-01     111.0    391.0
2018  2  2    33   16 43  0     57.78    0.3305E-01     105.3    391.8
2018  2  2    33   16 44  0     57.75    0.3482E-01     115.4    393.6
2018  2  2    33   16 45  0     57.73    0.3407E-01     107.6    391.1
2018  2  2    33   16 46  0     57.70    0.3287E-01     102.3    391.0
2018  2  2    33   16 47  0     57.68    0.2951E-01      83.5    388.7
2018  2  2    33   16 48  0     57.66    0.3058E-01      98.6    393.2
2018  2  2    33   16 49  0     57.64    0.2738E-01      82.8    390.8
2018  2  2    33   16 50  0     57.62    0.2404E-01      66.7    389.0
2018  2  2    33   16 51  0     57.60    0.2311E-01      60.2    388.1
2018  2  2    33   16 52  0     57.58    0.2337E-01      59.2    387.3
2018  2  2    33   16 53  0     57.56    0.2354E-01      58.6    386.8
2018  2  2    33   16 54  0     57.55    0.2379E-01      59.1    387.3
2018  2  2    33   16 55  0     57.53    0.2406E-01      60.6    388.3
2018  2  2    33   16 56  0     57.52    0.2404E-01      61.1    389.0
2018  2  2    33   16 57  0     57.51    0.2423E-01      61.8    388.9
2018  2  2    33   16 58  0     57.49    0.2476E-01      63.5    389.0
2018  2  2    33   16 59  0     57.48    0.2594E-01      69.8    390.5
2018  2  2    33   17  0  0     57.47    0.2563E-01      66.1    389.2
2018  2  2    33   17  1  0     57.46    0.2564E-01      65.6    389.4
2018  2  2    33   17  2  0     57.45    0.2542E-01      64.8    389.5
2018  2  2    33   17  3  0     57.45    0.2525E-01      63.5    389.3
2018  2  2    33   17  4  0     57.44    0.2565E-01      64.4    389.4
2018  2  2    33   17  5  0     57.43    0.2582E-01      65.1    389.4
2018  2  2    33   17  6  0     57.43    0.2567E-01      65.2    389.6
2018  2  2    33   17  7  0     57.43    0.2523E-01      64.9    390.2
2018  2  2    33   17  8  0     57.42    0.2454E-01      61.7    390.1
2018  2  2    33   17  9  0     57.42    0.2560E-01      63.6    389.6
2018  2  2    33   17 10  0     57.42    0.2772E-01      70.6    390.1
2018  2  2    33   17 11  0     57.42    0.3360E-01     108.6    397.6
2018  2  2    33   17 12  0     57.42    0.3775E-01     138.4    400.5
2018  2  2    33   17 13  0     57.42    0.3615E-01     134.5    400.9
2018  2  2    33   17 14  0     57.43    0.3603E-01     133.4    400.5
2018  2  2    33   17 15  0     57.43    0.3451E-01     122.0    398.8
2018  2  2    33   17 16  0     57.43    0.2891E-01      87.8    394.3
2018  2  2    33   17 17  0     57.44    0.2643E-01      74.5    392.8
2018  2  2    33   17 18  0     57.45    0.2635E-01      73.6    392.9
2018  2  2    33   17 19  0     57.45    0.2615E-01      70.3    392.2
2018  2  2    33   17 20  0     57.46    0.2824E-01      81.9    394.8
2018  2  2    33   17 21  0     57.47    0.3692E-01     128.6    399.0
2018  2  2    33   17 22  0     57.48    0.3967E-01     140.6    399.2
2018  2  2    33   17 23  0     57.49    0.4069E-01     141.7    398.3
2018  2  2    33   17 24  0     57.50    0.4033E-01     136.6    397.4
2018  2  2    33   17 25  0     57.52    0.3311E-01      89.0    390.4
2018  2  2    33   17 26  0     57.53    0.3327E-01      91.2    391.7
2018  2  2    33   17 27  0     57.55    0.3674E-01     114.9    396.0
2018  2  2    33   17 28  0     57.56    0.4215E-01     146.3    397.9
2018  2  2    33   17 29  0     57.58    0.4257E-01     148.0    397.6
2018  2  2    33   17 30  0     57.60    0.4293E-01     151.4    398.2
2018  2  2    33   17 31  0     57.61    0.4266E-01     151.0    398.2
2018  2  2    33   17 32  0     57.63    0.4172E-01     146.6    397.6
2018  2  2    33   17 33  0     57.65    0.4036E-01     139.4    397.0
2018  2  2    33   17 34  0     57.68    0.3841E-01     130.8    396.6
2018  2  2    33   17 35  0     57.70    0.3856E-01     136.0    397.0
2018  2  2    33   17 36  0     57.72    0.3051E-01      89.0    391.8
2018  2  2    33   17 37  0     57.75    0.2906E-01      82.1    391.8
2018  2  2    33   17 38  0     57.77    0.2785E-01      76.6    391.2
2018  2  2    33   17 39  0     57.80    0.2724E-01      72.3    389.7
2018  2  2    33   17 40  0     57.83    0.2805E-01      74.1    389.0
2018  2  2    33   17 41  0     57.85    0.2922E-01      79.0    389.3
2018  2  2    33   17 42  0     57.88    0.3105E-01      88.4    390.6
2018  2  2    33   17 43  0     57.91    0.3325E-01     100.5    392.9
2018  2  2    33   17 44  0     57.94    0.3149E-01      87.7    389.4
2018  2  2    33   17 45  0     57.97    0.3077E-01      81.0    386.9
2018  2  2    33   17 46  0     58.01    0.3056E-01      76.6    384.9
2018  2  2    33   17 47  0     58.04    0.3023E-01      72.3    383.7
2018  2  2    33   17 48  0     58.07    0.3078E-01      74.1    384.0
2018  2  2    33   17 49  0     58.11    0.3609E-01     108.6    389.6
2018  2  2    33   17 50  0     58.15    0.3315E-01      84.9    384.1
2018  2  2    33   17 51  0     58.18    0.3073E-01      70.9    382.1
2018  2  2    33   17 52  0     58.22    0.3892E-01     124.7    389.6
2018  2  2    33   17 53  0     58.26    0.4046E-01     133.4    389.8
2018  2  2    33   17 54  0     58.30    0.4025E-01     132.1    389.4
2018  2  2    33   17 55  0     58.34    0.4109E-01     139.9    390.0
2018  2  2    33   17 56  0     58.38    0.3943E-01     128.3    388.2
2018  2  2    33   17 57  0     58.42    0.3704E-01     115.6    387.6
2018  2  2    33   17 58  0     58.47    0.3264E-01      88.2    384.0
2018  2  2    33   17 59  0     58.51    0.3308E-01      91.6    383.6
2018  2  2    33   18  0  0     58.56    0.3885E-01     131.6    387.8
2018  2  2    33   18  1  0     58.60    0.4083E-01     142.8    387.6
2018  2  2    33   18  2  0     58.65    0.4037E-01     139.6    386.8
2018  2  2    33   18  3  0     58.70    0.4110E-01     144.9    386.3
2018  2  2    33   18  4  0     58.74    0.3838E-01     125.3    383.2
2018  2  2    33   18  5  0     58.79    0.4033E-01     142.9    385.3
2018  2  2    33   18  6  0     58.84    0.4035E-01     141.2    383.9
2018  2  2    33   18  7  0     58.90    0.3973E-01     140.0    383.9
2018  2  2    33   18  8  0     58.95    0.4093E-01     149.1    384.5
2018  2  2    33   18  9  0     59.00    0.3684E-01     119.8    380.7
2018  2  2    33   18 10  0     59.05    0.3152E-01      86.7    376.3
2018  2  2    33   18 11  0     59.11    0.3561E-01     117.1    380.7
2018  2  2    33   18 12  0     59.16    0.3707E-01     130.3    382.0
2018  2  2    33   18 13  0     59.22    0.4069E-01     157.3    383.5
2018  2  2    33   18 14  0     59.28    0.4001E-01     153.1    382.0
2018  2  2    33   18 15  0     59.34    0.3857E-01     142.8    380.4
2018  2  2    33   18 16  0     59.40    0.3795E-01     139.3    379.3
2018  2  2    33   18 17  0     59.46    0.3466E-01     118.0    376.4
2018  2  2    33   18 18  0     59.52    0.2962E-01      85.4    370.9
2018  2  2    33   18 19  0     59.58    0.2889E-01      81.2    369.6
2018  2  2    33   18 20  0     59.64    0.2867E-01      80.0    368.6
2018  2  2    33   18 21  0     59.70    0.2805E-01      75.9    367.1
2018  2  2    33   18 22  0     59.77    0.2781E-01      73.1    365.1
2018  2  2    33   18 23  0     59.83    0.2770E-01      71.0    363.7
2018  2  2    33   18 24  0     59.90    0.2818E-01      72.9    363.7
2018  2  2    33   18 25  0     59.96    0.3030E-01      87.3    366.0
2018  2  2    33   18 26  0     60.03    0.2901E-01      76.8    363.6
2018  2  2    33   18 27  0     60.10    0.3202E-01      98.7    366.5
2018  2  2    33   18 28  0     60.17    0.3601E-01     125.9    368.6
2018  2  2    33   18 29  0     60.24    0.2962E-01      80.1    361.9
2018  2  2    33   18 30  0     60.31    0.3070E-01      92.1    364.2
2018  2  2    33   18 31  0     60.38    0.3207E-01      97.4    362.9
2018  2  2    33   18 32  0     60.45    0.2840E-01      71.2    358.7
2018  2  2    33   18 33  0     60.52    0.2826E-01      70.9    358.2
2018  2  2    33   18 34  0     60.60    0.2794E-01      71.0    358.1
2018  2  2    33   18 35  0     60.67    0.2713E-01      68.4    357.8
2018  2  2    33   18 36  0     60.75    0.2674E-01      68.5    357.6
2018  2  2    33   18 37  0     60.82    0.2658E-01      69.8    357.8
2018  2  2    33   18 38  0     60.90    0.2644E-01      70.5    357.9
2018  2  2    33   18 39  0     60.98    0.2637E-01      70.8    357.4
2018  2  2    33   18 40  0     61.06    0.2667E-01      72.8    357.0
2018  2  2    33   18 41  0     61.14    0.2710E-01      76.7    358.3
2018  2  2    33   18 42  0     61.22    0.2792E-01      85.6    360.6
2018  2  2    33   18 43  0     61.30    0.3026E-01     107.5    363.5
2018  2  2    33   18 44  0     61.38    0.2921E-01     100.6    361.9
2018  2  2    33   18 45  0     61.46    0.3273E-01     139.1    367.1
2018  2  2    33   18 46  0     61.54    0.3289E-01     141.6    367.1
2018  2  2    33   18 47  0     61.63    0.3189E-01     133.5    366.1
2018  2  2    33   18 48  0     61.71    0.3053E-01     126.1    366.3
2018  2  2    33   18 49  0     61.80    0.3189E-01     142.6    367.7
2018  2  2    33   18 50  0     61.88    0.3124E-01     139.1    366.1
2018  2  2    33   18 51  0     61.97    0.3047E-01     130.5    363.3
2018  2  2    33   18 52  0     62.06    0.2950E-01     121.4    361.6
2018  2  2    33   18 53  0     62.15    0.3116E-01     138.7    363.3
2018  2  2    33   18 54  0     62.24    0.3063E-01     138.6    363.6
2018  2  2    33   18 55  0     62.33    0.2849E-01     121.7    361.5
2018  2  2    33   18 56  0     62.42    0.2684E-01     111.4    360.5
2018  2  2    33   18 57  0     62.51    0.2833E-01     128.9    362.1
2018  2  2    33   18 58  0     62.60    0.2607E-01     107.3    359.1
2018  2  2    33   18 59  0     62.69    0.2562E-01     104.9    358.7
2018  2  2    33   19  0  0     62.78    0.2438E-01      91.4    356.2
2018  2  2    33   19  1  0     62.88    0.2352E-01      86.2    355.2
2018  2  2    33   19  2  0     62.97    0.2448E-01     104.6    358.9
2018  2  2    33   19  3  0     63.07    0.2514E-01     114.1    360.5
2018  2  2    33   19  4  0     63.17    0.2233E-01      89.0    357.6
2018  2  2    33   19  5  0     63.26    0.2262E-01      95.6    358.6
2018  2  2    33   19  6  0     63.36    0.2433E-01     118.3    360.6
2018  2  2    33   19  7  0     63.46    0.2290E-01      98.3    355.9
2018  2  2    33   19  8  0     63.56    0.2161E-01      85.4    352.7
2018  2  2    33   19  9  0     63.66    0.2115E-01      84.6    354.1
2018  2  2    33   19 10  0     63.76    0.2107E-01      87.6    355.1
2018  2  2    33   19 11  0     63.86    0.2108E-01      92.0    355.6
2018  2  2    33   19 12  0     63.96    0.2168E-01     105.5    358.0
2018  2  2    33   19 13  0     64.06    0.2006E-01      90.4    355.8
2018  2  2    33   19 14  0     64.17    0.2071E-01     104.2    358.7
2018  2  2    33   19 15  0     64.27    0.1987E-01      96.6    356.9
2018  2  2    33   19 16  0     64.37    0.2113E-01     116.9    359.5
2018  2  2    33   19 17  0     64.48    0.2032E-01     101.1    355.5
2018  2  2    33   19 18  0     64.58    0.1870E-01      78.9    349.5
2018  2  2    33   19 19  0     64.69    0.1851E-01      78.2    349.4
2018  2  2    33   19 20  0     64.80    0.1825E-01      76.0    347.9
2018  2  2    33   19 21  0     64.91    0.1798E-01      74.3    347.2
2018  2  2    33   19 22  0     65.01    0.1797E-01      75.2    346.5
2018  2  2    33   19 23  0     65.12    0.1972E-01     104.8    351.7
2018  2  2    33   19 24  0     65.23    0.1825E-01      82.9    347.0
2018  2  2    33   19 25  0     65.34    0.1830E-01      88.4    348.4
2018  2  2    33   19 26  0     65.45    0.1812E-01      93.8    350.1
2018  2  2    33   19 27  0     65.57    0.1932E-01     113.7    351.9
2018  2  2    33   19 28  0     65.68    0.1726E-01      83.1    346.5
2018  2  2    33   19 29  0     65.79    0.1695E-01      80.9    345.7
2018  2  2    33   19 30  0     65.90    0.1692E-01      83.0    346.0
2018  2  2    33   19 31  0     66.02    0.1679E-01      85.7    346.9
2018  2  2    33   19 32  0     66.13    0.1872E-01     129.3    354.0
2018  2  2    33   19 33  0     66.25    0.1680E-01      95.5    347.9
2018  2  2    33   19 34  0     66.36    0.1605E-01      87.8    346.1
2018  2  2    33   19 35  0     66.48    0.1679E-01     110.4    350.3
2018  2  2    33   19 36  0     66.60    0.1642E-01     104.6    348.2
2018  2  2    33   19 37  0     66.71    0.1595E-01     102.9    347.8
2018  2  2    33   19 38  0     66.83    0.1541E-01      99.0    346.6
2018  2  2    33   19 39  0     66.95    0.1480E-01      93.8    345.5
2018  2  2    33   19 40  0     67.07    0.1494E-01     103.9    347.2
2018  2  2    33   19 41  0     67.19    0.1509E-01     117.0    348.5
2018  2  2    33   19 42  0     67.31    0.1493E-01     123.6    348.7
2018  2  2    33   19 43  0     67.43    0.1427E-01     118.9    348.2
2018  2  2    33   19 44  0     67.55    0.1281E-01      94.3    343.8
2018  2  2    33   19 45  0     67.67    0.1232E-01      92.7    343.5
2018  2  2    33   19 46  0     67.80    0.1189E-01      94.0    343.8
2018  2  2    33   19 47  0     67.92    0.1208E-01     107.0    345.6
2018  2  2    33   19 48  0     68.04    0.1103E-01      87.9    340.9
2018  2  2    33   19 49  0     68.17    0.1061E-01      84.8    339.6
2018  2  2    33   19 50  0     68.29    0.1054E-01      86.8    339.4
2018  2  2    33   19 51  0     68.42    0.1079E-01      97.8    340.7
2018  2  2    33   19 52  0     68.54    0.1173E-01     125.7    344.0
2018  2  2    33   19 53  0     68.67    0.1110E-01     104.0    338.8
2018  2  2    33   19 54  0     68.80    0.1047E-01      83.1    332.7
2018  2  2    33   19 55  0     68.92    0.1020E-01      78.9    330.8
2018  2  2    33   19 56  0     69.05    0.1014E-01      78.5    329.4
2018  2  2    33   19 57  0     69.18    0.1037E-01      80.1    327.0
2018  2  2    33   19 58  0     69.31    0.1052E-01      83.3    326.7
2018  2  2    33   19 59  0     69.44    0.1081E-01      95.7    328.6
2018  2  2    33   20  0  0     69.57    0.1097E-01     104.7    330.5
2018  2  2    33   20  1  0     69.70    0.1072E-01      97.1    328.0
2018  2  2    33   20  2  0     69.83    0.1054E-01      96.0    327.0
2018  2  2    33   20  3  0     69.96    0.1087E-01     117.8    332.1
2018  2  2    33   20  4  0     70.10    0.1063E-01     108.9    326.8
2018  2  2    33   20  5  0     70.23    0.1000E-01      90.4    324.0
2018  2  2    33   20  6  0     70.36    0.9797E-02      89.3    322.4
2018  2  2    33   20  7  0     70.50    0.9493E-02      80.7    319.5
2018  2  2    33   20  8  0     70.63    0.9384E-02      78.8    317.7
2018  2  2    33   20  9  0     70.76    0.9224E-02      79.6    318.3
2018  2  2    33   20 10  0     70.90    0.9202E-02      88.9    319.2
2018  2  2    33   20 11  0     71.04    0.9473E-02     114.0    323.2
2018  2  2    33   20 12  0     71.17    0.9368E-02     120.2    323.2
2018  2  2    33   20 13  0     71.31    0.8945E-02     103.1    319.5
2018  2  2    33   20 14  0     71.44    0.8910E-02     110.3    320.1
2018  2  2    33   20 15  0     71.58    0.8773E-02     112.8    320.6
2018  2  2    33   20 16  0     71.72    0.8782E-02     129.9    324.3
2018  2  2    33   20 17  0     71.86    0.8383E-02     119.4    319.8
2018  2  2    33   20 18  0     72.00    0.7809E-02      98.3    314.9
2018  2  2    33   20 19  0     72.14    0.7788E-02     116.5    315.9
2018  2  2    33   20 20  0     72.28    0.7549E-02     116.6    315.7
2018  2  2    33   20 21  0     72.42    0.7374E-02     121.7    317.5
2018  2  2    33   20 22  0     72.56    0.7020E-02     110.8    314.4
2018  2  2    33   20 23  0     72.70    0.6768E-02     108.2    313.9
2018  2  2    33   20 24  0     72.84    0.6345E-02      94.3    311.8
2018  2  2    33   20 25  0     72.98    0.6151E-02      90.6    310.3
2018  2  2    33   20 26  0     73.13    0.6062E-02      88.0    307.2
2018  2  2    33   20 27  0     73.27    0.6086E-02      87.8    303.2
2018  2  2    33   20 28  0     73.41    0.6114E-02      97.2    303.9
2018  2  2    33   20 29  0     73.56    0.6123E-02     109.8    305.2
2018  2  2    33   20 30  0     73.70    0.5826E-02      95.9    303.7
2018  2  2    33   20 31  0     73.85    0.5677E-02     104.7    303.8
2018  2  2    33   20 32  0     73.99    0.5371E-02      94.0    300.5
2018  2  2    33   20 33  0     74.14    0.5112E-02      90.9    299.1
2018  2  2    33   20 34  0     74.28    0.4854E-02      89.8    298.5
2018  2  2    33   20 35  0     74.43    0.4634E-02      90.1    298.0
2018  2  2    33   20 36  0     74.57    0.4449E-02      91.2    297.6
2018  2  2    33   20 37  0     74.72    0.4282E-02      90.6    295.9
2018  2  2    33   20 38  0     74.87    0.4099E-02      88.8    295.2
2018  2  2    33   20 39  0     75.02    0.3954E-02      87.5    292.2
2018  2  2    33   20 40  0     75.17    0.3791E-02      87.3    290.4
2018  2  2    33   20 41  0     75.31    0.3703E-02      88.8    289.0
2018  2  2    33   20 42  0     75.46    0.3707E-02      90.0    288.0
2018  2  2    33   20 43  0     75.61    0.3780E-02      91.0    286.5
2018  2  2    33   20 44  0     75.76    0.3827E-02      93.2    285.9
2018  2  2    33   20 45  0     75.91    0.3831E-02      94.9    285.4
2018  2  2    33   20 46  0     76.06    0.3782E-02      94.0    283.1
2018  2  2    33   20 47  0     76.22    0.3711E-02      93.3    279.6
2018  2  2    33   20 48  0     76.37    0.3592E-02      92.9    279.1
2018  2  2    33   20 49  0     76.52    0.3478E-02      93.1    277.1
2018  2  2    33   20 50  0     76.67    0.3360E-02      94.3    275.8
2018  2  2    33   20 51  0     76.82    0.3239E-02      94.3    273.8
2018  2  2    33   20 52  0     76.98    0.3108E-02      94.3    271.8
2018  2  2    33   20 53  0     77.13    0.2985E-02      96.0    271.4
2018  2  2    33   20 54  0     77.28    0.2912E-02      98.2    269.5
2018  2  2    33   20 55  0     77.44    0.2842E-02      97.8    265.9
2018  2  2    33   20 56  0     77.59    0.2728E-02      99.6    266.4
2018  2  2    33   20 57  0     77.75    0.2660E-02      99.1    262.1
2018  2  2    33   20 58  0     77.90    0.2583E-02     101.2    259.5
2018  2  2    33   20 59  0     78.06    0.2507E-02     115.1    261.6
2018  2  2    33   21  0  0     78.21    0.2454E-02     107.4    256.2
2018  2  2    33   21  1  0     78.37    0.2397E-02     103.7    253.8
2018  2  2    33   21  2  0     78.53    0.2326E-02     104.5    254.8
2018  2  2    33   21  3  0     78.68    0.2310E-02     107.3    250.2
2018  2  2    33   21  4  0     78.84    0.2277E-02     110.8    248.9
2018  2  2    33   21  5  0     79.00    0.2257E-02     117.4    246.4
2018  2  2    33   21  6  0     79.16    0.2224E-02     120.2    242.9
2018  2  2    33   21  7  0     79.31    0.2157E-02     117.6    241.8
2018  2  2    33   21  8  0     79.47    0.2095E-02     108.1    237.4
2018  2  2    33   21  9  0     79.63    0.2028E-02     118.3    236.4
2018  2  2    33   21 10  0     79.79    0.1955E-02     117.9    232.1
2018  2  2    33   21 11  0     79.95    0.1870E-02     115.9    230.2
2018  2  2    33   21 12  0     80.11    0.1850E-02     116.3    223.8
2018  2  2    33   21 13  0     80.27    0.1826E-02     115.7    220.3
2018  2  2    33   21 14  0     80.43    0.1765E-02     114.7    220.6
2018  2  2    33   21 15  0     80.59    0.1726E-02     113.5    214.6
2018  2  2    33   21 16  0     80.75    0.1647E-02     111.4    211.4
2018  2  2    33   21 17  0     80.92    0.1596E-02     110.6    205.2
2018  2  2    33   21 18  0     81.08    0.1520E-02     107.8    202.2
2018  2  2    33   21 19  0     81.24    0.1455E-02     106.8    198.1
2018  2  2    33   21 20  0     81.40    0.1385E-02     105.8    194.9
2018  2  2    33   21 21  0     81.56    0.1308E-02     103.0    192.8
2018  2  2    33   21 22  0     81.73    0.1269E-02     100.6    186.4
2018  2  2    33   21 23  0     81.89    0.1238E-02      96.6    182.0
2018  2  2    33   21 24  0     82.05    0.1199E-02      94.6    182.2
2018  2  2    33   21 25  0     82.22    0.1191E-02      91.9    176.9
2018  2  2    33   21 26  0     82.38    0.1158E-02      90.5    171.8
2018  2  2    33   21 27  0     82.55    0.1110E-02      89.0    168.1
2018  2  2    33   21 28  0     82.71    0.1042E-02      86.8    166.6
2018  2  2    33   21 29  0     82.88    0.1014E-02      84.6    160.5
2018  2  2    33   21 30  0     83.04    0.1012E-02      84.0    153.1
2018  2  2    33   21 31  0     83.21    0.9522E-03      79.6    148.1
2018  2  2    33   21 32  0     83.37    0.8865E-03      73.2    139.2
2018  2  2    33   21 33  0     83.54    0.8190E-03      66.6    130.0
2018  2  2    33   21 34  0     83.71    0.8054E-03      62.9    121.3
2018  2  2    33   21 35  0     83.87    0.7534E-03      62.3    121.3
2018  2  2    33   21 36  0     84.04    0.7263E-03      64.4    123.7
2018  2  2    33   21 37  0     84.21    0.7567E-03      68.5    121.3
2018  2  2    33   21 38  0     84.37    0.7594E-03      70.9    119.3
2018  2  2    33   21 39  0     84.54    0.7651E-03      75.2    119.8
2018  2  2    33   21 40  0     84.71    0.7663E-03      79.8    122.1
2018  2  2    33   21 41  0     84.88    0.7797E-03      81.9    117.5
2018  2  2    33   21 42  0     85.05    0.7413E-03      81.3    115.7
2018  2  2    33   21 43  0     85.21    0.7093E-03      81.4    113.8
2018  2  2    33   21 44  0     85.38    0.6827E-03      83.0    113.8
2018  2  2    33   21 45  0     85.55    0.7098E-03      84.5    108.2
2018  2  2    33   21 46  0     85.72    0.6997E-03      85.6    106.3
2018  2  2    33   21 47  0     85.89    0.6778E-03      84.7    103.9
2018  2  2    33   21 48  0     86.06    0.6510E-03      81.3     99.5
2018  2  2    33   21 49  0     86.23    0.6361E-03      76.0     91.9
2018  2  2    33   21 50  0     86.40    0.5921E-03      70.3     87.6
2018  2  2    33   21 51  0     86.57    0.5548E-03      65.6     84.0
2018  2  2    33   21 52  0     86.74    0.5719E-03      63.5     77.2
2018  2  2    33   21 53  0     86.92    0.5618E-03      64.7     75.8
2018  2  2    33   21 54  0     87.09    0.5674E-03      68.1     75.2
2018  2  2    33   21 55  0     87.26    0.6013E-03      70.8     71.7
2018  2  2    33   21 56  0     87.43    0.5531E-03      72.4     74.9
2018  2  2    33   21 57  0     87.60    0.5647E-03      73.0     70.4
2018  2  2    33   21 58  0     87.78    0.5506E-03      73.6     68.3
2018  2  2    33   21 59  0     87.95    0.5447E-03      74.4     65.2
2018  2  2    33   22  0  0     88.12    0.5318E-03      75.0     63.4
2018  2  2    33   22  1  0     88.29    0.5564E-03      77.4     59.8
2018  2  2    33   22  2  0     88.47    0.5434E-03      81.8     61.2
2018  2  2    33   22  3  0     88.64    0.5589E-03      87.1     59.7
2018  2  2    33   22  4  0     88.81    0.5484E-03      91.9     60.3
2018  2  2    33   22  5  0     88.99    0.5584E-03      97.5     58.3
2018  2  2    33   22  6  0     89.16    0.5222E-03     102.5     62.2
2018  2  2    33   22  7  0     89.34    0.5586E-03     106.1     57.3
2018  2  2    33   22  8  0     89.51    0.5430E-03     109.2     57.7
2018  2  2    33   22  9  0     89.69    0.5390E-03     111.1     55.8
2018  2  2    33   22 10  0     89.86    0.5416E-03     111.8     52.3
