                            NILUUV 115

Uvpro Version 2.0
Latitude :   40.74 (North)
Longitude:  -74.03  (West)
Calibration file: cf100603a.115
Height above sea level:    40.0  m
CLT derived from channel 4
CLT scale factor used:   1.0
Ozone derived from channel pair ch3/ch1
Ozone scale factor used:   1.0
Drift factors ch1-ch6:   0.432  0.412  0.582  0.590  0.402  0.910
Ozone profile climatology: Mid  Latitude
Dose type:    CLW    Caldwell Plant 1971           

yyyy mm dd   jul   hh mm ss      SZA     dose rate       clt     Ozone
                              [degrees]   [W/m^2]        [%]     [DU]
2017 12 13   347   12 18  0     89.92    0.4538E-03     117.8     60.7
2017 12 13   347   12 19  0     89.76    0.4691E-03     117.4     62.3
2017 12 13   347   12 20  0     89.59    0.4664E-03     117.1     67.7
2017 12 13   347   12 21  0     89.43    0.4853E-03     117.2     68.6
2017 12 13   347   12 22  0     89.27    0.4820E-03     117.3     73.3
2017 12 13   347   12 23  0     89.11    0.5154E-03     119.0     72.0
2017 12 13   347   12 24  0     88.95    0.5032E-03     120.4     77.8
2017 12 13   347   12 25  0     88.79    0.5138E-03     120.5     80.7
2017 12 13   347   12 26  0     88.63    0.5407E-03     120.6     80.7
2017 12 13   347   12 27  0     88.47    0.5413E-03     120.5     84.9
2017 12 13   347   12 28  0     88.32    0.5418E-03     120.9     89.0
2017 12 13   347   12 29  0     88.16    0.5628E-03     121.7     89.3
2017 12 13   347   12 30  0     88.00    0.5876E-03     121.7     88.2
2017 12 13   347   12 31  0     87.84    0.5802E-03     120.3     93.1
2017 12 13   347   12 32  0     87.68    0.5834E-03     119.6     96.4
2017 12 13   347   12 33  0     87.53    0.6084E-03     119.1     97.0
2017 12 13   347   12 34  0     87.37    0.6132E-03     119.6    100.8
2017 12 13   347   12 35  0     87.21    0.6210E-03     120.7    104.1
2017 12 13   347   12 36  0     87.06    0.6367E-03     120.7    105.2
2017 12 13   347   12 37  0     86.90    0.6579E-03     121.0    106.5
2017 12 13   347   12 38  0     86.74    0.6564E-03     121.2    111.3
2017 12 13   347   12 39  0     86.59    0.6642E-03     122.0    114.8
2017 12 13   347   12 40  0     86.43    0.6827E-03     121.3    116.2
2017 12 13   347   12 41  0     86.28    0.6952E-03     122.2    119.7
2017 12 13   347   12 42  0     86.12    0.7004E-03     122.9    124.5
2017 12 13   347   12 43  0     85.97    0.7343E-03     123.0    122.6
2017 12 13   347   12 44  0     85.82    0.7597E-03     122.6    124.5
2017 12 13   347   12 45  0     85.66    0.7736E-03     122.7    128.2
2017 12 13   347   12 46  0     85.51    0.7646E-03     122.2    134.6
2017 12 13   347   12 47  0     85.36    0.7938E-03     120.6    134.2
2017 12 13   347   12 48  0     85.20    0.8332E-03     119.8    132.9
2017 12 13   347   12 49  0     85.05    0.8238E-03     120.5    138.9
2017 12 13   347   12 50  0     84.90    0.8280E-03     119.3    142.3
2017 12 13   347   12 51  0     84.75    0.8479E-03     116.6    144.7
2017 12 13   347   12 52  0     84.60    0.8616E-03     115.4    148.1
2017 12 13   347   12 53  0     84.45    0.8544E-03     112.4    151.6
2017 12 13   347   12 54  0     84.30    0.8701E-03     109.8    151.8
2017 12 13   347   12 55  0     84.15    0.8975E-03     109.0    151.3
2017 12 13   347   12 56  0     84.00    0.9007E-03     107.5    152.8
2017 12 13   347   12 57  0     83.85    0.8995E-03     104.6    156.5
2017 12 13   347   12 58  0     83.70    0.9169E-03     103.7    158.0
2017 12 13   347   12 59  0     83.55    0.9289E-03     102.5    160.1
2017 12 13   347   13  0  0     83.40    0.9521E-03     104.1    165.8
2017 12 13   347   13  1  0     83.25    0.9802E-03     105.6    170.6
2017 12 13   347   13  2  0     83.10    0.1047E-02     107.3    171.0
2017 12 13   347   13  3  0     82.96    0.1075E-02     108.5    175.5
2017 12 13   347   13  4  0     82.81    0.1115E-02     109.5    176.9
2017 12 13   347   13  5  0     82.66    0.1143E-02     109.7    180.8
2017 12 13   347   13  6  0     82.52    0.1198E-02     110.5    181.5
2017 12 13   347   13  7  0     82.37    0.1222E-02     111.8    185.1
2017 12 13   347   13  8  0     82.23    0.1257E-02     111.5    187.6
2017 12 13   347   13  9  0     82.08    0.1317E-02     113.2    190.2
2017 12 13   347   13 10  0     81.94    0.1345E-02     114.6    194.8
2017 12 13   347   13 11  0     81.79    0.1368E-02     115.6    200.3
2017 12 13   347   13 12  0     81.65    0.1396E-02     116.3    204.9
2017 12 13   347   13 13  0     81.51    0.1433E-02     116.5    207.7
2017 12 13   347   13 14  0     81.36    0.1486E-02     117.9    208.8
2017 12 13   347   13 15  0     81.22    0.1497E-02     119.3    214.9
2017 12 13   347   13 16  0     81.08    0.1532E-02     118.5    216.0
2017 12 13   347   13 17  0     80.94    0.1563E-02     117.2    218.4
2017 12 13   347   13 18  0     80.79    0.1618E-02     119.2    221.0
2017 12 13   347   13 19  0     80.65    0.1663E-02     119.3    223.2
2017 12 13   347   13 20  0     80.51    0.1689E-02     119.2    227.8
2017 12 13   347   13 21  0     80.37    0.1754E-02     118.7    227.3
2017 12 13   347   13 22  0     80.23    0.1810E-02     119.8    229.1
2017 12 13   347   13 23  0     80.09    0.1839E-02     118.9    233.0
2017 12 13   347   13 24  0     79.95    0.1890E-02     120.4    236.7
2017 12 13   347   13 25  0     79.82    0.1953E-02     121.3    239.0
2017 12 13   347   13 26  0     79.68    0.2021E-02     121.9    240.0
2017 12 13   347   13 27  0     79.54    0.2050E-02     120.7    243.0
2017 12 13   347   13 28  0     79.40    0.2097E-02     121.1    245.2
2017 12 13   347   13 29  0     79.27    0.2152E-02     120.2    245.8
2017 12 13   347   13 30  0     79.13    0.2185E-02     119.5    249.4
2017 12 13   347   13 31  0     78.99    0.2230E-02     120.2    252.6
2017 12 13   347   13 32  0     78.86    0.2272E-02     119.1    254.1
2017 12 13   347   13 33  0     78.72    0.2322E-02     118.1    255.0
2017 12 13   347   13 34  0     78.59    0.2353E-02     116.9    257.5
2017 12 13   347   13 35  0     78.45    0.2428E-02     119.5    259.9
2017 12 13   347   13 36  0     78.32    0.2474E-02     118.8    263.2
2017 12 13   347   13 37  0     78.19    0.2552E-02     118.7    263.8
2017 12 13   347   13 38  0     78.05    0.2607E-02     118.3    266.2
2017 12 13   347   13 39  0     77.92    0.2690E-02     115.6    263.3
2017 12 13   347   13 40  0     77.79    0.2714E-02     117.9    269.6
2017 12 13   347   13 41  0     77.66    0.2756E-02     120.7    275.3
2017 12 13   347   13 42  0     77.53    0.2823E-02     118.7    274.5
2017 12 13   347   13 43  0     77.40    0.2886E-02     114.0    272.5
2017 12 13   347   13 44  0     77.27    0.2919E-02     114.4    275.5
2017 12 13   347   13 45  0     77.14    0.2955E-02     117.9    282.0
2017 12 13   347   13 46  0     77.01    0.3074E-02     120.6    282.4
2017 12 13   347   13 47  0     76.88    0.3166E-02     122.3    285.2
2017 12 13   347   13 48  0     76.75    0.3193E-02     117.4    285.7
2017 12 13   347   13 49  0     76.62    0.3251E-02     116.2    287.4
2017 12 13   347   13 50  0     76.50    0.3345E-02     116.6    288.2
2017 12 13   347   13 51  0     76.37    0.3476E-02     121.3    290.5
2017 12 13   347   13 52  0     76.24    0.3553E-02     121.3    293.3
2017 12 13   347   13 53  0     76.12    0.3654E-02     120.2    291.7
2017 12 13   347   13 54  0     75.99    0.3684E-02     113.9    291.6
2017 12 13   347   13 55  0     75.87    0.3751E-02     113.2    292.2
2017 12 13   347   13 56  0     75.74    0.3839E-02     113.9    293.7
2017 12 13   347   13 57  0     75.62    0.3890E-02     113.6    297.0
2017 12 13   347   13 58  0     75.49    0.3918E-02     110.3    296.9
2017 12 13   347   13 59  0     75.37    0.4029E-02     113.8    300.2
2017 12 13   347   14  0  0     75.25    0.4154E-02     113.4    300.6
2017 12 13   347   14  1  0     75.13    0.4274E-02     115.6    302.4
2017 12 13   347   14  2  0     75.01    0.4296E-02     117.5    306.7
2017 12 13   347   14  3  0     74.88    0.4384E-02     117.4    305.3
2017 12 13   347   14  4  0     74.76    0.4564E-02     119.2    307.8
2017 12 13   347   14  5  0     74.64    0.4657E-02     116.1    307.7
2017 12 13   347   14  6  0     74.53    0.4745E-02     111.9    306.7
2017 12 13   347   14  7  0     74.41    0.4998E-02     122.0    311.7
2017 12 13   347   14  8  0     74.29    0.5088E-02     121.3    312.8
2017 12 13   347   14  9  0     74.17    0.5179E-02     119.2    312.5
2017 12 13   347   14 10  0     74.05    0.5341E-02     120.3    313.2
2017 12 13   347   14 11  0     73.94    0.5321E-02     113.7    313.6
2017 12 13   347   14 12  0     73.82    0.5578E-02     123.3    317.7
2017 12 13   347   14 13  0     73.71    0.5553E-02     116.2    316.7
2017 12 13   347   14 14  0     73.59    0.5711E-02     118.2    318.2
2017 12 13   347   14 15  0     73.48    0.5929E-02     122.7    319.8
2017 12 13   347   14 16  0     73.36    0.6083E-02     122.3    320.5
2017 12 13   347   14 17  0     73.25    0.6078E-02     115.1    318.3
2017 12 13   347   14 18  0     73.14    0.6245E-02     120.9    321.3
2017 12 13   347   14 19  0     73.02    0.6294E-02     120.7    322.1
2017 12 13   347   14 20  0     72.91    0.6198E-02     111.2    319.2
2017 12 13   347   14 21  0     72.80    0.6374E-02     119.2    326.1
2017 12 13   347   14 22  0     72.69    0.6385E-02     113.6    323.5
2017 12 13   347   14 23  0     72.58    0.6416E-02     104.9    319.7
2017 12 13   347   14 24  0     72.47    0.6886E-02     117.9    324.5
2017 12 13   347   14 25  0     72.36    0.6989E-02     120.7    328.1
2017 12 13   347   14 26  0     72.25    0.7042E-02     121.3    329.0
2017 12 13   347   14 27  0     72.15    0.6868E-02     111.0    325.5
2017 12 13   347   14 28  0     72.04    0.6949E-02     110.8    325.5
2017 12 13   347   14 29  0     71.93    0.6644E-02     102.1    324.8
2017 12 13   347   14 30  0     71.83    0.6301E-02      92.5    323.5
2017 12 13   347   14 31  0     71.72    0.6439E-02      88.1    319.7
2017 12 13   347   14 32  0     71.62    0.6739E-02      93.0    322.4
2017 12 13   347   14 33  0     71.51    0.6737E-02      92.9    324.8
2017 12 13   347   14 34  0     71.41    0.6672E-02      91.5    326.0
2017 12 13   347   14 35  0     71.30    0.6609E-02      89.0    326.1
2017 12 13   347   14 36  0     71.20    0.6613E-02      90.4    328.9
2017 12 13   347   14 37  0     71.10    0.6749E-02      90.3    329.2
2017 12 13   347   14 38  0     71.00    0.7293E-02      97.3    331.5
2017 12 13   347   14 39  0     70.90    0.7332E-02      95.7    331.0
2017 12 13   347   14 40  0     70.80    0.6981E-02      88.1    329.7
2017 12 13   347   14 41  0     70.70    0.7112E-02      85.2    327.6
2017 12 13   347   14 42  0     70.60    0.7298E-02      85.0    328.2
2017 12 13   347   14 43  0     70.50    0.7622E-02      85.2    326.7
2017 12 13   347   14 44  0     70.41    0.7986E-02      86.3    324.8
2017 12 13   347   14 45  0     70.31    0.8057E-02      90.3    329.1
2017 12 13   347   14 46  0     70.21    0.7392E-02      82.2    329.9
2017 12 13   347   14 47  0     70.12    0.6921E-02      74.9    328.0
2017 12 13   347   14 48  0     70.02    0.6852E-02      72.1    327.0
2017 12 13   347   14 49  0     69.93    0.6719E-02      69.9    327.6
2017 12 13   347   14 50  0     69.83    0.6587E-02      66.5    326.9
2017 12 13   347   14 51  0     69.74    0.6924E-02      68.2    325.9
2017 12 13   347   14 52  0     69.65    0.7040E-02      70.3    329.8
2017 12 13   347   14 53  0     69.56    0.6921E-02      69.0    330.9
2017 12 13   347   14 54  0     69.47    0.6935E-02      67.9    331.1
2017 12 13   347   14 55  0     69.37    0.7486E-02      71.9    331.5
2017 12 13   347   14 56  0     69.29    0.7681E-02      73.8    332.7
2017 12 13   347   14 57  0     69.20    0.7368E-02      69.9    334.2
2017 12 13   347   14 58  0     69.11    0.7865E-02      72.8    333.5
2017 12 13   347   14 59  0     69.02    0.8553E-02      78.6    335.6
2017 12 13   347   15  0  0     68.93    0.8787E-02      80.6    336.9
2017 12 13   347   15  1  0     68.85    0.8680E-02      78.6    336.6
2017 12 13   347   15  2  0     68.76    0.8565E-02      76.9    337.7
2017 12 13   347   15  3  0     68.68    0.8776E-02      76.6    337.0
2017 12 13   347   15  4  0     68.59    0.8837E-02      77.5    338.2
2017 12 13   347   15  5  0     68.51    0.8039E-02      70.8    338.7
2017 12 13   347   15  6  0     68.42    0.7640E-02      66.1    338.2
2017 12 13   347   15  7  0     68.34    0.8305E-02      71.0    339.8
2017 12 13   347   15  8  0     68.26    0.9465E-02      79.5    340.3
2017 12 13   347   15  9  0     68.18    0.1023E-01      85.4    341.4
2017 12 13   347   15 10  0     68.10    0.1005E-01      83.6    342.1
2017 12 13   347   15 11  0     68.02    0.1002E-01      80.4    340.3
2017 12 13   347   15 12  0     67.94    0.1072E-01      82.7    338.2
2017 12 13   347   15 13  0     67.86    0.1149E-01      89.0    339.8
2017 12 13   347   15 14  0     67.78    0.1234E-01      95.1    340.4
2017 12 13   347   15 15  0     67.71    0.1250E-01      97.8    343.0
2017 12 13   347   15 16  0     67.63    0.1188E-01      93.1    343.6
2017 12 13   347   15 17  0     67.56    0.1127E-01      85.8    342.1
2017 12 13   347   15 18  0     67.48    0.1092E-01      79.5    339.9
2017 12 13   347   15 19  0     67.41    0.1102E-01      79.5    340.0
2017 12 13   347   15 20  0     67.33    0.1145E-01      82.7    341.5
2017 12 13   347   15 21  0     67.26    0.1161E-01      84.0    342.1
2017 12 13   347   15 22  0     67.19    0.1115E-01      80.1    342.0
2017 12 13   347   15 23  0     67.12    0.1055E-01      74.7    340.5
2017 12 13   347   15 24  0     67.05    0.9368E-02      64.8    339.2
2017 12 13   347   15 25  0     66.98    0.9704E-02      67.3    340.5
2017 12 13   347   15 26  0     66.91    0.1105E-01      75.5    341.7
2017 12 13   347   15 27  0     66.84    0.1098E-01      74.5    342.1
2017 12 13   347   15 28  0     66.77    0.1061E-01      70.9    341.3
2017 12 13   347   15 29  0     66.71    0.1029E-01      67.8    341.1
2017 12 13   347   15 30  0     66.64    0.1041E-01      66.7    340.4
2017 12 13   347   15 31  0     66.58    0.1078E-01      67.7    339.9
2017 12 13   347   15 32  0     66.51    0.1105E-01      68.5    339.6
2017 12 13   347   15 33  0     66.45    0.1153E-01      71.0    339.5
2017 12 13   347   15 34  0     66.39    0.1173E-01      70.9    339.4
2017 12 13   347   15 35  0     66.32    0.1194E-01      71.4    339.2
2017 12 13   347   15 36  0     66.26    0.1201E-01      71.6    339.6
2017 12 13   347   15 37  0     66.20    0.1166E-01      69.1    339.7
2017 12 13   347   15 38  0     66.14    0.1107E-01      65.0    339.6
2017 12 13   347   15 39  0     66.08    0.1149E-01      66.8    339.5
2017 12 13   347   15 40  0     66.02    0.1228E-01      70.5    339.1
2017 12 13   347   15 41  0     65.97    0.1270E-01      71.4    338.7
2017 12 13   347   15 42  0     65.91    0.1350E-01      74.6    338.4
2017 12 13   347   15 43  0     65.85    0.1408E-01      77.2    338.4
2017 12 13   347   15 44  0     65.80    0.1409E-01      77.1    338.7
2017 12 13   347   15 45  0     65.74    0.1411E-01      76.8    339.0
2017 12 13   347   15 46  0     65.69    0.1484E-01      79.2    338.5
2017 12 13   347   15 47  0     65.64    0.1528E-01      81.0    338.3
2017 12 13   347   15 48  0     65.58    0.1512E-01      81.1    339.4
2017 12 13   347   15 49  0     65.53    0.1486E-01      79.7    340.1
2017 12 13   347   15 50  0     65.48    0.1554E-01      83.2    340.8
2017 12 13   347   15 51  0     65.43    0.1587E-01      83.5    339.8
2017 12 13   347   15 52  0     65.38    0.1601E-01      83.3    339.5
2017 12 13   347   15 53  0     65.33    0.1627E-01      85.0    339.9
2017 12 13   347   15 54  0     65.29    0.1664E-01      91.7    343.3
2017 12 13   347   15 55  0     65.24    0.1524E-01      83.8    343.4
2017 12 13   347   15 56  0     65.19    0.1433E-01      76.0    341.4
2017 12 13   347   15 57  0     65.15    0.1433E-01      75.0    341.0
2017 12 13   347   15 58  0     65.10    0.1332E-01      69.7    341.1
2017 12 13   347   15 59  0     65.06    0.1201E-01      61.7    339.5
2017 12 13   347   16  0  0     65.02    0.1089E-01      55.0    338.2
2017 12 13   347   16  1  0     64.98    0.9993E-02      49.4    337.0
2017 12 13   347   16  2  0     64.94    0.1048E-01      51.0    336.6
2017 12 13   347   16  3  0     64.90    0.1156E-01      55.6    337.2
2017 12 13   347   16  4  0     64.86    0.1179E-01      56.5    337.8
2017 12 13   347   16  5  0     64.82    0.1124E-01      53.5    337.4
2017 12 13   347   16  6  0     64.78    0.1076E-01      50.7    336.6
2017 12 13   347   16  7  0     64.74    0.1171E-01      54.9    337.5
2017 12 13   347   16  8  0     64.71    0.1250E-01      58.2    337.5
2017 12 13   347   16  9  0     64.67    0.1219E-01      56.5    337.4
2017 12 13   347   16 10  0     64.64    0.1137E-01      52.5    337.1
2017 12 13   347   16 11  0     64.60    0.1076E-01      49.4    336.4
2017 12 13   347   16 12  0     64.57    0.1091E-01      49.8    336.8
2017 12 13   347   16 13  0     64.54    0.1077E-01      48.7    336.4
2017 12 13   347   16 14  0     64.51    0.1062E-01      47.9    336.6
2017 12 13   347   16 15  0     64.47    0.1076E-01      48.3    336.6
2017 12 13   347   16 16  0     64.44    0.1084E-01      48.4    336.2
2017 12 13   347   16 17  0     64.42    0.1174E-01      52.2    337.0
2017 12 13   347   16 18  0     64.39    0.1272E-01      55.9    336.9
2017 12 13   347   16 19  0     64.36    0.1222E-01      53.4    335.9
2017 12 13   347   16 20  0     64.33    0.1064E-01      46.5    335.1
2017 12 13   347   16 21  0     64.31    0.9424E-02      41.1    334.8
2017 12 13   347   16 22  0     64.28    0.9545E-02      41.4    334.6
2017 12 13   347   16 23  0     64.26    0.1002E-01      43.1    334.2
2017 12 13   347   16 24  0     64.24    0.1020E-01      43.8    334.3
2017 12 13   347   16 25  0     64.21    0.1029E-01      44.1    334.6
2017 12 13   347   16 26  0     64.19    0.1090E-01      46.8    335.6
2017 12 13   347   16 27  0     64.17    0.1124E-01      48.0    335.0
2017 12 13   347   16 28  0     64.15    0.1064E-01      45.4    335.0
2017 12 13   347   16 29  0     64.13    0.1067E-01      45.5    335.0
2017 12 13   347   16 30  0     64.12    0.1112E-01      47.5    335.4
2017 12 13   347   16 31  0     64.10    0.1185E-01      50.9    336.8
2017 12 13   347   16 32  0     64.08    0.1239E-01      53.4    337.6
2017 12 13   347   16 33  0     64.07    0.1233E-01      53.3    337.5
2017 12 13   347   16 34  0     64.05    0.1282E-01      55.4    338.0
2017 12 13   347   16 35  0     64.04    0.1300E-01      55.8    337.6
2017 12 13   347   16 36  0     64.03    0.1363E-01      57.9    337.3
2017 12 13   347   16 37  0     64.01    0.1606E-01      68.8    338.3
2017 12 13   347   16 38  0     64.00    0.1799E-01      78.6    340.3
2017 12 13   347   16 39  0     63.99    0.1966E-01      88.8    342.4
2017 12 13   347   16 40  0     63.98    0.1981E-01      89.7    342.9
2017 12 13   347   16 41  0     63.97    0.2118E-01     100.3    345.7
2017 12 13   347   16 42  0     63.96    0.2011E-01      88.7    341.6
2017 12 13   347   16 43  0     63.96    0.2127E-01      91.9    340.0
2017 12 13   347   16 44  0     63.95    0.2186E-01      93.8    339.4
2017 12 13   347   16 45  0     63.95    0.2234E-01      97.5    340.4
2017 12 13   347   16 46  0     63.94    0.2206E-01      98.5    341.9
2017 12 13   347   16 47  0     63.94    0.2440E-01     114.5    344.6
2017 12 13   347   16 48  0     63.93    0.2193E-01      90.0    336.6
2017 12 13   347   16 49  0     63.93    0.2196E-01      91.2    337.5
2017 12 13   347   16 50  0     63.93    0.2212E-01      97.2    341.4
2017 12 13   347   16 51  0     63.93    0.2094E-01      88.6    339.0
2017 12 13   347   16 52  0     63.93    0.2149E-01      90.1    338.3
2017 12 13   347   16 53  0     63.93    0.2254E-01      96.2    339.4
2017 12 13   347   16 54  0     63.93    0.2511E-01     114.6    343.2
2017 12 13   347   16 55  0     63.94    0.2428E-01     103.3    339.0
2017 12 13   347   16 56  0     63.94    0.2588E-01     114.4    341.6
2017 12 13   347   16 57  0     63.95    0.2541E-01     112.0    341.5
2017 12 13   347   16 58  0     63.95    0.2722E-01     124.9    343.5
2017 12 13   347   16 59  0     63.96    0.2509E-01     110.0    340.8
2017 12 13   347   17  0  0     63.97    0.2739E-01     128.1    344.4
2017 12 13   347   17  1  0     63.97    0.2533E-01     115.0    342.8
2017 12 13   347   17  2  0     63.98    0.2614E-01     120.1    342.4
2017 12 13   347   17  3  0     63.99    0.2624E-01     117.6    340.8
2017 12 13   347   17  4  0     64.00    0.2787E-01     128.5    342.6
2017 12 13   347   17  5  0     64.01    0.2784E-01     128.0    342.1
2017 12 13   347   17  6  0     64.03    0.2601E-01     112.5    338.0
2017 12 13   347   17  7  0     64.04    0.2486E-01     104.6    336.4
2017 12 13   347   17  8  0     64.05    0.2431E-01     101.8    336.5
2017 12 13   347   17  9  0     64.07    0.2648E-01     118.0    339.8
2017 12 13   347   17 10  0     64.08    0.2457E-01     103.9    336.5
2017 12 13   347   17 11  0     64.10    0.2786E-01     126.8    341.1
2017 12 13   347   17 12  0     64.12    0.2793E-01     127.2    341.1
2017 12 13   347   17 13  0     64.14    0.2713E-01     121.9    340.3
2017 12 13   347   17 14  0     64.15    0.2777E-01     126.5    341.3
2017 12 13   347   17 15  0     64.17    0.2813E-01     129.4    341.6
2017 12 13   347   17 16  0     64.19    0.2675E-01     118.4    339.5
2017 12 13   347   17 17  0     64.22    0.2602E-01     115.5    339.7
2017 12 13   347   17 18  0     64.24    0.2761E-01     127.7    341.7
2017 12 13   347   17 19  0     64.26    0.2763E-01     128.8    341.9
2017 12 13   347   17 20  0     64.29    0.2768E-01     128.6    341.5
2017 12 13   347   17 21  0     64.31    0.2764E-01     128.8    341.5
2017 12 13   347   17 22  0     64.34    0.2754E-01     128.3    341.1
2017 12 13   347   17 23  0     64.36    0.2746E-01     128.5    341.2
2017 12 13   347   17 24  0     64.39    0.2724E-01     128.1    341.3
2017 12 13   347   17 25  0     64.42    0.2604E-01     118.1    339.2
2017 12 13   347   17 26  0     64.45    0.2677E-01     127.2    341.6
2017 12 13   347   17 27  0     64.48    0.2712E-01     129.7    341.9
2017 12 13   347   17 28  0     64.51    0.2697E-01     129.1    341.4
2017 12 13   347   17 29  0     64.54    0.2670E-01     128.1    341.4
2017 12 13   347   17 30  0     64.57    0.2631E-01     125.6    340.8
2017 12 13   347   17 31  0     64.60    0.2679E-01     130.7    341.8
2017 12 13   347   17 32  0     64.64    0.2653E-01     129.2    341.4
2017 12 13   347   17 33  0     64.67    0.2627E-01     127.9    341.1
2017 12 13   347   17 34  0     64.71    0.2622E-01     128.4    341.0
2017 12 13   347   17 35  0     64.74    0.2608E-01     128.2    341.1
2017 12 13   347   17 36  0     64.78    0.2602E-01     128.7    341.1
2017 12 13   347   17 37  0     64.82    0.2594E-01     128.8    340.8
2017 12 13   347   17 38  0     64.86    0.2576E-01     128.4    341.0
2017 12 13   347   17 39  0     64.90    0.2566E-01     128.5    340.8
2017 12 13   347   17 40  0     64.94    0.2440E-01     118.5    338.8
2017 12 13   347   17 41  0     64.98    0.2541E-01     128.6    340.8
2017 12 13   347   17 42  0     65.02    0.2529E-01     128.5    340.5
2017 12 13   347   17 43  0     65.06    0.2522E-01     129.0    340.4
2017 12 13   347   17 44  0     65.11    0.2508E-01     128.7    340.2
2017 12 13   347   17 45  0     65.15    0.2492E-01     128.6    340.2
2017 12 13   347   17 46  0     65.20    0.2480E-01     128.7    340.1
2017 12 13   347   17 47  0     65.24    0.2463E-01     128.6    340.1
2017 12 13   347   17 48  0     65.29    0.2453E-01     129.0    340.1
2017 12 13   347   17 49  0     65.34    0.2431E-01     128.3    339.9
2017 12 13   347   17 50  0     65.39    0.2413E-01     128.4    340.3
2017 12 13   347   17 51  0     65.44    0.2397E-01     128.2    340.2
2017 12 13   347   17 52  0     65.49    0.2381E-01     128.0    339.7
2017 12 13   347   17 53  0     65.54    0.2369E-01     127.9    339.4
2017 12 13   347   17 54  0     65.59    0.2351E-01     127.4    339.2
2017 12 13   347   17 55  0     65.64    0.2341E-01     127.9    339.1
2017 12 13   347   17 56  0     65.69    0.2330E-01     128.1    338.9
2017 12 13   347   17 57  0     65.75    0.2318E-01     128.4    338.8
2017 12 13   347   17 58  0     65.80    0.2301E-01     128.6    339.3
2017 12 13   347   17 59  0     65.86    0.2288E-01     128.4    338.7
2017 12 13   347   18  0  0     65.91    0.2274E-01     128.4    338.6
2017 12 13   347   18  1  0     65.97    0.2262E-01     128.5    338.2
2017 12 13   347   18  2  0     66.03    0.2243E-01     128.3    337.8
2017 12 13   347   18  3  0     66.09    0.2230E-01     128.4    337.5
2017 12 13   347   18  4  0     66.15    0.2214E-01     128.3    337.2
2017 12 13   347   18  5  0     66.21    0.2201E-01     128.5    337.0
2017 12 13   347   18  6  0     66.27    0.2183E-01     128.4    336.7
2017 12 13   347   18  7  0     66.33    0.2166E-01     128.2    336.9
2017 12 13   347   18  8  0     66.39    0.2150E-01     128.3    336.9
2017 12 13   347   18  9  0     66.45    0.2134E-01     128.4    336.7
2017 12 13   347   18 10  0     66.52    0.2118E-01     128.6    336.6
2017 12 13   347   18 11  0     66.58    0.2106E-01     128.8    336.3
2017 12 13   347   18 12  0     66.65    0.2095E-01     129.1    335.8
2017 12 13   347   18 13  0     66.71    0.2076E-01     129.0    335.7
2017 12 13   347   18 14  0     66.78    0.2060E-01     129.0    335.3
2017 12 13   347   18 15  0     66.85    0.2043E-01     129.1    335.1
2017 12 13   347   18 16  0     66.92    0.2028E-01     129.2    334.9
2017 12 13   347   18 17  0     66.98    0.2015E-01     129.5    334.6
2017 12 13   347   18 18  0     67.05    0.1995E-01     129.3    333.6
2017 12 13   347   18 19  0     67.12    0.1978E-01     129.3    333.4
2017 12 13   347   18 20  0     67.20    0.1961E-01     129.1    332.8
2017 12 13   347   18 21  0     67.27    0.1941E-01     128.9    332.7
2017 12 13   347   18 22  0     67.34    0.1929E-01     129.2    332.0
2017 12 13   347   18 23  0     67.41    0.1911E-01     129.2    331.9
2017 12 13   347   18 24  0     67.49    0.1894E-01     129.1    331.5
2017 12 13   347   18 25  0     67.56    0.1877E-01     129.3    331.2
2017 12 13   347   18 26  0     67.64    0.1860E-01     129.2    330.6
2017 12 13   347   18 27  0     67.71    0.1841E-01     129.1    330.4
2017 12 13   347   18 28  0     67.79    0.1827E-01     129.4    330.0
2017 12 13   347   18 29  0     67.87    0.1804E-01     129.1    331.4
2017 12 13   347   18 30  0     67.95    0.1784E-01     128.9    331.0
2017 12 13   347   18 31  0     68.03    0.1765E-01     129.0    329.6
2017 12 13   347   18 32  0     68.11    0.1745E-01     128.8    329.3
2017 12 13   347   18 33  0     68.19    0.1733E-01     129.1    328.5
2017 12 13   347   18 34  0     68.27    0.1713E-01     129.0    328.5
2017 12 13   347   18 35  0     68.35    0.1698E-01     129.0    327.9
2017 12 13   347   18 36  0     68.43    0.1682E-01     129.1    327.3
2017 12 13   347   18 37  0     68.51    0.1664E-01     128.9    326.7
2017 12 13   347   18 38  0     68.60    0.1645E-01     129.0    326.6
2017 12 13   347   18 39  0     68.68    0.1626E-01     129.0    326.2
2017 12 13   347   18 40  0     68.77    0.1606E-01     128.9    326.0
2017 12 13   347   18 41  0     68.85    0.1589E-01     128.7    325.3
2017 12 13   347   18 42  0     68.94    0.1570E-01     128.8    325.1
2017 12 13   347   18 43  0     69.03    0.1555E-01     128.7    324.1
2017 12 13   347   18 44  0     69.11    0.1535E-01     128.7    324.1
2017 12 13   347   18 45  0     69.20    0.1515E-01     128.6    323.9
2017 12 13   347   18 46  0     69.29    0.1499E-01     128.7    323.3
2017 12 13   347   18 47  0     69.38    0.1481E-01     128.8    323.0
2017 12 13   347   18 48  0     69.47    0.1463E-01     128.8    322.5
2017 12 13   347   18 49  0     69.56    0.1446E-01     128.9    322.0
2017 12 13   347   18 50  0     69.66    0.1427E-01     128.9    321.7
2017 12 13   347   18 51  0     69.75    0.1410E-01     128.6    320.5
2017 12 13   347   18 52  0     69.84    0.1385E-01     128.6    321.4
2017 12 13   347   18 53  0     69.93    0.1367E-01     128.7    321.0
2017 12 13   347   18 54  0     70.03    0.1350E-01     128.7    320.2
2017 12 13   347   18 55  0     70.12    0.1332E-01     128.6    319.6
2017 12 13   347   18 56  0     70.22    0.1314E-01     128.5    319.3
2017 12 13   347   18 57  0     70.32    0.1296E-01     128.5    318.9
2017 12 13   347   18 58  0     70.41    0.1278E-01     128.5    318.3
2017 12 13   347   18 59  0     70.51    0.1261E-01     128.2    317.5
2017 12 13   347   19  0  0     70.61    0.1241E-01     128.1    317.3
2017 12 13   347   19  1  0     70.71    0.1222E-01     128.1    316.9
2017 12 13   347   19  2  0     70.81    0.1203E-01     127.8    316.5
2017 12 13   347   19  3  0     70.91    0.1188E-01     128.1    315.5
2017 12 13   347   19  4  0     71.01    0.1169E-01     128.1    314.7
2017 12 13   347   19  5  0     71.11    0.1151E-01     127.9    314.4
2017 12 13   347   19  6  0     71.21    0.1134E-01     127.9    313.5
2017 12 13   347   19  7  0     71.31    0.1113E-01     127.9    314.0
2017 12 13   347   19  8  0     71.42    0.1101E-01     128.1    312.4
2017 12 13   347   19  9  0     71.52    0.1084E-01     128.1    311.7
2017 12 13   347   19 10  0     71.62    0.1068E-01     128.1    311.1
2017 12 13   347   19 11  0     71.73    0.1050E-01     127.9    310.5
2017 12 13   347   19 12  0     71.83    0.1030E-01     127.7    311.4
2017 12 13   347   19 13  0     71.94    0.1013E-01     127.5    310.7
2017 12 13   347   19 14  0     72.05    0.9969E-02     127.7    308.9
2017 12 13   347   19 15  0     72.15    0.9814E-02     127.8    308.1
2017 12 13   347   19 16  0     72.26    0.9657E-02     127.8    307.2
2017 12 13   347   19 17  0     72.37    0.9480E-02     127.8    307.0
2017 12 13   347   19 18  0     72.48    0.9317E-02     127.6    305.9
2017 12 13   347   19 19  0     72.59    0.9145E-02     127.2    305.2
2017 12 13   347   19 20  0     72.70    0.8984E-02     127.5    304.7
2017 12 13   347   19 21  0     72.81    0.8809E-02     127.4    304.3
2017 12 13   347   19 22  0     72.92    0.8656E-02     127.1    303.2
2017 12 13   347   19 23  0     73.03    0.8504E-02     127.2    302.4
2017 12 13   347   19 24  0     73.14    0.8352E-02     127.4    301.9
2017 12 13   347   19 25  0     73.26    0.8187E-02     127.4    301.9
2017 12 13   347   19 26  0     73.37    0.8047E-02     127.3    300.7
2017 12 13   347   19 27  0     73.48    0.7920E-02     127.1    298.9
2017 12 13   347   19 28  0     73.60    0.7755E-02     127.1    298.7
2017 12 13   347   19 29  0     73.71    0.7625E-02     127.3    297.5
2017 12 13   347   19 30  0     73.83    0.7487E-02     127.1    296.1
2017 12 13   347   19 31  0     73.95    0.7324E-02     127.1    295.9
2017 12 13   347   19 32  0     74.06    0.7205E-02     127.2    293.5
2017 12 13   347   19 33  0     74.18    0.7053E-02     127.1    292.9
2017 12 13   347   19 34  0     74.30    0.6895E-02     127.0    292.6
2017 12 13   347   19 35  0     74.42    0.6763E-02     126.9    291.3
2017 12 13   347   19 36  0     74.54    0.6631E-02     126.8    290.1
2017 12 13   347   19 37  0     74.65    0.6503E-02     126.8    288.9
2017 12 13   347   19 38  0     74.77    0.6358E-02     127.0    289.0
2017 12 13   347   19 39  0     74.89    0.6245E-02     127.3    287.6
2017 12 13   347   19 40  0     75.02    0.6151E-02     127.4    285.2
2017 12 13   347   19 41  0     75.14    0.6012E-02     127.3    284.5
2017 12 13   347   19 42  0     75.26    0.5899E-02     127.2    282.9
2017 12 13   347   19 43  0     75.38    0.5769E-02     127.1    282.2
2017 12 13   347   19 44  0     75.50    0.5652E-02     127.2    281.0
2017 12 13   347   19 45  0     75.63    0.5504E-02     127.2    281.4
2017 12 13   347   19 46  0     75.75    0.5419E-02     127.3    278.6
2017 12 13   347   19 47  0     75.88    0.5285E-02     127.3    278.3
2017 12 13   347   19 48  0     76.00    0.5232E-02     127.3    273.3
2017 12 13   347   19 49  0     76.13    0.5108E-02     127.3    272.8
2017 12 13   347   19 50  0     76.25    0.5002E-02     127.4    271.1
2017 12 13   347   19 51  0     76.38    0.4868E-02     127.4    271.3
2017 12 13   347   19 52  0     76.51    0.4770E-02     127.2    269.2
2017 12 13   347   19 53  0     76.63    0.4693E-02     127.0    265.9
2017 12 13   347   19 54  0     76.76    0.4558E-02     126.9    266.1
2017 12 13   347   19 55  0     76.89    0.4425E-02     126.8    266.1
2017 12 13   347   19 56  0     77.02    0.4349E-02     126.9    263.4
2017 12 13   347   19 57  0     77.15    0.4259E-02     127.0    261.8
2017 12 13   347   19 58  0     77.28    0.4181E-02     127.3    259.5
2017 12 13   347   19 59  0     77.41    0.4080E-02     127.1    258.2
2017 12 13   347   20  0  0     77.54    0.3996E-02     127.2    256.1
2017 12 13   347   20  1  0     77.67    0.3918E-02     127.2    253.8
2017 12 13   347   20  2  0     77.80    0.3793E-02     127.2    254.1
2017 12 13   347   20  3  0     77.93    0.3745E-02     127.3    249.0
2017 12 13   347   20  4  0     78.06    0.3669E-02     127.5    246.7
2017 12 13   347   20  5  0     78.20    0.3541E-02     127.5    247.7
2017 12 13   347   20  6  0     78.33    0.3454E-02     127.6    246.1
2017 12 13   347   20  7  0     78.46    0.3376E-02     127.7    244.1
2017 12 13   347   20  8  0     78.60    0.3307E-02     127.6    241.2
2017 12 13   347   20  9  0     78.73    0.3221E-02     127.6    239.7
2017 12 13   347   20 10  0     78.87    0.3156E-02     127.5    236.8
2017 12 13   347   20 11  0     79.00    0.3086E-02     127.5    233.9
2017 12 13   347   20 12  0     79.14    0.2996E-02     127.4    233.0
2017 12 13   347   20 13  0     79.28    0.2920E-02     127.7    231.5
2017 12 13   347   20 14  0     79.41    0.2861E-02     127.7    228.4
2017 12 13   347   20 15  0     79.55    0.2785E-02     127.8    227.0
2017 12 13   347   20 16  0     79.69    0.2701E-02     128.0    226.3
2017 12 13   347   20 17  0     79.83    0.2638E-02     128.1    223.6
2017 12 13   347   20 18  0     79.97    0.2582E-02     128.1    220.5
2017 12 13   347   20 19  0     80.10    0.2517E-02     127.9    218.3
2017 12 13   347   20 20  0     80.24    0.2445E-02     127.8    216.7
2017 12 13   347   20 21  0     80.38    0.2403E-02     127.8    212.8
2017 12 13   347   20 22  0     80.52    0.2326E-02     127.9    212.0
2017 12 13   347   20 23  0     80.67    0.2270E-02     127.9    209.4
2017 12 13   347   20 24  0     80.81    0.2222E-02     128.0    206.3
2017 12 13   347   20 25  0     80.95    0.2158E-02     128.0    204.6
2017 12 13   347   20 26  0     81.09    0.2135E-02     128.0    199.6
2017 12 13   347   20 27  0     81.23    0.2047E-02     127.9    200.3
2017 12 13   347   20 28  0     81.37    0.2000E-02     128.0    197.5
2017 12 13   347   20 29  0     81.52    0.1939E-02     128.0    196.0
2017 12 13   347   20 30  0     81.66    0.1899E-02     127.9    192.4
2017 12 13   347   20 31  0     81.80    0.1861E-02     128.0    188.9
2017 12 13   347   20 32  0     81.95    0.1815E-02     127.9    186.0
2017 12 13   347   20 33  0     82.09    0.1764E-02     127.7    183.9
2017 12 13   347   20 34  0     82.24    0.1711E-02     127.7    182.4
2017 12 13   347   20 35  0     82.38    0.1707E-02     127.8    176.0
2017 12 13   347   20 36  0     82.53    0.1622E-02     128.0    177.9
2017 12 13   347   20 37  0     82.68    0.1588E-02     128.1    174.4
2017 12 13   347   20 38  0     82.82    0.1572E-02     128.1    169.1
2017 12 13   347   20 39  0     82.97    0.1525E-02     128.4    167.1
2017 12 13   347   20 40  0     83.12    0.1465E-02     128.4    166.9
2017 12 13   347   20 41  0     83.26    0.1460E-02     128.1    160.7
2017 12 13   347   20 42  0     83.41    0.1410E-02     127.9    159.4
2017 12 13   347   20 43  0     83.56    0.1375E-02     127.6    156.5
2017 12 13   347   20 44  0     83.71    0.1341E-02     127.4    153.4
2017 12 13   347   20 45  0     83.86    0.1309E-02     127.4    150.2
2017 12 13   347   20 46  0     84.01    0.1278E-02     127.3    147.1
2017 12 13   347   20 47  0     84.16    0.1262E-02     127.1    142.6
2017 12 13   347   20 48  0     84.31    0.1222E-02     127.1    140.8
2017 12 13   347   20 49  0     84.46    0.1178E-02     127.1    139.6
2017 12 13   347   20 50  0     84.61    0.1163E-02     127.2    135.4
2017 12 13   347   20 51  0     84.76    0.1125E-02     127.3    133.7
2017 12 13   347   20 52  0     84.91    0.1117E-02     127.3    128.5
2017 12 13   347   20 53  0     85.06    0.1089E-02     127.3    125.9
2017 12 13   347   20 54  0     85.22    0.1052E-02     127.1    124.6
2017 12 13   347   20 55  0     85.37    0.1040E-02     126.9    120.5
2017 12 13   347   20 56  0     85.52    0.1014E-02     126.9    118.4
2017 12 13   347   20 57  0     85.67    0.1014E-02     127.0    113.9
2017 12 13   347   20 58  0     85.83    0.1007E-02     127.2    110.3
2017 12 13   347   20 59  0     85.98    0.9584E-03     127.2    110.2
2017 12 13   347   21  0  0     86.14    0.9444E-03     127.1    107.7
2017 12 13   347   21  1  0     86.29    0.9364E-03     127.0    104.7
2017 12 13   347   21  2  0     86.45    0.9106E-03     126.9    103.1
2017 12 13   347   21  3  0     86.60    0.8760E-03     126.8    102.3
2017 12 13   347   21  4  0     86.76    0.8717E-03     126.7     98.5
2017 12 13   347   21  5  0     86.91    0.8517E-03     126.7     96.0
2017 12 13   347   21  6  0     87.07    0.8525E-03     126.5     91.9
2017 12 13   347   21  7  0     87.22    0.8203E-03     126.0     91.4
2017 12 13   347   21  8  0     87.38    0.8170E-03     125.8     88.2
2017 12 13   347   21  9  0     87.54    0.8089E-03     125.4     85.0
2017 12 13   347   21 10  0     87.70    0.7716E-03     125.2     84.6
2017 12 13   347   21 11  0     87.85    0.7614E-03     125.1     81.5
2017 12 13   347   21 12  0     88.01    0.7577E-03     125.4     77.9
2017 12 13   347   21 13  0     88.17    0.7539E-03     125.1     75.2
2017 12 13   347   21 14  0     88.33    0.7465E-03     124.8     72.7
2017 12 13   347   21 15  0     88.49    0.7432E-03     124.6     69.5
2017 12 13   347   21 16  0     88.65    0.7382E-03     124.6     66.4
2017 12 13   347   21 17  0     88.81    0.7064E-03     125.0     65.6
2017 12 13   347   21 18  0     88.97    0.6927E-03     125.5     63.0
2017 12 13   347   21 19  0     89.13    0.6829E-03     125.2     60.8
2017 12 13   347   21 20  0     89.29    0.6779E-03     124.6     58.4
2017 12 13   347   21 21  0     89.45    0.6672E-03     124.0     56.0
2017 12 13   347   21 22  0     89.61    0.6425E-03     123.7     55.0
2017 12 13   347   21 23  0     89.77    0.6216E-03     124.1     53.4
2017 12 13   347   21 24  0     89.93    0.6010E-03     125.2     51.8
