                            NILUUV 115

Uvpro Version 2.0
Latitude :   40.74 (North)
Longitude:  -74.03  (West)
Calibration file: cf100603a.115
Height above sea level:    40.0  m
CLT derived from channel 4
CLT scale factor used:   1.0
Ozone derived from channel pair ch3/ch1
Ozone scale factor used:   1.0
Drift factors ch1-ch6:   0.452  0.433  0.597  0.621  0.432  0.910
Ozone profile climatology: Mid  Latitude
Dose type:    CLW    Caldwell Plant 1971           

yyyy mm dd   jul   hh mm ss      SZA     dose rate       clt     Ozone
                              [degrees]   [W/m^2]        [%]     [DU]
2017  7 15   196    0  0  0     86.29    0.9078E-03      22.2     31.5
2017  7 15   196    0  1  0     86.46    0.9118E-03      19.3     26.7
2017  7 15   196    0  2  0     86.63    0.8934E-03      17.8     24.1
2017  7 15   196    0  3  0     86.81    0.8750E-03      16.7     22.2
2017  7 15   196    0  4  0     86.98    0.8622E-03      16.2     20.9
2017  7 15   196    0  5  0     87.15    0.8676E-03      16.1     19.5
2017  7 15   196    0  6  0     87.32    0.8620E-03      17.4     19.7
2017  7 15   196    0  7  0     87.49    0.8779E-03      16.2     16.1
2017  7 15   196    0  8  0     87.65    0.8650E-03      16.5     15.2
2017  7 15   196    0  9  0     87.82    0.8738E-03      17.1     14.1
2017  7 15   196    0 10  0     87.99    0.8776E-03      17.5     13.0
2017  7 15   196    0 11  0     88.16    0.8796E-03      18.1     12.2
2017  7 15   196    0 12  0     88.33    0.8814E-03      18.6     11.4
2017  7 15   196    0 13  0     88.50    0.8865E-03      19.4     10.8
2017  7 15   196    0 14  0     88.67    0.8821E-03      18.5      9.4
2017  7 15   196    0 15  0     88.83    0.8695E-03      18.2      8.4
2017  7 15   196    0 16  0     89.00    0.8733E-03      19.4      8.0
2017  7 15   196    0 17  0     89.17    0.8682E-03      18.7      7.1
2017  7 15   196    0 18  0     89.34    0.8740E-03      18.6      6.4
2017  7 15   196    0 19  0     89.50    0.8459E-03      18.6      6.1
2017  7 15   196    0 20  0     89.67    0.8688E-03      20.0      5.7
2017  7 15   196    0 21  0     89.84    0.8710E-03      20.2      5.1
2017  7 15   196    9 44  0     89.91    0.9017E-03      54.7     14.9
2017  7 15   196    9 45  0     89.75    0.9080E-03      59.4     17.9
2017  7 15   196    9 46  0     89.58    0.9236E-03      65.2     20.9
2017  7 15   196    9 47  0     89.41    0.9499E-03      69.8     23.0
2017  7 15   196    9 48  0     89.25    0.9777E-03      77.7     26.0
2017  7 15   196    9 49  0     89.08    0.1006E-02      87.2     29.7
2017  7 15   196    9 50  0     88.91    0.1029E-02      94.2     33.4
2017  7 15   196    9 51  0     88.75    0.1044E-02      97.6     36.8
2017  7 15   196    9 52  0     88.58    0.1050E-02      96.0     38.8
2017  7 15   196    9 53  0     88.41    0.1041E-02      91.3     39.9
2017  7 15   196    9 54  0     88.24    0.1036E-02      86.9     40.7
2017  7 15   196    9 55  0     88.07    0.1024E-02      83.6     41.9
2017  7 15   196    9 56  0     87.91    0.1036E-02      81.4     43.1
2017  7 15   196    9 57  0     87.74    0.1042E-02      80.3     45.1
2017  7 15   196    9 58  0     87.57    0.1046E-02      79.2     47.1
2017  7 15   196    9 59  0     87.40    0.1044E-02      76.4     48.4
2017  7 15   196   10  0  0     87.23    0.1043E-02      72.9     49.3
2017  7 15   196   10  1  0     87.06    0.1050E-02      70.5     50.3
2017  7 15   196   10  2  0     86.89    0.1041E-02      68.1     52.0
2017  7 15   196   10  3  0     86.72    0.1054E-02      68.4     54.6
2017  7 15   196   10  4  0     86.55    0.1065E-02      69.8     58.4
2017  7 15   196   10  5  0     86.38    0.1083E-02      72.7     61.8
2017  7 15   196   10  6  0     86.20    0.1085E-02      74.3     65.2
2017  7 15   196   10  7  0     86.03    0.1119E-02      75.3     67.3
2017  7 15   196   10  8  0     85.86    0.1152E-02      75.9     69.6
2017  7 15   196   10  9  0     85.69    0.1170E-02      77.2     73.4
2017  7 15   196   10 10  0     85.52    0.1184E-02      77.6     77.1
2017  7 15   196   10 11  0     85.35    0.1211E-02      75.4     78.7
2017  7 15   196   10 12  0     85.17    0.1210E-02      71.5     79.5
2017  7 15   196   10 13  0     85.00    0.1214E-02      67.9     80.0
2017  7 15   196   10 14  0     84.83    0.1224E-02      65.6     81.3
2017  7 15   196   10 15  0     84.65    0.1224E-02      65.5     84.5
2017  7 15   196   10 16  0     84.48    0.1260E-02      67.1     87.8
2017  7 15   196   10 17  0     84.31    0.1287E-02      68.2     91.2
2017  7 15   196   10 18  0     84.13    0.1311E-02      67.6     93.4
2017  7 15   196   10 19  0     83.96    0.1321E-02      65.2     96.1
2017  7 15   196   10 20  0     83.79    0.1298E-02      61.0     97.0
2017  7 15   196   10 21  0     83.61    0.1301E-02      55.5     94.4
2017  7 15   196   10 22  0     83.44    0.1290E-02      50.5     93.3
2017  7 15   196   10 23  0     83.26    0.1261E-02      46.2     93.4
2017  7 15   196   10 24  0     83.09    0.1237E-02      42.9     94.0
2017  7 15   196   10 25  0     82.91    0.1236E-02      41.4     96.9
2017  7 15   196   10 26  0     82.74    0.1279E-02      41.4     98.4
2017  7 15   196   10 27  0     82.56    0.1276E-02      41.5    101.9
2017  7 15   196   10 28  0     82.39    0.1302E-02      40.7    103.1
2017  7 15   196   10 29  0     82.21    0.1280E-02      39.1    105.2
2017  7 15   196   10 30  0     82.03    0.1308E-02      37.0    104.3
2017  7 15   196   10 31  0     81.86    0.1276E-02      34.9    106.0
2017  7 15   196   10 32  0     81.68    0.1284E-02      33.3    106.6
2017  7 15   196   10 33  0     81.50    0.1298E-02      31.8    107.1
2017  7 15   196   10 34  0     81.33    0.1256E-02      29.1    107.5
2017  7 15   196   10 35  0     81.15    0.1252E-02      26.0    104.8
2017  7 15   196   10 36  0     80.97    0.1211E-02      23.5    104.3
2017  7 15   196   10 37  0     80.80    0.1215E-02      21.5    102.8
2017  7 15   196   10 38  0     80.62    0.1222E-02      20.9    104.1
2017  7 15   196   10 39  0     80.44    0.1241E-02      20.5    105.5
2017  7 15   196   10 40  0     80.26    0.1241E-02      19.6    106.2
2017  7 15   196   10 41  0     80.09    0.1219E-02      19.1    108.9
2017  7 15   196   10 42  0     79.91    0.1249E-02      19.4    111.8
2017  7 15   196   10 43  0     79.73    0.1273E-02      20.1    117.4
2017  7 15   196   10 44  0     79.55    0.1328E-02      21.5    122.1
2017  7 15   196   10 45  0     79.37    0.1377E-02      22.4    125.9
2017  7 15   196   10 46  0     79.19    0.1381E-02      22.1    128.5
2017  7 15   196   10 47  0     79.01    0.1411E-02      21.8    129.9
2017  7 15   196   10 48  0     78.83    0.1434E-02      22.3    135.7
2017  7 15   196   10 49  0     78.66    0.1489E-02      23.3    139.7
2017  7 15   196   10 50  0     78.48    0.1512E-02      23.3    142.5
2017  7 15   196   10 51  0     78.30    0.1507E-02      22.2    142.9
2017  7 15   196   10 52  0     78.12    0.1508E-02      21.8    145.5
2017  7 15   196   10 53  0     77.94    0.1594E-02      22.9    149.0
2017  7 15   196   10 54  0     77.76    0.1650E-02      23.3    152.2
2017  7 15   196   10 55  0     77.58    0.1682E-02      23.5    156.7
2017  7 15   196   10 56  0     77.40    0.1740E-02      24.3    160.7
2017  7 15   196   10 57  0     77.22    0.1813E-02      25.2    164.7
2017  7 15   196   10 58  0     77.03    0.1872E-02      25.7    168.5
2017  7 15   196   10 59  0     76.85    0.1898E-02      25.5    171.7
2017  7 15   196   11  0  0     76.67    0.2017E-02      27.0    176.7
2017  7 15   196   11  1  0     76.49    0.2205E-02      30.2    184.0
2017  7 15   196   11  2  0     76.31    0.2395E-02      33.9    193.0
2017  7 15   196   11  3  0     76.13    0.2652E-02      38.2    200.8
2017  7 15   196   11  4  0     75.95    0.2980E-02      43.8    209.5
2017  7 15   196   11  5  0     75.77    0.3194E-02      46.1    214.5
2017  7 15   196   11  6  0     75.58    0.3237E-02      45.3    215.4
2017  7 15   196   11  7  0     75.40    0.3328E-02      45.6    217.5
2017  7 15   196   11  8  0     75.22    0.3541E-02      48.3    221.2
2017  7 15   196   11  9  0     75.04    0.3938E-02      54.9    229.4
2017  7 15   196   11 10  0     74.85    0.4440E-02      62.8    236.8
2017  7 15   196   11 11  0     74.67    0.4577E-02      65.6    241.2
2017  7 15   196   11 12  0     74.49    0.4499E-02      64.1    242.8
2017  7 15   196   11 13  0     74.31    0.4467E-02      61.8    244.0
2017  7 15   196   11 14  0     74.12    0.4437E-02      58.7    244.1
2017  7 15   196   11 15  0     73.94    0.4319E-02      53.7    241.4
2017  7 15   196   11 16  0     73.76    0.4141E-02      48.4    240.2
2017  7 15   196   11 17  0     73.57    0.4060E-02      44.9    239.4
2017  7 15   196   11 18  0     73.39    0.4100E-02      43.0    239.0
2017  7 15   196   11 19  0     73.21    0.4308E-02      42.9    239.6
2017  7 15   196   11 20  0     73.02    0.4460E-02      42.0    239.9
2017  7 15   196   11 21  0     72.84    0.4496E-02      39.7    238.4
2017  7 15   196   11 22  0     72.66    0.4571E-02      38.5    238.6
2017  7 15   196   11 23  0     72.47    0.4753E-02      38.7    240.8
2017  7 15   196   11 24  0     72.29    0.5028E-02      39.8    242.6
2017  7 15   196   11 25  0     72.10    0.5276E-02      40.9    245.4
2017  7 15   196   11 26  0     71.92    0.5450E-02      41.3    246.6
2017  7 15   196   11 27  0     71.73    0.5581E-02      41.7    248.7
2017  7 15   196   11 28  0     71.55    0.6013E-02      45.3    253.3
2017  7 15   196   11 29  0     71.36    0.6731E-02      51.8    258.9
2017  7 15   196   11 30  0     71.18    0.6837E-02      52.0    260.4
2017  7 15   196   11 31  0     71.00    0.6536E-02      48.2    259.4
2017  7 15   196   11 32  0     70.81    0.6539E-02      46.8    259.4
2017  7 15   196   11 33  0     70.63    0.7127E-02      50.2    262.5
2017  7 15   196   11 34  0     70.44    0.7604E-02      52.2    264.1
2017  7 15   196   11 35  0     70.25    0.7653E-02      51.1    264.7
2017  7 15   196   11 36  0     70.07    0.8082E-02      52.9    266.0
2017  7 15   196   11 37  0     69.88    0.8661E-02      55.1    267.1
2017  7 15   196   11 38  0     69.70    0.9041E-02      55.8    268.3
2017  7 15   196   11 39  0     69.51    0.9537E-02      58.3    270.9
2017  7 15   196   11 40  0     69.33    0.1006E-01      60.0    271.8
2017  7 15   196   11 41  0     69.14    0.1049E-01      61.2    272.9
2017  7 15   196   11 42  0     68.95    0.1088E-01      62.0    275.0
2017  7 15   196   11 43  0     68.77    0.1101E-01      61.6    275.7
2017  7 15   196   11 44  0     68.58    0.1103E-01      60.5    276.6
2017  7 15   196   11 45  0     68.40    0.1206E-01      65.0    278.4
2017  7 15   196   11 46  0     68.21    0.1403E-01      74.7    281.0
2017  7 15   196   11 47  0     68.02    0.1564E-01      82.4    283.0
2017  7 15   196   11 48  0     67.84    0.1636E-01      84.5    284.1
2017  7 15   196   11 49  0     67.65    0.1681E-01      84.5    284.6
2017  7 15   196   11 50  0     67.46    0.1712E-01      84.1    285.1
2017  7 15   196   11 51  0     67.28    0.1724E-01      83.1    285.7
2017  7 15   196   11 52  0     67.09    0.1698E-01      80.4    286.1
2017  7 15   196   11 53  0     66.90    0.1693E-01      77.5    285.9
2017  7 15   196   11 54  0     66.72    0.1798E-01      80.1    286.8
2017  7 15   196   11 55  0     66.53    0.1938E-01      82.1    286.1
2017  7 15   196   11 56  0     66.34    0.2082E-01      85.1    286.1
2017  7 15   196   11 57  0     66.15    0.2116E-01      87.1    287.9
2017  7 15   196   11 58  0     65.97    0.1869E-01      74.9    287.2
2017  7 15   196   11 59  0     65.78    0.1682E-01      65.4    286.1
2017  7 15   196   12  0  0     65.59    0.1624E-01      61.6    285.9
2017  7 15   196   12  1  0     65.40    0.1498E-01      55.4    285.2
2017  7 15   196   12  2  0     65.22    0.1341E-01      47.2    282.8
2017  7 15   196   12  3  0     65.03    0.1248E-01      42.4    282.3
2017  7 15   196   12  4  0     64.84    0.1366E-01      45.6    283.9
2017  7 15   196   12  5  0     64.65    0.1656E-01      55.6    287.1
2017  7 15   196   12  6  0     64.47    0.2038E-01      68.6    290.4
2017  7 15   196   12  7  0     64.28    0.2356E-01      78.8    292.1
2017  7 15   196   12  8  0     64.09    0.2525E-01      83.3    293.0
2017  7 15   196   12  9  0     63.90    0.2605E-01      84.1    294.5
2017  7 15   196   12 10  0     63.71    0.2674E-01      84.1    294.8
2017  7 15   196   12 11  0     63.53    0.2803E-01      86.2    294.3
2017  7 15   196   12 12  0     63.34    0.3028E-01      91.3    294.9
2017  7 15   196   12 13  0     63.15    0.3191E-01      94.9    295.5
2017  7 15   196   12 14  0     62.96    0.3167E-01      93.0    296.7
2017  7 15   196   12 15  0     62.77    0.3086E-01      88.4    296.7
2017  7 15   196   12 16  0     62.58    0.3152E-01      88.2    296.8
2017  7 15   196   12 17  0     62.40    0.3379E-01      94.4    297.9
2017  7 15   196   12 18  0     62.21    0.3457E-01      93.8    297.4
2017  7 15   196   12 19  0     62.02    0.3416E-01      90.9    297.7
2017  7 15   196   12 20  0     61.83    0.3391E-01      88.4    298.3
2017  7 15   196   12 21  0     61.64    0.3551E-01      89.8    297.9
2017  7 15   196   12 22  0     61.45    0.3805E-01      95.5    298.9
2017  7 15   196   12 23  0     61.26    0.3925E-01      97.5    299.8
2017  7 15   196   12 24  0     61.07    0.4064E-01      97.9    299.6
2017  7 15   196   12 25  0     60.89    0.4330E-01     101.7    299.2
2017  7 15   196   12 26  0     60.70    0.4547E-01     105.4    299.8
2017  7 15   196   12 27  0     60.51    0.4660E-01     106.4    300.3
2017  7 15   196   12 28  0     60.32    0.4762E-01     106.6    300.7
2017  7 15   196   12 29  0     60.13    0.4894E-01     107.6    301.2
2017  7 15   196   12 30  0     59.94    0.5096E-01     109.9    301.7
2017  7 15   196   12 31  0     59.75    0.5391E-01     114.5    302.2
2017  7 15   196   12 32  0     59.56    0.5777E-01     121.9    302.7
2017  7 15   196   12 33  0     59.37    0.6143E-01     130.3    304.0
2017  7 15   196   12 34  0     59.19    0.6501E-01     139.4    305.3
2017  7 15   196   12 35  0     59.00    0.5817E-01     116.7    303.3
2017  7 15   196   12 36  0     58.81    0.5456E-01     105.5    302.6
2017  7 15   196   12 37  0     58.62    0.5398E-01     105.0    303.8
2017  7 15   196   12 38  0     58.43    0.5275E-01     100.3    303.1
2017  7 15   196   12 39  0     58.24    0.5068E-01      91.7    301.2
2017  7 15   196   12 40  0     58.05    0.4849E-01      83.7    299.8
2017  7 15   196   12 41  0     57.86    0.4728E-01      80.1    299.7
2017  7 15   196   12 42  0     57.67    0.4438E-01      73.4    299.3
2017  7 15   196   12 43  0     57.48    0.4226E-01      69.1    299.7
2017  7 15   196   12 44  0     57.29    0.4060E-01      65.9    299.8
2017  7 15   196   12 45  0     57.10    0.3736E-01      59.5    299.5
2017  7 15   196   12 46  0     56.91    0.3614E-01      56.9    300.0
2017  7 15   196   12 47  0     56.72    0.3821E-01      59.0    300.2
2017  7 15   196   12 48  0     56.54    0.3836E-01      58.0    299.9
2017  7 15   196   12 49  0     56.35    0.3545E-01      52.5    299.5
2017  7 15   196   12 50  0     56.16    0.3248E-01      47.3    299.3
2017  7 15   196   12 51  0     55.97    0.3080E-01      44.1    299.5
2017  7 15   196   12 52  0     55.78    0.3539E-01      50.1    300.6
2017  7 15   196   12 53  0     55.59    0.4122E-01      57.5    301.1
2017  7 15   196   12 54  0     55.40    0.4676E-01      64.7    301.4
2017  7 15   196   12 55  0     55.21    0.4540E-01      61.7    301.2
2017  7 15   196   12 56  0     55.02    0.4015E-01      53.5    300.8
2017  7 15   196   12 57  0     54.83    0.3781E-01      49.5    300.7
2017  7 15   196   12 58  0     54.64    0.3714E-01      47.8    300.7
2017  7 15   196   12 59  0     54.45    0.3668E-01      46.3    300.8
2017  7 15   196   13  0  0     54.26    0.3942E-01      49.4    301.8
2017  7 15   196   13  1  0     54.07    0.4699E-01      58.4    303.1
2017  7 15   196   13  2  0     53.89    0.5669E-01      68.5    303.3
2017  7 15   196   13  3  0     53.70    0.6863E-01      80.3    302.2
2017  7 15   196   13  4  0     53.51    0.7815E-01      89.9    301.8
2017  7 15   196   13  5  0     53.32    0.8396E-01      95.8    302.1
2017  7 15   196   13  6  0     53.13    0.8685E-01      98.7    302.8
2017  7 15   196   13  7  0     52.94    0.8822E-01      98.6    303.0
2017  7 15   196   13  8  0     52.75    0.9373E-01     103.9    303.0
2017  7 15   196   13  9  0     52.56    0.1073E+00     122.6    304.4
2017  7 15   196   13 10  0     52.37    0.1171E+00     135.3    305.3
2017  7 15   196   13 11  0     52.18    0.1156E+00     130.8    305.2
2017  7 15   196   13 12  0     51.99    0.1056E+00     114.0    304.6
2017  7 15   196   13 13  0     51.80    0.1101E+00     117.4    304.4
2017  7 15   196   13 14  0     51.62    0.1229E+00     133.3    305.2
2017  7 15   196   13 15  0     51.43    0.1259E+00     135.4    305.5
2017  7 15   196   13 16  0     51.24    0.1270E+00     134.7    305.6
2017  7 15   196   13 17  0     51.05    0.1285E+00     134.8    305.6
2017  7 15   196   13 18  0     50.86    0.1299E+00     133.7    305.3
2017  7 15   196   13 19  0     50.67    0.1318E+00     133.4    305.0
2017  7 15   196   13 20  0     50.48    0.1341E+00     134.2    304.9
2017  7 15   196   13 21  0     50.29    0.1358E+00     135.7    305.2
2017  7 15   196   13 22  0     50.11    0.1328E+00     133.0    306.3
2017  7 15   196   13 23  0     49.92    0.1136E+00     109.5    306.1
2017  7 15   196   13 24  0     49.73    0.1013E+00      93.4    305.5
2017  7 15   196   13 25  0     49.54    0.1035E+00      93.3    304.4
2017  7 15   196   13 26  0     49.35    0.1015E+00      89.7    304.2
2017  7 15   196   13 27  0     49.16    0.1023E+00      92.0    305.7
2017  7 15   196   13 28  0     48.98    0.1014E+00      90.9    305.6
2017  7 15   196   13 29  0     48.79    0.8272E-01      69.7    304.6
2017  7 15   196   13 30  0     48.60    0.8168E-01      67.0    304.1
2017  7 15   196   13 31  0     48.41    0.8564E-01      68.9    303.3
2017  7 15   196   13 32  0     48.22    0.9023E-01      72.7    303.8
2017  7 15   196   13 33  0     48.04    0.9338E-01      74.9    303.9
2017  7 15   196   13 34  0     47.85    0.1005E+00      81.1    304.5
2017  7 15   196   13 35  0     47.66    0.9558E-01      73.0    303.6
2017  7 15   196   13 36  0     47.47    0.1096E+00      83.1    303.4
2017  7 15   196   13 37  0     47.28    0.1474E+00     116.7    303.8
2017  7 15   196   13 38  0     47.10    0.1431E+00     110.4    303.9
2017  7 15   196   13 39  0     46.91    0.1640E+00     128.6    304.6
2017  7 15   196   13 40  0     46.72    0.1710E+00     133.2    304.9
2017  7 15   196   13 41  0     46.54    0.1746E+00     134.5    305.2
2017  7 15   196   13 42  0     46.35    0.1760E+00     133.9    305.3
2017  7 15   196   13 43  0     46.16    0.1781E+00     134.3    305.5
2017  7 15   196   13 44  0     45.97    0.1819E+00     136.6    305.8
2017  7 15   196   13 45  0     45.79    0.1831E+00     136.6    306.1
2017  7 15   196   13 46  0     45.60    0.1860E+00     138.7    306.7
2017  7 15   196   13 47  0     45.41    0.1833E+00     135.2    306.8
2017  7 15   196   13 48  0     45.23    0.1782E+00     130.1    307.0
2017  7 15   196   13 49  0     45.04    0.1734E+00     125.5    307.4
2017  7 15   196   13 50  0     44.86    0.1854E+00     135.7    307.9
2017  7 15   196   13 51  0     44.67    0.1468E+00     103.3    308.6
2017  7 15   196   13 52  0     44.48    0.1355E+00      92.5    308.8
2017  7 15   196   13 53  0     44.30    0.1459E+00      98.3    308.1
2017  7 15   196   13 54  0     44.11    0.1724E+00     120.9    310.0
2017  7 15   196   13 55  0     43.93    0.1743E+00     120.0    309.3
2017  7 15   196   13 56  0     43.74    0.1880E+00     131.5    310.7
2017  7 15   196   13 57  0     43.56    0.1675E+00     112.4    309.3
2017  7 15   196   13 58  0     43.37    0.1381E+00      90.8    310.8
2017  7 15   196   13 59  0     43.18    0.1143E+00      73.6    312.6
2017  7 15   196   14  0  0     43.00    0.1113E+00      70.7    312.7
2017  7 15   196   14  1  0     42.81    0.1160E+00      72.5    311.9
2017  7 15   196   14  2  0     42.63    0.1303E+00      80.8    311.0
2017  7 15   196   14  3  0     42.45    0.1486E+00      91.4    309.8
2017  7 15   196   14  4  0     42.26    0.1525E+00      92.0    309.5
2017  7 15   196   14  5  0     42.08    0.1504E+00      88.4    308.8
2017  7 15   196   14  6  0     41.89    0.1504E+00      87.1    308.8
2017  7 15   196   14  7  0     41.71    0.1471E+00      83.8    308.8
2017  7 15   196   14  8  0     41.53    0.1448E+00      82.0    309.2
2017  7 15   196   14  9  0     41.34    0.1435E+00      81.1    309.7
2017  7 15   196   14 10  0     41.16    0.1568E+00      89.9    310.1
2017  7 15   196   14 11  0     40.98    0.1537E+00      86.2    309.6
2017  7 15   196   14 12  0     40.79    0.1470E+00      80.6    309.3
2017  7 15   196   14 13  0     40.61    0.1418E+00      76.7    309.1
2017  7 15   196   14 14  0     40.43    0.1360E+00      72.7    309.2
2017  7 15   196   14 15  0     40.25    0.1394E+00      73.7    309.0
2017  7 15   196   14 16  0     40.06    0.1646E+00      88.4    308.8
2017  7 15   196   14 17  0     39.88    0.1878E+00     101.2    308.2
2017  7 15   196   14 18  0     39.70    0.1852E+00      99.0    308.8
2017  7 15   196   14 19  0     39.52    0.1815E+00      95.8    308.6
2017  7 15   196   14 20  0     39.34    0.1532E+00      77.2    308.7
2017  7 15   196   14 21  0     39.16    0.1636E+00      82.5    308.7
2017  7 15   196   14 22  0     38.98    0.1818E+00      92.6    308.5
2017  7 15   196   14 23  0     38.79    0.1738E+00      86.7    308.3
2017  7 15   196   14 24  0     38.61    0.1862E+00      93.5    308.3
2017  7 15   196   14 25  0     38.43    0.1856E+00      92.9    308.5
2017  7 15   196   14 26  0     38.25    0.1863E+00      94.4    310.1
2017  7 15   196   14 27  0     38.07    0.2085E+00     107.9    310.7
2017  7 15   196   14 28  0     37.90    0.1761E+00      87.7    311.6
2017  7 15   196   14 29  0     37.72    0.2172E+00     109.6    310.7
2017  7 15   196   14 30  0     37.54    0.2241E+00     112.0    310.4
2017  7 15   196   14 31  0     37.36    0.1756E+00      83.0    310.3
2017  7 15   196   14 32  0     37.18    0.1664E+00      77.4    310.9
2017  7 15   196   14 33  0     37.00    0.1623E+00      73.6    310.2
2017  7 15   196   14 34  0     36.82    0.1669E+00      74.6    309.4
2017  7 15   196   14 35  0     36.65    0.2017E+00      93.3    310.1
2017  7 15   196   14 36  0     36.47    0.2540E+00     118.2    307.5
2017  7 15   196   14 37  0     36.29    0.2527E+00     115.9    307.3
2017  7 15   196   14 38  0     36.12    0.2093E+00      91.0    307.0
2017  7 15   196   14 39  0     35.94    0.2590E+00     117.2    307.9
2017  7 15   196   14 40  0     35.76    0.2925E+00     133.1    307.2
2017  7 15   196   14 41  0     35.59    0.2962E+00     133.8    307.3
2017  7 15   196   14 42  0     35.41    0.2993E+00     134.3    307.4
2017  7 15   196   14 43  0     35.24    0.3009E+00     134.0    307.5
2017  7 15   196   14 44  0     35.06    0.3044E+00     134.7    307.4
2017  7 15   196   14 45  0     34.89    0.3064E+00     134.6    307.5
2017  7 15   196   14 46  0     34.71    0.3087E+00     134.8    307.5
2017  7 15   196   14 47  0     34.54    0.3101E+00     134.4    307.5
2017  7 15   196   14 48  0     34.37    0.3144E+00     135.6    307.5
2017  7 15   196   14 49  0     34.20    0.3167E+00     135.9    307.6
2017  7 15   196   14 50  0     34.02    0.3227E+00     138.0    307.7
2017  7 15   196   14 51  0     33.85    0.3228E+00     137.2    307.8
2017  7 15   196   14 52  0     33.68    0.3193E+00     134.2    307.7
2017  7 15   196   14 53  0     33.51    0.3233E+00     135.6    308.0
2017  7 15   196   14 54  0     33.34    0.3293E+00     137.3    307.8
2017  7 15   196   14 55  0     33.17    0.3326E+00     137.9    307.8
2017  7 15   196   14 56  0     33.00    0.3343E+00     137.7    307.7
2017  7 15   196   14 57  0     32.83    0.3379E+00     138.5    307.7
2017  7 15   196   14 58  0     32.66    0.3382E+00     137.6    307.7
2017  7 15   196   14 59  0     32.49    0.3443E+00     139.4    307.6
2017  7 15   196   15  0  0     32.32    0.3456E+00     138.9    307.4
2017  7 15   196   15  1  0     32.15    0.3447E+00     137.8    307.5
2017  7 15   196   15  2  0     31.98    0.3457E+00     137.6    307.7
2017  7 15   196   15  3  0     31.82    0.3432E+00     135.9    307.8
2017  7 15   196   15  4  0     31.65    0.3365E+00     131.5    307.5
2017  7 15   196   15  5  0     31.48    0.3456E+00     134.4    307.4
2017  7 15   196   15  6  0     31.32    0.3499E+00     135.6    307.5
2017  7 15   196   15  7  0     31.15    0.3512E+00     135.9    307.8
2017  7 15   196   15  8  0     30.99    0.2607E+00      93.6    306.6
2017  7 15   196   15  9  0     30.83    0.2802E+00     103.8    309.1
2017  7 15   196   15 10  0     30.66    0.3479E+00     131.4    307.6
2017  7 15   196   15 11  0     30.50    0.2848E+00     102.7    307.6
2017  7 15   196   15 12  0     30.34    0.3442E+00     127.9    307.5
2017  7 15   196   15 13  0     30.18    0.3263E+00     118.9    307.3
2017  7 15   196   15 14  0     30.01    0.3571E+00     132.1    307.7
2017  7 15   196   15 15  0     29.85    0.3660E+00     135.3    307.8
2017  7 15   196   15 16  0     29.69    0.3725E+00     137.5    307.9
2017  7 15   196   15 17  0     29.54    0.3705E+00     135.9    308.0
2017  7 15   196   15 18  0     29.38    0.3749E+00     136.8    307.7
2017  7 15   196   15 19  0     29.22    0.3806E+00     138.7    307.7
2017  7 15   196   15 20  0     29.06    0.3758E+00     136.5    307.8
2017  7 15   196   15 21  0     28.90    0.3733E+00     135.6    308.1
2017  7 15   196   15 22  0     28.75    0.3727E+00     135.6    308.4
2017  7 15   196   15 23  0     28.59    0.3679E+00     133.5    308.8
2017  7 15   196   15 24  0     28.44    0.3526E+00     125.8    308.3
2017  7 15   196   15 25  0     28.28    0.3727E+00     133.8    308.7
2017  7 15   196   15 26  0     28.13    0.3502E+00     124.6    309.1
2017  7 15   196   15 27  0     27.98    0.3536E+00     125.5    308.7
2017  7 15   196   15 28  0     27.83    0.2387E+00      80.7    311.1
2017  7 15   196   15 29  0     27.67    0.2262E+00      76.4    312.5
2017  7 15   196   15 30  0     27.52    0.2326E+00      78.4    312.5
2017  7 15   196   15 31  0     27.37    0.2348E+00      78.4    312.3
2017  7 15   196   15 32  0     27.23    0.2938E+00     101.4    312.3
2017  7 15   196   15 33  0     27.08    0.3966E+00     139.6    309.7
2017  7 15   196   15 34  0     26.93    0.3745E+00     130.4    309.7
2017  7 15   196   15 35  0     26.78    0.2847E+00      96.5    312.1
2017  7 15   196   15 36  0     26.64    0.3016E+00     104.2    313.2
2017  7 15   196   15 37  0     26.49    0.2592E+00      87.7    313.7
2017  7 15   196   15 38  0     26.35    0.2280E+00      76.3    315.4
2017  7 15   196   15 39  0     26.21    0.2289E+00      77.2    316.5
2017  7 15   196   15 40  0     26.07    0.1995E+00      66.1    318.1
2017  7 15   196   15 41  0     25.92    0.2262E+00      75.5    316.8
2017  7 15   196   15 42  0     25.78    0.1994E+00      65.1    318.3
2017  7 15   196   15 43  0     25.65    0.2008E+00      65.3    318.5
2017  7 15   196   15 44  0     25.51    0.2041E+00      66.2    318.8
2017  7 15   196   15 45  0     25.37    0.2230E+00      72.6    318.1
2017  7 15   196   15 46  0     25.23    0.2302E+00      74.4    317.4
2017  7 15   196   15 47  0     25.10    0.2318E+00      74.8    317.6
2017  7 15   196   15 48  0     24.96    0.2397E+00      77.0    317.2
2017  7 15   196   15 49  0     24.83    0.2548E+00      81.5    316.2
2017  7 15   196   15 50  0     24.70    0.3057E+00      99.4    314.8
2017  7 15   196   15 51  0     24.57    0.3163E+00     101.9    313.3
2017  7 15   196   15 52  0     24.44    0.2958E+00      93.8    313.1
2017  7 15   196   15 53  0     24.31    0.3155E+00     100.4    312.5
2017  7 15   196   15 54  0     24.18    0.2697E+00      84.0    314.2
2017  7 15   196   15 55  0     24.06    0.2523E+00      77.8    314.8
2017  7 15   196   15 56  0     23.93    0.2372E+00      72.4    315.8
2017  7 15   196   15 57  0     23.81    0.2841E+00      89.3    315.5
2017  7 15   196   15 58  0     23.68    0.3340E+00     105.6    312.9
2017  7 15   196   15 59  0     23.56    0.2885E+00      88.3    312.3
2017  7 15   196   16  0  0     23.44    0.2570E+00      78.7    315.0
2017  7 15   196   16  1  0     23.32    0.3379E+00     107.1    313.1
2017  7 15   196   16  2  0     23.21    0.3147E+00      98.8    313.1
2017  7 15   196   16  3  0     23.09    0.2400E+00      73.5    315.7
2017  7 15   196   16  4  0     22.97    0.2151E+00      65.1    317.0
2017  7 15   196   16  5  0     22.86    0.2095E+00      62.9    316.9
2017  7 15   196   16  6  0     22.75    0.2108E+00      63.0    316.4
2017  7 15   196   16  7  0     22.64    0.2300E+00      69.5    316.0
2017  7 15   196   16  8  0     22.53    0.2052E+00      61.3    317.9
2017  7 15   196   16  9  0     22.42    0.2130E+00      63.7    318.2
2017  7 15   196   16 10  0     22.31    0.2110E+00      62.2    318.2
2017  7 15   196   16 11  0     22.21    0.2265E+00      66.5    317.5
2017  7 15   196   16 12  0     22.11    0.2654E+00      78.9    316.0
2017  7 15   196   16 13  0     22.00    0.2618E+00      76.8    315.5
2017  7 15   196   16 14  0     21.90    0.2842E+00      83.0    313.6
2017  7 15   196   16 15  0     21.80    0.3355E+00     101.5    314.5
2017  7 15   196   16 16  0     21.71    0.4108E+00     125.9    312.0
2017  7 15   196   16 17  0     21.61    0.3214E+00      94.6    312.2
2017  7 15   196   16 18  0     21.52    0.2673E+00      77.6    315.1
2017  7 15   196   16 19  0     21.43    0.2499E+00      71.4    315.3
2017  7 15   196   16 20  0     21.34    0.2762E+00      80.5    315.2
2017  7 15   196   16 21  0     21.25    0.3416E+00     102.0    313.3
2017  7 15   196   16 22  0     21.16    0.3595E+00     110.0    315.4
2017  7 15   196   16 23  0     21.08    0.2621E+00      74.8    314.2
2017  7 15   196   16 24  0     20.99    0.2294E+00      65.6    318.2
2017  7 15   196   16 25  0     20.91    0.2246E+00      63.6    318.3
2017  7 15   196   16 26  0     20.83    0.2387E+00      67.5    317.2
2017  7 15   196   16 27  0     20.75    0.3224E+00      94.3    314.8
2017  7 15   196   16 28  0     20.68    0.3029E+00      86.3    314.1
2017  7 15   196   16 29  0     20.60    0.3259E+00      93.9    314.3
2017  7 15   196   16 30  0     20.53    0.3517E+00     102.9    314.6
2017  7 15   196   16 31  0     20.46    0.4058E+00     119.0    312.0
2017  7 15   196   16 32  0     20.39    0.4311E+00     127.8    312.1
2017  7 15   196   16 33  0     20.32    0.3461E+00      99.3    312.9
2017  7 15   196   16 34  0     20.26    0.2612E+00      73.1    316.7
2017  7 15   196   16 35  0     20.20    0.2592E+00      73.1    317.7
2017  7 15   196   16 36  0     20.14    0.2594E+00      73.0    317.6
2017  7 15   196   16 37  0     20.08    0.2608E+00      73.2    317.5
2017  7 15   196   16 38  0     20.02    0.2840E+00      80.4    317.0
2017  7 15   196   16 39  0     19.97    0.3872E+00     113.4    314.4
2017  7 15   196   16 40  0     19.92    0.4511E+00     133.5    312.7
2017  7 15   196   16 41  0     19.87    0.4657E+00     138.1    312.5
2017  7 15   196   16 42  0     19.82    0.4339E+00     127.9    313.1
2017  7 15   196   16 43  0     19.77    0.3386E+00      97.6    315.4
2017  7 15   196   16 44  0     19.73    0.2546E+00      72.0    319.8
2017  7 15   196   16 45  0     19.69    0.2411E+00      67.9    320.9
2017  7 15   196   16 46  0     19.65    0.2482E+00      69.4    320.0
2017  7 15   196   16 47  0     19.61    0.2820E+00      79.3    318.2
2017  7 15   196   16 48  0     19.58    0.3460E+00      98.3    315.1
2017  7 15   196   16 49  0     19.55    0.3331E+00      93.8    315.1
2017  7 15   196   16 50  0     19.52    0.3610E+00     102.8    314.7
2017  7 15   196   16 51  0     19.49    0.3417E+00      97.0    315.3
2017  7 15   196   16 52  0     19.46    0.3384E+00      96.5    316.0
2017  7 15   196   16 53  0     19.44    0.3162E+00      88.8    315.6
2017  7 15   196   16 54  0     19.42    0.3157E+00      89.5    317.2
2017  7 15   196   16 55  0     19.40    0.3725E+00     105.8    313.9
2017  7 15   196   16 56  0     19.38    0.3369E+00      94.0    314.2
2017  7 15   196   16 57  0     19.37    0.3417E+00      96.7    315.6
2017  7 15   196   16 58  0     19.36    0.3661E+00     103.7    314.2
2017  7 15   196   16 59  0     19.35    0.4590E+00     134.3    313.4
2017  7 15   196   17  0  0     19.34    0.4652E+00     135.1    312.4
2017  7 15   196   17  1  0     19.33    0.4866E+00     141.9    311.9
2017  7 15   196   17  2  0     19.33    0.4628E+00     133.9    312.1
2017  7 15   196   17  3  0     19.33    0.4781E+00     139.6    312.5
2017  7 15   196   17  4  0     19.33    0.4869E+00     142.0    312.1
2017  7 15   196   17  5  0     19.34    0.4855E+00     141.6    312.1
2017  7 15   196   17  6  0     19.34    0.4837E+00     141.0    312.0
2017  7 15   196   17  7  0     19.35    0.4840E+00     140.8    311.8
2017  7 15   196   17  8  0     19.37    0.4817E+00     140.2    311.9
2017  7 15   196   17  9  0     19.38    0.4782E+00     139.1    311.9
2017  7 15   196   17 10  0     19.39    0.4705E+00     137.2    312.5
2017  7 15   196   17 11  0     19.41    0.4704E+00     137.7    312.6
2017  7 15   196   17 12  0     19.43    0.4643E+00     136.0    312.9
2017  7 15   196   17 13  0     19.46    0.4713E+00     138.1    312.8
2017  7 15   196   17 14  0     19.48    0.4857E+00     142.6    312.6
2017  7 15   196   17 15  0     19.51    0.4924E+00     144.7    312.6
2017  7 15   196   17 16  0     19.54    0.4955E+00     145.7    312.4
2017  7 15   196   17 17  0     19.57    0.4904E+00     144.3    312.5
2017  7 15   196   17 18  0     19.60    0.4902E+00     144.6    312.6
2017  7 15   196   17 19  0     19.64    0.4914E+00     145.4    312.8
2017  7 15   196   17 20  0     19.68    0.4901E+00     145.1    312.7
2017  7 15   196   17 21  0     19.72    0.4295E+00     124.1    312.3
2017  7 15   196   17 22  0     19.76    0.3605E+00     103.1    315.0
2017  7 15   196   17 23  0     19.81    0.3804E+00     110.0    314.7
2017  7 15   196   17 24  0     19.86    0.4060E+00     119.9    315.1
2017  7 15   196   17 25  0     19.91    0.4370E+00     130.0    313.5
2017  7 15   196   17 26  0     19.96    0.3472E+00     104.0    318.7
2017  7 15   196   17 27  0     20.01    0.3262E+00      94.8    316.0
2017  7 15   196   17 28  0     20.07    0.3847E+00     116.5    317.3
2017  7 15   196   17 29  0     20.12    0.4180E+00     126.0    315.0
2017  7 15   196   17 30  0     20.19    0.4144E+00     126.1    316.9
2017  7 15   196   17 31  0     20.25    0.4913E+00     149.5    313.7
2017  7 15   196   17 32  0     20.31    0.4807E+00     145.2    313.1
2017  7 15   196   17 33  0     20.38    0.4871E+00     147.8    313.1
2017  7 15   196   17 34  0     20.44    0.4757E+00     144.8    313.4
2017  7 15   196   17 35  0     20.51    0.4034E+00     120.1    313.5
2017  7 15   196   17 36  0     20.59    0.2831E+00      82.4    318.2
2017  7 15   196   17 37  0     20.66    0.2757E+00      80.5    318.8
2017  7 15   196   17 38  0     20.74    0.3040E+00      90.7    319.1
2017  7 15   196   17 39  0     20.81    0.3174E+00      93.7    317.0
2017  7 15   196   17 40  0     20.89    0.3986E+00     120.6    314.7
2017  7 15   196   17 41  0     20.97    0.2774E+00      79.9    316.5
2017  7 15   196   17 42  0     21.06    0.3022E+00      90.6    318.8
2017  7 15   196   17 43  0     21.14    0.3885E+00     117.6    314.0
2017  7 15   196   17 44  0     21.23    0.3251E+00      96.8    315.7
2017  7 15   196   17 45  0     21.32    0.2771E+00      81.3    317.0
2017  7 15   196   17 46  0     21.41    0.2586E+00      76.4    318.6
2017  7 15   196   17 47  0     21.50    0.2469E+00      73.3    319.4
2017  7 15   196   17 48  0     21.59    0.2197E+00      65.5    321.2
2017  7 15   196   17 49  0     21.69    0.2074E+00      62.3    322.0
2017  7 15   196   17 50  0     21.78    0.1992E+00      60.4    322.5
2017  7 15   196   17 51  0     21.88    0.1981E+00      60.5    322.5
2017  7 15   196   17 52  0     21.98    0.2031E+00      62.3    322.0
2017  7 15   196   17 53  0     22.08    0.2682E+00      85.1    319.8
2017  7 15   196   17 54  0     22.19    0.2446E+00      76.2    318.7
2017  7 15   196   17 55  0     22.29    0.2111E+00      66.1    321.3
2017  7 15   196   17 56  0     22.40    0.2196E+00      70.5    322.2
2017  7 15   196   17 57  0     22.50    0.1628E+00      50.7    323.5
2017  7 15   196   17 58  0     22.61    0.1369E+00      43.6    328.1
2017  7 15   196   17 59  0     22.72    0.1228E+00      39.7    331.0
2017  7 15   196   18  0  0     22.84    0.1152E+00      37.7    332.7
2017  7 15   196   18  1  0     22.95    0.1109E+00      36.7    334.0
2017  7 15   196   18  2  0     23.06    0.1118E+00      37.4    334.5
2017  7 15   196   18  3  0     23.18    0.1369E+00      46.1    330.9
2017  7 15   196   18  4  0     23.30    0.1328E+00      44.2    331.1
2017  7 15   196   18  5  0     23.42    0.1443E+00      47.7    329.5
2017  7 15   196   18  6  0     23.54    0.1570E+00      51.7    327.7
2017  7 15   196   18  7  0     23.66    0.1721E+00      56.6    325.8
2017  7 15   196   18  8  0     23.78    0.1860E+00      60.8    323.7
2017  7 15   196   18  9  0     23.90    0.1862E+00      60.7    323.1
2017  7 15   196   18 10  0     24.03    0.2079E+00      68.7    322.0
2017  7 15   196   18 11  0     24.16    0.1990E+00      65.0    321.3
2017  7 15   196   18 12  0     24.28    0.1768E+00      57.3    322.5
2017  7 15   196   18 13  0     24.41    0.1687E+00      55.1    324.4
2017  7 15   196   18 14  0     24.54    0.1696E+00      55.5    324.7
2017  7 15   196   18 15  0     24.67    0.1754E+00      57.4    324.2
2017  7 15   196   18 16  0     24.80    0.1865E+00      60.8    323.0
2017  7 15   196   18 17  0     24.94    0.1963E+00      63.6    321.7
2017  7 15   196   18 18  0     25.07    0.2066E+00      66.6    320.4
2017  7 15   196   18 19  0     25.20    0.2046E+00      65.6    320.4
2017  7 15   196   18 20  0     25.34    0.2617E+00      88.5    320.5
2017  7 15   196   18 21  0     25.48    0.3301E+00     112.0    316.0
2017  7 15   196   18 22  0     25.62    0.3843E+00     131.1    313.6
2017  7 15   196   18 23  0     25.76    0.3135E+00     104.8    315.5
2017  7 15   196   18 24  0     25.90    0.3483E+00     115.9    312.5
2017  7 15   196   18 25  0     26.04    0.3530E+00     119.5    314.2
2017  7 15   196   18 26  0     26.18    0.3949E+00     135.3    313.0
2017  7 15   196   18 27  0     26.32    0.3783E+00     127.9    311.8
2017  7 15   196   18 28  0     26.46    0.3537E+00     121.5    314.6
2017  7 15   196   18 29  0     26.61    0.3858E+00     134.1    313.1
2017  7 15   196   18 30  0     26.75    0.3375E+00     117.3    315.0
2017  7 15   196   18 31  0     26.90    0.3854E+00     136.4    313.8
2017  7 15   196   18 32  0     27.05    0.3105E+00     105.1    312.8
2017  7 15   196   18 33  0     27.20    0.3089E+00     106.9    315.0
2017  7 15   196   18 34  0     27.34    0.3978E+00     141.7    312.7
2017  7 15   196   18 35  0     27.49    0.4027E+00     143.7    312.3
2017  7 15   196   18 36  0     27.64    0.3846E+00     135.5    311.0
2017  7 15   196   18 37  0     27.79    0.2495E+00      83.1    313.7
2017  7 15   196   18 38  0     27.95    0.3207E+00     115.1    315.3
2017  7 15   196   18 39  0     28.10    0.3723E+00     135.4    312.9
2017  7 15   196   18 40  0     28.25    0.2558E+00      88.0    313.8
2017  7 15   196   18 41  0     28.41    0.2376E+00      82.4    315.7
2017  7 15   196   18 42  0     28.56    0.3081E+00     113.1    315.5
2017  7 15   196   18 43  0     28.72    0.3128E+00     114.8    314.8
2017  7 15   196   18 44  0     28.87    0.3817E+00     143.9    313.3
2017  7 15   196   18 45  0     29.03    0.3596E+00     134.1    312.6
2017  7 15   196   18 46  0     29.19    0.3324E+00     124.0    313.3
2017  7 15   196   18 47  0     29.34    0.2786E+00     102.1    313.8
2017  7 15   196   18 48  0     29.50    0.2629E+00      97.0    314.7
2017  7 15   196   18 49  0     29.66    0.3380E+00     131.9    315.2
2017  7 15   196   18 50  0     29.82    0.2752E+00     102.6    313.3
2017  7 15   196   18 51  0     29.98    0.2365E+00      87.5    315.0
2017  7 15   196   18 52  0     30.14    0.2137E+00      78.4    315.4
2017  7 15   196   18 53  0     30.30    0.1995E+00      73.7    316.8
2017  7 15   196   18 54  0     30.47    0.2132E+00      81.6    318.6
2017  7 15   196   18 55  0     30.63    0.3016E+00     120.6    315.7
2017  7 15   196   18 56  0     30.79    0.2969E+00     116.4    313.3
2017  7 15   196   18 57  0     30.96    0.2237E+00      85.0    315.2
2017  7 15   196   18 58  0     31.12    0.2308E+00      88.9    315.3
2017  7 15   196   18 59  0     31.29    0.2407E+00      93.6    314.6
2017  7 15   196   19  0  0     31.45    0.2160E+00      83.0    314.8
2017  7 15   196   19  1  0     31.62    0.1963E+00      75.4    315.7
2017  7 15   196   19  2  0     31.78    0.1846E+00      71.6    316.9
2017  7 15   196   19  3  0     31.95    0.1821E+00      71.6    317.9
2017  7 15   196   19  4  0     32.12    0.1852E+00      73.8    317.6
2017  7 15   196   19  5  0     32.29    0.1904E+00      76.7    317.6
2017  7 15   196   19  6  0     32.45    0.1985E+00      80.4    316.8
2017  7 15   196   19  7  0     32.62    0.2251E+00      92.7    315.4
2017  7 15   196   19  8  0     32.79    0.2086E+00      84.4    314.8
2017  7 15   196   19  9  0     32.96    0.1982E+00      79.1    313.6
2017  7 15   196   19 10  0     33.13    0.1788E+00      71.5    315.1
2017  7 15   196   19 11  0     33.30    0.1777E+00      72.6    316.3
2017  7 15   196   19 12  0     33.47    0.2066E+00      88.7    317.2
2017  7 15   196   19 13  0     33.64    0.2678E+00     119.8    315.8
2017  7 15   196   19 14  0     33.82    0.2592E+00     114.0    313.7
2017  7 15   196   19 15  0     33.99    0.2138E+00      92.7    315.2
2017  7 15   196   19 16  0     34.16    0.2209E+00      98.8    316.9
2017  7 15   196   19 17  0     34.33    0.2748E+00     126.2    314.9
2017  7 15   196   19 18  0     34.51    0.2544E+00     114.3    313.3
2017  7 15   196   19 19  0     34.68    0.2024E+00      87.8    314.1
2017  7 15   196   19 20  0     34.85    0.2023E+00      87.9    314.0
2017  7 15   196   19 21  0     35.03    0.2643E+00     121.9    314.4
2017  7 15   196   19 22  0     35.20    0.2895E+00     134.2    312.7
2017  7 15   196   19 23  0     35.38    0.2854E+00     132.7    312.6
2017  7 15   196   19 24  0     35.55    0.2985E+00     140.5    312.3
2017  7 15   196   19 25  0     35.73    0.2974E+00     140.9    312.2
2017  7 15   196   19 26  0     35.91    0.2937E+00     139.9    312.1
2017  7 15   196   19 27  0     36.08    0.2878E+00     137.6    311.9
2017  7 15   196   19 28  0     36.26    0.2698E+00     127.4    310.8
2017  7 15   196   19 29  0     36.44    0.2282E+00     105.5    311.2
2017  7 15   196   19 30  0     36.61    0.2472E+00     117.6    311.5
2017  7 15   196   19 31  0     36.79    0.2506E+00     120.8    311.6
2017  7 15   196   19 32  0     36.97    0.2466E+00     119.9    311.9
2017  7 15   196   19 33  0     37.15    0.2123E+00      99.2    310.0
2017  7 15   196   19 34  0     37.32    0.1893E+00      89.6    312.9
2017  7 15   196   19 35  0     37.50    0.2664E+00     136.3    312.7
2017  7 15   196   19 36  0     37.68    0.2706E+00     139.3    312.2
2017  7 15   196   19 37  0     37.86    0.2672E+00     138.2    312.0
2017  7 15   196   19 38  0     38.04    0.2654E+00     138.1    311.9
2017  7 15   196   19 39  0     38.22    0.2661E+00     139.8    312.0
2017  7 15   196   19 40  0     38.40    0.2655E+00     140.7    311.9
2017  7 15   196   19 41  0     38.58    0.2648E+00     141.4    311.7
2017  7 15   196   19 42  0     38.76    0.2600E+00     138.9    311.1
2017  7 15   196   19 43  0     38.94    0.2229E+00     116.9    311.3
2017  7 15   196   19 44  0     39.12    0.2320E+00     124.1    311.4
2017  7 15   196   19 45  0     39.30    0.2020E+00     105.3    310.9
2017  7 15   196   19 46  0     39.48    0.2219E+00     121.8    313.1
2017  7 15   196   19 47  0     39.67    0.2569E+00     145.2    312.1
2017  7 15   196   19 48  0     39.85    0.2513E+00     142.2    311.6
2017  7 15   196   19 49  0     40.03    0.2348E+00     132.3    311.3
2017  7 15   196   19 50  0     40.21    0.2407E+00     138.8    312.0
2017  7 15   196   19 51  0     40.39    0.2442E+00     142.2    311.5
2017  7 15   196   19 52  0     40.58    0.2029E+00     114.3    310.8
2017  7 15   196   19 53  0     40.76    0.2174E+00     127.0    311.9
2017  7 15   196   19 54  0     40.94    0.2440E+00     147.0    311.7
2017  7 15   196   19 55  0     41.13    0.2399E+00     145.2    311.5
2017  7 15   196   19 56  0     41.31    0.2235E+00     134.0    310.8
2017  7 15   196   19 57  0     41.49    0.2275E+00     138.6    311.0
2017  7 15   196   19 58  0     41.68    0.2292E+00     141.1    310.8
2017  7 15   196   19 59  0     41.86    0.2254E+00     139.7    310.8
2017  7 15   196   20  0  0     42.04    0.2230E+00     139.7    310.9
2017  7 15   196   20  1  0     42.23    0.2077E+00     129.1    310.4
2017  7 15   196   20  2  0     42.41    0.2163E+00     137.8    310.7
2017  7 15   196   20  3  0     42.60    0.2135E+00     137.6    310.9
2017  7 15   196   20  4  0     42.78    0.2098E+00     136.1    310.8
2017  7 15   196   20  5  0     42.97    0.2095E+00     137.5    310.7
2017  7 15   196   20  6  0     43.15    0.2096E+00     139.5    310.9
2017  7 15   196   20  7  0     43.34    0.2089E+00     140.4    310.8
2017  7 15   196   20  8  0     43.52    0.2063E+00     139.9    310.8
2017  7 15   196   20  9  0     43.71    0.2038E+00     139.5    310.8
2017  7 15   196   20 10  0     43.89    0.2026E+00     140.1    310.8
2017  7 15   196   20 11  0     44.08    0.2007E+00     139.8    310.6
2017  7 15   196   20 12  0     44.26    0.1989E+00     139.9    310.6
2017  7 15   196   20 13  0     44.45    0.1946E+00     137.7    310.3
2017  7 15   196   20 14  0     44.64    0.1913E+00     136.5    310.1
2017  7 15   196   20 15  0     44.82    0.1891E+00     136.2    310.0
2017  7 15   196   20 16  0     45.01    0.1877E+00     136.7    310.0
2017  7 15   196   20 17  0     45.20    0.1847E+00     135.7    309.9
2017  7 15   196   20 18  0     45.38    0.1825E+00     135.4    309.8
2017  7 15   196   20 19  0     45.57    0.1803E+00     135.1    309.6
2017  7 15   196   20 20  0     45.76    0.1776E+00     134.5    309.5
2017  7 15   196   20 21  0     45.94    0.1743E+00     133.2    309.5
2017  7 15   196   20 22  0     46.13    0.1750E+00     136.0    309.7
2017  7 15   196   20 23  0     46.32    0.1742E+00     137.3    309.7
2017  7 15   196   20 24  0     46.50    0.1727E+00     137.7    309.7
2017  7 15   196   20 25  0     46.69    0.1719E+00     138.9    309.7
2017  7 15   196   20 26  0     46.88    0.1652E+00     134.2    309.6
2017  7 15   196   20 27  0     47.07    0.1649E+00     136.2    309.7
2017  7 15   196   20 28  0     47.25    0.1614E+00     134.0    309.3
2017  7 15   196   20 29  0     47.44    0.1590E+00     133.4    309.1
2017  7 15   196   20 30  0     47.63    0.1592E+00     135.6    309.1
2017  7 15   196   20 31  0     47.82    0.1558E+00     134.0    308.9
2017  7 15   196   20 32  0     48.00    0.1531E+00     133.2    308.8
2017  7 15   196   20 33  0     48.19    0.1419E+00     121.2    307.4
2017  7 15   196   20 34  0     48.38    0.1159E+00      94.0    305.8
2017  7 15   196   20 35  0     48.57    0.1103E+00      89.4    305.6
2017  7 15   196   20 36  0     48.76    0.1118E+00      93.4    306.3
2017  7 15   196   20 37  0     48.94    0.1399E+00     129.8    309.2
2017  7 15   196   20 38  0     49.13    0.1445E+00     136.2    308.7
2017  7 15   196   20 39  0     49.32    0.1361E+00     126.5    307.3
2017  7 15   196   20 40  0     49.51    0.1061E+00      91.4    304.7
2017  7 15   196   20 41  0     49.70    0.1051E+00      93.0    305.5
2017  7 15   196   20 42  0     49.89    0.1281E+00     124.7    308.0
2017  7 15   196   20 43  0     50.08    0.1248E+00     122.9    307.8
2017  7 15   196   20 44  0     50.26    0.1315E+00     133.8    308.1
2017  7 15   196   20 45  0     50.45    0.1291E+00     133.3    308.1
2017  7 15   196   20 46  0     50.64    0.1228E+00     127.5    307.8
2017  7 15   196   20 47  0     50.83    0.1186E+00     123.8    307.2
2017  7 15   196   20 48  0     51.02    0.9226E-01      89.6    304.4
2017  7 15   196   20 49  0     51.21    0.8854E-01      87.7    305.0
2017  7 15   196   20 50  0     51.40    0.8548E-01      86.3    305.3
2017  7 15   196   20 51  0     51.59    0.8318E-01      86.1    305.9
2017  7 15   196   20 52  0     51.78    0.8244E-01      88.2    306.9
2017  7 15   196   20 53  0     51.96    0.1012E+00     120.6    310.3
2017  7 15   196   20 54  0     52.15    0.9548E-01     111.9    308.0
2017  7 15   196   20 55  0     52.34    0.9491E-01     115.2    309.1
2017  7 15   196   20 56  0     52.53    0.7587E-01      86.3    305.5
2017  7 15   196   20 57  0     52.72    0.6802E-01      77.4    305.2
2017  7 15   196   20 58  0     52.91    0.6382E-01      74.4    306.0
2017  7 15   196   20 59  0     53.10    0.5990E-01      71.3    306.6
2017  7 15   196   21  0  0     53.29    0.5668E-01      68.7    307.0
2017  7 15   196   21  1  0     53.48    0.5515E-01      68.2    307.2
2017  7 15   196   21  2  0     53.67    0.5573E-01      70.8    307.9
2017  7 15   196   21  3  0     53.86    0.5869E-01      76.5    308.0
2017  7 15   196   21  4  0     54.05    0.6291E-01      83.7    307.7
2017  7 15   196   21  5  0     54.24    0.6840E-01      92.8    307.4
2017  7 15   196   21  6  0     54.43    0.7217E-01      99.1    306.7
2017  7 15   196   21  7  0     54.61    0.7095E-01      96.9    305.6
2017  7 15   196   21  8  0     54.80    0.8443E-01     124.7    307.8
2017  7 15   196   21  9  0     54.99    0.8616E-01     130.0    307.8
2017  7 15   196   21 10  0     55.18    0.8699E-01     133.8    307.8
2017  7 15   196   21 11  0     55.37    0.7565E-01     110.7    304.8
2017  7 15   196   21 12  0     55.56    0.7887E-01     119.7    305.4
2017  7 15   196   21 13  0     55.75    0.6872E-01      99.9    303.0
2017  7 15   196   21 14  0     55.94    0.6817E-01     100.8    302.8
2017  7 15   196   21 15  0     56.13    0.6927E-01     104.9    302.9
2017  7 15   196   21 16  0     56.32    0.6826E-01     103.8    302.3
2017  7 15   196   21 17  0     56.51    0.6979E-01     110.3    303.2
2017  7 15   196   21 18  0     56.70    0.7104E-01     114.4    302.8
2017  7 15   196   21 19  0     56.89    0.7278E-01     122.7    304.2
2017  7 15   196   21 20  0     57.08    0.6920E-01     116.4    303.3
2017  7 15   196   21 21  0     57.27    0.6869E-01     120.7    304.7
2017  7 15   196   21 22  0     57.46    0.7275E-01     135.3    306.2
2017  7 15   196   21 23  0     57.65    0.7156E-01     135.9    306.1
2017  7 15   196   21 24  0     57.84    0.7022E-01     135.5    305.9
2017  7 15   196   21 25  0     58.02    0.6947E-01     135.8    305.5
2017  7 15   196   21 26  0     58.21    0.6876E-01     135.7    304.8
2017  7 15   196   21 27  0     58.40    0.6794E-01     135.3    304.1
2017  7 15   196   21 28  0     58.59    0.6621E-01     132.4    303.2
2017  7 15   196   21 29  0     58.78    0.6322E-01     125.8    302.1
2017  7 15   196   21 30  0     58.97    0.6213E-01     125.8    301.9
2017  7 15   196   21 31  0     59.16    0.6230E-01     129.5    302.2
2017  7 15   196   21 32  0     59.35    0.6087E-01     128.2    301.8
2017  7 15   196   21 33  0     59.54    0.5927E-01     126.3    301.3
2017  7 15   196   21 34  0     59.73    0.5901E-01     129.1    301.5
2017  7 15   196   21 35  0     59.92    0.5849E-01     131.1    301.7
2017  7 15   196   21 36  0     60.11    0.5774E-01     132.7    301.8
2017  7 15   196   21 37  0     60.30    0.5664E-01     132.9    301.7
2017  7 15   196   21 38  0     60.49    0.5530E-01     132.1    301.5
2017  7 15   196   21 39  0     60.67    0.5406E-01     131.3    301.1
2017  7 15   196   21 40  0     60.86    0.5267E-01     129.7    300.7
2017  7 15   196   21 41  0     61.05    0.4911E-01     118.9    298.7
2017  7 15   196   21 42  0     61.24    0.4994E-01     127.0    300.1
2017  7 15   196   21 43  0     61.43    0.4936E-01     128.2    299.9
2017  7 15   196   21 44  0     61.62    0.4891E-01     130.6    300.1
2017  7 15   196   21 45  0     61.81    0.4763E-01     129.1    299.6
2017  7 15   196   21 46  0     62.00    0.4635E-01     128.0    299.3
2017  7 15   196   21 47  0     62.19    0.4525E-01     127.7    299.3
2017  7 15   196   21 48  0     62.37    0.4442E-01     129.2    299.6
2017  7 15   196   21 49  0     62.56    0.4375E-01     131.6    300.2
2017  7 15   196   21 50  0     62.75    0.4320E-01     134.3    300.8
2017  7 15   196   21 51  0     62.94    0.4264E-01     136.0    301.1
2017  7 15   196   21 52  0     63.13    0.4184E-01     136.0    300.7
2017  7 15   196   21 53  0     63.32    0.4092E-01     135.1    300.1
2017  7 15   196   21 54  0     63.51    0.3985E-01     133.5    299.3
2017  7 15   196   21 55  0     63.69    0.3888E-01     132.1    298.7
2017  7 15   196   21 56  0     63.88    0.3805E-01     131.6    298.1
2017  7 15   196   21 57  0     64.07    0.3723E-01     131.2    297.4
2017  7 15   196   21 58  0     64.26    0.3645E-01     130.8    296.9
2017  7 15   196   21 59  0     64.45    0.3570E-01     130.9    297.1
2017  7 15   196   22  0  0     64.63    0.3502E-01     131.4    296.9
2017  7 15   196   22  1  0     64.82    0.3430E-01     131.6    296.6
2017  7 15   196   22  2  0     65.01    0.3360E-01     132.0    295.6
2017  7 15   196   22  3  0     65.20    0.3291E-01     132.4    295.5
2017  7 15   196   22  4  0     65.39    0.3219E-01     132.2    295.1
2017  7 15   196   22  5  0     65.57    0.3135E-01     131.4    295.5
2017  7 15   196   22  6  0     65.76    0.3055E-01     130.7    295.1
2017  7 15   196   22  7  0     65.95    0.2981E-01     130.2    294.5
2017  7 15   196   22  8  0     66.14    0.2907E-01     129.9    293.2
2017  7 15   196   22  9  0     66.32    0.2831E-01     129.5    292.9
2017  7 15   196   22 10  0     66.51    0.2766E-01     129.5    292.3
2017  7 15   196   22 11  0     66.70    0.2703E-01     129.7    291.9
2017  7 15   196   22 12  0     66.89    0.2639E-01     129.8    292.7
2017  7 15   196   22 13  0     67.07    0.2572E-01     129.9    291.1
2017  7 15   196   22 14  0     67.26    0.2503E-01     129.8    290.9
2017  7 15   196   22 15  0     67.45    0.2441E-01     129.8    290.7
2017  7 15   196   22 16  0     67.63    0.2381E-01     129.7    290.2
2017  7 15   196   22 17  0     67.82    0.2320E-01     129.2    289.3
2017  7 15   196   22 18  0     68.01    0.2260E-01     128.7    288.7
2017  7 15   196   22 19  0     68.19    0.2206E-01     128.6    288.0
2017  7 15   196   22 20  0     68.38    0.2151E-01     128.7    287.5
2017  7 15   196   22 21  0     68.57    0.2098E-01     128.7    287.0
2017  7 15   196   22 22  0     68.75    0.2042E-01     128.4    286.4
2017  7 15   196   22 23  0     68.94    0.1993E-01     128.5    285.5
2017  7 15   196   22 24  0     69.13    0.1942E-01     128.7    285.1
2017  7 15   196   22 25  0     69.31    0.1892E-01     128.9    284.6
2017  7 15   196   22 26  0     69.50    0.1844E-01     129.3    284.2
2017  7 15   196   22 27  0     69.68    0.1796E-01     129.4    283.6
2017  7 15   196   22 28  0     69.87    0.1747E-01     129.3    282.9
2017  7 15   196   22 29  0     70.06    0.1697E-01     129.2    282.4
2017  7 15   196   22 30  0     70.24    0.1649E-01     128.8    281.7
2017  7 15   196   22 31  0     70.43    0.1604E-01     128.8    281.0
2017  7 15   196   22 32  0     70.61    0.1563E-01     128.9    280.1
2017  7 15   196   22 33  0     70.80    0.1523E-01     129.1    279.4
2017  7 15   196   22 34  0     70.98    0.1485E-01     129.1    278.4
2017  7 15   196   22 35  0     71.17    0.1445E-01     129.2    277.4
2017  7 15   196   22 36  0     71.35    0.1407E-01     129.3    277.0
2017  7 15   196   22 37  0     71.54    0.1369E-01     129.3    276.2
2017  7 15   196   22 38  0     71.72    0.1329E-01     129.0    275.4
2017  7 15   196   22 39  0     71.91    0.1291E-01     128.5    274.4
2017  7 15   196   22 40  0     72.09    0.1252E-01     127.8    272.2
2017  7 15   196   22 41  0     72.28    0.1215E-01     127.4    271.3
2017  7 15   196   22 42  0     72.46    0.1181E-01     127.5    270.1
2017  7 15   196   22 43  0     72.65    0.1152E-01     127.5    268.5
2017  7 15   196   22 44  0     72.83    0.1119E-01     127.3    267.1
2017  7 15   196   22 45  0     73.01    0.1086E-01     126.9    265.8
2017  7 15   196   22 46  0     73.20    0.1057E-01     127.2    264.6
2017  7 15   196   22 47  0     73.38    0.1028E-01     127.3    263.1
2017  7 15   196   22 48  0     73.56    0.9979E-02     127.3    262.0
2017  7 15   196   22 49  0     73.75    0.9673E-02     127.4    261.2
2017  7 15   196   22 50  0     73.93    0.9369E-02     126.7    259.9
2017  7 15   196   22 51  0     74.12    0.9008E-02     122.1    257.2
2017  7 15   196   22 52  0     74.30    0.8679E-02     118.1    254.1
2017  7 15   196   22 53  0     74.48    0.8427E-02     117.9    252.2
2017  7 15   196   22 54  0     74.66    0.8147E-02     117.5    251.0
2017  7 15   196   22 55  0     74.85    0.7896E-02     117.0    249.0
2017  7 15   196   22 56  0     75.03    0.7631E-02     116.5    247.2
2017  7 15   196   22 57  0     75.21    0.7351E-02     115.7    245.8
2017  7 15   196   22 58  0     75.39    0.7079E-02     116.4    245.0
2017  7 15   196   22 59  0     75.58    0.6854E-02     118.7    243.5
2017  7 15   196   23  0  0     75.76    0.6528E-02     117.8    242.1
2017  7 15   196   23  1  0     75.94    0.6222E-02     117.0    240.0
2017  7 15   196   23  2  0     76.12    0.5903E-02     113.4    236.6
2017  7 15   196   23  3  0     76.30    0.5617E-02     109.3    232.6
2017  7 15   196   23  4  0     76.49    0.5357E-02     105.9    228.8
2017  7 15   196   23  5  0     76.67    0.5103E-02     102.9    225.7
2017  7 15   196   23  6  0     76.85    0.4922E-02     103.2    223.3
2017  7 15   196   23  7  0     77.03    0.4769E-02     102.4    220.1
2017  7 15   196   23  8  0     77.21    0.4591E-02     101.2    218.4
2017  7 15   196   23  9  0     77.39    0.4440E-02     100.6    215.5
2017  7 15   196   23 10  0     77.57    0.4305E-02      99.4    211.5
2017  7 15   196   23 11  0     77.75    0.4119E-02      97.5    208.9
2017  7 15   196   23 12  0     77.93    0.3959E-02      95.8    205.4
2017  7 15   196   23 13  0     78.11    0.3824E-02      96.3    202.6
2017  7 15   196   23 14  0     78.29    0.3668E-02      94.7    199.7
2017  7 15   196   23 15  0     78.47    0.3486E-02      90.5    196.1
2017  7 15   196   23 16  0     78.65    0.3314E-02      87.1    190.4
2017  7 15   196   23 17  0     78.83    0.3086E-02      83.0    186.2
2017  7 15   196   23 18  0     79.01    0.2875E-02      78.3    180.5
2017  7 15   196   23 19  0     79.19    0.2686E-02      74.5    174.2
2017  7 15   196   23 20  0     79.37    0.2527E-02      71.4    168.6
2017  7 15   196   23 21  0     79.55    0.2396E-02      69.2    164.3
2017  7 15   196   23 22  0     79.73    0.2316E-02      68.4    160.9
2017  7 15   196   23 23  0     79.91    0.2255E-02      68.9    158.8
2017  7 15   196   23 24  0     80.08    0.2220E-02      70.9    157.1
2017  7 15   196   23 25  0     80.26    0.2226E-02      73.1    154.7
2017  7 15   196   23 26  0     80.44    0.2227E-02      76.8    154.0
2017  7 15   196   23 27  0     80.62    0.2254E-02      80.8    152.6
2017  7 15   196   23 28  0     80.80    0.2258E-02      85.4    152.6
2017  7 15   196   23 29  0     80.97    0.2263E-02      89.7    153.3
2017  7 15   196   23 30  0     81.15    0.2280E-02      93.7    150.9
2017  7 15   196   23 31  0     81.33    0.2272E-02      97.2    149.9
2017  7 15   196   23 32  0     81.51    0.2265E-02     100.0    147.8
2017  7 15   196   23 33  0     81.68    0.2250E-02     102.1    144.8
2017  7 15   196   23 34  0     81.86    0.2198E-02     102.8    142.0
2017  7 15   196   23 35  0     82.04    0.2148E-02     102.6    138.5
2017  7 15   196   23 36  0     82.21    0.2098E-02     101.8    134.5
2017  7 15   196   23 37  0     82.39    0.2066E-02     100.9    130.1
2017  7 15   196   23 38  0     82.56    0.2013E-02     100.1    126.7
2017  7 15   196   23 39  0     82.74    0.1958E-02      99.0    123.5
2017  7 15   196   23 40  0     82.92    0.1901E-02      97.7    120.1
2017  7 15   196   23 41  0     83.09    0.1836E-02      95.9    116.6
2017  7 15   196   23 42  0     83.27    0.1778E-02      93.5    112.6
2017  7 15   196   23 43  0     83.44    0.1724E-02      90.7    108.2
2017  7 15   196   23 44  0     83.62    0.1666E-02      87.5    104.1
2017  7 15   196   23 45  0     83.79    0.1618E-02      84.4    100.0
2017  7 15   196   23 46  0     83.97    0.1576E-02      82.0     96.3
2017  7 15   196   23 47  0     84.14    0.1523E-02      80.4     92.0
2017  7 15   196   23 48  0     84.31    0.1497E-02      79.7     88.8
2017  7 15   196   23 49  0     84.49    0.1509E-02      80.4     85.4
2017  7 15   196   23 50  0     84.66    0.1497E-02      82.4     83.8
2017  7 15   196   23 51  0     84.83    0.1485E-02      84.8     82.5
2017  7 15   196   23 52  0     85.01    0.1473E-02      86.4     80.7
2017  7 15   196   23 53  0     85.18    0.1454E-02      86.6     78.3
2017  7 15   196   23 54  0     85.35    0.1431E-02      86.1     75.3
2017  7 15   196   23 55  0     85.53    0.1403E-02      85.1     72.2
2017  7 15   196   23 56  0     85.70    0.1380E-02      83.8     68.9
2017  7 15   196   23 57  0     85.87    0.1376E-02      83.0     65.6
2017  7 15   196   23 58  0     86.04    0.1355E-02      83.6     63.6
2017  7 15   196   23 59  0     86.21    0.1344E-02      85.2     62.0
