                            NILUUV 115

Uvpro Version 2.0
Latitude :   40.74 (North)
Longitude:  -74.03  (West)
Calibration file: cf100603a.115
Height above sea level:    40.0  m
CLT derived from channel 5
CLT scale factor used:   1.0
Ozone derived from channel pair ch3/ch1
Ozone scale factor used:   1.0
Drift factors ch1-ch6:   0.434  0.412  0.579  0.589  0.404  0.904
Ozone profile climatology: Mid  Latitude
Dose type:    CLW    Caldwell Plant 1971           

yyyy mm dd   jul   hh mm ss      SZA     dose rate       clt     Ozone
                              [degrees]   [W/m^2]        [%]     [DU]
2017 10 22   295   11 21  0     89.88    0.9407E-03      92.6     29.9
2017 10 22   295   11 22  0     89.70    0.9629E-03      93.8     32.0
2017 10 22   295   11 23  0     89.51    0.9772E-03      95.3     34.3
2017 10 22   295   11 24  0     89.33    0.9711E-03      97.1     37.5
2017 10 22   295   11 25  0     89.15    0.1026E-02      99.0     38.4
2017 10 22   295   11 26  0     88.97    0.1024E-02     100.6     41.4
2017 10 22   295   11 27  0     88.78    0.1038E-02     101.5     44.1
2017 10 22   295   11 28  0     88.60    0.1053E-02     102.4     46.8
2017 10 22   295   11 29  0     88.42    0.1068E-02     103.3     49.5
2017 10 22   295   11 30  0     88.24    0.1075E-02     104.2     52.4
2017 10 22   295   11 31  0     88.06    0.1108E-02     105.1     54.2
2017 10 22   295   11 32  0     87.88    0.1140E-02     105.4     56.5
2017 10 22   295   11 33  0     87.70    0.1149E-02     105.6     59.9
2017 10 22   295   11 34  0     87.51    0.1169E-02     105.8     62.7
2017 10 22   295   11 35  0     87.33    0.1185E-02     106.1     65.5
2017 10 22   295   11 36  0     87.15    0.1210E-02     106.5     68.0
2017 10 22   295   11 37  0     86.97    0.1236E-02     107.0     70.5
2017 10 22   295   11 38  0     86.79    0.1260E-02     107.1     73.6
2017 10 22   295   11 39  0     86.61    0.1269E-02     107.3     77.5
2017 10 22   295   11 40  0     86.43    0.1301E-02     107.5     80.3
2017 10 22   295   11 41  0     86.25    0.1310E-02     107.9     83.9
2017 10 22   295   11 42  0     86.07    0.1353E-02     108.4     86.0
2017 10 22   295   11 43  0     85.89    0.1376E-02     108.7     89.3
2017 10 22   295   11 44  0     85.71    0.1408E-02     108.9     92.4
2017 10 22   295   11 45  0     85.53    0.1439E-02     109.2     95.7
2017 10 22   295   11 46  0     85.36    0.1467E-02     109.5     99.4
2017 10 22   295   11 47  0     85.18    0.1514E-02     109.8    101.7
2017 10 22   295   11 48  0     85.00    0.1550E-02     110.3    104.5
2017 10 22   295   11 49  0     84.82    0.1599E-02     110.5    107.2
2017 10 22   295   11 50  0     84.64    0.1652E-02     110.6    109.8
2017 10 22   295   11 51  0     84.46    0.1672E-02     110.9    114.0
2017 10 22   295   11 52  0     84.29    0.1726E-02     111.0    116.8
2017 10 22   295   11 53  0     84.11    0.1750E-02     111.0    121.2
2017 10 22   295   11 54  0     83.93    0.1830E-02     111.2    123.1
2017 10 22   295   11 55  0     83.75    0.1869E-02     111.6    127.5
2017 10 22   295   11 56  0     83.58    0.1966E-02     112.1    128.9
2017 10 22   295   11 57  0     83.40    0.2009E-02     112.4    133.4
2017 10 22   295   11 58  0     83.22    0.2072E-02     112.7    136.8
2017 10 22   295   11 59  0     83.05    0.2135E-02     112.6    140.3
2017 10 22   295   12  0  0     82.87    0.2189E-02     112.7    144.6
2017 10 22   295   12  1  0     82.70    0.2276E-02     113.0    147.2
2017 10 22   295   12  2  0     82.52    0.2353E-02     112.8    150.6
2017 10 22   295   12  3  0     82.34    0.2440E-02     112.2    153.4
2017 10 22   295   12  4  0     82.17    0.2520E-02     112.3    156.6
2017 10 22   295   12  5  0     81.99    0.2599E-02     112.4    160.1
2017 10 22   295   12  6  0     81.82    0.2687E-02     110.7    163.1
2017 10 22   295   12  7  0     81.64    0.2785E-02     109.0    165.5
2017 10 22   295   12  8  0     81.47    0.2885E-02     109.7    168.4
2017 10 22   295   12  9  0     81.30    0.2985E-02     111.6    171.3
2017 10 22   295   12 10  0     81.12    0.3073E-02     112.6    175.1
2017 10 22   295   12 11  0     80.95    0.3188E-02     112.6    177.7
2017 10 22   295   12 12  0     80.77    0.3322E-02     111.5    179.3
2017 10 22   295   12 13  0     80.60    0.3428E-02     111.3    182.3
2017 10 22   295   12 14  0     80.43    0.3557E-02     107.5    184.2
2017 10 22   295   12 15  0     80.26    0.3672E-02     106.4    187.1
2017 10 22   295   12 16  0     80.08    0.3798E-02     106.6    189.8
2017 10 22   295   12 17  0     79.91    0.3943E-02     107.7    192.8
2017 10 22   295   12 18  0     79.74    0.4106E-02     108.7    194.2
2017 10 22   295   12 19  0     79.57    0.4273E-02     112.6    195.9
2017 10 22   295   12 20  0     79.39    0.4386E-02     114.7    199.5
2017 10 22   295   12 21  0     79.22    0.4525E-02     114.5    201.8
2017 10 22   295   12 22  0     79.05    0.4681E-02     114.1    203.6
2017 10 22   295   12 23  0     78.88    0.4854E-02     114.5    205.0
2017 10 22   295   12 24  0     78.71    0.5037E-02     113.9    206.1
2017 10 22   295   12 25  0     78.54    0.5210E-02     111.5    207.5
2017 10 22   295   12 26  0     78.37    0.5379E-02     110.5    209.3
2017 10 22   295   12 27  0     78.20    0.5531E-02     111.8    212.1
2017 10 22   295   12 28  0     78.03    0.5757E-02     112.3    212.4
2017 10 22   295   12 29  0     77.86    0.5952E-02     112.2    214.5
2017 10 22   295   12 30  0     77.69    0.6124E-02     110.8    216.4
2017 10 22   295   12 31  0     77.52    0.6323E-02     110.3    217.8
2017 10 22   295   12 32  0     77.35    0.6508E-02     109.9    219.7
2017 10 22   295   12 33  0     77.19    0.6704E-02     109.3    221.4
2017 10 22   295   12 34  0     77.02    0.6943E-02     108.7    221.9
2017 10 22   295   12 35  0     76.85    0.7163E-02     108.3    223.3
2017 10 22   295   12 36  0     76.68    0.7424E-02     109.2    224.0
2017 10 22   295   12 37  0     76.52    0.7635E-02     109.7    226.1
2017 10 22   295   12 38  0     76.35    0.7891E-02     109.9    227.1
2017 10 22   295   12 39  0     76.18    0.8148E-02     110.5    228.3
2017 10 22   295   12 40  0     76.02    0.8431E-02     110.9    229.1
2017 10 22   295   12 41  0     75.85    0.8698E-02     112.3    230.8
2017 10 22   295   12 42  0     75.68    0.8985E-02     112.7    232.1
2017 10 22   295   12 43  0     75.52    0.9290E-02     114.4    233.5
2017 10 22   295   12 44  0     75.35    0.9589E-02     114.6    234.8
2017 10 22   295   12 45  0     75.19    0.9923E-02     114.9    235.5
2017 10 22   295   12 46  0     75.02    0.1024E-01     115.4    237.0
2017 10 22   295   12 47  0     74.86    0.1055E-01     115.0    238.6
2017 10 22   295   12 48  0     74.70    0.1088E-01     113.8    239.5
2017 10 22   295   12 49  0     74.53    0.1121E-01     112.1    240.3
2017 10 22   295   12 50  0     74.37    0.1156E-01     111.4    240.8
2017 10 22   295   12 51  0     74.21    0.1190E-01     110.4    241.4
2017 10 22   295   12 52  0     74.04    0.1224E-01     111.4    242.5
2017 10 22   295   12 53  0     73.88    0.1261E-01     112.2    243.3
2017 10 22   295   12 54  0     73.72    0.1299E-01     114.6    244.3
2017 10 22   295   12 55  0     73.56    0.1335E-01     116.0    245.0
2017 10 22   295   12 56  0     73.40    0.1373E-01     117.7    245.7
2017 10 22   295   12 57  0     73.24    0.1412E-01     120.3    246.6
2017 10 22   295   12 58  0     73.08    0.1443E-01     119.6    247.2
2017 10 22   295   12 59  0     72.92    0.1483E-01     121.1    247.7
2017 10 22   295   13  0  0     72.76    0.1520E-01     121.8    248.5
2017 10 22   295   13  1  0     72.60    0.1553E-01     120.8    249.0
2017 10 22   295   13  2  0     72.44    0.1590E-01     120.6    249.4
2017 10 22   295   13  3  0     72.28    0.1623E-01     118.0    249.3
2017 10 22   295   13  4  0     72.12    0.1666E-01     120.5    250.3
2017 10 22   295   13  5  0     71.96    0.1701E-01     119.6    252.4
2017 10 22   295   13  6  0     71.81    0.1738E-01     116.9    250.8
2017 10 22   295   13  7  0     71.65    0.1786E-01     119.1    251.5
2017 10 22   295   13  8  0     71.49    0.1828E-01     119.2    252.1
2017 10 22   295   13  9  0     71.33    0.1866E-01     116.7    251.9
2017 10 22   295   13 10  0     71.18    0.1893E-01     111.7    251.7
2017 10 22   295   13 11  0     71.02    0.1918E-01     105.5    251.4
2017 10 22   295   13 12  0     70.87    0.1996E-01     113.2    253.7
2017 10 22   295   13 13  0     70.71    0.2058E-01     115.9    254.3
2017 10 22   295   13 14  0     70.56    0.2085E-01     109.4    252.8
2017 10 22   295   13 15  0     70.40    0.2152E-01     113.5    253.7
2017 10 22   295   13 16  0     70.25    0.2193E-01     110.1    253.5
2017 10 22   295   13 17  0     70.09    0.2248E-01     110.4    253.9
2017 10 22   295   13 18  0     69.94    0.2279E-01     104.5    254.7
2017 10 22   295   13 19  0     69.79    0.2375E-01     112.5    256.0
2017 10 22   295   13 20  0     69.64    0.2469E-01     119.5    257.0
2017 10 22   295   13 21  0     69.48    0.2546E-01     122.6    257.6
2017 10 22   295   13 22  0     69.33    0.2607E-01     122.9    258.0
2017 10 22   295   13 23  0     69.18    0.2662E-01     121.3    257.5
2017 10 22   295   13 24  0     69.03    0.2724E-01     121.6    257.9
2017 10 22   295   13 25  0     68.88    0.2781E-01     120.8    258.4
2017 10 22   295   13 26  0     68.73    0.2841E-01     121.4    258.8
2017 10 22   295   13 27  0     68.58    0.2899E-01     121.0    259.1
2017 10 22   295   13 28  0     68.43    0.2968E-01     121.8    259.3
2017 10 22   295   13 29  0     68.28    0.3029E-01     121.2    259.3
2017 10 22   295   13 30  0     68.13    0.3078E-01     119.6    259.5
2017 10 22   295   13 31  0     67.99    0.3156E-01     121.7    259.9
2017 10 22   295   13 32  0     67.84    0.3228E-01     122.9    260.1
2017 10 22   295   13 33  0     67.69    0.3294E-01     123.3    260.4
2017 10 22   295   13 34  0     67.55    0.3360E-01     123.6    260.7
2017 10 22   295   13 35  0     67.40    0.3421E-01     123.1    260.8
2017 10 22   295   13 36  0     67.25    0.3487E-01     122.8    261.0
2017 10 22   295   13 37  0     67.11    0.3570E-01     124.2    261.2
2017 10 22   295   13 38  0     66.96    0.3638E-01     124.4    261.4
2017 10 22   295   13 39  0     66.82    0.3712E-01     124.9    261.8
2017 10 22   295   13 40  0     66.68    0.3784E-01     124.9    262.1
2017 10 22   295   13 41  0     66.53    0.3858E-01     124.6    262.2
2017 10 22   295   13 42  0     66.39    0.3931E-01     124.3    262.3
2017 10 22   295   13 43  0     66.25    0.4000E-01     123.6    262.4
2017 10 22   295   13 44  0     66.11    0.4090E-01     124.9    262.7
2017 10 22   295   13 45  0     65.97    0.4173E-01     125.9    263.0
2017 10 22   295   13 46  0     65.82    0.4264E-01     127.5    263.4
2017 10 22   295   13 47  0     65.68    0.4337E-01     127.4    263.6
2017 10 22   295   13 48  0     65.54    0.4422E-01     128.4    263.8
2017 10 22   295   13 49  0     65.40    0.4482E-01     127.4    263.9
2017 10 22   295   13 50  0     65.26    0.4559E-01     128.1    264.1
2017 10 22   295   13 51  0     65.13    0.4617E-01     126.9    264.0
2017 10 22   295   13 52  0     64.99    0.4662E-01     124.9    264.0
2017 10 22   295   13 53  0     64.85    0.4704E-01     122.9    264.1
2017 10 22   295   13 54  0     64.71    0.4753E-01     121.5    264.1
2017 10 22   295   13 55  0     64.58    0.4750E-01     116.2    263.6
2017 10 22   295   13 56  0     64.44    0.4768E-01     113.4    263.5
2017 10 22   295   13 57  0     64.31    0.4824E-01     113.2    263.7
2017 10 22   295   13 58  0     64.17    0.4917E-01     115.5    264.1
2017 10 22   295   13 59  0     64.04    0.5066E-01     121.2    264.8
2017 10 22   295   14  0  0     63.90    0.5104E-01     119.8    264.9
2017 10 22   295   14  1  0     63.77    0.5110E-01     116.5    264.7
2017 10 22   295   14  2  0     63.64    0.5166E-01     116.3    264.9
2017 10 22   295   14  3  0     63.51    0.5259E-01     118.0    265.3
2017 10 22   295   14  4  0     63.38    0.5315E-01     116.9    265.2
2017 10 22   295   14  5  0     63.24    0.5430E-01     119.4    265.5
2017 10 22   295   14  6  0     63.11    0.5539E-01     121.3    265.7
2017 10 22   295   14  7  0     62.98    0.5621E-01     121.6    265.8
2017 10 22   295   14  8  0     62.86    0.5714E-01     122.2    265.9
2017 10 22   295   14  9  0     62.73    0.5794E-01     121.6    265.9
2017 10 22   295   14 10  0     62.60    0.5860E-01     120.2    265.8
2017 10 22   295   14 11  0     62.47    0.5944E-01     119.3    265.6
2017 10 22   295   14 12  0     62.34    0.6073E-01     121.1    265.9
2017 10 22   295   14 13  0     62.22    0.6187E-01     121.9    266.1
2017 10 22   295   14 14  0     62.09    0.6279E-01     121.7    266.0
2017 10 22   295   14 15  0     61.96    0.6357E-01     121.0    265.9
2017 10 22   295   14 16  0     61.84    0.6440E-01     120.3    265.9
2017 10 22   295   14 17  0     61.72    0.6537E-01     120.4    265.9
2017 10 22   295   14 18  0     61.59    0.6637E-01     120.7    266.0
2017 10 22   295   14 19  0     61.47    0.6731E-01     120.9    266.2
2017 10 22   295   14 20  0     61.35    0.6835E-01     121.3    266.3
2017 10 22   295   14 21  0     61.23    0.6940E-01     121.5    266.2
2017 10 22   295   14 22  0     61.10    0.7029E-01     121.4    266.3
2017 10 22   295   14 23  0     60.98    0.7113E-01     121.2    266.4
2017 10 22   295   14 24  0     60.86    0.7195E-01     120.7    266.4
2017 10 22   295   14 25  0     60.74    0.7275E-01     120.4    266.4
2017 10 22   295   14 26  0     60.63    0.7360E-01     120.3    266.5
2017 10 22   295   14 27  0     60.51    0.7447E-01     120.3    266.5
2017 10 22   295   14 28  0     60.39    0.7524E-01     120.2    266.7
2017 10 22   295   14 29  0     60.27    0.7609E-01     120.2    266.7
2017 10 22   295   14 30  0     60.16    0.7689E-01     120.1    266.7
2017 10 22   295   14 31  0     60.04    0.7761E-01     119.8    266.7
2017 10 22   295   14 32  0     59.93    0.7840E-01     119.7    266.7
2017 10 22   295   14 33  0     59.81    0.7889E-01     118.8    266.7
2017 10 22   295   14 34  0     59.70    0.7904E-01     116.4    266.6
2017 10 22   295   14 35  0     59.59    0.7839E-01     111.7    266.2
2017 10 22   295   14 36  0     59.48    0.7923E-01     111.7    266.4
2017 10 22   295   14 37  0     59.36    0.8194E-01     118.0    267.1
2017 10 22   295   14 38  0     59.25    0.8279E-01     118.0    267.1
2017 10 22   295   14 39  0     59.14    0.8310E-01     116.0    266.9
2017 10 22   295   14 40  0     59.03    0.8464E-01     117.8    267.2
2017 10 22   295   14 41  0     58.93    0.8554E-01     117.6    267.2
2017 10 22   295   14 42  0     58.82    0.8647E-01     117.6    267.2
2017 10 22   295   14 43  0     58.71    0.8738E-01     117.6    267.3
2017 10 22   295   14 44  0     58.60    0.8827E-01     117.6    267.3
2017 10 22   295   14 45  0     58.50    0.8905E-01     117.3    267.4
2017 10 22   295   14 46  0     58.39    0.8995E-01     117.4    267.5
2017 10 22   295   14 47  0     58.29    0.9097E-01     118.0    267.6
2017 10 22   295   14 48  0     58.19    0.9197E-01     118.4    267.8
2017 10 22   295   14 49  0     58.08    0.9308E-01     118.9    267.8
2017 10 22   295   14 50  0     57.98    0.9415E-01     119.4    267.9
2017 10 22   295   14 51  0     57.88    0.9497E-01     119.2    267.9
2017 10 22   295   14 52  0     57.78    0.9596E-01     119.3    268.0
2017 10 22   295   14 53  0     57.68    0.9704E-01     119.7    268.0
2017 10 22   295   14 54  0     57.58    0.9822E-01     120.2    268.0
2017 10 22   295   14 55  0     57.48    0.9924E-01     120.5    268.2
2017 10 22   295   14 56  0     57.38    0.1003E+00     120.9    268.2
2017 10 22   295   14 57  0     57.29    0.1015E+00     121.4    268.4
2017 10 22   295   14 58  0     57.19    0.1025E+00     121.8    268.4
2017 10 22   295   14 59  0     57.09    0.1036E+00     122.2    268.5
2017 10 22   295   15  0  0     57.00    0.1046E+00     122.4    268.5
2017 10 22   295   15  1  0     56.91    0.1054E+00     122.5    268.6
2017 10 22   295   15  2  0     56.81    0.1061E+00     122.3    268.7
2017 10 22   295   15  3  0     56.72    0.1068E+00     122.5    268.9
2017 10 22   295   15  4  0     56.63    0.1078E+00     123.2    269.0
2017 10 22   295   15  5  0     56.54    0.1083E+00     122.9    269.2
2017 10 22   295   15  6  0     56.45    0.1087E+00     122.2    269.2
2017 10 22   295   15  7  0     56.36    0.1090E+00     121.5    269.2
2017 10 22   295   15  8  0     56.27    0.1102E+00     122.7    269.4
2017 10 22   295   15  9  0     56.18    0.1104E+00     121.6    269.2
2017 10 22   295   15 10  0     56.10    0.1094E+00     117.6    268.9
2017 10 22   295   15 11  0     56.01    0.1096E+00     116.6    268.9
2017 10 22   295   15 12  0     55.92    0.1110E+00     118.2    269.1
2017 10 22   295   15 13  0     55.84    0.1123E+00     119.4    269.2
2017 10 22   295   15 14  0     55.76    0.1092E+00     111.0    268.3
2017 10 22   295   15 15  0     55.68    0.1103E+00     111.6    268.4
2017 10 22   295   15 16  0     55.59    0.1114E+00     112.3    268.5
2017 10 22   295   15 17  0     55.51    0.1149E+00     117.5    269.0
2017 10 22   295   15 18  0     55.43    0.1179E+00     121.1    269.1
2017 10 22   295   15 19  0     55.35    0.1168E+00     116.5    268.7
2017 10 22   295   15 20  0     55.27    0.1190E+00     119.7    269.1
2017 10 22   295   15 21  0     55.20    0.1210E+00     121.9    269.2
2017 10 22   295   15 22  0     55.12    0.1212E+00     120.1    269.0
2017 10 22   295   15 23  0     55.04    0.1226E+00     121.4    269.1
2017 10 22   295   15 24  0     54.97    0.1240E+00     122.2    269.1
2017 10 22   295   15 25  0     54.89    0.1255E+00     123.6    269.3
2017 10 22   295   15 26  0     54.82    0.1265E+00     123.9    269.3
2017 10 22   295   15 27  0     54.75    0.1270E+00     123.4    269.3
2017 10 22   295   15 28  0     54.68    0.1277E+00     123.3    269.3
2017 10 22   295   15 29  0     54.61    0.1284E+00     123.3    269.4
2017 10 22   295   15 30  0     54.54    0.1291E+00     123.3    269.5
2017 10 22   295   15 31  0     54.47    0.1300E+00     123.4    269.5
2017 10 22   295   15 32  0     54.40    0.1307E+00     123.2    269.4
2017 10 22   295   15 33  0     54.33    0.1314E+00     123.3    269.4
2017 10 22   295   15 34  0     54.27    0.1320E+00     123.2    269.4
2017 10 22   295   15 35  0     54.20    0.1325E+00     123.0    269.4
2017 10 22   295   15 36  0     54.14    0.1330E+00     122.8    269.4
2017 10 22   295   15 37  0     54.07    0.1335E+00     122.4    269.3
2017 10 22   295   15 38  0     54.01    0.1339E+00     122.2    269.3
2017 10 22   295   15 39  0     53.95    0.1342E+00     122.0    269.5
2017 10 22   295   15 40  0     53.89    0.1346E+00     121.4    269.4
2017 10 22   295   15 41  0     53.83    0.1350E+00     121.1    269.4
2017 10 22   295   15 42  0     53.77    0.1354E+00     120.9    269.4
2017 10 22   295   15 43  0     53.71    0.1353E+00     119.7    269.3
2017 10 22   295   15 44  0     53.66    0.1364E+00     120.6    269.4
2017 10 22   295   15 45  0     53.60    0.1369E+00     120.4    269.4
2017 10 22   295   15 46  0     53.54    0.1367E+00     119.5    269.3
2017 10 22   295   15 47  0     53.49    0.1377E+00     119.6    269.3
2017 10 22   295   15 48  0     53.44    0.1388E+00     120.2    269.3
2017 10 22   295   15 49  0     53.38    0.1402E+00     121.3    269.4
2017 10 22   295   15 50  0     53.33    0.1415E+00     122.5    269.5
2017 10 22   295   15 51  0     53.28    0.1427E+00     123.4    269.6
2017 10 22   295   15 52  0     53.23    0.1433E+00     123.4    269.7
2017 10 22   295   15 53  0     53.18    0.1443E+00     124.2    269.8
2017 10 22   295   15 54  0     53.14    0.1451E+00     124.7    269.9
2017 10 22   295   15 55  0     53.09    0.1456E+00     124.7    269.9
2017 10 22   295   15 56  0     53.05    0.1459E+00     124.2    269.9
2017 10 22   295   15 57  0     53.00    0.1455E+00     123.3    269.9
2017 10 22   295   15 58  0     52.96    0.1449E+00     121.2    269.7
2017 10 22   295   15 59  0     52.91    0.1449E+00     120.8    269.6
2017 10 22   295   16  0  0     52.87    0.1450E+00     120.1    269.6
2017 10 22   295   16  1  0     52.83    0.1467E+00     122.2    269.8
2017 10 22   295   16  2  0     52.79    0.1468E+00     121.8    269.8
2017 10 22   295   16  3  0     52.75    0.1476E+00     122.5    269.9
2017 10 22   295   16  4  0     52.71    0.1474E+00     122.1    269.9
2017 10 22   295   16  5  0     52.68    0.1481E+00     122.4    270.0
2017 10 22   295   16  6  0     52.64    0.1456E+00     119.8    270.4
2017 10 22   295   16  7  0     52.61    0.1413E+00     117.6    272.2
2017 10 22   295   16  8  0     52.57    0.1496E+00     122.5    269.8
2017 10 22   295   16  9  0     52.54    0.1502E+00     122.8    270.0
2017 10 22   295   16 10  0     52.51    0.1504E+00     122.5    270.0
2017 10 22   295   16 11  0     52.48    0.1503E+00     122.1    269.9
2017 10 22   295   16 12  0     52.45    0.1507E+00     121.9    269.8
2017 10 22   295   16 13  0     52.42    0.1512E+00     122.4    269.8
2017 10 22   295   16 14  0     52.39    0.1516E+00     122.2    269.8
2017 10 22   295   16 15  0     52.36    0.1518E+00     122.1    269.8
2017 10 22   295   16 16  0     52.34    0.1516E+00     121.3    269.7
2017 10 22   295   16 17  0     52.32    0.1524E+00     122.0    269.7
2017 10 22   295   16 18  0     52.29    0.1528E+00     122.3    269.8
2017 10 22   295   16 19  0     52.27    0.1535E+00     123.0    269.9
2017 10 22   295   16 20  0     52.25    0.1539E+00     123.1    269.9
2017 10 22   295   16 21  0     52.22    0.1546E+00     123.7    269.9
2017 10 22   295   16 22  0     52.21    0.1547E+00     123.4    269.8
2017 10 22   295   16 23  0     52.19    0.1549E+00     123.5    269.8
2017 10 22   295   16 24  0     52.17    0.1548E+00     122.8    269.8
2017 10 22   295   16 25  0     52.15    0.1558E+00     124.2    269.9
2017 10 22   295   16 26  0     52.14    0.1563E+00     124.6    269.9
2017 10 22   295   16 27  0     52.12    0.1562E+00     124.2    269.9
2017 10 22   295   16 28  0     52.11    0.1566E+00     124.5    269.9
2017 10 22   295   16 29  0     52.10    0.1569E+00     124.8    270.0
2017 10 22   295   16 30  0     52.08    0.1566E+00     124.3    270.1
2017 10 22   295   16 31  0     52.07    0.1569E+00     124.4    269.9
2017 10 22   295   16 32  0     52.06    0.1572E+00     124.6    269.9
2017 10 22   295   16 33  0     52.06    0.1581E+00     125.7    270.0
2017 10 22   295   16 34  0     52.05    0.1582E+00     125.8    270.0
2017 10 22   295   16 35  0     52.04    0.1582E+00     125.9    270.1
2017 10 22   295   16 36  0     52.04    0.1576E+00     125.2    270.0
2017 10 22   295   16 37  0     52.03    0.1576E+00     125.1    269.9
2017 10 22   295   16 38  0     52.03    0.1577E+00     125.1    270.0
2017 10 22   295   16 39  0     52.03    0.1570E+00     124.1    269.9
2017 10 22   295   16 40  0     52.03    0.1569E+00     124.3    270.1
2017 10 22   295   16 41  0     52.03    0.1555E+00     122.2    269.9
2017 10 22   295   16 42  0     52.03    0.1554E+00     121.8    269.8
2017 10 22   295   16 43  0     52.03    0.1548E+00     120.7    269.6
2017 10 22   295   16 44  0     52.03    0.1517E+00     117.5    268.2
2017 10 22   295   16 45  0     52.03    0.1498E+00     116.8    267.3
2017 10 22   295   16 46  0     52.04    0.1567E+00     123.1    269.7
2017 10 22   295   16 47  0     52.05    0.1572E+00     123.7    269.6
2017 10 22   295   16 48  0     52.05    0.1578E+00     124.5    269.6
2017 10 22   295   16 49  0     52.06    0.1588E+00     125.9    269.6
2017 10 22   295   16 50  0     52.07    0.1596E+00     127.1    269.8
2017 10 22   295   16 51  0     52.08    0.1589E+00     126.2    269.6
2017 10 22   295   16 52  0     52.09    0.1581E+00     125.5    269.6
2017 10 22   295   16 53  0     52.10    0.1582E+00     126.0    269.7
2017 10 22   295   16 54  0     52.11    0.1579E+00     125.5    269.6
2017 10 22   295   16 55  0     52.13    0.1578E+00     125.4    269.5
2017 10 22   295   16 56  0     52.14    0.1574E+00     125.2    269.6
2017 10 22   295   16 57  0     52.16    0.1575E+00     125.8    269.6
2017 10 22   295   16 58  0     52.18    0.1568E+00     124.9    269.5
2017 10 22   295   16 59  0     52.19    0.1569E+00     125.4    269.6
2017 10 22   295   17  0  0     52.21    0.1566E+00     125.5    269.6
2017 10 22   295   17  1  0     52.23    0.1559E+00     124.8    269.6
2017 10 22   295   17  2  0     52.26    0.1555E+00     124.4    269.4
2017 10 22   295   17  3  0     52.28    0.1563E+00     126.1    269.6
2017 10 22   295   17  4  0     52.30    0.1562E+00     126.4    269.6
2017 10 22   295   17  5  0     52.32    0.1513E+00     119.4    269.1
2017 10 22   295   17  6  0     52.35    0.1524E+00     122.1    269.5
2017 10 22   295   17  7  0     52.38    0.1555E+00     126.5    269.6
2017 10 22   295   17  8  0     52.40    0.1555E+00     126.9    269.7
2017 10 22   295   17  9  0     52.43    0.1556E+00     127.3    269.7
2017 10 22   295   17 10  0     52.46    0.1553E+00     127.2    269.5
2017 10 22   295   17 11  0     52.49    0.1549E+00     127.0    269.5
2017 10 22   295   17 12  0     52.52    0.1548E+00     127.3    269.4
2017 10 22   295   17 13  0     52.56    0.1545E+00     127.3    269.5
2017 10 22   295   17 14  0     52.59    0.1538E+00     126.8    269.4
2017 10 22   295   17 15  0     52.62    0.1536E+00     127.2    269.5
2017 10 22   295   17 16  0     52.66    0.1531E+00     127.1    269.4
2017 10 22   295   17 17  0     52.70    0.1525E+00     126.7    269.3
2017 10 22   295   17 18  0     52.73    0.1495E+00     122.7    269.0
2017 10 22   295   17 19  0     52.77    0.1482E+00     121.7    269.0
2017 10 22   295   17 20  0     52.81    0.1491E+00     123.6    269.0
2017 10 22   295   17 21  0     52.85    0.1505E+00     126.5    269.2
2017 10 22   295   17 22  0     52.89    0.1500E+00     126.2    269.1
2017 10 22   295   17 23  0     52.93    0.1497E+00     126.4    269.1
2017 10 22   295   17 24  0     52.98    0.1493E+00     126.6    269.1
2017 10 22   295   17 25  0     53.02    0.1480E+00     125.2    268.8
2017 10 22   295   17 26  0     53.07    0.1477E+00     125.6    268.9
2017 10 22   295   17 27  0     53.11    0.1473E+00     126.0    268.9
2017 10 22   295   17 28  0     53.16    0.1470E+00     126.4    268.9
2017 10 22   295   17 29  0     53.21    0.1457E+00     125.2    268.8
2017 10 22   295   17 30  0     53.26    0.1447E+00     124.6    268.6
2017 10 22   295   17 31  0     53.31    0.1440E+00     124.2    268.6
2017 10 22   295   17 32  0     53.36    0.1434E+00     124.3    268.5
2017 10 22   295   17 33  0     53.41    0.1422E+00     123.0    268.3
2017 10 22   295   17 34  0     53.46    0.1410E+00     121.8    268.3
2017 10 22   295   17 35  0     53.52    0.1427E+00     125.7    268.6
2017 10 22   295   17 36  0     53.57    0.1433E+00     127.3    268.5
2017 10 22   295   17 37  0     53.63    0.1416E+00     125.2    268.2
2017 10 22   295   17 38  0     53.68    0.1396E+00     122.7    268.0
2017 10 22   295   17 39  0     53.74    0.1392E+00     123.7    268.1
2017 10 22   295   17 40  0     53.80    0.1405E+00     127.2    268.3
2017 10 22   295   17 41  0     53.86    0.1390E+00     125.9    268.1
2017 10 22   295   17 42  0     53.92    0.1384E+00     126.1    268.2
2017 10 22   295   17 43  0     53.98    0.1361E+00     123.3    267.9
2017 10 22   295   17 44  0     54.04    0.1344E+00     121.4    267.7
2017 10 22   295   17 45  0     54.10    0.1339E+00     121.3    267.6
2017 10 22   295   17 46  0     54.17    0.1341E+00     123.0    267.7
2017 10 22   295   17 47  0     54.23    0.1332E+00     122.3    267.6
2017 10 22   295   17 48  0     54.30    0.1305E+00     118.4    267.2
2017 10 22   295   17 49  0     54.36    0.1317E+00     122.3    267.6
2017 10 22   295   17 50  0     54.43    0.1348E+00     129.2    268.1
2017 10 22   295   17 51  0     54.50    0.1330E+00     126.6    267.7
2017 10 22   295   17 52  0     54.57    0.1309E+00     123.9    267.4
2017 10 22   295   17 53  0     54.64    0.1304E+00     124.6    267.5
2017 10 22   295   17 54  0     54.71    0.1254E+00     116.6    266.8
2017 10 22   295   17 55  0     54.78    0.1249E+00     117.9    267.0
2017 10 22   295   17 56  0     54.86    0.1225E+00     114.8    266.7
2017 10 22   295   17 57  0     54.93    0.1211E+00     113.9    266.6
2017 10 22   295   17 58  0     55.00    0.1215E+00     116.2    266.8
2017 10 22   295   17 59  0     55.08    0.1211E+00     116.5    266.8
2017 10 22   295   18  0  0     55.16    0.1216E+00     118.2    266.7
2017 10 22   295   18  1  0     55.23    0.1217E+00     119.2    266.7
2017 10 22   295   18  2  0     55.31    0.1220E+00     121.0    266.9
2017 10 22   295   18  3  0     55.39    0.1226E+00     123.3    267.0
2017 10 22   295   18  4  0     55.47    0.1257E+00     131.0    267.6
2017 10 22   295   18  5  0     55.55    0.1269E+00     134.6    267.7
2017 10 22   295   18  6  0     55.63    0.1258E+00     133.6    267.6
2017 10 22   295   18  7  0     55.71    0.1247E+00     132.9    267.4
2017 10 22   295   18  8  0     55.80    0.1234E+00     132.1    267.3
2017 10 22   295   18  9  0     55.88    0.1220E+00     130.9    267.1
2017 10 22   295   18 10  0     55.97    0.1197E+00     127.4    266.7
2017 10 22   295   18 11  0     56.05    0.1175E+00     125.0    266.5
2017 10 22   295   18 12  0     56.14    0.1183E+00     128.6    266.7
2017 10 22   295   18 13  0     56.22    0.1168E+00     127.3    266.7
2017 10 22   295   18 14  0     56.31    0.1164E+00     128.2    266.7
2017 10 22   295   18 15  0     56.40    0.1154E+00     127.7    266.5
2017 10 22   295   18 16  0     56.49    0.1144E+00     127.2    266.4
2017 10 22   295   18 17  0     56.58    0.1132E+00     126.7    266.3
2017 10 22   295   18 18  0     56.67    0.1121E+00     126.4    266.3
2017 10 22   295   18 19  0     56.77    0.1111E+00     126.0    266.2
2017 10 22   295   18 20  0     56.86    0.1101E+00     126.0    266.2
2017 10 22   295   18 21  0     56.95    0.1092E+00     126.1    266.2
2017 10 22   295   18 22  0     57.05    0.1085E+00     126.8    266.3
2017 10 22   295   18 23  0     57.14    0.1077E+00     127.0    266.3
2017 10 22   295   18 24  0     57.24    0.1069E+00     127.4    266.2
2017 10 22   295   18 25  0     57.33    0.1046E+00     123.6    265.7
2017 10 22   295   18 26  0     57.43    0.9591E-01     104.4    264.0
2017 10 22   295   18 27  0     57.53    0.9764E-01     112.0    264.9
2017 10 22   295   18 28  0     57.63    0.1004E+00     121.3    265.7
2017 10 22   295   18 29  0     57.73    0.1010E+00     124.8    265.9
2017 10 22   295   18 30  0     57.83    0.1016E+00     128.9    266.3
2017 10 22   295   18 31  0     57.93    0.1010E+00     129.3    266.2
2017 10 22   295   18 32  0     58.03    0.9997E-01     128.8    266.0
2017 10 22   295   18 33  0     58.13    0.9883E-01     128.1    265.9
2017 10 22   295   18 34  0     58.24    0.9656E-01     124.3    265.6
2017 10 22   295   18 35  0     58.34    0.9614E-01     126.1    265.7
2017 10 22   295   18 36  0     58.44    0.9559E-01     127.1    265.8
2017 10 22   295   18 37  0     58.55    0.9453E-01     127.1    265.7
2017 10 22   295   18 38  0     58.66    0.9348E-01     127.3    265.7
2017 10 22   295   18 39  0     58.76    0.9206E-01     126.8    265.7
2017 10 22   295   18 40  0     58.87    0.9027E-01     125.0    265.6
2017 10 22   295   18 41  0     58.98    0.8981E-01     125.8    265.5
2017 10 22   295   18 42  0     59.09    0.8822E-01     122.9    265.2
2017 10 22   295   18 43  0     59.20    0.8904E-01     127.3    265.4
2017 10 22   295   18 44  0     59.31    0.8879E-01     128.7    265.4
2017 10 22   295   18 45  0     59.42    0.8796E-01     128.2    265.2
2017 10 22   295   18 46  0     59.53    0.8837E-01     132.1    265.5
2017 10 22   295   18 47  0     59.64    0.8843E-01     134.8    265.5
2017 10 22   295   18 48  0     59.75    0.8785E-01     135.5    265.4
2017 10 22   295   18 49  0     59.87    0.8671E-01     134.7    265.2
2017 10 22   295   18 50  0     59.98    0.8698E-01     138.7    265.4
2017 10 22   295   18 51  0     60.10    0.8613E-01     138.6    265.2
2017 10 22   295   18 52  0     60.21    0.8469E-01     136.5    265.0
2017 10 22   295   18 53  0     60.33    0.8198E-01     129.6    264.3
2017 10 22   295   18 54  0     60.45    0.8183E-01     132.7    264.6
2017 10 22   295   18 55  0     60.57    0.8240E-01     139.2    265.2
2017 10 22   295   18 56  0     60.68    0.8330E-01     146.4    265.5
2017 10 22   295   18 57  0     60.80    0.8195E-01     145.0    265.3
2017 10 22   295   18 58  0     60.92    0.8070E-01     143.8    265.1
2017 10 22   295   18 59  0     61.04    0.8016E-01     145.7    265.2
2017 10 22   295   19  0  0     61.16    0.8002E-01     148.3    265.3
2017 10 22   295   19  1  0     61.28    0.7926E-01     148.6    265.2
2017 10 22   295   19  2  0     61.41    0.7839E-01     148.6    265.0
2017 10 22   295   19  3  0     61.53    0.7743E-01     148.7    265.0
2017 10 22   295   19  4  0     61.65    0.7656E-01     149.0    264.9
2017 10 22   295   19  5  0     61.78    0.7559E-01     149.0    264.8
2017 10 22   295   19  6  0     61.90    0.7462E-01     148.9    264.6
2017 10 22   295   19  7  0     62.03    0.7363E-01     149.0    264.5
2017 10 22   295   19  8  0     62.15    0.7257E-01     148.5    264.5
2017 10 22   295   19  9  0     62.28    0.7128E-01     146.3    264.1
2017 10 22   295   19 10  0     62.40    0.6910E-01     140.7    263.6
2017 10 22   295   19 11  0     62.53    0.6938E-01     146.6    264.0
2017 10 22   295   19 12  0     62.66    0.6643E-01     135.7    262.9
2017 10 22   295   19 13  0     62.79    0.6582E-01     137.9    263.0
2017 10 22   295   19 14  0     62.92    0.6369E-01     131.5    262.2
2017 10 22   295   19 15  0     63.05    0.6091E-01     121.9    261.3
2017 10 22   295   19 16  0     63.18    0.5814E-01     112.8    260.3
2017 10 22   295   19 17  0     63.31    0.5503E-01     102.3    259.2
2017 10 22   295   19 18  0     63.44    0.5260E-01      95.6    258.4
2017 10 22   295   19 19  0     63.57    0.5068E-01      92.1    258.0
2017 10 22   295   19 20  0     63.70    0.4959E-01      92.8    258.0
2017 10 22   295   19 21  0     63.84    0.4596E-01      77.0    255.8
2017 10 22   295   19 22  0     63.97    0.4358E-01      69.9    254.9
2017 10 22   295   19 23  0     64.11    0.4242E-01      68.8    253.6
2017 10 22   295   19 24  0     64.24    0.4157E-01      68.9    253.7
2017 10 22   295   19 25  0     64.38    0.4082E-01      68.9    253.7
2017 10 22   295   19 26  0     64.51    0.4036E-01      70.1    253.6
2017 10 22   295   19 27  0     64.65    0.4002E-01      72.3    253.9
2017 10 22   295   19 28  0     64.78    0.4031E-01      78.6    255.8
2017 10 22   295   19 29  0     64.92    0.4089E-01      86.4    256.7
2017 10 22   295   19 30  0     65.06    0.4172E-01      96.8    257.5
2017 10 22   295   19 31  0     65.20    0.4290E-01     108.5    259.3
2017 10 22   295   19 32  0     65.34    0.4428E-01     122.0    260.5
2017 10 22   295   19 33  0     65.47    0.4473E-01     129.0    261.0
2017 10 22   295   19 34  0     65.61    0.4525E-01     136.8    261.5
2017 10 22   295   19 35  0     65.75    0.4465E-01     137.1    261.3
2017 10 22   295   19 36  0     65.90    0.4215E-01     120.0    259.3
2017 10 22   295   19 37  0     66.04    0.3890E-01      97.4    256.1
2017 10 22   295   19 38  0     66.18    0.3982E-01     114.6    258.7
2017 10 22   295   19 39  0     66.32    0.4071E-01     125.9    259.5
2017 10 22   295   19 40  0     66.46    0.3877E-01     113.5    258.0
2017 10 22   295   19 41  0     66.61    0.3956E-01     127.4    259.2
2017 10 22   295   19 42  0     66.75    0.3945E-01     134.2    259.8
2017 10 22   295   19 43  0     66.89    0.3927E-01     138.6    259.9
2017 10 22   295   19 44  0     67.04    0.3839E-01     136.5    259.3
2017 10 22   295   19 45  0     67.18    0.3759E-01     135.6    259.2
2017 10 22   295   19 46  0     67.33    0.3686E-01     135.7    258.9
2017 10 22   295   19 47  0     67.47    0.3616E-01     136.2    258.8
2017 10 22   295   19 48  0     67.62    0.3516E-01     133.3    258.5
2017 10 22   295   19 49  0     67.77    0.3395E-01     126.6    257.5
2017 10 22   295   19 50  0     67.91    0.3205E-01     111.1    255.6
2017 10 22   295   19 51  0     68.06    0.3213E-01     122.2    255.9
2017 10 22   295   19 52  0     68.21    0.3209E-01     129.7    256.4
2017 10 22   295   19 53  0     68.36    0.3105E-01     124.3    255.5
2017 10 22   295   19 54  0     68.51    0.3009E-01     120.7    254.7
2017 10 22   295   19 55  0     68.66    0.2907E-01     114.9    253.5
2017 10 22   295   19 56  0     68.81    0.2756E-01     102.0    251.6
2017 10 22   295   19 57  0     68.96    0.2699E-01     102.8    252.6
2017 10 22   295   19 58  0     69.11    0.2697E-01     112.0    252.2
2017 10 22   295   19 59  0     69.26    0.2665E-01     115.7    252.4
2017 10 22   295   20  0  0     69.41    0.2606E-01     115.8    252.1
2017 10 22   295   20  1  0     69.56    0.2574E-01     121.9    252.5
2017 10 22   295   20  2  0     69.71    0.2506E-01     120.3    252.0
2017 10 22   295   20  3  0     69.87    0.2439E-01     118.5    251.1
2017 10 22   295   20  4  0     70.02    0.2330E-01     107.5    249.4
2017 10 22   295   20  5  0     70.17    0.2272E-01     107.4    249.2
2017 10 22   295   20  6  0     70.33    0.2259E-01     115.6    249.6
2017 10 22   295   20  7  0     70.48    0.2200E-01     114.7    249.2
2017 10 22   295   20  8  0     70.64    0.2163E-01     118.3    249.2
2017 10 22   295   20  9  0     70.79    0.2070E-01     107.2    247.3
2017 10 22   295   20 10  0     70.95    0.2000E-01     101.7    246.1
2017 10 22   295   20 11  0     71.10    0.1935E-01      96.4    245.1
2017 10 22   295   20 12  0     71.26    0.1868E-01      89.5    243.7
2017 10 22   295   20 13  0     71.41    0.1847E-01      96.9    244.5
2017 10 22   295   20 14  0     71.57    0.1893E-01     124.0    247.9
2017 10 22   295   20 15  0     71.73    0.1866E-01     127.3    247.7
2017 10 22   295   20 16  0     71.89    0.1819E-01     125.1    246.8
2017 10 22   295   20 17  0     72.04    0.1767E-01     121.2    245.8
2017 10 22   295   20 18  0     72.20    0.1716E-01     117.0    244.8
2017 10 22   295   20 19  0     72.36    0.1697E-01     125.0    245.4
2017 10 22   295   20 20  0     72.52    0.1661E-01     124.8    244.5
2017 10 22   295   20 21  0     72.68    0.1617E-01     122.8    243.8
2017 10 22   295   20 22  0     72.84    0.1571E-01     120.0    242.8
2017 10 22   295   20 23  0     73.00    0.1535E-01     120.2    241.9
2017 10 22   295   20 24  0     73.16    0.1491E-01     118.4    241.4
2017 10 22   295   20 25  0     73.32    0.1459E-01     121.3    241.2
2017 10 22   295   20 26  0     73.48    0.1426E-01     123.2    240.7
2017 10 22   295   20 27  0     73.64    0.1384E-01     118.9    239.5
2017 10 22   295   20 28  0     73.81    0.1355E-01     124.0    239.5
2017 10 22   295   20 29  0     73.97    0.1327E-01     127.0    239.0
2017 10 22   295   20 30  0     74.13    0.1295E-01     127.2    238.2
2017 10 22   295   20 31  0     74.29    0.1263E-01     127.9    237.9
2017 10 22   295   20 32  0     74.46    0.1231E-01     128.3    237.1
2017 10 22   295   20 33  0     74.62    0.1198E-01     128.1    236.4
2017 10 22   295   20 34  0     74.78    0.1165E-01     127.2    235.7
2017 10 22   295   20 35  0     74.95    0.1136E-01     126.2    234.6
2017 10 22   295   20 36  0     75.11    0.1108E-01     128.4    233.4
2017 10 22   295   20 37  0     75.28    0.1081E-01     129.7    232.8
2017 10 22   295   20 38  0     75.44    0.1053E-01     130.3    232.0
2017 10 22   295   20 39  0     75.61    0.1025E-01     130.7    231.1
2017 10 22   295   20 40  0     75.77    0.9973E-02     130.7    230.1
2017 10 22   295   20 41  0     75.94    0.9704E-02     129.6    228.6
2017 10 22   295   20 42  0     76.10    0.9444E-02     130.1    227.4
2017 10 22   295   20 43  0     76.27    0.9148E-02     127.3    226.5
2017 10 22   295   20 44  0     76.44    0.8871E-02     126.2    225.4
2017 10 22   295   20 45  0     76.60    0.8630E-02     129.5    224.6
2017 10 22   295   20 46  0     76.77    0.8393E-02     130.7    223.3
2017 10 22   295   20 47  0     76.94    0.8138E-02     131.1    222.3
2017 10 22   295   20 48  0     77.11    0.7908E-02     129.7    220.5
2017 10 22   295   20 49  0     77.27    0.7696E-02     128.8    218.4
2017 10 22   295   20 50  0     77.44    0.7457E-02     129.2    217.5
2017 10 22   295   20 51  0     77.61    0.7223E-02     123.9    215.3
2017 10 22   295   20 52  0     77.78    0.6982E-02     123.9    214.2
2017 10 22   295   20 53  0     77.95    0.6746E-02     126.1    213.6
2017 10 22   295   20 54  0     78.12    0.6537E-02     127.4    211.4
2017 10 22   295   20 55  0     78.29    0.6322E-02     127.6    209.8
2017 10 22   295   20 56  0     78.46    0.6128E-02     126.8    207.5
2017 10 22   295   20 57  0     78.63    0.5934E-02     124.0    205.1
2017 10 22   295   20 58  0     78.80    0.5735E-02     123.0    203.1
2017 10 22   295   20 59  0     78.97    0.5543E-02     121.5    200.9
2017 10 22   295   21  0  0     79.14    0.5339E-02     119.5    199.2
2017 10 22   295   21  1  0     79.31    0.5138E-02     117.4    197.4
2017 10 22   295   21  2  0     79.48    0.4979E-02     117.4    194.1
2017 10 22   295   21  3  0     79.66    0.4801E-02     119.9    192.3
2017 10 22   295   21  4  0     79.83    0.4634E-02     118.9    189.7
2017 10 22   295   21  5  0     80.00    0.4476E-02     119.6    187.2
2017 10 22   295   21  6  0     80.17    0.4322E-02     120.4    184.8
2017 10 22   295   21  7  0     80.35    0.4185E-02     119.9    182.0
2017 10 22   295   21  8  0     80.52    0.4043E-02     119.4    179.6
2017 10 22   295   21  9  0     80.69    0.3908E-02     119.9    177.0
2017 10 22   295   21 10  0     80.87    0.3768E-02     119.8    174.8
2017 10 22   295   21 11  0     81.04    0.3651E-02     119.6    171.0
2017 10 22   295   21 12  0     81.21    0.3542E-02     119.4    167.8
2017 10 22   295   21 13  0     81.39    0.3436E-02     119.2    164.7
2017 10 22   295   21 14  0     81.56    0.3320E-02     118.5    162.0
2017 10 22   295   21 15  0     81.74    0.3191E-02     116.9    160.1
2017 10 22   295   21 16  0     81.91    0.3130E-02     116.6    155.6
2017 10 22   295   21 17  0     82.09    0.3020E-02     116.9    152.7
2017 10 22   295   21 18  0     82.26    0.2897E-02     116.9    151.0
2017 10 22   295   21 19  0     82.44    0.2831E-02     117.0    147.0
2017 10 22   295   21 20  0     82.61    0.2729E-02     117.0    144.5
2017 10 22   295   21 21  0     82.79    0.2662E-02     116.5    140.6
2017 10 22   295   21 22  0     82.97    0.2585E-02     116.8    137.5
2017 10 22   295   21 23  0     83.14    0.2499E-02     116.9    134.9
2017 10 22   295   21 24  0     83.32    0.2429E-02     116.9    131.7
2017 10 22   295   21 25  0     83.50    0.2368E-02     117.9    128.2
2017 10 22   295   21 26  0     83.67    0.2305E-02     118.9    124.9
2017 10 22   295   21 27  0     83.85    0.2236E-02     120.0    121.8
2017 10 22   295   21 28  0     84.03    0.2168E-02     121.0    119.1
2017 10 22   295   21 29  0     84.21    0.2127E-02     121.8    115.6
2017 10 22   295   21 30  0     84.38    0.2068E-02     122.5    112.9
2017 10 22   295   21 31  0     84.56    0.2005E-02     123.2    110.4
2017 10 22   295   21 32  0     84.74    0.1954E-02     123.9    107.6
2017 10 22   295   21 33  0     84.92    0.1911E-02     124.5    104.5
2017 10 22   295   21 34  0     85.10    0.1851E-02     124.5    102.3
2017 10 22   295   21 35  0     85.28    0.1825E-02     124.3     99.0
2017 10 22   295   21 36  0     85.45    0.1760E-02     124.5     96.8
2017 10 22   295   21 37  0     85.63    0.1732E-02     124.6     93.2
2017 10 22   295   21 38  0     85.81    0.1687E-02     124.6     90.4
2017 10 22   295   21 39  0     85.99    0.1642E-02     124.6     87.7
2017 10 22   295   21 40  0     86.17    0.1602E-02     123.9     85.2
2017 10 22   295   21 41  0     86.35    0.1588E-02     123.4     81.8
2017 10 22   295   21 42  0     86.53    0.1548E-02     123.0     79.3
2017 10 22   295   21 43  0     86.71    0.1517E-02     122.8     76.2
2017 10 22   295   21 44  0     86.89    0.1485E-02     122.3     73.1
2017 10 22   295   21 45  0     87.07    0.1449E-02     121.7     70.5
2017 10 22   295   21 46  0     87.25    0.1419E-02     120.9     68.0
2017 10 22   295   21 47  0     87.44    0.1400E-02     120.2     65.1
2017 10 22   295   21 48  0     87.62    0.1396E-02     119.4     61.7
2017 10 22   295   21 49  0     87.80    0.1358E-02     118.9     59.4
2017 10 22   295   21 50  0     87.98    0.1327E-02     118.4     56.5
2017 10 22   295   21 51  0     88.16    0.1301E-02     117.4     54.2
2017 10 22   295   21 52  0     88.34    0.1288E-02     116.6     51.5
2017 10 22   295   21 53  0     88.52    0.1272E-02     115.7     48.8
2017 10 22   295   21 54  0     88.71    0.1249E-02     115.1     46.3
2017 10 22   295   21 55  0     88.89    0.1237E-02     114.7     43.4
2017 10 22   295   21 56  0     89.07    0.1209E-02     114.1     41.4
2017 10 22   295   21 57  0     89.25    0.1206E-02     112.9     38.6
2017 10 22   295   21 58  0     89.44    0.1180E-02     111.8     36.6
2017 10 22   295   21 59  0     89.62    0.1166E-02     111.1     34.2
2017 10 22   295   22  0  0     89.80    0.1152E-02     110.7     31.8
2017 10 22   295   22  1  0     89.98    0.1119E-02     110.8     30.1
