                            NILUUV 115

Uvpro Version 2.0
Latitude :   40.74 (North)
Longitude:  -74.03  (West)
Calibration file: cf100603a.115
Height above sea level:    40.0  m
CLT derived from channel 5
CLT scale factor used:   1.0
Ozone derived from channel pair ch3/ch1
Ozone scale factor used:   1.0
Drift factors ch1-ch6:   0.432  0.412  0.581  0.590  0.404  0.909
Ozone profile climatology: Mid  Latitude
Dose type:    CLW    Caldwell Plant 1971           

yyyy mm dd   jul   hh mm ss      SZA     dose rate       clt     Ozone
                              [degrees]   [W/m^2]        [%]     [DU]
2017 12  1   335   12  7  0     89.95    0.7706E-03     101.5     41.0
2017 12  1   335   12  8  0     89.78    0.7948E-03     102.3     43.4
2017 12  1   335   12  9  0     89.62    0.8067E-03     103.2     46.1
2017 12  1   335   12 10  0     89.45    0.8215E-03     104.4     48.6
2017 12  1   335   12 11  0     89.29    0.8523E-03     105.6     49.9
2017 12  1   335   12 12  0     89.13    0.8666E-03     106.9     52.0
2017 12  1   335   12 13  0     88.96    0.8915E-03     108.1     53.5
2017 12  1   335   12 14  0     88.80    0.8857E-03     108.4     57.6
2017 12  1   335   12 15  0     88.64    0.9005E-03     109.0     60.4
2017 12  1   335   12 16  0     88.47    0.9145E-03     109.8     63.4
2017 12  1   335   12 17  0     88.31    0.9514E-03     110.4     64.5
2017 12  1   335   12 18  0     88.15    0.9585E-03     111.1     67.4
2017 12  1   335   12 19  0     87.99    0.9870E-03     112.0     68.8
2017 12  1   335   12 20  0     87.83    0.1002E-02     112.1     71.8
2017 12  1   335   12 21  0     87.67    0.1013E-02     112.4     75.0
2017 12  1   335   12 22  0     87.51    0.1038E-02     112.9     77.5
2017 12  1   335   12 23  0     87.35    0.1059E-02     113.2     79.9
2017 12  1   335   12 24  0     87.18    0.1064E-02     113.7     83.3
2017 12  1   335   12 25  0     87.02    0.1106E-02     114.0     84.0
2017 12  1   335   12 26  0     86.87    0.1121E-02     114.0     87.1
2017 12  1   335   12 27  0     86.71    0.1134E-02     113.9     90.4
2017 12  1   335   12 28  0     86.55    0.1163E-02     114.1     92.7
2017 12  1   335   12 29  0     86.39    0.1212E-02     114.3     93.7
2017 12  1   335   12 30  0     86.23    0.1227E-02     114.4     96.7
2017 12  1   335   12 31  0     86.07    0.1243E-02     114.9     99.9
2017 12  1   335   12 32  0     85.92    0.1290E-02     115.0    101.1
2017 12  1   335   12 33  0     85.76    0.1303E-02     115.0    104.6
2017 12  1   335   12 34  0     85.60    0.1351E-02     115.1    106.1
2017 12  1   335   12 35  0     85.44    0.1354E-02     115.1    110.2
2017 12  1   335   12 36  0     85.29    0.1386E-02     115.2    112.6
2017 12  1   335   12 37  0     85.13    0.1435E-02     115.3    114.0
2017 12  1   335   12 38  0     84.98    0.1478E-02     115.6    115.3
2017 12  1   335   12 39  0     84.82    0.1533E-02     115.4    117.1
2017 12  1   335   12 40  0     84.67    0.1559E-02     115.2    121.0
2017 12  1   335   12 41  0     84.51    0.1606E-02     114.9    123.5
2017 12  1   335   12 42  0     84.36    0.1645E-02     114.8    126.4
2017 12  1   335   12 43  0     84.20    0.1694E-02     114.8    128.8
2017 12  1   335   12 44  0     84.05    0.1729E-02     114.6    132.1
2017 12  1   335   12 45  0     83.90    0.1766E-02     114.5    135.4
2017 12  1   335   12 46  0     83.74    0.1827E-02     114.4    137.4
2017 12  1   335   12 47  0     83.59    0.1884E-02     114.4    139.8
2017 12  1   335   12 48  0     83.44    0.1926E-02     114.6    143.4
2017 12  1   335   12 49  0     83.29    0.1979E-02     114.8    146.3
2017 12  1   335   12 50  0     83.13    0.2051E-02     114.9    147.8
2017 12  1   335   12 51  0     82.98    0.2096E-02     114.9    151.2
2017 12  1   335   12 52  0     82.83    0.2148E-02     114.8    154.8
2017 12  1   335   12 53  0     82.68    0.2207E-02     114.7    157.7
2017 12  1   335   12 54  0     82.53    0.2282E-02     114.5    159.5
2017 12  1   335   12 55  0     82.38    0.2325E-02     114.4    163.5
2017 12  1   335   12 56  0     82.23    0.2385E-02     114.3    166.4
2017 12  1   335   12 57  0     82.08    0.2471E-02     114.4    167.8
2017 12  1   335   12 58  0     81.93    0.2547E-02     114.4    170.1
2017 12  1   335   12 59  0     81.78    0.2615E-02     114.3    172.9
2017 12  1   335   13  0  0     81.64    0.2688E-02     114.2    175.9
2017 12  1   335   13  1  0     81.49    0.2797E-02     114.4    176.6
2017 12  1   335   13  2  0     81.34    0.2854E-02     114.4    180.3
2017 12  1   335   13  3  0     81.19    0.2952E-02     114.4    181.9
2017 12  1   335   13  4  0     81.05    0.3053E-02     114.3    183.3
2017 12  1   335   13  5  0     80.90    0.3152E-02     114.1    184.9
2017 12  1   335   13  6  0     80.75    0.3231E-02     114.1    187.8
2017 12  1   335   13  7  0     80.61    0.3327E-02     114.2    189.8
2017 12  1   335   13  8  0     80.46    0.3422E-02     114.3    192.1
2017 12  1   335   13  9  0     80.32    0.3508E-02     114.2    194.7
2017 12  1   335   13 10  0     80.17    0.3602E-02     114.3    197.0
2017 12  1   335   13 11  0     80.03    0.3701E-02     114.3    199.1
2017 12  1   335   13 12  0     79.89    0.3811E-02     114.5    201.1
2017 12  1   335   13 13  0     79.74    0.3921E-02     114.7    202.7
2017 12  1   335   13 14  0     79.60    0.4043E-02     115.0    203.9
2017 12  1   335   13 15  0     79.46    0.4165E-02     115.0    205.3
2017 12  1   335   13 16  0     79.32    0.4268E-02     114.9    207.5
2017 12  1   335   13 17  0     79.18    0.4389E-02     114.8    209.0
2017 12  1   335   13 18  0     79.04    0.4512E-02     114.7    210.5
2017 12  1   335   13 19  0     78.89    0.4637E-02     114.6    212.6
2017 12  1   335   13 20  0     78.75    0.4777E-02     114.5    213.6
2017 12  1   335   13 21  0     78.61    0.4898E-02     114.4    215.4
2017 12  1   335   13 22  0     78.47    0.5045E-02     114.2    216.2
2017 12  1   335   13 23  0     78.34    0.5172E-02     114.0    218.0
2017 12  1   335   13 24  0     78.20    0.5310E-02     114.2    219.6
2017 12  1   335   13 25  0     78.06    0.5450E-02     114.0    220.7
2017 12  1   335   13 26  0     77.92    0.5589E-02     114.0    222.4
2017 12  1   335   13 27  0     77.78    0.5729E-02     114.0    224.1
2017 12  1   335   13 28  0     77.65    0.5881E-02     114.2    225.2
2017 12  1   335   13 29  0     77.51    0.6028E-02     114.1    226.6
2017 12  1   335   13 30  0     77.38    0.6167E-02     113.9    228.3
2017 12  1   335   13 31  0     77.24    0.6348E-02     113.9    228.7
2017 12  1   335   13 32  0     77.10    0.6512E-02     113.8    229.8
2017 12  1   335   13 33  0     76.97    0.6695E-02     113.8    231.6
2017 12  1   335   13 34  0     76.84    0.6863E-02     113.8    232.8
2017 12  1   335   13 35  0     76.70    0.7032E-02     113.9    233.9
2017 12  1   335   13 36  0     76.57    0.7198E-02     113.5    234.9
2017 12  1   335   13 37  0     76.44    0.7371E-02     113.5    236.2
2017 12  1   335   13 38  0     76.30    0.7567E-02     113.7    236.5
2017 12  1   335   13 39  0     76.17    0.7752E-02     113.5    237.5
2017 12  1   335   13 40  0     76.04    0.7937E-02     113.8    238.8
2017 12  1   335   13 41  0     75.91    0.8125E-02     113.8    240.0
2017 12  1   335   13 42  0     75.78    0.8338E-02     114.2    240.5
2017 12  1   335   13 43  0     75.65    0.8526E-02     114.1    241.8
2017 12  1   335   13 44  0     75.52    0.8723E-02     114.5    242.7
2017 12  1   335   13 45  0     75.39    0.8944E-02     114.5    243.1
2017 12  1   335   13 46  0     75.26    0.9110E-02     114.5    244.8
2017 12  1   335   13 47  0     75.14    0.9332E-02     114.6    245.3
2017 12  1   335   13 48  0     75.01    0.9561E-02     115.0    245.8
2017 12  1   335   13 49  0     74.88    0.9784E-02     114.8    246.5
2017 12  1   335   13 50  0     74.75    0.1000E-01     114.9    247.3
2017 12  1   335   13 51  0     74.63    0.1023E-01     114.7    247.9
2017 12  1   335   13 52  0     74.50    0.1045E-01     114.5    248.5
2017 12  1   335   13 53  0     74.38    0.1066E-01     114.6    249.5
2017 12  1   335   13 54  0     74.25    0.1089E-01     114.8    250.3
2017 12  1   335   13 55  0     74.13    0.1112E-01     114.8    251.1
2017 12  1   335   13 56  0     74.01    0.1135E-01     114.7    251.8
2017 12  1   335   13 57  0     73.88    0.1159E-01     114.7    253.6
2017 12  1   335   13 58  0     73.76    0.1185E-01     114.7    254.2
2017 12  1   335   13 59  0     73.64    0.1210E-01     115.0    254.6
2017 12  1   335   14  0  0     73.52    0.1235E-01     115.2    255.2
2017 12  1   335   14  1  0     73.39    0.1260E-01     115.6    255.1
2017 12  1   335   14  2  0     73.27    0.1283E-01     115.8    256.0
2017 12  1   335   14  3  0     73.15    0.1311E-01     116.0    256.1
2017 12  1   335   14  4  0     73.04    0.1337E-01     116.2    256.8
2017 12  1   335   14  5  0     72.92    0.1364E-01     116.1    257.7
2017 12  1   335   14  6  0     72.80    0.1394E-01     116.5    258.1
2017 12  1   335   14  7  0     72.68    0.1420E-01     116.9    258.7
2017 12  1   335   14  8  0     72.56    0.1445E-01     116.6    259.1
2017 12  1   335   14  9  0     72.45    0.1470E-01     116.1    259.6
2017 12  1   335   14 10  0     72.33    0.1499E-01     116.5    260.1
2017 12  1   335   14 11  0     72.21    0.1526E-01     116.1    260.5
2017 12  1   335   14 12  0     72.10    0.1554E-01     116.4    260.7
2017 12  1   335   14 13  0     71.99    0.1581E-01     116.3    261.1
2017 12  1   335   14 14  0     71.87    0.1609E-01     115.7    261.3
2017 12  1   335   14 15  0     71.76    0.1640E-01     115.9    261.6
2017 12  1   335   14 16  0     71.65    0.1668E-01     116.0    262.2
2017 12  1   335   14 17  0     71.53    0.1699E-01     116.4    262.5
2017 12  1   335   14 18  0     71.42    0.1726E-01     116.1    263.0
2017 12  1   335   14 19  0     71.31    0.1757E-01     116.3    263.3
2017 12  1   335   14 20  0     71.20    0.1788E-01     116.7    263.7
2017 12  1   335   14 21  0     71.09    0.1819E-01     116.7    263.9
2017 12  1   335   14 22  0     70.98    0.1848E-01     116.7    264.2
2017 12  1   335   14 23  0     70.87    0.1878E-01     116.7    264.6
2017 12  1   335   14 24  0     70.76    0.1909E-01     116.8    264.8
2017 12  1   335   14 25  0     70.66    0.1937E-01     116.5    265.3
2017 12  1   335   14 26  0     70.55    0.1966E-01     116.3    265.6
2017 12  1   335   14 27  0     70.44    0.2005E-01     117.5    266.0
2017 12  1   335   14 28  0     70.34    0.2035E-01     117.7    266.5
2017 12  1   335   14 29  0     70.23    0.2066E-01     117.3    266.5
2017 12  1   335   14 30  0     70.13    0.2100E-01     117.7    266.7
2017 12  1   335   14 31  0     70.02    0.2129E-01     117.9    267.1
2017 12  1   335   14 32  0     69.92    0.2158E-01     117.1    267.2
2017 12  1   335   14 33  0     69.82    0.2190E-01     117.2    267.6
2017 12  1   335   14 34  0     69.72    0.2222E-01     117.3    268.1
2017 12  1   335   14 35  0     69.61    0.2254E-01     117.6    268.6
2017 12  1   335   14 36  0     69.51    0.2287E-01     117.7    268.8
2017 12  1   335   14 37  0     69.41    0.2314E-01     116.6    268.6
2017 12  1   335   14 38  0     69.31    0.2345E-01     116.5    268.8
2017 12  1   335   14 39  0     69.21    0.2375E-01     116.1    269.1
2017 12  1   335   14 40  0     69.12    0.2407E-01     116.0    269.3
2017 12  1   335   14 41  0     69.02    0.2444E-01     116.8    269.6
2017 12  1   335   14 42  0     68.92    0.2474E-01     116.2    269.6
2017 12  1   335   14 43  0     68.83    0.2511E-01     116.8    270.1
2017 12  1   335   14 44  0     68.73    0.2548E-01     117.3    270.3
2017 12  1   335   14 45  0     68.63    0.2588E-01     118.1    270.6
2017 12  1   335   14 46  0     68.54    0.2620E-01     117.7    270.7
2017 12  1   335   14 47  0     68.45    0.2650E-01     117.4    270.9
2017 12  1   335   14 48  0     68.35    0.2675E-01     115.8    270.8
2017 12  1   335   14 49  0     68.26    0.2699E-01     114.7    270.8
2017 12  1   335   14 50  0     68.17    0.2749E-01     116.6    271.1
2017 12  1   335   14 51  0     68.08    0.2788E-01     117.0    271.2
2017 12  1   335   14 52  0     67.99    0.2823E-01     117.2    272.9
2017 12  1   335   14 53  0     67.90    0.2857E-01     117.6    273.2
2017 12  1   335   14 54  0     67.81    0.2893E-01     117.7    273.3
2017 12  1   335   14 55  0     67.72    0.2922E-01     116.7    272.2
2017 12  1   335   14 56  0     67.63    0.2958E-01     116.5    272.2
2017 12  1   335   14 57  0     67.54    0.2995E-01     117.0    272.4
2017 12  1   335   14 58  0     67.46    0.3035E-01     117.3    272.5
2017 12  1   335   14 59  0     67.37    0.3069E-01     117.1    272.6
2017 12  1   335   15  0  0     67.29    0.3104E-01     117.2    272.7
2017 12  1   335   15  1  0     67.20    0.3133E-01     116.7    272.8
2017 12  1   335   15  2  0     67.12    0.3158E-01     115.7    272.8
2017 12  1   335   15  3  0     67.04    0.3197E-01     116.3    272.9
2017 12  1   335   15  4  0     66.95    0.3239E-01     117.3    274.3
2017 12  1   335   15  5  0     66.87    0.3274E-01     117.3    274.4
2017 12  1   335   15  6  0     66.79    0.3310E-01     117.4    274.6
2017 12  1   335   15  7  0     66.71    0.3341E-01     117.3    274.8
2017 12  1   335   15  8  0     66.63    0.3382E-01     117.4    274.9
2017 12  1   335   15  9  0     66.55    0.3409E-01     117.0    274.2
2017 12  1   335   15 10  0     66.47    0.3446E-01     117.3    274.5
2017 12  1   335   15 11  0     66.40    0.3489E-01     118.0    274.6
2017 12  1   335   15 12  0     66.32    0.3526E-01     118.5    274.9
2017 12  1   335   15 13  0     66.24    0.3556E-01     118.0    275.0
2017 12  1   335   15 14  0     66.17    0.3588E-01     118.2    275.3
2017 12  1   335   15 15  0     66.10    0.3626E-01     118.8    275.6
2017 12  1   335   15 16  0     66.02    0.3660E-01     118.8    275.7
2017 12  1   335   15 17  0     65.95    0.3690E-01     118.7    276.5
2017 12  1   335   15 18  0     65.88    0.3720E-01     118.5    276.6
2017 12  1   335   15 19  0     65.80    0.3752E-01     118.5    276.7
2017 12  1   335   15 20  0     65.73    0.3787E-01     118.7    276.8
2017 12  1   335   15 21  0     65.66    0.3820E-01     119.0    277.0
2017 12  1   335   15 22  0     65.59    0.3863E-01     119.8    277.1
2017 12  1   335   15 23  0     65.53    0.3899E-01     120.1    277.2
2017 12  1   335   15 24  0     65.46    0.3925E-01     119.7    277.3
2017 12  1   335   15 25  0     65.39    0.3952E-01     119.6    277.4
2017 12  1   335   15 26  0     65.33    0.3986E-01     119.7    276.9
2017 12  1   335   15 27  0     65.26    0.4016E-01     119.7    277.0
2017 12  1   335   15 28  0     65.20    0.4055E-01     120.4    277.2
2017 12  1   335   15 29  0     65.13    0.4088E-01     120.7    277.3
2017 12  1   335   15 30  0     65.07    0.4116E-01     120.5    277.3
2017 12  1   335   15 31  0     65.01    0.4147E-01     120.6    277.4
2017 12  1   335   15 32  0     64.94    0.4177E-01     120.6    277.9
2017 12  1   335   15 33  0     64.88    0.4206E-01     120.5    278.0
2017 12  1   335   15 34  0     64.82    0.4235E-01     120.6    278.2
2017 12  1   335   15 35  0     64.76    0.4266E-01     120.8    278.3
2017 12  1   335   15 36  0     64.70    0.4299E-01     121.0    278.4
2017 12  1   335   15 37  0     64.65    0.4324E-01     121.0    278.5
2017 12  1   335   15 38  0     64.59    0.4350E-01     121.1    278.7
2017 12  1   335   15 39  0     64.53    0.4379E-01     121.2    278.8
2017 12  1   335   15 40  0     64.48    0.4399E-01     120.7    278.9
2017 12  1   335   15 41  0     64.42    0.4427E-01     120.8    278.9
2017 12  1   335   15 42  0     64.37    0.4454E-01     120.6    278.9
2017 12  1   335   15 43  0     64.32    0.4477E-01     120.5    279.1
2017 12  1   335   15 44  0     64.26    0.4508E-01     120.7    279.0
2017 12  1   335   15 45  0     64.21    0.4535E-01     120.9    279.2
2017 12  1   335   15 46  0     64.16    0.4568E-01     121.1    279.2
2017 12  1   335   15 47  0     64.11    0.4590E-01     121.1    279.3
2017 12  1   335   15 48  0     64.06    0.4619E-01     121.0    279.2
2017 12  1   335   15 49  0     64.02    0.4654E-01     121.3    279.2
2017 12  1   335   15 50  0     63.97    0.4681E-01     121.3    279.4
2017 12  1   335   15 51  0     63.92    0.4719E-01     121.8    279.4
2017 12  1   335   15 52  0     63.88    0.4745E-01     121.5    279.3
2017 12  1   335   15 53  0     63.83    0.4763E-01     121.1    279.4
2017 12  1   335   15 54  0     63.79    0.4798E-01     121.7    279.4
2017 12  1   335   15 55  0     63.74    0.4825E-01     122.0    279.6
2017 12  1   335   15 56  0     63.70    0.4853E-01     122.3    279.7
2017 12  1   335   15 57  0     63.66    0.4875E-01     122.1    279.7
2017 12  1   335   15 58  0     63.62    0.4902E-01     122.2    279.6
2017 12  1   335   15 59  0     63.58    0.4911E-01     121.7    279.7
2017 12  1   335   16  0  0     63.54    0.4929E-01     121.6    279.8
2017 12  1   335   16  1  0     63.50    0.4953E-01     121.9    279.9
2017 12  1   335   16  2  0     63.46    0.4977E-01     122.2    279.9
2017 12  1   335   16  3  0     63.43    0.4988E-01     121.9    280.0
2017 12  1   335   16  4  0     63.39    0.5000E-01     121.5    279.9
2017 12  1   335   16  5  0     63.35    0.5034E-01     122.7    280.0
2017 12  1   335   16  6  0     63.32    0.5052E-01     122.9    280.0
2017 12  1   335   16  7  0     63.29    0.5069E-01     122.4    279.9
2017 12  1   335   16  8  0     63.25    0.5093E-01     122.4    280.0
2017 12  1   335   16  9  0     63.22    0.5118E-01     122.5    280.0
2017 12  1   335   16 10  0     63.19    0.5140E-01     122.9    280.2
2017 12  1   335   16 11  0     63.16    0.5159E-01     123.2    280.2
2017 12  1   335   16 12  0     63.13    0.5182E-01     124.3    280.5
2017 12  1   335   16 13  0     63.10    0.5198E-01     124.7    280.6
2017 12  1   335   16 14  0     63.08    0.5215E-01     124.4    280.6
2017 12  1   335   16 15  0     63.05    0.5236E-01     124.2    280.6
2017 12  1   335   16 16  0     63.02    0.5251E-01     123.6    280.5
2017 12  1   335   16 17  0     63.00    0.5258E-01     122.6    280.4
2017 12  1   335   16 18  0     62.97    0.5273E-01     122.3    280.3
2017 12  1   335   16 19  0     62.95    0.5291E-01     123.0    280.5
2017 12  1   335   16 20  0     62.93    0.5307E-01     123.8    280.5
2017 12  1   335   16 21  0     62.91    0.5323E-01     124.6    280.6
2017 12  1   335   16 22  0     62.89    0.5351E-01     125.7    280.8
2017 12  1   335   16 23  0     62.87    0.5380E-01     126.8    281.2
2017 12  1   335   16 24  0     62.85    0.5383E-01     126.5    281.3
2017 12  1   335   16 25  0     62.83    0.5381E-01     125.4    280.9
2017 12  1   335   16 26  0     62.81    0.5379E-01     124.7    280.7
2017 12  1   335   16 27  0     62.79    0.5368E-01     124.6    280.8
2017 12  1   335   16 28  0     62.78    0.5356E-01     124.5    281.0
2017 12  1   335   16 29  0     62.76    0.5395E-01     126.0    281.1
2017 12  1   335   16 30  0     62.75    0.5400E-01     125.1    280.8
2017 12  1   335   16 31  0     62.74    0.5410E-01     124.5    280.6
2017 12  1   335   16 32  0     62.72    0.5438E-01     125.2    280.5
2017 12  1   335   16 33  0     62.71    0.5154E-01     107.1    278.3
2017 12  1   335   16 34  0     62.70    0.4515E-01      73.5    273.8
2017 12  1   335   16 35  0     62.69    0.4414E-01      69.7    273.3
2017 12  1   335   16 36  0     62.68    0.4378E-01      68.0    273.0
2017 12  1   335   16 37  0     62.68    0.4392E-01      68.4    273.2
2017 12  1   335   16 38  0     62.67    0.4440E-01      70.4    273.5
2017 12  1   335   16 39  0     62.66    0.4505E-01      73.6    274.2
2017 12  1   335   16 40  0     62.66    0.4581E-01      78.6    275.9
2017 12  1   335   16 41  0     62.65    0.5278E-01     122.4    281.1
2017 12  1   335   16 42  0     62.65    0.5306E-01     124.1    281.0
2017 12  1   335   16 43  0     62.65    0.4771E-01      91.5    277.3
2017 12  1   335   16 44  0     62.64    0.4380E-01      70.6    274.1
2017 12  1   335   16 45  0     62.64    0.4460E-01      75.1    275.7
2017 12  1   335   16 46  0     62.64    0.4553E-01      79.7    276.4
2017 12  1   335   16 47  0     62.64    0.5068E-01     108.2    279.7
2017 12  1   335   16 48  0     62.65    0.5458E-01     127.7    281.0
2017 12  1   335   16 49  0     62.65    0.5495E-01     127.7    280.8
2017 12  1   335   16 50  0     62.65    0.5501E-01     126.2    280.4
2017 12  1   335   16 51  0     62.66    0.5476E-01     123.2    280.0
2017 12  1   335   16 52  0     62.66    0.5483E-01     123.5    280.0
2017 12  1   335   16 53  0     62.67    0.5469E-01     123.1    279.8
2017 12  1   335   16 54  0     62.67    0.5459E-01     123.6    279.8
2017 12  1   335   16 55  0     62.68    0.5440E-01     123.9    279.9
2017 12  1   335   16 56  0     62.69    0.5434E-01     124.4    279.9
2017 12  1   335   16 57  0     62.70    0.5455E-01     125.5    280.2
2017 12  1   335   16 58  0     62.71    0.5450E-01     125.1    280.2
2017 12  1   335   16 59  0     62.72    0.5442E-01     124.9    280.0
2017 12  1   335   17  0  0     62.73    0.5442E-01     125.4    280.0
2017 12  1   335   17  1  0     62.74    0.5447E-01     127.3    280.2
2017 12  1   335   17  2  0     62.76    0.5419E-01     128.8    280.4
2017 12  1   335   17  3  0     62.77    0.5304E-01     123.8    279.9
2017 12  1   335   17  4  0     62.79    0.4796E-01      94.2    276.8
2017 12  1   335   17  5  0     62.80    0.4603E-01      85.6    276.2
2017 12  1   335   17  6  0     62.82    0.4651E-01      87.7    276.2
2017 12  1   335   17  7  0     62.84    0.4529E-01      80.7    275.2
2017 12  1   335   17  8  0     62.86    0.4513E-01      80.3    275.2
2017 12  1   335   17  9  0     62.88    0.4902E-01     103.1    277.8
2017 12  1   335   17 10  0     62.90    0.4507E-01      79.1    274.9
2017 12  1   335   17 11  0     62.92    0.4866E-01     101.7    277.9
2017 12  1   335   17 12  0     62.94    0.5338E-01     128.8    280.2
2017 12  1   335   17 13  0     62.97    0.5330E-01     128.7    280.2
2017 12  1   335   17 14  0     62.99    0.5285E-01     126.4    279.8
2017 12  1   335   17 15  0     63.01    0.5283E-01     126.9    279.7
2017 12  1   335   17 16  0     63.04    0.5271E-01     126.3    279.6
2017 12  1   335   17 17  0     63.07    0.5233E-01     124.6    279.3
2017 12  1   335   17 18  0     63.09    0.5193E-01     123.5    279.3
2017 12  1   335   17 19  0     63.12    0.5188E-01     123.6    279.2
2017 12  1   335   17 20  0     63.15    0.4927E-01     105.7    276.6
2017 12  1   335   17 21  0     63.18    0.5044E-01     115.5    278.2
2017 12  1   335   17 22  0     63.21    0.5156E-01     122.3    278.9
2017 12  1   335   17 23  0     63.24    0.5136E-01     122.1    278.9
2017 12  1   335   17 24  0     63.27    0.5117E-01     122.1    278.8
2017 12  1   335   17 25  0     63.31    0.5098E-01     122.3    278.9
2017 12  1   335   17 26  0     63.34    0.5069E-01     122.0    278.9
2017 12  1   335   17 27  0     63.38    0.5059E-01     122.5    278.9
2017 12  1   335   17 28  0     63.41    0.5042E-01     122.8    279.0
2017 12  1   335   17 29  0     63.45    0.5022E-01     122.8    279.0
2017 12  1   335   17 30  0     63.49    0.5000E-01     122.8    279.0
2017 12  1   335   17 31  0     63.52    0.4969E-01     122.3    278.9
2017 12  1   335   17 32  0     63.56    0.4943E-01     122.2    278.9
2017 12  1   335   17 33  0     63.60    0.4913E-01     121.9    278.8
2017 12  1   335   17 34  0     63.64    0.4887E-01     121.8    278.9
2017 12  1   335   17 35  0     63.68    0.4853E-01     121.1    278.8
2017 12  1   335   17 36  0     63.73    0.4828E-01     121.0    278.8
2017 12  1   335   17 37  0     63.77    0.4810E-01     121.4    278.8
2017 12  1   335   17 38  0     63.81    0.4782E-01     121.2    278.7
2017 12  1   335   17 39  0     63.86    0.4739E-01     120.2    278.7
2017 12  1   335   17 40  0     63.90    0.4700E-01     120.0    278.7
2017 12  1   335   17 41  0     63.95    0.4218E-01      87.3    275.0
2017 12  1   335   17 42  0     64.00    0.4116E-01      82.8    274.5
2017 12  1   335   17 43  0     64.04    0.4003E-01      76.4    272.8
2017 12  1   335   17 44  0     64.09    0.4349E-01     103.8    276.8
2017 12  1   335   17 45  0     64.14    0.4537E-01     118.0    278.2
2017 12  1   335   17 46  0     64.19    0.4519E-01     118.7    278.5
2017 12  1   335   17 47  0     64.24    0.4506E-01     119.3    278.5
2017 12  1   335   17 48  0     64.30    0.4500E-01     120.8    278.6
2017 12  1   335   17 49  0     64.35    0.4468E-01     120.2    278.4
2017 12  1   335   17 50  0     64.40    0.4450E-01     120.9    278.5
2017 12  1   335   17 51  0     64.46    0.4404E-01     119.7    278.4
2017 12  1   335   17 52  0     64.51    0.4389E-01     120.2    278.1
2017 12  1   335   17 53  0     64.57    0.4372E-01     121.0    278.2
2017 12  1   335   17 54  0     64.63    0.4346E-01     121.1    278.1
2017 12  1   335   17 55  0     64.68    0.4314E-01     120.8    278.0
2017 12  1   335   17 56  0     64.74    0.4287E-01     120.9    277.9
2017 12  1   335   17 57  0     64.80    0.4258E-01     120.8    277.6
2017 12  1   335   17 58  0     64.86    0.4227E-01     120.8    277.6
2017 12  1   335   17 59  0     64.92    0.4203E-01     121.0    277.5
2017 12  1   335   18  0  0     64.98    0.4160E-01     120.2    277.4
2017 12  1   335   18  1  0     65.04    0.4133E-01     120.7    276.9
2017 12  1   335   18  2  0     65.11    0.4085E-01     119.3    276.7
2017 12  1   335   18  3  0     65.17    0.4048E-01     118.7    276.5
2017 12  1   335   18  4  0     65.24    0.4018E-01     119.1    276.6
2017 12  1   335   18  5  0     65.30    0.3987E-01     119.2    276.6
2017 12  1   335   18  6  0     65.37    0.3957E-01     119.4    276.6
2017 12  1   335   18  7  0     65.43    0.3925E-01     119.3    277.0
2017 12  1   335   18  8  0     65.50    0.3895E-01     119.1    276.9
2017 12  1   335   18  9  0     65.57    0.3869E-01     119.9    277.1
2017 12  1   335   18 10  0     65.64    0.3840E-01     120.2    277.1
2017 12  1   335   18 11  0     65.71    0.3814E-01     120.3    276.8
2017 12  1   335   18 12  0     65.78    0.3777E-01     120.1    276.8
2017 12  1   335   18 13  0     65.85    0.3746E-01     120.2    276.8
2017 12  1   335   18 14  0     65.92    0.3720E-01     120.5    276.6
2017 12  1   335   18 15  0     65.99    0.3684E-01     120.3    276.5
2017 12  1   335   18 16  0     66.07    0.3641E-01     119.3    275.6
2017 12  1   335   18 17  0     66.14    0.3610E-01     119.1    275.3
2017 12  1   335   18 18  0     66.22    0.3578E-01     119.7    275.3
2017 12  1   335   18 19  0     66.29    0.3542E-01     119.8    275.3
2017 12  1   335   18 20  0     66.37    0.3507E-01     119.8    275.2
2017 12  1   335   18 21  0     66.45    0.3467E-01     119.1    274.9
2017 12  1   335   18 22  0     66.52    0.3430E-01     119.0    274.8
2017 12  1   335   18 23  0     66.60    0.3402E-01     119.4    275.4
2017 12  1   335   18 24  0     66.68    0.3370E-01     119.7    275.3
2017 12  1   335   18 25  0     66.76    0.3341E-01     120.7    275.5
2017 12  1   335   18 26  0     66.84    0.3308E-01     121.1    275.5
2017 12  1   335   18 27  0     66.92    0.3269E-01     120.5    275.1
2017 12  1   335   18 28  0     67.00    0.3222E-01     119.5    274.0
2017 12  1   335   18 29  0     67.09    0.3192E-01     119.9    274.0
2017 12  1   335   18 30  0     67.17    0.3160E-01     120.0    273.9
2017 12  1   335   18 31  0     67.25    0.3126E-01     120.2    273.8
2017 12  1   335   18 32  0     67.34    0.3090E-01     120.2    273.6
2017 12  1   335   18 33  0     67.42    0.3052E-01     120.1    273.6
2017 12  1   335   18 34  0     67.51    0.3021E-01     120.8    273.7
2017 12  1   335   18 35  0     67.60    0.2983E-01     120.6    273.5
2017 12  1   335   18 36  0     67.69    0.2939E-01     119.8    273.1
2017 12  1   335   18 37  0     67.77    0.2896E-01     118.9    273.9
2017 12  1   335   18 38  0     67.86    0.2855E-01     118.5    273.7
2017 12  1   335   18 39  0     67.95    0.2822E-01     118.9    273.5
2017 12  1   335   18 40  0     68.04    0.2789E-01     118.8    272.2
2017 12  1   335   18 41  0     68.13    0.2751E-01     118.9    272.3
2017 12  1   335   18 42  0     68.22    0.2725E-01     119.7    272.2
2017 12  1   335   18 43  0     68.32    0.2694E-01     119.5    272.1
2017 12  1   335   18 44  0     68.41    0.2659E-01     119.4    271.9
2017 12  1   335   18 45  0     68.50    0.2624E-01     119.4    271.8
2017 12  1   335   18 46  0     68.60    0.2588E-01     119.0    271.4
2017 12  1   335   18 47  0     68.69    0.2554E-01     118.9    271.2
2017 12  1   335   18 48  0     68.79    0.2511E-01     117.4    270.8
2017 12  1   335   18 49  0     68.88    0.2480E-01     117.8    270.8
2017 12  1   335   18 50  0     68.98    0.2458E-01     119.4    272.0
2017 12  1   335   18 51  0     69.08    0.2428E-01     119.3    270.2
2017 12  1   335   18 52  0     69.18    0.2389E-01     118.8    270.1
2017 12  1   335   18 53  0     69.28    0.2355E-01     118.1    269.7
2017 12  1   335   18 54  0     69.38    0.2323E-01     118.4    269.5
2017 12  1   335   18 55  0     69.48    0.2291E-01     118.3    269.2
2017 12  1   335   18 56  0     69.58    0.2255E-01     117.5    268.8
2017 12  1   335   18 57  0     69.68    0.2221E-01     117.0    268.3
2017 12  1   335   18 58  0     69.78    0.2186E-01     117.2    268.5
2017 12  1   335   18 59  0     69.88    0.2156E-01     116.5    267.7
2017 12  1   335   19  0  0     69.98    0.2122E-01     116.1    267.3
2017 12  1   335   19  1  0     70.09    0.2088E-01     115.7    267.1
2017 12  1   335   19  2  0     70.19    0.2059E-01     116.6    267.2
2017 12  1   335   19  3  0     70.30    0.2029E-01     117.0    267.0
2017 12  1   335   19  4  0     70.40    0.2003E-01     118.2    266.8
2017 12  1   335   19  5  0     70.51    0.1971E-01     118.3    266.6
2017 12  1   335   19  6  0     70.62    0.1940E-01     118.8    266.6
2017 12  1   335   19  7  0     70.72    0.1909E-01     118.3    266.0
2017 12  1   335   19  8  0     70.83    0.1875E-01     117.8    265.8
2017 12  1   335   19  9  0     70.94    0.1843E-01     117.6    265.5
2017 12  1   335   19 10  0     71.05    0.1817E-01     118.1    265.2
2017 12  1   335   19 11  0     71.16    0.1789E-01     118.3    264.8
2017 12  1   335   19 12  0     71.27    0.1759E-01     118.3    264.6
2017 12  1   335   19 13  0     71.38    0.1729E-01     118.0    264.1
2017 12  1   335   19 14  0     71.49    0.1698E-01     117.8    263.7
2017 12  1   335   19 15  0     71.60    0.1667E-01     117.4    263.4
2017 12  1   335   19 16  0     71.72    0.1639E-01     117.4    262.8
2017 12  1   335   19 17  0     71.83    0.1612E-01     116.9    262.1
2017 12  1   335   19 18  0     71.94    0.1582E-01     116.4    261.7
2017 12  1   335   19 19  0     72.06    0.1555E-01     116.4    261.2
2017 12  1   335   19 20  0     72.17    0.1527E-01     116.6    260.8
2017 12  1   335   19 21  0     72.29    0.1497E-01     116.4    260.7
2017 12  1   335   19 22  0     72.40    0.1471E-01     116.5    260.2
2017 12  1   335   19 23  0     72.52    0.1443E-01     116.2    259.9
2017 12  1   335   19 24  0     72.64    0.1415E-01     116.1    259.4
2017 12  1   335   19 25  0     72.75    0.1386E-01     116.1    259.3
2017 12  1   335   19 26  0     72.87    0.1361E-01     115.9    258.5
2017 12  1   335   19 27  0     72.99    0.1335E-01     116.0    258.2
2017 12  1   335   19 28  0     73.11    0.1310E-01     116.4    257.3
2017 12  1   335   19 29  0     73.23    0.1287E-01     116.6    256.5
2017 12  1   335   19 30  0     73.35    0.1264E-01     116.7    255.8
2017 12  1   335   19 31  0     73.47    0.1240E-01     116.8    256.1
2017 12  1   335   19 32  0     73.59    0.1215E-01     116.6    255.7
2017 12  1   335   19 33  0     73.71    0.1192E-01     116.4    254.7
2017 12  1   335   19 34  0     73.84    0.1167E-01     116.0    254.2
2017 12  1   335   19 35  0     73.96    0.1144E-01     116.4    253.6
2017 12  1   335   19 36  0     74.08    0.1117E-01     117.2    253.0
2017 12  1   335   19 37  0     74.20    0.1096E-01     117.4    252.0
2017 12  1   335   19 38  0     74.33    0.1074E-01     117.3    251.1
2017 12  1   335   19 39  0     74.45    0.1052E-01     117.3    250.2
2017 12  1   335   19 40  0     74.58    0.1031E-01     117.5    249.3
2017 12  1   335   19 41  0     74.71    0.1009E-01     117.7    248.7
2017 12  1   335   19 42  0     74.83    0.9879E-02     117.9    247.7
2017 12  1   335   19 43  0     74.96    0.9656E-02     118.1    247.3
2017 12  1   335   19 44  0     75.09    0.9443E-02     118.0    246.6
2017 12  1   335   19 45  0     75.21    0.9251E-02     117.9    245.3
2017 12  1   335   19 46  0     75.34    0.9050E-02     117.8    244.3
2017 12  1   335   19 47  0     75.47    0.8799E-02     117.5    244.5
2017 12  1   335   19 48  0     75.60    0.8608E-02     117.1    243.2
2017 12  1   335   19 49  0     75.73    0.8404E-02     116.5    242.1
2017 12  1   335   19 50  0     75.86    0.8225E-02     116.0    240.7
2017 12  1   335   19 51  0     75.99    0.8038E-02     116.0    239.6
2017 12  1   335   19 52  0     76.12    0.7874E-02     116.1    237.9
2017 12  1   335   19 53  0     76.25    0.7678E-02     116.3    237.3
2017 12  1   335   19 54  0     76.39    0.7481E-02     116.1    237.0
2017 12  1   335   19 55  0     76.52    0.7299E-02     116.3    236.1
2017 12  1   335   19 56  0     76.65    0.7121E-02     116.4    235.2
2017 12  1   335   19 57  0     76.79    0.6955E-02     116.2    234.2
2017 12  1   335   19 58  0     76.92    0.6775E-02     116.2    233.5
2017 12  1   335   19 59  0     77.05    0.6627E-02     116.1    230.8
2017 12  1   335   20  0  0     77.19    0.6466E-02     116.1    229.6
2017 12  1   335   20  1  0     77.32    0.6286E-02     116.2    229.0
2017 12  1   335   20  2  0     77.46    0.6166E-02     116.4    226.6
2017 12  1   335   20  3  0     77.60    0.5973E-02     116.5    226.4
2017 12  1   335   20  4  0     77.73    0.5820E-02     116.4    225.2
2017 12  1   335   20  5  0     77.87    0.5676E-02     116.3    223.6
2017 12  1   335   20  6  0     78.01    0.5535E-02     116.5    221.9
2017 12  1   335   20  7  0     78.15    0.5411E-02     116.9    220.1
2017 12  1   335   20  8  0     78.28    0.5283E-02     117.3    218.4
2017 12  1   335   20  9  0     78.42    0.5128E-02     117.6    217.9
2017 12  1   335   20 10  0     78.56    0.5014E-02     117.3    215.6
2017 12  1   335   20 11  0     78.70    0.4873E-02     116.6    214.5
2017 12  1   335   20 12  0     78.84    0.4733E-02     116.7    213.4
2017 12  1   335   20 13  0     78.98    0.4598E-02     116.6    212.2
2017 12  1   335   20 14  0     79.12    0.4508E-02     116.3    208.5
2017 12  1   335   20 15  0     79.26    0.4360E-02     116.2    208.0
2017 12  1   335   20 16  0     79.41    0.4248E-02     116.3    206.1
2017 12  1   335   20 17  0     79.55    0.4156E-02     116.4    203.4
2017 12  1   335   20 18  0     79.69    0.4019E-02     116.3    202.9
2017 12  1   335   20 19  0     79.83    0.3929E-02     116.4    200.5
2017 12  1   335   20 20  0     79.98    0.3837E-02     116.2    198.1
2017 12  1   335   20 21  0     80.12    0.3746E-02     116.3    195.3
2017 12  1   335   20 22  0     80.26    0.3648E-02     116.5    193.5
2017 12  1   335   20 23  0     80.41    0.3524E-02     116.5    192.7
2017 12  1   335   20 24  0     80.55    0.3441E-02     116.6    190.0
2017 12  1   335   20 25  0     80.70    0.3352E-02     116.8    187.9
2017 12  1   335   20 26  0     80.84    0.3275E-02     117.0    185.1
2017 12  1   335   20 27  0     80.99    0.3163E-02     117.3    184.0
2017 12  1   335   20 28  0     81.14    0.3111E-02     117.3    180.2
2017 12  1   335   20 29  0     81.28    0.3018E-02     117.4    178.4
2017 12  1   335   20 30  0     81.43    0.2926E-02     117.4    176.5
2017 12  1   335   20 31  0     81.58    0.2852E-02     117.3    173.8
2017 12  1   335   20 32  0     81.73    0.2772E-02     117.5    171.6
2017 12  1   335   20 33  0     81.88    0.2695E-02     117.7    169.2
2017 12  1   335   20 34  0     82.02    0.2615E-02     117.8    167.1
2017 12  1   335   20 35  0     82.17    0.2559E-02     117.8    163.7
2017 12  1   335   20 36  0     82.32    0.2475E-02     117.6    162.1
2017 12  1   335   20 37  0     82.47    0.2404E-02     117.5    159.6
2017 12  1   335   20 38  0     82.62    0.2360E-02     117.4    155.8
2017 12  1   335   20 39  0     82.77    0.2280E-02     117.4    153.8
2017 12  1   335   20 40  0     82.92    0.2207E-02     117.6    151.8
2017 12  1   335   20 41  0     83.08    0.2169E-02     117.5    147.6
2017 12  1   335   20 42  0     83.23    0.2121E-02     117.3    144.3
2017 12  1   335   20 43  0     83.38    0.2071E-02     117.1    141.2
2017 12  1   335   20 44  0     83.53    0.2029E-02     117.0    137.6
2017 12  1   335   20 45  0     83.68    0.1979E-02     116.8    134.7
2017 12  1   335   20 46  0     83.84    0.1921E-02     116.7    132.2
2017 12  1   335   20 47  0     83.99    0.1863E-02     116.6    129.9
2017 12  1   335   20 48  0     84.14    0.1824E-02     116.7    126.8
2017 12  1   335   20 49  0     84.30    0.1758E-02     116.9    125.4
2017 12  1   335   20 50  0     84.45    0.1703E-02     117.4    123.5
2017 12  1   335   20 51  0     84.61    0.1686E-02     117.7    119.2
2017 12  1   335   20 52  0     84.76    0.1641E-02     118.0    116.6
2017 12  1   335   20 53  0     84.92    0.1596E-02     118.3    114.8
2017 12  1   335   20 54  0     85.07    0.1572E-02     118.4    111.6
2017 12  1   335   20 55  0     85.23    0.1544E-02     118.2    108.9
2017 12  1   335   20 56  0     85.39    0.1496E-02     118.2    107.3
2017 12  1   335   20 57  0     85.54    0.1485E-02     118.0    103.7
2017 12  1   335   20 58  0     85.70    0.1421E-02     117.8    102.9
2017 12  1   335   20 59  0     85.86    0.1415E-02     117.8     99.2
2017 12  1   335   21  0  0     86.01    0.1360E-02     117.8     97.7
2017 12  1   335   21  1  0     86.17    0.1342E-02     117.5     94.8
2017 12  1   335   21  2  0     86.33    0.1312E-02     117.2     92.6
2017 12  1   335   21  3  0     86.49    0.1285E-02     116.8     90.2
2017 12  1   335   21  4  0     86.65    0.1276E-02     116.6     86.7
2017 12  1   335   21  5  0     86.81    0.1258E-02     116.5     83.8
2017 12  1   335   21  6  0     86.97    0.1232E-02     116.5     81.3
2017 12  1   335   21  7  0     87.13    0.1208E-02     116.4     79.2
2017 12  1   335   21  8  0     87.29    0.1193E-02     116.1     76.4
2017 12  1   335   21  9  0     87.45    0.1163E-02     115.9     74.6
2017 12  1   335   21 10  0     87.61    0.1129E-02     115.7     72.9
2017 12  1   335   21 11  0     87.77    0.1104E-02     115.6     70.6
2017 12  1   335   21 12  0     87.93    0.1090E-02     115.7     67.6
2017 12  1   335   21 13  0     88.09    0.1043E-02     115.3     66.9
2017 12  1   335   21 14  0     88.25    0.1043E-02     114.8     63.8
2017 12  1   335   21 15  0     88.41    0.1032E-02     114.3     61.2
2017 12  1   335   21 16  0     88.58    0.1011E-02     113.9     58.9
2017 12  1   335   21 17  0     88.74    0.1003E-02     113.8     55.9
2017 12  1   335   21 18  0     88.90    0.9662E-03     113.8     54.5
2017 12  1   335   21 19  0     89.06    0.9547E-03     113.3     51.9
2017 12  1   335   21 20  0     89.23    0.9524E-03     112.4     49.3
2017 12  1   335   21 21  0     89.39    0.9296E-03     111.4     47.6
2017 12  1   335   21 22  0     89.56    0.9138E-03     110.5     45.3
2017 12  1   335   21 23  0     89.72    0.8772E-03     109.8     43.9
2017 12  1   335   21 24  0     89.88    0.8765E-03     109.3     40.5
