                            NILUUV 115

Uvpro Version 2.0
Latitude :   40.74 (North)
Longitude:  -74.03  (West)
Calibration file: cf100603a.115
Height above sea level:    40.0  m
CLT derived from channel 5
CLT scale factor used:   1.0
Ozone derived from channel pair ch3/ch1
Ozone scale factor used:   1.0
Drift factors ch1-ch6:   0.437  0.414  0.579  0.590  0.405  0.902
Ozone profile climatology: Mid  Latitude
Dose type:    CLW    Caldwell Plant 1971           

yyyy mm dd   jul   hh mm ss      SZA     dose rate       clt     Ozone
                              [degrees]   [W/m^2]        [%]     [DU]
2017  9 29   272   10 56  0     89.97    0.9280E-03     104.9     32.6
2017  9 29   272   10 57  0     89.78    0.9514E-03     105.5     34.8
2017  9 29   272   10 58  0     89.59    0.9610E-03     106.5     37.5
2017  9 29   272   10 59  0     89.40    0.9469E-03     107.6     41.5
2017  9 29   272   11  0  0     89.21    0.9868E-03     108.9     42.9
2017  9 29   272   11  1  0     89.02    0.9913E-03     110.6     45.7
2017  9 29   272   11  2  0     88.83    0.1007E-02     110.8     48.6
2017  9 29   272   11  3  0     88.64    0.1022E-02     111.3     51.6
2017  9 29   272   11  4  0     88.45    0.1044E-02     112.0     54.3
2017  9 29   272   11  5  0     88.27    0.1059E-02     113.0     57.4
2017  9 29   272   11  6  0     88.08    0.1093E-02     113.9     59.5
2017  9 29   272   11  7  0     87.89    0.1099E-02     114.4     63.1
2017  9 29   272   11  8  0     87.70    0.1124E-02     114.6     66.1
2017  9 29   272   11  9  0     87.51    0.1145E-02     114.9     69.3
2017  9 29   272   11 10  0     87.32    0.1168E-02     115.6     72.3
2017  9 29   272   11 11  0     87.13    0.1199E-02     116.2     75.0
2017  9 29   272   11 12  0     86.95    0.1223E-02     116.6     78.3
2017  9 29   272   11 13  0     86.76    0.1252E-02     116.6     81.4
2017  9 29   272   11 14  0     86.57    0.1263E-02     116.7     85.5
2017  9 29   272   11 15  0     86.38    0.1298E-02     116.9     88.3
2017  9 29   272   11 16  0     86.19    0.1334E-02     117.1     91.1
2017  9 29   272   11 17  0     86.01    0.1371E-02     117.3     93.8
2017  9 29   272   11 18  0     85.82    0.1404E-02     117.2     97.7
2017  9 29   272   11 19  0     85.63    0.1424E-02     117.2    101.7
2017  9 29   272   11 20  0     85.44    0.1507E-02     117.2    102.7
2017  9 29   272   11 21  0     85.25    0.1540E-02     117.2    106.0
2017  9 29   272   11 22  0     85.07    0.1568E-02     117.2    109.8
2017  9 29   272   11 23  0     84.88    0.1636E-02     117.0    111.9
2017  9 29   272   11 24  0     84.69    0.1676E-02     117.0    115.8
2017  9 29   272   11 25  0     84.50    0.1744E-02     117.2    118.0
2017  9 29   272   11 26  0     84.32    0.1790E-02     117.1    122.1
2017  9 29   272   11 27  0     84.13    0.1843E-02     117.0    126.0
2017  9 29   272   11 28  0     83.94    0.1912E-02     117.0    129.1
2017  9 29   272   11 29  0     83.76    0.1968E-02     117.0    133.3
2017  9 29   272   11 30  0     83.57    0.2035E-02     116.9    136.9
2017  9 29   272   11 31  0     83.38    0.2104E-02     117.0    140.8
2017  9 29   272   11 32  0     83.20    0.2186E-02     117.0    143.9
2017  9 29   272   11 33  0     83.01    0.2270E-02     117.0    146.9
2017  9 29   272   11 34  0     82.82    0.2353E-02     116.8    150.6
2017  9 29   272   11 35  0     82.64    0.2435E-02     116.7    154.4
2017  9 29   272   11 36  0     82.45    0.2546E-02     116.5    156.5
2017  9 29   272   11 37  0     82.26    0.2637E-02     116.2    160.0
2017  9 29   272   11 38  0     82.08    0.2725E-02     116.1    163.6
2017  9 29   272   11 39  0     81.89    0.2812E-02     115.9    167.4
2017  9 29   272   11 40  0     81.70    0.2919E-02     115.5    170.5
2017  9 29   272   11 41  0     81.52    0.3061E-02     115.3    171.8
2017  9 29   272   11 42  0     81.33    0.3166E-02     115.1    175.3
2017  9 29   272   11 43  0     81.15    0.3289E-02     114.9    178.0
2017  9 29   272   11 44  0     80.96    0.3417E-02     114.8    180.6
2017  9 29   272   11 45  0     80.78    0.3541E-02     114.7    183.5
2017  9 29   272   11 46  0     80.59    0.3687E-02     114.5    185.5
2017  9 29   272   11 47  0     80.41    0.3843E-02     114.3    187.2
2017  9 29   272   11 48  0     80.22    0.3966E-02     114.0    190.6
2017  9 29   272   11 49  0     80.03    0.4109E-02     114.0    193.2
2017  9 29   272   11 50  0     79.85    0.4275E-02     113.8    195.7
2017  9 29   272   11 51  0     79.66    0.4457E-02     113.5    196.9
2017  9 29   272   11 52  0     79.48    0.4598E-02     113.3    200.0
2017  9 29   272   11 53  0     79.30    0.4787E-02     113.2    201.3
2017  9 29   272   11 54  0     79.11    0.4965E-02     113.0    203.1
2017  9 29   272   11 55  0     78.93    0.5140E-02     112.8    205.3
2017  9 29   272   11 56  0     78.74    0.5327E-02     112.8    207.3
2017  9 29   272   11 57  0     78.56    0.5525E-02     112.8    209.1
2017  9 29   272   11 58  0     78.38    0.5744E-02     112.5    210.3
2017  9 29   272   11 59  0     78.19    0.5957E-02     112.3    211.8
2017  9 29   272   12  0  0     78.01    0.6168E-02     112.2    213.5
2017  9 29   272   12  1  0     77.83    0.6390E-02     111.9    215.6
2017  9 29   272   12  2  0     77.64    0.6626E-02     111.6    216.9
2017  9 29   272   12  3  0     77.46    0.6869E-02     111.4    218.1
2017  9 29   272   12  4  0     77.28    0.7109E-02     111.5    219.6
2017  9 29   272   12  5  0     77.09    0.7368E-02     111.6    220.7
2017  9 29   272   12  6  0     76.91    0.7615E-02     111.9    222.4
2017  9 29   272   12  7  0     76.73    0.7899E-02     112.0    223.2
2017  9 29   272   12  8  0     76.54    0.8171E-02     111.7    224.4
2017  9 29   272   12  9  0     76.36    0.8450E-02     111.6    225.6
2017  9 29   272   12 10  0     76.18    0.8733E-02     111.5    226.8
2017  9 29   272   12 11  0     76.00    0.9038E-02     111.8    227.8
2017  9 29   272   12 12  0     75.82    0.9321E-02     111.9    229.5
2017  9 29   272   12 13  0     75.63    0.9635E-02     111.3    230.4
2017  9 29   272   12 14  0     75.45    0.9944E-02     111.3    231.7
2017  9 29   272   12 15  0     75.27    0.1028E-01     111.4    232.6
2017  9 29   272   12 16  0     75.09    0.1063E-01     111.6    233.4
2017  9 29   272   12 17  0     74.91    0.1097E-01     111.7    235.2
2017  9 29   272   12 18  0     74.73    0.1133E-01     111.4    235.8
2017  9 29   272   12 19  0     74.55    0.1171E-01     111.4    236.1
2017  9 29   272   12 20  0     74.37    0.1211E-01     112.4    236.8
2017  9 29   272   12 21  0     74.19    0.1247E-01     112.5    237.4
2017  9 29   272   12 22  0     74.01    0.1286E-01     112.6    238.2
2017  9 29   272   12 23  0     73.83    0.1325E-01     112.4    239.2
2017  9 29   272   12 24  0     73.65    0.1367E-01     112.1    239.5
2017  9 29   272   12 25  0     73.47    0.1406E-01     112.0    240.5
2017  9 29   272   12 26  0     73.29    0.1454E-01     112.5    240.5
2017  9 29   272   12 27  0     73.11    0.1498E-01     112.3    241.0
2017  9 29   272   12 28  0     72.93    0.1541E-01     112.5    241.9
2017  9 29   272   12 29  0     72.75    0.1589E-01     112.7    242.4
2017  9 29   272   12 30  0     72.57    0.1633E-01     112.3    243.1
2017  9 29   272   12 31  0     72.39    0.1681E-01     112.6    243.7
2017  9 29   272   12 32  0     72.22    0.1734E-01     112.6    243.8
2017  9 29   272   12 33  0     72.04    0.1785E-01     111.9    243.9
2017  9 29   272   12 34  0     71.86    0.1837E-01     112.4    244.5
2017  9 29   272   12 35  0     71.68    0.1889E-01     112.7    245.2
2017  9 29   272   12 36  0     71.51    0.1945E-01     112.5    245.3
2017  9 29   272   12 37  0     71.33    0.1997E-01     111.7    245.5
2017  9 29   272   12 38  0     71.15    0.2048E-01     111.6    246.1
2017  9 29   272   12 39  0     70.98    0.2106E-01     111.9    246.4
2017  9 29   272   12 40  0     70.80    0.2166E-01     112.3    246.7
2017  9 29   272   12 41  0     70.62    0.2227E-01     112.5    247.1
2017  9 29   272   12 42  0     70.45    0.2289E-01     113.2    247.5
2017  9 29   272   12 43  0     70.27    0.2343E-01     111.6    247.5
2017  9 29   272   12 44  0     70.10    0.2403E-01     111.5    247.7
2017  9 29   272   12 45  0     69.92    0.2472E-01     112.4    248.0
2017  9 29   272   12 46  0     69.75    0.2522E-01     110.4    248.2
2017  9 29   272   12 47  0     69.57    0.2504E-01      95.2    246.8
2017  9 29   272   12 48  0     69.40    0.2468E-01      79.0    245.1
2017  9 29   272   12 49  0     69.22    0.2691E-01     107.6    248.9
2017  9 29   272   12 50  0     69.05    0.2790E-01     112.0    249.5
2017  9 29   272   12 51  0     68.87    0.2856E-01     111.8    249.8
2017  9 29   272   12 52  0     68.70    0.2928E-01     111.9    250.2
2017  9 29   272   12 53  0     68.53    0.2983E-01     109.7    250.1
2017  9 29   272   12 54  0     68.35    0.3053E-01     109.5    250.3
2017  9 29   272   12 55  0     68.18    0.3132E-01     110.4    250.6
2017  9 29   272   12 56  0     68.01    0.3216E-01     111.6    251.0
2017  9 29   272   12 57  0     67.84    0.3294E-01     112.3    251.4
2017  9 29   272   12 58  0     67.66    0.3374E-01     112.5    251.6
2017  9 29   272   12 59  0     67.49    0.3454E-01     112.5    251.8
2017  9 29   272   13  0  0     67.32    0.3532E-01     112.3    252.0
2017  9 29   272   13  1  0     67.15    0.3607E-01     111.6    252.0
2017  9 29   272   13  2  0     66.98    0.3683E-01     111.6    253.6
2017  9 29   272   13  3  0     66.81    0.3770E-01     112.1    252.6
2017  9 29   272   13  4  0     66.64    0.3857E-01     112.4    252.8
2017  9 29   272   13  5  0     66.47    0.3931E-01     112.0    253.1
2017  9 29   272   13  6  0     66.30    0.4013E-01     111.4    253.2
2017  9 29   272   13  7  0     66.13    0.4099E-01     111.5    253.3
2017  9 29   272   13  8  0     65.96    0.4179E-01     111.0    254.6
2017  9 29   272   13  9  0     65.79    0.4017E-01      89.6    250.9
2017  9 29   272   13 10  0     65.62    0.4270E-01     105.6    253.2
2017  9 29   272   13 11  0     65.46    0.4418E-01     110.0    253.8
2017  9 29   272   13 12  0     65.29    0.4512E-01     110.3    253.9
2017  9 29   272   13 13  0     65.12    0.4593E-01     110.1    254.1
2017  9 29   272   13 14  0     64.95    0.4688E-01     110.5    255.1
2017  9 29   272   13 15  0     64.79    0.4786E-01     110.9    255.3
2017  9 29   272   13 16  0     64.62    0.4901E-01     112.1    254.7
2017  9 29   272   13 17  0     64.45    0.5010E-01     112.9    254.9
2017  9 29   272   13 18  0     64.29    0.5102E-01     112.8    255.1
2017  9 29   272   13 19  0     64.12    0.5203E-01     112.9    255.2
2017  9 29   272   13 20  0     63.96    0.5302E-01     113.2    256.1
2017  9 29   272   13 21  0     63.79    0.5408E-01     113.7    256.3
2017  9 29   272   13 22  0     63.63    0.5525E-01     114.3    256.4
2017  9 29   272   13 23  0     63.46    0.5628E-01     113.0    255.7
2017  9 29   272   13 24  0     63.30    0.5761E-01     113.2    255.7
2017  9 29   272   13 25  0     63.13    0.5944E-01     116.6    256.1
2017  9 29   272   13 26  0     62.97    0.6061E-01     117.0    256.8
2017  9 29   272   13 27  0     62.81    0.6137E-01     115.9    256.8
2017  9 29   272   13 28  0     62.65    0.6239E-01     116.0    256.9
2017  9 29   272   13 29  0     62.48    0.6338E-01     115.2    257.0
2017  9 29   272   13 30  0     62.32    0.6456E-01     115.5    256.5
2017  9 29   272   13 31  0     62.16    0.6563E-01     115.7    256.6
2017  9 29   272   13 32  0     62.00    0.6645E-01     115.2    257.2
2017  9 29   272   13 33  0     61.84    0.6646E-01     111.3    257.0
2017  9 29   272   13 34  0     61.68    0.6686E-01     108.2    256.7
2017  9 29   272   13 35  0     61.52    0.6707E-01     105.2    256.7
2017  9 29   272   13 36  0     61.36    0.6719E-01     100.8    255.6
2017  9 29   272   13 37  0     61.20    0.6970E-01     106.4    256.2
2017  9 29   272   13 38  0     61.04    0.6981E-01     102.7    256.0
2017  9 29   272   13 39  0     60.88    0.7145E-01     105.5    257.0
2017  9 29   272   13 40  0     60.72    0.7268E-01     105.9    257.2
2017  9 29   272   13 41  0     60.57    0.7300E-01     102.6    256.9
2017  9 29   272   13 42  0     60.41    0.7723E-01     114.6    258.2
2017  9 29   272   13 43  0     60.25    0.7548E-01     104.8    256.9
2017  9 29   272   13 44  0     60.10    0.7804E-01     109.6    257.4
2017  9 29   272   13 45  0     59.94    0.7851E-01     107.1    257.7
2017  9 29   272   13 46  0     59.79    0.8226E-01     114.9    258.4
2017  9 29   272   13 47  0     59.63    0.8258E-01     113.1    258.4
2017  9 29   272   13 48  0     59.48    0.8019E-01     103.5    257.7
2017  9 29   272   13 49  0     59.32    0.7661E-01      89.8    255.8
2017  9 29   272   13 50  0     59.17    0.7889E-01      92.6    256.2
2017  9 29   272   13 51  0     59.01    0.8028E-01      92.7    256.2
2017  9 29   272   13 52  0     58.86    0.8242E-01      94.7    257.1
2017  9 29   272   13 53  0     58.71    0.8998E-01     111.7    258.7
2017  9 29   272   13 54  0     58.56    0.9301E-01     115.7    259.1
2017  9 29   272   13 55  0     58.40    0.9460E-01     116.2    259.2
2017  9 29   272   13 56  0     58.25    0.9586E-01     116.0    259.3
2017  9 29   272   13 57  0     58.10    0.9718E-01     116.0    259.1
2017  9 29   272   13 58  0     57.95    0.9853E-01     116.0    259.3
2017  9 29   272   13 59  0     57.80    0.9982E-01     116.0    259.4
2017  9 29   272   14  0  0     57.65    0.1010E+00     115.7    259.5
2017  9 29   272   14  1  0     57.51    0.1024E+00     115.8    259.5
2017  9 29   272   14  2  0     57.36    0.1037E+00     115.8    259.7
2017  9 29   272   14  3  0     57.21    0.1050E+00     115.8    259.8
2017  9 29   272   14  4  0     57.06    0.1061E+00     115.5    259.9
2017  9 29   272   14  5  0     56.92    0.1075E+00     115.5    259.9
2017  9 29   272   14  6  0     56.77    0.1089E+00     115.9    260.2
2017  9 29   272   14  7  0     56.62    0.1103E+00     115.8    260.1
2017  9 29   272   14  8  0     56.48    0.1118E+00     116.2    260.2
2017  9 29   272   14  9  0     56.34    0.1133E+00     116.4    260.3
2017  9 29   272   14 10  0     56.19    0.1145E+00     116.1    260.3
2017  9 29   272   14 11  0     56.05    0.1158E+00     116.1    260.4
2017  9 29   272   14 12  0     55.91    0.1172E+00     116.1    260.4
2017  9 29   272   14 13  0     55.76    0.1188E+00     116.5    260.5
2017  9 29   272   14 14  0     55.62    0.1201E+00     116.4    260.5
2017  9 29   272   14 15  0     55.48    0.1213E+00     115.9    260.5
2017  9 29   272   14 16  0     55.34    0.1226E+00     115.9    260.6
2017  9 29   272   14 17  0     55.20    0.1241E+00     116.1    260.7
2017  9 29   272   14 18  0     55.06    0.1258E+00     116.7    260.8
2017  9 29   272   14 19  0     54.92    0.1272E+00     116.9    260.8
2017  9 29   272   14 20  0     54.78    0.1287E+00     116.9    260.8
2017  9 29   272   14 21  0     54.64    0.1302E+00     117.0    260.8
2017  9 29   272   14 22  0     54.51    0.1318E+00     117.2    260.8
2017  9 29   272   14 23  0     54.37    0.1335E+00     117.7    260.8
2017  9 29   272   14 24  0     54.23    0.1348E+00     117.8    260.9
2017  9 29   272   14 25  0     54.10    0.1361E+00     117.9    260.9
2017  9 29   272   14 26  0     53.96    0.1376E+00     118.3    260.9
2017  9 29   272   14 27  0     53.83    0.1389E+00     118.4    261.0
2017  9 29   272   14 28  0     53.69    0.1404E+00     118.6    261.0
2017  9 29   272   14 29  0     53.56    0.1416E+00     118.4    261.0
2017  9 29   272   14 30  0     53.43    0.1427E+00     118.2    261.1
2017  9 29   272   14 31  0     53.30    0.1447E+00     119.4    261.2
2017  9 29   272   14 32  0     53.17    0.1466E+00     120.5    261.4
2017  9 29   272   14 33  0     53.03    0.1460E+00     118.2    261.4
2017  9 29   272   14 34  0     52.90    0.1498E+00     123.5    262.3
2017  9 29   272   14 35  0     52.77    0.1528E+00     126.2    262.4
2017  9 29   272   14 36  0     52.65    0.1526E+00     125.3    262.6
2017  9 29   272   14 37  0     52.52    0.1519E+00     123.3    262.7
2017  9 29   272   14 38  0     52.39    0.1549E+00     125.5    262.8
2017  9 29   272   14 39  0     52.26    0.1562E+00     125.3    262.9
2017  9 29   272   14 40  0     52.14    0.1568E+00     125.0    263.1
2017  9 29   272   14 41  0     52.01    0.1559E+00     123.5    263.4
2017  9 29   272   14 42  0     51.89    0.1564E+00     124.1    263.7
2017  9 29   272   14 43  0     51.76    0.1570E+00     124.4    264.0
2017  9 29   272   14 44  0     51.64    0.1559E+00     122.7    264.1
2017  9 29   272   14 45  0     51.52    0.1546E+00     120.6    264.3
2017  9 29   272   14 46  0     51.39    0.1543E+00     119.6    264.4
2017  9 29   272   14 47  0     51.27    0.1541E+00     118.9    264.5
2017  9 29   272   14 48  0     51.15    0.1548E+00     119.4    264.8
2017  9 29   272   14 49  0     51.03    0.1559E+00     119.5    264.9
2017  9 29   272   14 50  0     50.91    0.1518E+00     109.6    263.6
2017  9 29   272   14 51  0     50.79    0.1533E+00     109.0    264.2
2017  9 29   272   14 52  0     50.68    0.1662E+00     121.0    264.4
2017  9 29   272   14 53  0     50.56    0.1746E+00     128.6    264.7
2017  9 29   272   14 54  0     50.44    0.1783E+00     130.8    264.8
2017  9 29   272   14 55  0     50.33    0.1808E+00     131.3    264.7
2017  9 29   272   14 56  0     50.21    0.1812E+00     129.9    264.6
2017  9 29   272   14 57  0     50.10    0.1810E+00     128.2    264.6
2017  9 29   272   14 58  0     49.99    0.1819E+00     127.7    264.7
2017  9 29   272   14 59  0     49.88    0.1818E+00     126.4    264.7
2017  9 29   272   15  0  0     49.76    0.1826E+00     126.2    264.8
2017  9 29   272   15  1  0     49.65    0.1828E+00     125.3    264.8
2017  9 29   272   15  2  0     49.54    0.1837E+00     124.3    264.6
2017  9 29   272   15  3  0     49.43    0.1852E+00     124.0    264.4
2017  9 29   272   15  4  0     49.33    0.1872E+00     124.1    264.3
2017  9 29   272   15  5  0     49.22    0.1905E+00     125.4    264.1
2017  9 29   272   15  6  0     49.11    0.1818E+00     112.0    262.5
2017  9 29   272   15  7  0     49.00    0.1706E+00     100.8    263.3
2017  9 29   272   15  8  0     48.90    0.1957E+00     124.4    263.8
2017  9 29   272   15  9  0     48.80    0.1961E+00     122.7    263.7
2017  9 29   272   15 10  0     48.69    0.1967E+00     122.2    263.7
2017  9 29   272   15 11  0     48.59    0.1972E+00     121.6    263.8
2017  9 29   272   15 12  0     48.49    0.1996E+00     122.9    263.9
2017  9 29   272   15 13  0     48.39    0.1982E+00     119.3    263.4
2017  9 29   272   15 14  0     48.29    0.1460E+00      64.1    259.3
2017  9 29   272   15 15  0     48.19    0.1389E+00      57.2    259.0
2017  9 29   272   15 16  0     48.09    0.1403E+00      58.0    259.3
2017  9 29   272   15 17  0     47.99    0.1432E+00      59.6    259.6
2017  9 29   272   15 18  0     47.90    0.1458E+00      61.2    259.9
2017  9 29   272   15 19  0     47.80    0.1566E+00      70.6    261.0
2017  9 29   272   15 20  0     47.70    0.1726E+00      87.0    263.3
2017  9 29   272   15 21  0     47.61    0.2157E+00     126.1    264.7
2017  9 29   272   15 22  0     47.52    0.2176E+00     125.5    264.5
2017  9 29   272   15 23  0     47.43    0.2186E+00     124.9    264.4
2017  9 29   272   15 24  0     47.33    0.2195E+00     124.0    264.3
2017  9 29   272   15 25  0     47.24    0.2212E+00     123.9    264.2
2017  9 29   272   15 26  0     47.16    0.2223E+00     123.3    264.1
2017  9 29   272   15 27  0     47.07    0.2228E+00     122.2    263.9
2017  9 29   272   15 28  0     46.98    0.2244E+00     122.5    263.9
2017  9 29   272   15 29  0     46.89    0.2268E+00     123.8    264.1
2017  9 29   272   15 30  0     46.81    0.2284E+00     124.4    264.2
2017  9 29   272   15 31  0     46.72    0.2302E+00     125.2    264.3
2017  9 29   272   15 32  0     46.64    0.2309E+00     125.0    264.5
2017  9 29   272   15 33  0     46.56    0.2308E+00     124.4    264.6
2017  9 29   272   15 34  0     46.47    0.2315E+00     124.4    264.7
2017  9 29   272   15 35  0     46.39    0.2327E+00     124.7    264.9
2017  9 29   272   15 36  0     46.31    0.2335E+00     124.4    264.8
2017  9 29   272   15 37  0     46.23    0.2344E+00     124.2    264.8
2017  9 29   272   15 38  0     46.16    0.2356E+00     124.5    264.8
2017  9 29   272   15 39  0     46.08    0.2367E+00     125.0    265.0
2017  9 29   272   15 40  0     46.00    0.2380E+00     125.5    265.1
2017  9 29   272   15 41  0     45.93    0.2393E+00     125.9    265.2
2017  9 29   272   15 42  0     45.85    0.2400E+00     125.9    265.2
2017  9 29   272   15 43  0     45.78    0.2399E+00     125.5    265.3
2017  9 29   272   15 44  0     45.71    0.2387E+00     123.8    265.2
2017  9 29   272   15 45  0     45.64    0.1849E+00      76.0    261.7
2017  9 29   272   15 46  0     45.57    0.1999E+00      89.3    263.7
2017  9 29   272   15 47  0     45.50    0.2159E+00     103.5    265.5
2017  9 29   272   15 48  0     45.43    0.2370E+00     119.3    265.2
2017  9 29   272   15 49  0     45.37    0.1869E+00      76.4    262.4
2017  9 29   272   15 50  0     45.30    0.1617E+00      55.1    260.4
2017  9 29   272   15 51  0     45.23    0.1619E+00      55.5    261.0
2017  9 29   272   15 52  0     45.17    0.2231E+00     108.1    266.3
2017  9 29   272   15 53  0     45.11    0.2348E+00     115.8    265.8
2017  9 29   272   15 54  0     45.05    0.2015E+00      87.0    263.7
2017  9 29   272   15 55  0     44.99    0.1636E+00      57.7    262.5
2017  9 29   272   15 56  0     44.93    0.1718E+00      64.1    263.2
2017  9 29   272   15 57  0     44.87    0.1813E+00      72.7    264.8
2017  9 29   272   15 58  0     44.81    0.2478E+00     126.8    267.6
2017  9 29   272   15 59  0     44.76    0.2427E+00     120.6    266.4
2017  9 29   272   16  0  0     44.70    0.1699E+00      63.6    263.8
2017  9 29   272   16  1  0     44.65    0.1612E+00      57.0    263.3
2017  9 29   272   16  2  0     44.60    0.1587E+00      55.1    263.2
2017  9 29   272   16  3  0     44.54    0.1593E+00      55.6    263.2
2017  9 29   272   16  4  0     44.49    0.1600E+00      56.0    263.4
2017  9 29   272   16  5  0     44.44    0.1616E+00      56.9    263.5
2017  9 29   272   16  6  0     44.40    0.2460E+00     124.7    268.4
2017  9 29   272   16  7  0     44.35    0.2497E+00     123.9    267.1
2017  9 29   272   16  8  0     44.30    0.2361E+00     112.3    266.4
2017  9 29   272   16  9  0     44.26    0.2214E+00      98.9    265.2
2017  9 29   272   16 10  0     44.21    0.2266E+00     104.9    266.7
2017  9 29   272   16 11  0     44.17    0.2506E+00     123.3    267.2
2017  9 29   272   16 12  0     44.13    0.2506E+00     123.0    267.4
2017  9 29   272   16 13  0     44.09    0.2539E+00     124.7    267.4
2017  9 29   272   16 14  0     44.05    0.2516E+00     120.5    266.7
2017  9 29   272   16 15  0     44.01    0.2513E+00     120.0    267.2
2017  9 29   272   16 16  0     43.98    0.2585E+00     123.7    266.8
2017  9 29   272   16 17  0     43.94    0.2619E+00     125.0    266.7
2017  9 29   272   16 18  0     43.91    0.2602E+00     123.5    266.6
2017  9 29   272   16 19  0     43.87    0.2603E+00     123.3    266.7
2017  9 29   272   16 20  0     43.84    0.2619E+00     124.1    266.8
2017  9 29   272   16 21  0     43.81    0.2645E+00     126.0    267.1
2017  9 29   272   16 22  0     43.78    0.2675E+00     128.0    267.2
2017  9 29   272   16 23  0     43.75    0.2688E+00     128.8    267.2
2017  9 29   272   16 24  0     43.72    0.2669E+00     127.7    267.3
2017  9 29   272   16 25  0     43.70    0.2664E+00     127.3    267.4
2017  9 29   272   16 26  0     43.67    0.2681E+00     127.8    267.4
2017  9 29   272   16 27  0     43.65    0.2697E+00     127.9    267.1
2017  9 29   272   16 28  0     43.63    0.2687E+00     127.2    267.1
2017  9 29   272   16 29  0     43.60    0.2654E+00     125.4    267.1
2017  9 29   272   16 30  0     43.58    0.2618E+00     123.4    267.1
2017  9 29   272   16 31  0     43.56    0.2614E+00     123.8    267.2
2017  9 29   272   16 32  0     43.55    0.2605E+00     123.2    267.3
2017  9 29   272   16 33  0     43.53    0.2652E+00     128.0    267.8
2017  9 29   272   16 34  0     43.51    0.2656E+00     130.1    268.1
2017  9 29   272   16 35  0     43.50    0.2546E+00     122.7    267.7
2017  9 29   272   16 36  0     43.48    0.1879E+00      73.0    265.4
2017  9 29   272   16 37  0     43.47    0.1824E+00      71.0    266.7
2017  9 29   272   16 38  0     43.46    0.2334E+00     107.2    267.4
2017  9 29   272   16 39  0     43.45    0.2454E+00     118.4    269.2
2017  9 29   272   16 40  0     43.44    0.2392E+00     112.6    268.4
2017  9 29   272   16 41  0     43.44    0.2587E+00     129.6    269.7
2017  9 29   272   16 42  0     43.43    0.2633E+00     133.8    269.7
2017  9 29   272   16 43  0     43.42    0.2268E+00     105.2    268.5
2017  9 29   272   16 44  0     43.42    0.2609E+00     132.5    269.8
2017  9 29   272   16 45  0     43.42    0.2633E+00     134.3    269.9
2017  9 29   272   16 46  0     43.42    0.2555E+00     126.1    268.6
2017  9 29   272   16 47  0     43.42    0.2093E+00      91.9    268.0
2017  9 29   272   16 48  0     43.42    0.2352E+00     113.8    269.1
2017  9 29   272   16 49  0     43.42    0.1664E+00      60.7    264.7
2017  9 29   272   16 50  0     43.42    0.1556E+00      55.6    265.5
2017  9 29   272   16 51  0     43.43    0.1517E+00      54.0    265.7
2017  9 29   272   16 52  0     43.44    0.1518E+00      54.7    266.1
2017  9 29   272   16 53  0     43.44    0.1527E+00      55.8    266.4
2017  9 29   272   16 54  0     43.45    0.1530E+00      56.7    266.9
2017  9 29   272   16 55  0     43.46    0.1540E+00      58.3    267.5
2017  9 29   272   16 56  0     43.47    0.1545E+00      59.5    268.0
2017  9 29   272   16 57  0     43.48    0.1525E+00      59.6    268.6
2017  9 29   272   16 58  0     43.50    0.1487E+00      58.8    269.4
2017  9 29   272   16 59  0     43.51    0.1421E+00      56.2    270.0
2017  9 29   272   17  0  0     43.52    0.1379E+00      55.1    270.6
2017  9 29   272   17  1  0     43.54    0.1347E+00      54.5    271.1
2017  9 29   272   17  2  0     43.56    0.1771E+00      87.6    273.7
2017  9 29   272   17  3  0     43.58    0.2303E+00     127.6    273.1
2017  9 29   272   17  4  0     43.60    0.2154E+00     119.4    273.7
2017  9 29   272   17  5  0     43.62    0.1521E+00      71.2    270.9
2017  9 29   272   17  6  0     43.64    0.1251E+00      55.0    271.7
2017  9 29   272   17  7  0     43.67    0.1139E+00      49.3    272.1
2017  9 29   272   17  8  0     43.69    0.1025E+00      42.8    271.8
2017  9 29   272   17  9  0     43.72    0.9626E-01      39.9    272.8
2017  9 29   272   17 10  0     43.75    0.1023E+00      43.6    272.7
2017  9 29   272   17 11  0     43.77    0.1027E+00      44.3    272.8
2017  9 29   272   17 12  0     43.80    0.1037E+00      45.3    273.0
2017  9 29   272   17 13  0     43.84    0.1062E+00      47.0    273.3
2017  9 29   272   17 14  0     43.87    0.1107E+00      49.8    273.4
2017  9 29   272   17 15  0     43.90    0.1253E+00      61.0    274.3
2017  9 29   272   17 16  0     43.93    0.1189E+00      54.8    272.8
2017  9 29   272   17 17  0     43.97    0.1168E+00      52.9    273.1
2017  9 29   272   17 18  0     44.01    0.1144E+00      51.0    273.0
2017  9 29   272   17 19  0     44.05    0.1055E+00      45.4    273.3
2017  9 29   272   17 20  0     44.08    0.1065E+00      47.5    274.6
2017  9 29   272   17 21  0     44.12    0.1129E+00      51.8    273.6
2017  9 29   272   17 22  0     44.17    0.9710E-01      42.4    274.5
2017  9 29   272   17 23  0     44.21    0.8987E-01      37.9    274.6
2017  9 29   272   17 24  0     44.25    0.8903E-01      37.7    275.0
2017  9 29   272   17 25  0     44.30    0.1030E+00      46.7    275.1
2017  9 29   272   17 26  0     44.34    0.1144E+00      53.1    274.2
2017  9 29   272   17 27  0     44.39    0.1208E+00      56.8    274.1
2017  9 29   272   17 28  0     44.44    0.1614E+00      90.4    277.1
2017  9 29   272   17 29  0     44.49    0.2206E+00     136.0    276.4
2017  9 29   272   17 30  0     44.54    0.2020E+00     117.8    275.1
2017  9 29   272   17 31  0     44.59    0.2087E+00     124.8    275.5
2017  9 29   272   17 32  0     44.64    0.2059E+00     126.5    276.5
2017  9 29   272   17 33  0     44.69    0.1384E+00      69.8    272.9
2017  9 29   272   17 34  0     44.75    0.1170E+00      56.8    274.4
2017  9 29   272   17 35  0     44.80    0.1163E+00      57.9    274.9
2017  9 29   272   17 36  0     44.86    0.1102E+00      54.1    274.9
2017  9 29   272   17 37  0     44.92    0.1086E+00      52.8    275.0
2017  9 29   272   17 38  0     44.98    0.1095E+00      53.2    275.0
2017  9 29   272   17 39  0     45.04    0.1127E+00      54.8    274.8
2017  9 29   272   17 40  0     45.10    0.1192E+00      58.5    274.5
2017  9 29   272   17 41  0     45.16    0.1403E+00      75.8    276.2
2017  9 29   272   17 42  0     45.22    0.2077E+00     130.5    276.0
2017  9 29   272   17 43  0     45.29    0.2020E+00     120.1    274.0
2017  9 29   272   17 44  0     45.35    0.1836E+00     106.0    275.2
2017  9 29   272   17 45  0     45.42    0.2210E+00     136.8    274.6
2017  9 29   272   17 46  0     45.49    0.1880E+00     109.1    274.1
2017  9 29   272   17 47  0     45.56    0.1843E+00     107.3    274.4
2017  9 29   272   17 48  0     45.63    0.1379E+00      64.8    270.3
2017  9 29   272   17 49  0     45.70    0.1296E+00      59.9    271.8
2017  9 29   272   17 50  0     45.77    0.1304E+00      59.8    271.6
2017  9 29   272   17 51  0     45.84    0.1582E+00      85.4    274.1
2017  9 29   272   17 52  0     45.91    0.2199E+00     138.3    274.4
2017  9 29   272   17 53  0     45.99    0.1997E+00     120.8    273.6
2017  9 29   272   17 54  0     46.07    0.1491E+00      73.1    269.9
2017  9 29   272   17 55  0     46.14    0.1405E+00      65.7    269.8
2017  9 29   272   17 56  0     46.22    0.1365E+00      62.1    269.0
2017  9 29   272   17 57  0     46.30    0.1394E+00      66.0    269.8
2017  9 29   272   17 58  0     46.38    0.1277E+00      56.8    269.3
2017  9 29   272   17 59  0     46.46    0.1191E+00      51.7    269.7
2017  9 29   272   18  0  0     46.54    0.1173E+00      51.5    270.6
2017  9 29   272   18  1  0     46.62    0.1234E+00      55.9    270.7
2017  9 29   272   18  2  0     46.71    0.1299E+00      60.1    270.5
2017  9 29   272   18  3  0     46.79    0.1326E+00      61.7    270.0
2017  9 29   272   18  4  0     46.88    0.1321E+00      61.4    269.7
2017  9 29   272   18  5  0     46.96    0.1299E+00      60.1    269.5
2017  9 29   272   18  6  0     47.05    0.1236E+00      56.2    269.5
2017  9 29   272   18  7  0     47.14    0.1209E+00      55.1    269.9
2017  9 29   272   18  8  0     47.23    0.1270E+00      59.5    269.7
2017  9 29   272   18  9  0     47.32    0.1234E+00      57.1    269.5
2017  9 29   272   18 10  0     47.41    0.1208E+00      56.3    270.1
2017  9 29   272   18 11  0     47.50    0.1242E+00      58.9    269.9
2017  9 29   272   18 12  0     47.59    0.1225E+00      57.8    269.9
2017  9 29   272   18 13  0     47.69    0.1232E+00      58.8    270.1
2017  9 29   272   18 14  0     47.78    0.1256E+00      61.3    270.4
2017  9 29   272   18 15  0     47.88    0.1312E+00      65.8    270.4
2017  9 29   272   18 16  0     47.98    0.1290E+00      63.4    269.8
2017  9 29   272   18 17  0     48.07    0.1277E+00      62.2    269.4
2017  9 29   272   18 18  0     48.17    0.1260E+00      60.5    268.8
2017  9 29   272   18 19  0     48.27    0.1243E+00      59.5    268.5
2017  9 29   272   18 20  0     48.37    0.1235E+00      59.5    268.4
2017  9 29   272   18 21  0     48.47    0.1234E+00      60.4    268.6
2017  9 29   272   18 22  0     48.57    0.1247E+00      62.8    269.0
2017  9 29   272   18 23  0     48.68    0.1444E+00      87.9    272.2
2017  9 29   272   18 24  0     48.78    0.1870E+00     136.5    273.9
2017  9 29   272   18 25  0     48.88    0.1512E+00      93.1    270.3
2017  9 29   272   18 26  0     48.99    0.1258E+00      67.6    269.0
2017  9 29   272   18 27  0     49.09    0.1224E+00      66.4    269.3
2017  9 29   272   18 28  0     49.20    0.1213E+00      67.0    269.4
2017  9 29   272   18 29  0     49.31    0.1172E+00      64.5    269.5
2017  9 29   272   18 30  0     49.42    0.1171E+00      65.1    269.6
2017  9 29   272   18 31  0     49.52    0.1141E+00      63.1    269.4
2017  9 29   272   18 32  0     49.64    0.1115E+00      61.6    269.3
2017  9 29   272   18 33  0     49.75    0.1083E+00      59.2    268.9
2017  9 29   272   18 34  0     49.86    0.1036E+00      55.8    268.9
2017  9 29   272   18 35  0     49.97    0.1010E+00      54.7    269.1
2017  9 29   272   18 36  0     50.08    0.9888E-01      53.9    269.4
2017  9 29   272   18 37  0     50.20    0.9759E-01      54.1    269.8
2017  9 29   272   18 38  0     50.31    0.9817E-01      55.9    270.4
2017  9 29   272   18 39  0     50.43    0.9965E-01      58.2    270.7
2017  9 29   272   18 40  0     50.54    0.1039E+00      63.8    271.2
2017  9 29   272   18 41  0     50.66    0.1042E+00      64.4    270.8
2017  9 29   272   18 42  0     50.78    0.1041E+00      65.6    271.0
2017  9 29   272   18 43  0     50.90    0.1057E+00      68.7    271.2
2017  9 29   272   18 44  0     51.01    0.1177E+00      87.1    273.4
2017  9 29   272   18 45  0     51.13    0.1281E+00      98.6    272.3
2017  9 29   272   18 46  0     51.25    0.1113E+00      76.9    270.9
2017  9 29   272   18 47  0     51.37    0.1115E+00      77.8    270.6
2017  9 29   272   18 48  0     51.50    0.1267E+00     101.0    272.3
2017  9 29   272   18 49  0     51.62    0.1089E+00      76.7    269.8
2017  9 29   272   18 50  0     51.74    0.1041E+00      71.2    269.2
2017  9 29   272   18 51  0     51.87    0.1114E+00      82.6    270.1
2017  9 29   272   18 52  0     51.99    0.1007E+00      67.7    268.3
2017  9 29   272   18 53  0     52.12    0.9961E-01      67.2    268.1
2017  9 29   272   18 54  0     52.24    0.9618E-01      64.6    268.0
2017  9 29   272   18 55  0     52.37    0.9417E-01      64.0    268.4
2017  9 29   272   18 56  0     52.50    0.9601E-01      68.1    269.0
2017  9 29   272   18 57  0     52.63    0.1004E+00      74.7    269.7
2017  9 29   272   18 58  0     52.75    0.1023E+00      78.7    270.1
2017  9 29   272   18 59  0     52.88    0.9995E-01      75.9    269.9
2017  9 29   272   19  0  0     53.01    0.9928E-01      75.6    269.8
2017  9 29   272   19  1  0     53.14    0.9907E-01      75.6    269.7
2017  9 29   272   19  2  0     53.28    0.9957E-01      77.4    269.8
2017  9 29   272   19  3  0     53.41    0.1057E+00      88.2    270.4
2017  9 29   272   19  4  0     53.54    0.9751E-01      75.1    268.8
2017  9 29   272   19  5  0     53.67    0.1018E+00      84.1    269.9
2017  9 29   272   19  6  0     53.81    0.9704E-01      75.5    268.6
2017  9 29   272   19  7  0     53.94    0.9527E-01      73.5    268.1
2017  9 29   272   19  8  0     54.08    0.9257E-01      71.0    267.8
2017  9 29   272   19  9  0     54.21    0.8786E-01      66.1    267.6
2017  9 29   272   19 10  0     54.35    0.9006E-01      72.6    268.8
2017  9 29   272   19 11  0     54.49    0.9500E-01      82.5    269.9
2017  9 29   272   19 12  0     54.62    0.1118E+00     116.7    272.8
2017  9 29   272   19 13  0     54.76    0.9944E-01      91.8    270.1
2017  9 29   272   19 14  0     54.90    0.9949E-01      96.0    271.3
2017  9 29   272   19 15  0     55.04    0.1121E+00     125.2    273.8
2017  9 29   272   19 16  0     55.18    0.1204E+00     143.8    274.7
2017  9 29   272   19 17  0     55.32    0.1200E+00     144.6    274.5
2017  9 29   272   19 18  0     55.46    0.1197E+00     145.0    274.2
2017  9 29   272   19 19  0     55.60    0.1191E+00     144.6    273.7
2017  9 29   272   19 20  0     55.74    0.1180E+00     143.6    273.1
2017  9 29   272   19 21  0     55.88    0.1162E+00     142.0    272.7
2017  9 29   272   19 22  0     56.03    0.1066E+00     121.1    270.5
2017  9 29   272   19 23  0     56.17    0.9779E-01     106.2    270.1
2017  9 29   272   19 24  0     56.31    0.1075E+00     133.8    272.7
2017  9 29   272   19 25  0     56.46    0.1091E+00     139.4    272.7
2017  9 29   272   19 26  0     56.60    0.1087E+00     141.3    272.9
2017  9 29   272   19 27  0     56.75    0.1076E+00     142.2    273.0
2017  9 29   272   19 28  0     56.90    0.1056E+00     140.5    272.9
2017  9 29   272   19 29  0     57.04    0.1037E+00     139.9    273.0
2017  9 29   272   19 30  0     57.19    0.1009E+00     136.7    272.9
2017  9 29   272   19 31  0     57.34    0.9647E-01     128.4    272.3
2017  9 29   272   19 32  0     57.49    0.9916E-01     138.9    273.0
2017  9 29   272   19 33  0     57.63    0.9805E-01     138.0    272.5
2017  9 29   272   19 34  0     57.78    0.9709E-01     137.5    272.0
2017  9 29   272   19 35  0     57.93    0.9548E-01     135.7    271.6
2017  9 29   272   19 36  0     58.08    0.9402E-01     134.5    271.3
2017  9 29   272   19 37  0     58.23    0.9254E-01     133.5    271.1
2017  9 29   272   19 38  0     58.38    0.9112E-01     132.5    270.9
2017  9 29   272   19 39  0     58.54    0.8991E-01     132.2    270.7
2017  9 29   272   19 40  0     58.69    0.8833E-01     130.9    270.4
2017  9 29   272   19 41  0     58.84    0.8696E-01     129.9    270.0
2017  9 29   272   19 42  0     58.99    0.8574E-01     129.3    269.9
2017  9 29   272   19 43  0     59.15    0.8431E-01     128.3    269.7
2017  9 29   272   19 44  0     59.30    0.8293E-01     127.6    269.4
2017  9 29   272   19 45  0     59.45    0.7187E-01      92.4    265.8
2017  9 29   272   19 46  0     59.61    0.6981E-01      88.9    265.4
2017  9 29   272   19 47  0     59.76    0.6884E-01      88.9    265.3
2017  9 29   272   19 48  0     59.92    0.6525E-01      82.3    265.1
2017  9 29   272   19 49  0     60.07    0.7107E-01     106.0    266.9
2017  9 29   272   19 50  0     60.23    0.5902E-01      65.6    262.5
2017  9 29   272   19 51  0     60.39    0.5949E-01      71.9    263.7
2017  9 29   272   19 52  0     60.55    0.7186E-01     126.9    269.8
2017  9 29   272   19 53  0     60.70    0.6246E-01      88.5    265.1
2017  9 29   272   19 54  0     60.86    0.5975E-01      81.2    264.4
2017  9 29   272   19 55  0     61.02    0.6598E-01     114.4    268.4
2017  9 29   272   19 56  0     61.18    0.6842E-01     128.3    269.3
2017  9 29   272   19 57  0     61.34    0.6738E-01     128.2    269.3
2017  9 29   272   19 58  0     61.50    0.6672E-01     129.4    269.4
2017  9 29   272   19 59  0     61.66    0.6563E-01     129.0    269.3
2017  9 29   272   20  0  0     61.82    0.6500E-01     130.0    269.3
2017  9 29   272   20  1  0     61.98    0.6388E-01     129.0    269.0
2017  9 29   272   20  2  0     62.14    0.6269E-01     127.8    268.6
2017  9 29   272   20  3  0     62.30    0.6162E-01     127.5    268.5
2017  9 29   272   20  4  0     62.46    0.6040E-01     126.5    268.2
2017  9 29   272   20  5  0     62.62    0.5920E-01     125.6    267.9
2017  9 29   272   20  6  0     62.79    0.5813E-01     125.1    267.7
2017  9 29   272   20  7  0     62.95    0.5692E-01     124.0    267.3
2017  9 29   272   20  8  0     63.11    0.5587E-01     123.6    267.2
2017  9 29   272   20  9  0     63.28    0.5497E-01     124.1    267.1
2017  9 29   272   20 10  0     63.44    0.5408E-01     124.7    267.1
2017  9 29   272   20 11  0     63.61    0.5313E-01     125.0    266.9
2017  9 29   272   20 12  0     63.77    0.5216E-01     125.0    266.9
2017  9 29   272   20 13  0     63.93    0.5126E-01     125.3    266.7
2017  9 29   272   20 14  0     64.10    0.5043E-01     125.7    266.5
2017  9 29   272   20 15  0     64.27    0.4950E-01     125.8    266.4
2017  9 29   272   20 16  0     64.43    0.4835E-01     124.6    266.1
2017  9 29   272   20 17  0     64.60    0.4733E-01     124.2    265.9
2017  9 29   272   20 18  0     64.76    0.4647E-01     124.6    265.7
2017  9 29   272   20 19  0     64.93    0.4558E-01     124.4    265.4
2017  9 29   272   20 20  0     65.10    0.4467E-01     124.4    265.3
2017  9 29   272   20 21  0     65.27    0.4384E-01     124.7    265.2
2017  9 29   272   20 22  0     65.43    0.4289E-01     124.2    265.0
2017  9 29   272   20 23  0     65.60    0.4202E-01     124.2    264.8
2017  9 29   272   20 24  0     65.77    0.4121E-01     124.1    264.6
2017  9 29   272   20 25  0     65.94    0.4030E-01     123.8    264.4
2017  9 29   272   20 26  0     66.11    0.3950E-01     124.1    264.1
2017  9 29   272   20 27  0     66.28    0.3849E-01     124.0    264.2
2017  9 29   272   20 28  0     66.45    0.3758E-01     124.1    263.9
2017  9 29   272   20 29  0     66.62    0.3666E-01     124.4    263.8
2017  9 29   272   20 30  0     66.79    0.3573E-01     123.8    263.3
2017  9 29   272   20 31  0     66.96    0.3496E-01     124.4    263.0
2017  9 29   272   20 32  0     67.13    0.3410E-01     124.1    262.8
2017  9 29   272   20 33  0     67.30    0.3335E-01     125.1    262.9
2017  9 29   272   20 34  0     67.47    0.3174E-01     115.3    261.7
2017  9 29   272   20 35  0     67.65    0.3138E-01     123.0    262.5
2017  9 29   272   20 36  0     67.82    0.3024E-01     119.7    261.9
2017  9 29   272   20 37  0     67.99    0.2872E-01     113.0    261.4
2017  9 29   272   20 38  0     68.16    0.2861E-01     125.0    263.1
2017  9 29   272   20 39  0     68.34    0.2783E-01     125.8    263.1
2017  9 29   272   20 40  0     68.51    0.2717E-01     128.9    263.5
2017  9 29   272   20 41  0     68.68    0.2639E-01     129.3    263.2
2017  9 29   272   20 42  0     68.86    0.2564E-01     129.0    262.9
2017  9 29   272   20 43  0     69.03    0.2495E-01     128.4    262.5
2017  9 29   272   20 44  0     69.20    0.2426E-01     127.8    262.1
2017  9 29   272   20 45  0     69.38    0.2351E-01     127.0    261.8
2017  9 29   272   20 46  0     69.55    0.2206E-01     110.9    259.8
2017  9 29   272   20 47  0     69.73    0.2041E-01      90.7    257.5
2017  9 29   272   20 48  0     69.90    0.2019E-01      95.2    257.6
2017  9 29   272   20 49  0     70.08    0.2049E-01     114.0    259.8
2017  9 29   272   20 50  0     70.25    0.2062E-01     123.4    260.1
2017  9 29   272   20 51  0     70.43    0.2014E-01     116.8    258.5
2017  9 29   272   20 52  0     70.61    0.1952E-01     108.8    256.7
2017  9 29   272   20 53  0     70.78    0.1916E-01     105.0    254.9
2017  9 29   272   20 54  0     70.96    0.1852E-01      98.5    253.3
2017  9 29   272   20 55  0     71.14    0.1770E-01      86.3    249.6
2017  9 29   272   20 56  0     71.31    0.1708E-01      81.1    248.1
2017  9 29   272   20 57  0     71.49    0.1683E-01      90.4    248.8
2017  9 29   272   20 58  0     71.67    0.1703E-01     115.3    251.5
2017  9 29   272   20 59  0     71.85    0.1646E-01     115.2    252.6
2017  9 29   272   21  0  0     72.02    0.1595E-01     116.1    250.7
2017  9 29   272   21  1  0     72.20    0.1540E-01     116.3    250.5
2017  9 29   272   21  2  0     72.38    0.1486E-01     116.7    250.5
2017  9 29   272   21  3  0     72.56    0.1435E-01     117.6    250.3
2017  9 29   272   21  4  0     72.74    0.1328E-01      90.1    246.5
2017  9 29   272   21  5  0     72.92    0.1300E-01     104.6    248.2
2017  9 29   272   21  6  0     73.10    0.1275E-01     117.0    249.4
2017  9 29   272   21  7  0     73.27    0.1230E-01     117.2    248.9
2017  9 29   272   21  8  0     73.45    0.1195E-01     117.7    247.8
2017  9 29   272   21  9  0     73.63    0.1162E-01     118.6    246.8
2017  9 29   272   21 10  0     73.81    0.1123E-01     117.1    245.7
2017  9 29   272   21 11  0     73.99    0.1095E-01     118.0    244.3
2017  9 29   272   21 12  0     74.17    0.1068E-01     117.9    243.2
2017  9 29   272   21 13  0     74.35    0.1043E-01     118.0    242.0
2017  9 29   272   21 14  0     74.53    0.1014E-01     117.6    240.6
2017  9 29   272   21 15  0     74.71    0.9820E-02     117.1    239.4
2017  9 29   272   21 16  0     74.90    0.9501E-02     116.7    238.5
2017  9 29   272   21 17  0     75.08    0.9200E-02     117.5    237.8
2017  9 29   272   21 18  0     75.26    0.8937E-02     118.2    236.8
2017  9 29   272   21 19  0     75.44    0.8670E-02     119.2    236.4
2017  9 29   272   21 20  0     75.62    0.8401E-02     119.8    235.7
2017  9 29   272   21 21  0     75.80    0.8166E-02     120.8    234.5
2017  9 29   272   21 22  0     75.98    0.7948E-02     121.7    233.3
2017  9 29   272   21 23  0     76.17    0.7712E-02     121.8    231.1
2017  9 29   272   21 24  0     76.35    0.7469E-02     121.6    229.6
2017  9 29   272   21 25  0     76.53    0.7178E-02     109.8    226.8
2017  9 29   272   21 26  0     76.71    0.6914E-02      99.9    224.3
2017  9 29   272   21 27  0     76.90    0.6739E-02     107.5    224.1
2017  9 29   272   21 28  0     77.08    0.6646E-02     118.7    222.9
2017  9 29   272   21 29  0     77.26    0.6470E-02     117.1    221.6
2017  9 29   272   21 30  0     77.45    0.6370E-02     119.9    219.4
2017  9 29   272   21 31  0     77.63    0.6202E-02     120.4    218.6
2017  9 29   272   21 32  0     77.81    0.6035E-02     120.5    217.0
2017  9 29   272   21 33  0     78.00    0.5850E-02     120.4    215.6
2017  9 29   272   21 34  0     78.18    0.5674E-02     120.4    212.9
2017  9 29   272   21 35  0     78.37    0.5451E-02     120.4    211.9
2017  9 29   272   21 36  0     78.55    0.5274E-02     120.7    209.2
2017  9 29   272   21 37  0     78.73    0.5064E-02     121.0    207.7
2017  9 29   272   21 38  0     78.92    0.4876E-02     121.1    205.6
2017  9 29   272   21 39  0     79.10    0.4711E-02     120.9    203.5
2017  9 29   272   21 40  0     79.29    0.4564E-02     120.4    201.2
2017  9 29   272   21 41  0     79.47    0.4449E-02     119.5    197.8
2017  9 29   272   21 42  0     79.66    0.4303E-02     118.5    195.6
2017  9 29   272   21 43  0     79.84    0.4165E-02     117.5    193.1
2017  9 29   272   21 44  0     80.03    0.4045E-02     117.1    188.8
2017  9 29   272   21 45  0     80.21    0.3910E-02     117.0    186.5
2017  9 29   272   21 46  0     80.40    0.3796E-02     116.6    183.2
2017  9 29   272   21 47  0     80.58    0.3674E-02     116.5    180.2
2017  9 29   272   21 48  0     80.77    0.3504E-02     116.8    179.2
2017  9 29   272   21 49  0     80.95    0.3393E-02     117.0    176.0
2017  9 29   272   21 50  0     81.14    0.3306E-02     117.1    171.2
2017  9 29   272   21 51  0     81.33    0.3175E-02     117.1    169.0
2017  9 29   272   21 52  0     81.51    0.3076E-02     117.3    165.5
2017  9 29   272   21 53  0     81.70    0.2969E-02     117.5    162.6
2017  9 29   272   21 54  0     81.89    0.2876E-02     117.7    159.0
2017  9 29   272   21 55  0     82.07    0.2788E-02     117.9    155.0
2017  9 29   272   21 56  0     82.26    0.2673E-02     117.8    152.7
2017  9 29   272   21 57  0     82.44    0.2581E-02     117.7    149.4
2017  9 29   272   21 58  0     82.63    0.2504E-02     117.7    145.5
2017  9 29   272   21 59  0     82.82    0.2419E-02     117.7    142.2
2017  9 29   272   22  0  0     83.00    0.2336E-02     117.7    138.9
2017  9 29   272   22  1  0     83.19    0.2266E-02     117.4    135.2
2017  9 29   272   22  2  0     83.38    0.2198E-02     117.2    131.5
2017  9 29   272   22  3  0     83.57    0.2122E-02     117.1    128.4
2017  9 29   272   22  4  0     83.75    0.2089E-02     117.1    123.4
2017  9 29   272   22  5  0     83.94    0.2013E-02     117.2    120.6
2017  9 29   272   22  6  0     84.13    0.1951E-02     117.2    117.4
2017  9 29   272   22  7  0     84.31    0.1905E-02     117.2    113.9
2017  9 29   272   22  8  0     84.50    0.1851E-02     117.5    110.9
2017  9 29   272   22  9  0     84.69    0.1784E-02     117.5    108.4
2017  9 29   272   22 10  0     84.88    0.1737E-02     117.7    105.2
2017  9 29   272   22 11  0     85.06    0.1717E-02     117.9    101.3
2017  9 29   272   22 12  0     85.25    0.1660E-02     117.7     99.0
2017  9 29   272   22 13  0     85.44    0.1622E-02     117.6     95.7
2017  9 29   272   22 14  0     85.63    0.1579E-02     117.5     92.7
2017  9 29   272   22 15  0     85.82    0.1554E-02     117.5     89.0
2017  9 29   272   22 16  0     86.00    0.1513E-02     117.4     86.1
2017  9 29   272   22 17  0     86.19    0.1480E-02     117.0     83.3
2017  9 29   272   22 18  0     86.38    0.1457E-02     116.7     80.1
2017  9 29   272   22 19  0     86.57    0.1418E-02     116.6     77.3
2017  9 29   272   22 20  0     86.76    0.1382E-02     116.4     74.4
2017  9 29   272   22 21  0     86.95    0.1357E-02     116.3     71.1
2017  9 29   272   22 22  0     87.13    0.1365E-02     115.8     66.9
2017  9 29   272   22 23  0     87.32    0.1333E-02     115.2     64.5
2017  9 29   272   22 24  0     87.51    0.1303E-02     114.8     61.9
2017  9 29   272   22 25  0     87.70    0.1286E-02     114.5     58.9
2017  9 29   272   22 26  0     87.89    0.1274E-02     114.4     55.3
2017  9 29   272   22 27  0     88.08    0.1245E-02     114.0     52.8
2017  9 29   272   22 28  0     88.27    0.1223E-02     113.3     50.3
2017  9 29   272   22 29  0     88.46    0.1210E-02     112.6     47.5
2017  9 29   272   22 30  0     88.64    0.1186E-02     112.1     45.1
2017  9 29   272   22 31  0     88.83    0.1179E-02     111.6     42.1
2017  9 29   272   22 32  0     89.02    0.1147E-02     111.3     39.9
2017  9 29   272   22 33  0     89.21    0.1131E-02     109.8     37.6
2017  9 29   272   22 34  0     89.40    0.1108E-02     108.6     35.5
2017  9 29   272   22 35  0     89.59    0.1084E-02     107.5     33.4
2017  9 29   272   22 36  0     89.78    0.1079E-02     106.7     30.8
2017  9 29   272   22 37  0     89.97    0.1074E-02     106.2     28.3
