                            Summary for NILU-UV 115

Uvpro Version 2.0
Latitude :   40.74 (North)
Longitude:  -74.03  (West)
Calibration file: cf100603a.115
Height above sea level:    40.0  m
Time interval averages are based on: 16.435 UTC Hrs - 17.435 UTC Hrs
CLT derived from channel 5
CLT scale factor used:   1.0
Ozone average contain only measurements with CLT >  7.00
Ozone average contain only measurements with SZA < 80.00
Ozone derived from channel pair ch3/ch1
Ozone scale factor used:   1.0
Ozone profile climatology: Mid  Latitude
Dose type:    CLW    Caldwell Plant 1971           
Drift factors used are found in the pr-files


                 <------------ averages ------------->   Maximum    Integrated
yyyy mm dd  jul   o3    no3   o3sig  dose rate    clt   dose rate   daily dose
                 [DU]         [DU]   [W/m^2]      [%]   [W/m^2]     [J/m^2]    
2017  5 26  146  -99.9    0  -99.9  -0.9990E+02 -99.90  0.9429E-01  0.3687E+03
2017  5 27  147  346.9   60    6.5   0.1758E+00  53.50  0.3844E+00  0.4769E+04
2017  5 28  148  340.3   60    2.2   0.3034E+00  96.00  0.3985E+00  0.7395E+04
2017  5 29  149  350.7   60    5.0   0.1941E+00  61.35  0.4716E+00  0.2161E+04
2017  5 30  150  365.7   60   10.6   0.1115E+00  37.73  0.1750E+00  0.2670E+04
2017  5 31  151  334.7   60    0.3   0.4114E+00 129.81  0.4215E+00  0.7416E+04
2017  6  1  152  368.6   60    5.2   0.2372E+00  83.18  0.3787E+00  0.6388E+04
2017  6  2  153  372.8   60    2.5   0.3049E+00 115.34  0.3628E+00  0.6065E+04
2017  6  3  154  391.7   60    5.3   0.2648E+00 108.41  0.3556E+00  0.5641E+04
2017  6  4  155  417.8   60   17.7   0.4805E-01  19.58  0.2190E+00  0.2390E+04
2017  6  5  156  374.2   10  -99.9   0.1564E+00  57.15  0.1884E+00  0.3359E+04
2017  6  6  157  382.0   60    5.0   0.6898E-01  23.48  0.2219E+00  0.2114E+04
2017  6  7  158  355.3   60    1.4   0.2142E+00  69.68  0.4087E+00  0.5885E+04
2017  6  8  159  358.8   60    6.2   0.2065E+00  67.88  0.3758E+00  0.5392E+04
2017  6  9  160  378.2   60    0.7   0.3372E+00 132.87  0.3425E+00  0.6630E+04
2017  6 10  161  356.8   60    1.6   0.3606E+00 127.14  0.3669E+00  0.7015E+04
2017  6 11  162  -99.9    0  -99.9  -0.9990E+02 -99.90  0.4385E-01  0.1455E+03
2017  6 12  163  324.5   60    0.5   0.4272E+00 127.26  0.4387E+00  0.8895E+04
2017  6 13  164  324.1   60    2.2   0.3889E+00 113.79  0.4478E+00  0.8560E+04
2017  6 14  165  309.7   60    1.8   0.3748E+00  97.46  0.5086E+00  0.7758E+04
2017  6 15  166  307.7   60    1.4   0.4296E+00 111.53  0.5059E+00  0.9515E+04
2017  6 16  167  366.1   60   14.8   0.9072E-01  29.42  0.1384E+00  0.2265E+04
2017  6 17  168  432.1   60    4.4   0.3150E-01  14.14  0.3380E+00  0.3566E+04
2017  6 18  169  306.1   60    0.9   0.4943E+00 128.82  0.5194E+00  0.9691E+04
2017  6 19  170  304.2   60    2.9   0.4252E+00 108.30  0.5745E+00  0.8681E+04
2017  6 20  171  310.5  120    0.5   0.4922E+00 133.07  0.5052E+00  0.1148E+05
2017  6 21  172  295.4   60    1.4   0.5417E+00 135.27  0.5766E+00  0.1167E+05
2017  6 22  173  293.1   60   14.3   0.2877E+00  64.94  0.7306E+00  0.6075E+04
2017  6 23  174  296.8   60    0.5   0.5423E+00 135.57  0.5484E+00  0.1106E+05
2017  6 24  175  -99.9    0  -99.9  -0.9990E+02 -99.90  0.1156E+00  0.2578E+04
2017  6 25  176  318.5   60    2.7   0.4099E+00 113.59  0.5193E+00  0.8778E+04
2017  6 26  177  331.2   60    2.5   0.4164E+00 126.87  0.4688E+00  0.7085E+04
2017  6 27  178  373.9   60    2.3   0.3189E+00 120.91  0.3760E+00  0.7058E+04
2017  6 28  179  326.8   60    2.1   0.4060E+00 120.46  0.4543E+00  0.8334E+04
2017  6 29  180  310.9   60    1.1   0.4520E+00 123.94  0.4720E+00  0.9329E+04
2017  6 30  181  -99.9    0  -99.9  -0.9990E+02 -99.90  0.2336E+00  0.8205E+03
2017  7  1  182  292.4   60    3.5   0.2794E+00  62.44  0.6499E+00  0.7160E+04
2017  7  2  183  309.1   60    1.8   0.4131E+00 107.14  0.5333E+00  0.1007E+05
2017  7  3  184  322.4   60    2.0   0.4511E+00 132.65  0.4673E+00  0.8609E+04
2017  7  4  185  327.0   60    1.5   0.4490E+00 134.89  0.4549E+00  0.8155E+04
2017  7  5  186  323.0   60    2.6   0.3560E+00 102.95  0.4599E+00  0.8535E+04
2017  7  6  187  340.1   60    2.4   0.1852E+00  54.23  0.3520E+00  0.5143E+04
2017  7  7  188  328.1   60    5.6   0.3177E+00  91.61  0.5773E+00  0.5191E+04
2017  7  8  189  326.0   60    2.3   0.4036E+00 119.54  0.5081E+00  0.8436E+04
2017  7  9  190  316.7   60    1.4   0.4314E+00 120.58  0.5090E+00  0.9410E+04
2017  7 10  191  321.9   60    1.7   0.4386E+00 129.54  0.4784E+00  0.8252E+04
2017  7 11  192  338.7   60    3.8   0.2598E+00  79.42  0.4025E+00  0.5725E+04
2017  7 12  193  319.4   60    3.5   0.2853E+00  77.69  0.4749E+00  0.7666E+04
2017  7 13  194  328.1   60    5.8   0.2306E+00  66.12  0.4443E+00  0.6237E+04
2017  7 14  195  378.9   60    8.5   0.5597E-01  20.33  0.1575E+00  0.1702E+04
2017  7 15  196  314.3   60    2.3   0.3934E+00 109.86  0.4955E+00  0.7613E+04
2017  7 16  197  318.9   60    2.3   0.4426E+00 132.25  0.4622E+00  0.9148E+04
2017  7 17  198  326.9   60    3.8   0.3608E+00 109.52  0.4576E+00  0.8424E+04
2017  7 18  199  325.2   60    1.0   0.4204E+00 130.13  0.4280E+00  0.8639E+04
2017  7 19  200  303.8   60    0.8   0.4636E+00 128.25  0.4698E+00  0.9242E+04
2017  7 20  201  300.0   60    1.0   0.4619E+00 127.16  0.4972E+00  0.8568E+04
2017  7 21  202  294.2   60    0.6   0.5002E+00 130.92  0.5198E+00  0.9492E+04
2017  7 22  203  307.6   60    6.5   0.3750E+00 108.18  0.4799E+00  0.8218E+04
2017  7 23  204  366.5   35   16.1   0.3631E-01  12.44  0.2712E+00  0.2729E+04
2017  7 24  205  333.8   60    1.8   0.1713E+00  51.45  0.2719E+00  0.3631E+04
2017  7 25  206  342.7   60    2.0   0.1346E+00  42.06  0.3008E+00  0.3652E+04
2017  7 26  207  318.0   60    0.7   0.4182E+00 125.86  0.4585E+00  0.8973E+04
2017  7 27  208  319.3   60    4.1   0.1368E+00  38.27  0.2148E+00  0.3113E+04
2017  7 28  209  321.4   60    3.3   0.3628E+00 111.87  0.4333E+00  0.7034E+04
2017  7 29  210  334.3   60    4.6   0.2631E+00  84.70  0.3567E+00  0.4495E+04
2017  7 30  211  318.0   60    0.4   0.4282E+00 133.50  0.4367E+00  0.8606E+04
2017  7 31  212  307.3   60    0.7   0.4264E+00 126.38  0.4309E+00  0.8343E+04
2017  8  1  213  303.8   60    1.5   0.4313E+00 125.71  0.4427E+00  0.8419E+04
2017  8  2  214  380.2   60   25.9   0.6797E-01  24.90  0.3460E+00  0.3440E+04
2017  8  3  215  310.5   60    0.5   0.4194E+00 128.14  0.4325E+00  0.8421E+04
2017  8  4  216  306.5   60    0.3   0.4270E+00 128.53  0.4339E+00  0.8486E+04
2017  8  5  217  327.1   60    2.5   0.1416E+00  43.53  0.3691E+00  0.3616E+04
2017  8  6  218  308.6   60    2.0   0.3167E+00  93.08  0.4931E+00  0.6977E+04
2017  8  7  219  390.2   60   19.0   0.5294E-01  22.24  0.8914E-01  0.8738E+03
2017  8  8  220  -99.9    0  -99.9  -0.9990E+02 -99.90  0.3386E-01  0.8662E+03
2017  8  9  221  316.2   60    1.2   0.3840E+00 126.20  0.3917E+00  0.7492E+04
2017  8 10  222  309.8   60    1.1   0.3974E+00 130.73  0.4156E+00  0.7591E+04
2017  8 11  223  313.6   60    4.0   0.3307E+00 104.95  0.4271E+00  0.7044E+04
2017  8 12  224  317.5   60    6.7   0.3064E+00  97.35  0.4854E+00  0.5213E+04
2017  8 13  225  304.3   60    0.2   0.4193E+00 132.42  0.4254E+00  0.8146E+04
2017  8 14  226  306.0   60    2.8   0.2525E+00  74.95  0.3274E+00  0.4969E+04
2017  8 15  227  354.6   60   11.4   0.6788E-01  25.03  0.1252E+00  0.1827E+04
2017  8 16  228  299.4   60    0.8   0.4122E+00 129.88  0.4298E+00  0.7428E+04
2017  8 17  229  288.6   60    0.8   0.4202E+00 124.12  0.4300E+00  0.8207E+04
2017  8 18  230  297.1   60    2.5   0.1968E+00  56.63  0.4209E+00  0.3725E+04
2017  8 19  231  299.4   60    2.4   0.3177E+00 101.14  0.4225E+00  0.6852E+04
2017  8 20  232  300.2   60    0.8   0.3234E+00 106.37  0.3738E+00  0.7202E+04
2017  8 21  233  302.2   60    4.0   0.3577E+00 118.44  0.4001E+00  0.5779E+04
2017  8 22  234  292.1   60    0.3   0.3879E+00 123.91  0.3954E+00  0.6826E+04
2017  8 23  235  287.1   60    1.2   0.3638E+00 109.40  0.4555E+00  0.7900E+04
2017  8 24  236  298.0   60    1.0   0.3709E+00 125.17  0.3839E+00  0.7287E+04
2017  8 25  237  317.3   60    2.4   0.2137E+00  73.97  0.3616E+00  0.5186E+04
2017  8 26  238  319.9   60    2.3   0.3189E+00 125.03  0.3257E+00  0.6205E+04
2017  8 27  239  310.2   60    0.6   0.3161E+00 117.24  0.3296E+00  0.6147E+04
2017  8 28  240  312.3   60    2.8   0.3073E+00 114.56  0.3567E+00  0.5614E+04
2017  8 29  241  340.6   60    6.5   0.6794E-01  27.01  0.9873E-01  0.1248E+04
2017  8 30  242  306.7   60    0.8   0.3394E+00 127.38  0.3442E+00  0.6473E+04
2017  8 31  243  292.1   60    1.1   0.3443E+00 117.42  0.3924E+00  0.5798E+04
2017  9  1  244  296.3   60    0.4   0.3635E+00 130.26  0.3730E+00  0.6782E+04
2017  9  2  245  298.8   60    2.9   0.2184E+00  75.32  0.3064E+00  0.3819E+04
2017  9  3  246  299.8   60    2.0   0.1909E+00  66.17  0.2725E+00  0.2751E+04
2017  9  4  247  298.6   60    1.0   0.3360E+00 127.53  0.3390E+00  0.6433E+04
2017  9  5  248  292.7   60    0.5   0.3250E+00 120.84  0.3310E+00  0.6059E+04
2017  9  6  249  364.1   60   14.6   0.3653E-01  18.34  0.2015E+00  0.1215E+04
2017  9  7  250  309.9   60    1.1   0.2706E+00 119.67  0.3126E+00  0.4814E+04
2017  9  8  251  294.0   60    1.6   0.2336E+00  83.87  0.3448E+00  0.4926E+04
2017  9  9  252  331.5   60    2.0   0.2469E+00 122.72  0.2756E+00  0.4351E+04
2017  9 10  253  302.9   60    0.6   0.2644E+00 112.46  0.2870E+00  0.4992E+04
2017  9 11  254  273.9   60    0.4   0.2935E+00 109.79  0.3100E+00  0.5779E+04
2017  9 12  255  280.6   60    1.6   0.2481E+00  91.16  0.3229E+00  0.4976E+04
2017  9 13  256  267.0   60    0.9   0.2867E+00  96.80  0.3803E+00  0.4947E+04
2017  9 14  257  280.2   60    0.9   0.2889E+00 110.23  0.3818E+00  0.4113E+04
2017  9 15  258  285.7   60    2.0   0.2416E+00  95.25  0.3141E+00  0.4680E+04
2017  9 16  259  283.7   60    1.0   0.2660E+00 111.03  0.3041E+00  0.5049E+04
2017  9 17  260  277.2   60    1.2   0.2393E+00  93.00  0.2989E+00  0.4560E+04
2017  9 18  261  276.2   60    1.5   0.8629E-01  31.16  0.1565E+00  0.1812E+04
2017  9 19  262  264.0   60    1.2   0.2260E+00  78.91  0.3141E+00  0.3953E+04
2017  9 20  263  272.4   60    1.4   0.2130E+00  82.53  0.2617E+00  0.4162E+04
2017  9 21  264  278.2   60    4.0   0.1727E+00  68.53  0.2771E+00  0.3850E+04
2017  9 22  265  259.7   60    0.4   0.3374E+00 132.71  0.3598E+00  0.6071E+04
2017  9 23  266  263.3   60    0.6   0.3175E+00 129.97  0.3214E+00  0.5663E+04
2017  9 24  267  266.0   60    0.2   0.2945E+00 125.20  0.2974E+00  0.5267E+04
2017  9 25  268  261.1   60    0.4   0.2824E+00 116.66  0.2875E+00  0.5075E+04
2017  9 26  269  256.7   60    0.5   0.2818E+00 116.08  0.2993E+00  0.4869E+04
2017  9 27  270  248.5   60    1.3   0.3187E+00 128.52  0.3432E+00  0.5471E+04
2017  9 28  271  256.1   60    1.3   0.3009E+00 128.89  0.3060E+00  0.5361E+04
2017  9 29  272  270.2   60    3.0   0.1737E+00  78.85  0.2697E+00  0.3770E+04
2017  9 30  273  322.6   60    1.7   0.1352E+00  89.49  0.2109E+00  0.2260E+04
2017 10  1  274  284.0   60    0.2   0.2313E+00 126.36  0.2349E+00  0.3988E+04
2017 10  2  275  289.3   60    0.4   0.2142E+00 123.88  0.2166E+00  0.3695E+04
2017 10  3  276  285.1   60    1.1   0.2029E+00 115.32  0.2266E+00  0.3536E+04
2017 10  4  277  278.2   46    0.4   0.2010E+00 108.30  0.2352E+00  0.3372E+04
2017 10  5  278  274.3   60    1.5   0.2208E+00 122.94  0.2623E+00  0.3614E+04
2017 10  6  279  277.3   60    0.5   0.2169E+00 126.15  0.2226E+00  0.3525E+04
2017 10  7  280  259.9   60    1.1   0.2061E+00 102.85  0.2588E+00  0.3724E+04
2017 10  8  281  259.8   60    1.7   0.7463E-01  34.99  0.1334E+00  0.1264E+04
2017 10  9  282  259.3   60    5.5   0.4917E-01  22.55  0.8957E-01  0.9781E+03
2017 10 10  283  257.9   60    1.1   0.2427E+00 136.00  0.2708E+00  0.4080E+04
2017 10 11  284  259.1   60    0.8   0.1899E+00 105.40  0.2605E+00  0.2996E+04
2017 10 12  285  275.5   60    0.8   0.1200E+00  75.47  0.1763E+00  0.1977E+04
2017 10 13  286  261.9   60    0.8   0.1418E+00  80.23  0.1633E+00  0.2593E+04
2017 10 14  287  259.8   60    0.3   0.1142E+00  63.81  0.1824E+00  0.2364E+04
2017 10 15  288  261.2   60    1.1   0.1127E+00  64.57  0.1955E+00  0.1721E+04
2017 10 16  289  273.1   60    1.6   0.1146E+00  75.59  0.1651E+00  0.1856E+04
2017 10 17  290  288.4   60    0.1   0.1555E+00 126.15  0.1589E+00  0.2564E+04
2017 10 18  291  285.8   60    0.1   0.1512E+00 123.39  0.1546E+00  0.2472E+04
2017 10 19  292  288.9   60    0.5   0.1445E+00 123.33  0.1484E+00  0.2353E+04
2017 10 20  293  276.1   60    0.2   0.1595E+00 127.76  0.1632E+00  0.2610E+04
2017 10 21  294  276.5   60    0.4   0.1450E+00 117.82  0.1518E+00  0.2400E+04
2017 10 22  295  269.5   60    0.5   0.1551E+00 124.85  0.1596E+00  0.2540E+04
2017 10 23  296  255.3   60    1.4   0.1098E+00  73.97  0.1687E+00  0.2375E+04
2017 10 24  297  284.2   60   19.8   0.3119E-01  24.81  0.1732E+00  0.1200E+04
2017 10 25  298  273.6   60    4.3   0.7396E-01  59.84  0.1150E+00  0.1272E+04
2017 10 26  299  328.0   60    2.5   0.2924E-01  36.20  0.3990E-01  0.5295E+03
2017 10 27  300  266.8   60    0.3   0.1336E+00 119.67  0.1377E+00  0.2167E+04
2017 10 28  301  258.4   60    0.4   0.1482E+00 128.47  0.1526E+00  0.2385E+04
2017 10 29  302  298.5   59    4.4   0.1425E-01  14.84  0.3933E-01  0.3229E+03
2017 10 30  303  281.2   60    2.6   0.1150E+00 125.99  0.1234E+00  0.1645E+04
2017 10 31  304  258.5   60    0.6   0.1326E+00 124.33  0.1357E+00  0.1975E+04
2017 11  1  305  266.7   60    1.7   0.4229E-01  37.72  0.6109E-01  0.8102E+03
2017 11  2  306  267.9   60    1.6   0.1039E+00 107.26  0.1233E+00  0.1675E+04
2017 11  3  307  261.9   60    0.8   0.1117E+00 115.14  0.1164E+00  0.1677E+04
2017 11  4  308  252.7   60    0.9   0.1108E+00 108.41  0.1246E+00  0.1742E+04
2017 11  5  309  269.4   60    1.2   0.3054E-01  30.78  0.4828E-01  0.5671E+03
2017 11  6  310  263.1   60    1.8   0.2619E-01  25.32  0.6173E-01  0.5913E+03
2017 11  7  311  263.4   60    2.8   0.3104E-01  30.66  0.6791E-01  0.7544E+03
2017 11  8  312  276.7   60    1.2   0.9461E-01 126.81  0.1013E+00  0.1281E+04
2017 11  9  313  262.3   60    1.4   0.8886E-01 101.67  0.1029E+00  0.1311E+04
2017 11 10  314  282.3   60    1.3   0.6752E-01  91.53  0.8620E-01  0.1197E+04
2017 11 11  315  273.3   60    0.7   0.8721E-01 122.93  0.8924E-01  0.1340E+04
2017 11 12  316  265.5   60    0.5   0.8022E-01 104.34  0.8434E-01  0.1198E+04
2017 11 13  317  289.9   60    1.2   0.3457E-01  51.99  0.4698E-01  0.4815E+03
2017 11 14  318  268.9   60    1.9   0.6991E-01  98.57  0.8643E-01  0.1050E+04
2017 11 15  319  269.2   60    2.9   0.6340E-01  81.81  0.7655E-01  0.1034E+04
2017 11 16  320  296.5   60    1.8   0.5499E-01  99.28  0.6553E-01  0.6332E+03
2017 11 17  321  320.4   60    1.0   0.5297E-01 122.55  0.5408E-01  0.8208E+03
2017 11 18  322  282.1   60    2.8   0.3809E-01  59.76  0.4699E-01  0.4147E+03
2017 11 19  323  299.1   60    2.8   0.4959E-01  97.97  0.6412E-01  0.7786E+03
2017 11 20  324  302.8   60    3.0   0.5619E-01 128.21  0.6022E-01  0.8089E+03
2017 11 21  325  301.8   60    1.3   0.5460E-01 119.49  0.5764E-01  0.8357E+03
2017 11 22  326  294.0   60    3.0   0.2618E-01  49.84  0.5185E-01  0.4829E+03
2017 11 23  327  292.4   60    1.1   0.5856E-01 125.75  0.5966E-01  0.8928E+03
2017 11 24  328  261.3   60    0.8   0.7092E-01 119.28  0.7214E-01  0.1057E+04
2017 11 25  329  249.1   60    0.5   0.7841E-01 122.40  0.8005E-01  0.1152E+04
2017 11 26  330  279.7   60    0.4   0.6077E-01 126.27  0.6229E-01  0.7886E+03
2017 11 27  331  267.2   60    1.1   0.5968E-01 110.53  0.6526E-01  0.9012E+03
2017 11 28  332  239.2   60    0.4   0.7983E-01 119.70  0.8152E-01  0.1189E+04
2017 11 29  333  235.1   60    0.4   0.7856E-01 116.50  0.8083E-01  0.1168E+04
2017 11 30  334  250.7   60    1.1   0.5404E-01  84.32  0.6209E-01  0.7969E+03
2017 12  1  335  278.4   60    2.4   0.5080E-01 109.75  0.5501E-01  0.7824E+03
2017 12  2  336  267.8   60    2.2   0.4858E-01  95.19  0.5604E-01  0.7313E+03
2017 12  3  337  296.9   60    2.6   0.1057E-01  24.72  0.3517E-01  0.2649E+03
2017 12  4  338  278.2   60    0.4   0.4313E-01  97.92  0.4486E-01  0.6465E+03
2017 12  5  339  260.2   60    1.9   0.3226E-01  57.74  0.4284E-01  0.3934E+03
2017 12  6  340  275.4   60    1.3   0.3643E-01  77.66  0.4929E-01  0.5904E+03
2017 12  7  341  276.1   60    0.3   0.5013E-01 120.98  0.5111E-01  0.7399E+03
2017 12  8  342  256.0   60    1.1   0.4250E-01  78.73  0.5452E-01  0.5460E+03
2017 12  9  343  265.9   60    3.5   0.1292E-01  24.24  0.1562E-01  0.1739E+03
2017 12 10  344  301.8   60    0.3   0.4120E-01 125.60  0.4219E-01  0.5981E+03
2017 12 11  345  281.6   60    0.8   0.4610E-01 120.15  0.4731E-01  0.6664E+03
2017 12 12  346  300.6   60    6.6   0.1051E-01  29.66  0.1654E-01  0.1957E+03
2017 12 13  347  340.0   60    2.5   0.2258E-01  96.40  0.2813E-01  0.3254E+03
2017 12 14  348  327.0   60    1.7   0.3213E-01 121.68  0.3290E-01  0.4561E+03
2017 12 15  349  299.7   60    0.8   0.1817E-01  49.14  0.2120E-01  0.2704E+03
2017 12 16  350  290.8   60    2.9   0.3977E-01 112.48  0.4491E-01  0.4686E+03
2017 12 17  351  266.7   60    0.8   0.2794E-01  57.83  0.4283E-01  0.4643E+03
2017 12 18  352  282.1   60    1.3   0.3595E-01  98.11  0.4123E-01  0.5024E+03
2017 12 19  353  255.8   60    3.4   0.3816E-01  81.48  0.5405E-01  0.6111E+03
2017 12 20  354  276.1   60    2.2   0.3668E-01  90.59  0.4085E-01  0.5231E+03
2017 12 21  355  259.7   60    0.7   0.5147E-01 118.17  0.5255E-01  0.7322E+03
2017 12 22  356  274.9   60    2.6   0.1179E-01  25.69  0.1919E-01  0.1926E+03
2017 12 23  357  277.0   60    5.9   0.5980E-02  14.18  0.9985E-02  0.8870E+02
2017 12 24  358  266.9   60    1.1   0.3252E-01  73.55  0.3760E-01  0.4953E+03
2017 12 25  359  323.6   60    1.7   0.2886E-01 110.33  0.3155E-01  0.4026E+03
2017 12 26  360  326.4   60    1.7   0.2753E-01 107.92  0.3073E-01  0.4080E+03
2017 12 27  361  329.0   60    0.9   0.2941E-01 117.38  0.2999E-01  0.4233E+03
2017 12 28  362  325.9  120    0.4   0.3131E-01 121.05  0.3183E-01  0.8924E+03
2017 12 29  363  333.8  120    4.5   0.2790E-01 111.38  0.3097E-01  0.7772E+03
2017 12 30  364  343.0  120    1.0   0.8768E-02  32.89  0.1124E-01  0.3311E+03
2017 12 31  365  361.9  120    1.5   0.2352E-01 111.10  0.2475E-01  0.6230E+03
