                            NILUUV 115

Uvpro Version 2.0
Latitude :   40.74 (North)
Longitude:  -74.03  (West)
Calibration file: cf100603a.115
Height above sea level:    40.0  m
CLT derived from channel 4
CLT scale factor used:   1.0
Ozone derived from channel pair ch3/ch1
Ozone scale factor used:   1.0
Drift factors ch1-ch6:   0.818  0.872  0.872  0.904  0.738  0.996
Ozone profile climatology: Mid  Latitude
Dose type:    CLW    Caldwell Plant 1971           

yyyy mm dd   jul   hh mm ss      SZA     dose rate       clt     Ozone
                              [degrees]   [W/m^2]        [%]     [DU]
2012  2 16    47   11 55  0     89.92    0.1955E-03      49.7     82.7
2012  2 16    47   11 56  0     89.74    0.1855E-03      49.0     97.1
2012  2 16    47   11 57  0     89.56    0.2070E-03      48.6     87.1
2012  2 16    47   11 58  0     89.37    0.2032E-03      48.2     94.9
2012  2 16    47   11 59  0     89.19    0.2101E-03      48.2     95.6
2012  2 16    47   12  0  0     89.01    0.2178E-03      48.1     94.1
2012  2 16    47   12  1  0     88.83    0.2139E-03      47.5    102.9
2012  2 16    47   12  2  0     88.65    0.2226E-03      47.1    103.7
2012  2 16    47   12  3  0     88.47    0.2323E-03      46.6    103.0
2012  2 16    47   12  4  0     88.29    0.2289E-03      45.9    109.2
2012  2 16    47   12  5  0     88.11    0.2384E-03      45.2    106.6
2012  2 16    47   12  6  0     87.93    0.2407E-03      44.2    108.0
2012  2 16    47   12  7  0     87.75    0.2413E-03      42.9    111.2
2012  2 16    47   12  8  0     87.57    0.2430E-03      41.8    113.6
2012  2 16    47   12  9  0     87.39    0.2406E-03      40.8    118.1
2012  2 16    47   12 10  0     87.21    0.2354E-03      40.1    126.4
2012  2 16    47   12 11  0     87.03    0.2494E-03      39.5    119.7
2012  2 16    47   12 12  0     86.85    0.2535E-03      38.8    122.0
2012  2 16    47   12 13  0     86.68    0.2727E-03      38.4    117.9
2012  2 16    47   12 14  0     86.50    0.2682E-03      37.9    126.8
2012  2 16    47   12 15  0     86.32    0.2713E-03      37.5    130.6
2012  2 16    47   12 16  0     86.14    0.2772E-03      37.3    133.6
2012  2 16    47   12 17  0     85.96    0.2826E-03      37.1    137.0
2012  2 16    47   12 18  0     85.78    0.2887E-03      36.7    141.9
2012  2 16    47   12 19  0     85.61    0.3039E-03      36.4    142.1
2012  2 16    47   12 20  0     85.43    0.3166E-03      36.3    145.7
2012  2 16    47   12 21  0     85.25    0.3293E-03      36.5    149.6
2012  2 16    47   12 22  0     85.07    0.3434E-03      37.0    154.3
2012  2 16    47   12 23  0     84.90    0.3567E-03      37.7    161.4
2012  2 16    47   12 24  0     84.72    0.3839E-03      38.6    161.9
2012  2 16    47   12 25  0     84.55    0.4037E-03      39.4    166.8
2012  2 16    47   12 26  0     84.37    0.4293E-03      40.3    168.8
2012  2 16    47   12 27  0     84.19    0.4357E-03      40.9    181.4
2012  2 16    47   12 28  0     84.02    0.4696E-03      41.6    178.9
2012  2 16    47   12 29  0     83.84    0.4891E-03      42.1    185.4
2012  2 16    47   12 30  0     83.67    0.5185E-03      42.5    186.0
2012  2 16    47   12 31  0     83.49    0.5405E-03      42.4    187.5
2012  2 16    47   12 32  0     83.32    0.5604E-03      42.0    187.8
2012  2 16    47   12 33  0     83.14    0.5683E-03      41.5    192.6
2012  2 16    47   12 34  0     82.97    0.5820E-03      41.0    194.9
2012  2 16    47   12 35  0     82.79    0.6009E-03      40.5    195.8
2012  2 16    47   12 36  0     82.62    0.6177E-03      40.0    197.1
2012  2 16    47   12 37  0     82.44    0.6229E-03      39.3    201.9
2012  2 16    47   12 38  0     82.27    0.6333E-03      38.6    204.4
2012  2 16    47   12 39  0     82.10    0.6506E-03      38.0    205.2
2012  2 16    47   12 40  0     81.92    0.6680E-03      37.5    207.1
2012  2 16    47   12 41  0     81.75    0.6846E-03      37.0    209.9
2012  2 16    47   12 42  0     81.58    0.7064E-03      36.6    211.7
2012  2 16    47   12 43  0     81.40    0.7369E-03      36.4    211.9
2012  2 16    47   12 44  0     81.23    0.7566E-03      36.4    217.7
2012  2 16    47   12 45  0     81.06    0.7934E-03      36.7    219.3
2012  2 16    47   12 46  0     80.89    0.8380E-03      37.2    220.6
2012  2 16    47   12 47  0     80.72    0.8814E-03      37.7    223.0
2012  2 16    47   12 48  0     80.55    0.9358E-03      38.1    222.7
2012  2 16    47   12 49  0     80.38    0.9688E-03      38.7    229.4
2012  2 16    47   12 50  0     80.20    0.1032E-02      39.4    228.9
2012  2 16    47   12 51  0     80.03    0.1092E-02      40.2    231.2
2012  2 16    47   12 52  0     79.86    0.1157E-02      41.1    233.5
2012  2 16    47   12 53  0     79.69    0.1228E-02      42.0    235.1
2012  2 16    47   12 54  0     79.52    0.1285E-02      42.8    239.8
2012  2 16    47   12 55  0     79.36    0.1354E-02      43.6    242.1
2012  2 16    47   12 56  0     79.19    0.1433E-02      44.4    242.8
2012  2 16    47   12 57  0     79.02    0.1510E-02      44.8    242.8
2012  2 16    47   12 58  0     78.85    0.1568E-02      44.8    243.9
2012  2 16    47   12 59  0     78.68    0.1616E-02      44.4    244.5
2012  2 16    47   13  0  0     78.51    0.1658E-02      43.7    244.5
2012  2 16    47   13  1  0     78.34    0.1683E-02      42.7    245.8
2012  2 16    47   13  2  0     78.18    0.1703E-02      41.7    246.4
2012  2 16    47   13  3  0     78.01    0.1709E-02      40.5    248.5
2012  2 16    47   13  4  0     77.84    0.1732E-02      39.3    247.7
2012  2 16    47   13  5  0     77.68    0.1748E-02      38.3    248.8
2012  2 16    47   13  6  0     77.51    0.1773E-02      37.5    249.9
2012  2 16    47   13  7  0     77.34    0.1810E-02      37.0    251.2
2012  2 16    47   13  8  0     77.18    0.1860E-02      36.7    252.1
2012  2 16    47   13  9  0     77.01    0.1933E-02      36.7    251.5
2012  2 16    47   13 10  0     76.85    0.1996E-02      36.7    253.8
2012  2 16    47   13 11  0     76.68    0.2071E-02      36.9    254.7
2012  2 16    47   13 12  0     76.52    0.2149E-02      37.1    256.2
2012  2 16    47   13 13  0     76.35    0.2246E-02      37.4    255.7
2012  2 16    47   13 14  0     76.19    0.2338E-02      37.6    256.2
2012  2 16    47   13 15  0     76.03    0.2438E-02      38.0    257.0
2012  2 16    47   13 16  0     75.86    0.2556E-02      38.5    257.9
2012  2 16    47   13 17  0     75.70    0.2685E-02      39.1    258.1
2012  2 16    47   13 18  0     75.54    0.2822E-02      39.8    258.6
2012  2 16    47   13 19  0     75.38    0.2960E-02      40.4    259.2
2012  2 16    47   13 20  0     75.21    0.3112E-02      41.0    259.2
2012  2 16    47   13 21  0     75.05    0.3278E-02      41.8    259.3
2012  2 16    47   13 22  0     74.89    0.3457E-02      42.6    259.5
2012  2 16    47   13 23  0     74.73    0.3634E-02      43.4    260.0
2012  2 16    47   13 24  0     74.57    0.3806E-02      44.1    260.4
2012  2 16    47   13 25  0     74.41    0.3974E-02      44.6    260.9
2012  2 16    47   13 26  0     74.25    0.4147E-02      45.1    260.6
2012  2 16    47   13 27  0     74.09    0.4295E-02      45.4    261.1
2012  2 16    47   13 28  0     73.93    0.4431E-02      45.4    261.4
2012  2 16    47   13 29  0     73.77    0.4557E-02      45.2    261.4
2012  2 16    47   13 30  0     73.61    0.4672E-02      45.0    261.8
2012  2 16    47   13 31  0     73.45    0.4790E-02      44.9    262.1
2012  2 16    47   13 32  0     73.30    0.4919E-02      44.8    261.9
2012  2 16    47   13 33  0     73.14    0.5021E-02      44.8    262.9
2012  2 16    47   13 34  0     72.98    0.5117E-02      44.7    263.7
2012  2 16    47   13 35  0     72.82    0.5207E-02      44.6    264.5
2012  2 16    47   13 36  0     72.67    0.5285E-02      44.4    265.8
2012  2 16    47   13 37  0     72.51    0.5390E-02      44.3    266.4
2012  2 16    47   13 38  0     72.36    0.5510E-02      44.2    266.6
2012  2 16    47   13 39  0     72.20    0.5613E-02      44.1    267.7
2012  2 16    47   13 40  0     72.04    0.5726E-02      43.9    268.1
2012  2 16    47   13 41  0     71.89    0.5832E-02      43.7    268.2
2012  2 16    47   13 42  0     71.73    0.5926E-02      43.3    268.6
2012  2 16    47   13 43  0     71.58    0.6025E-02      43.1    269.0
2012  2 16    47   13 44  0     71.43    0.6112E-02      42.8    269.4
2012  2 16    47   13 45  0     71.27    0.6197E-02      42.4    269.6
2012  2 16    47   13 46  0     71.12    0.6267E-02      41.9    269.9
2012  2 16    47   13 47  0     70.97    0.6325E-02      41.3    271.6
2012  2 16    47   13 48  0     70.82    0.6372E-02      40.6    270.2
2012  2 16    47   13 49  0     70.67    0.6379E-02      39.8    271.3
2012  2 16    47   13 50  0     70.52    0.6420E-02      39.1    271.0
2012  2 16    47   13 51  0     70.36    0.6468E-02      38.5    271.5
2012  2 16    47   13 52  0     70.21    0.6540E-02      38.1    271.6
2012  2 16    47   13 53  0     70.06    0.6620E-02      37.8    272.0
2012  2 16    47   13 54  0     69.91    0.6716E-02      37.5    273.3
2012  2 16    47   13 55  0     69.77    0.6787E-02      37.1    273.8
2012  2 16    47   13 56  0     69.62    0.6865E-02      36.7    272.9
2012  2 16    47   13 57  0     69.47    0.6912E-02      36.2    273.1
2012  2 16    47   13 58  0     69.32    0.6912E-02      35.5    273.6
2012  2 16    47   13 59  0     69.17    0.6852E-02      34.4    274.1
2012  2 16    47   14  0  0     69.03    0.6800E-02      33.4    273.9
2012  2 16    47   14  1  0     68.88    0.6813E-02      32.8    275.2
2012  2 16    47   14  2  0     68.73    0.6999E-02      33.0    275.3
2012  2 16    47   14  3  0     68.59    0.7369E-02      34.0    275.5
2012  2 16    47   14  4  0     68.44    0.7891E-02      35.7    274.7
2012  2 16    47   14  5  0     68.30    0.8492E-02      37.6    274.4
2012  2 16    47   14  6  0     68.16    0.9090E-02      39.5    274.2
2012  2 16    47   14  7  0     68.01    0.9687E-02      41.2    274.1
2012  2 16    47   14  8  0     67.87    0.1026E-01      42.8    274.9
2012  2 16    47   14  9  0     67.72    0.1074E-01      43.9    274.9
2012  2 16    47   14 10  0     67.58    0.1115E-01      44.5    273.7
2012  2 16    47   14 11  0     67.44    0.1151E-01      45.1    273.8
2012  2 16    47   14 12  0     67.30    0.1182E-01      45.5    274.1
2012  2 16    47   14 13  0     67.16    0.1204E-01      45.7    274.5
2012  2 16    47   14 14  0     67.02    0.1217E-01      45.4    274.6
2012  2 16    47   14 15  0     66.88    0.1226E-01      44.9    275.7
2012  2 16    47   14 16  0     66.74    0.1237E-01      44.4    275.8
2012  2 16    47   14 17  0     66.60    0.1244E-01      43.9    276.0
2012  2 16    47   14 18  0     66.46    0.1248E-01      43.1    275.3
2012  2 16    47   14 19  0     66.32    0.1244E-01      42.2    275.3
2012  2 16    47   14 20  0     66.18    0.1238E-01      41.3    275.7
2012  2 16    47   14 21  0     66.05    0.1235E-01      40.4    275.8
2012  2 16    47   14 22  0     65.91    0.1226E-01      39.5    276.8
2012  2 16    47   14 23  0     65.78    0.1213E-01      38.5    277.2
2012  2 16    47   14 24  0     65.64    0.1205E-01      37.6    277.4
2012  2 16    47   14 25  0     65.50    0.1199E-01      36.9    277.7
2012  2 16    47   14 26  0     65.37    0.1191E-01      36.0    277.9
2012  2 16    47   14 27  0     65.24    0.1180E-01      35.3    278.4
2012  2 16    47   14 28  0     65.10    0.1175E-01      34.6    278.3
2012  2 16    47   14 29  0     64.97    0.1177E-01      34.3    279.0
2012  2 16    47   14 30  0     64.84    0.1188E-01      34.1    279.3
2012  2 16    47   14 31  0     64.71    0.1193E-01      33.8    279.7
2012  2 16    47   14 32  0     64.57    0.1189E-01      33.2    280.0
2012  2 16    47   14 33  0     64.44    0.1170E-01      32.3    280.5
2012  2 16    47   14 34  0     64.31    0.1142E-01      31.1    280.8
2012  2 16    47   14 35  0     64.18    0.1111E-01      29.9    281.5
2012  2 16    47   14 36  0     64.05    0.1088E-01      28.9    282.1
2012  2 16    47   14 37  0     63.93    0.1076E-01      28.3    282.6
2012  2 16    47   14 38  0     63.80    0.1079E-01      28.0    282.9
2012  2 16    47   14 39  0     63.67    0.1091E-01      28.0    283.5
2012  2 16    47   14 40  0     63.54    0.1105E-01      28.1    283.8
2012  2 16    47   14 41  0     63.42    0.1114E-01      27.9    284.1
2012  2 16    47   14 42  0     63.29    0.1123E-01      27.8    284.4
2012  2 16    47   14 43  0     63.17    0.1133E-01      27.7    284.5
2012  2 16    47   14 44  0     63.04    0.1137E-01      27.5    284.9
2012  2 16    47   14 45  0     62.92    0.1138E-01      27.2    285.2
2012  2 16    47   14 46  0     62.79    0.1136E-01      26.9    285.8
2012  2 16    47   14 47  0     62.67    0.1136E-01      26.6    286.2
2012  2 16    47   14 48  0     62.55    0.1127E-01      26.1    286.8
2012  2 16    47   14 49  0     62.43    0.1111E-01      25.5    287.4
2012  2 16    47   14 50  0     62.31    0.1092E-01      24.8    288.0
2012  2 16    47   14 51  0     62.19    0.1070E-01      24.1    288.5
2012  2 16    47   14 52  0     62.07    0.1051E-01      23.4    288.9
2012  2 16    47   14 53  0     61.95    0.1034E-01      22.8    289.5
2012  2 16    47   14 54  0     61.83    0.1019E-01      22.3    290.3
2012  2 16    47   14 55  0     61.71    0.1009E-01      21.9    290.6
2012  2 16    47   14 56  0     61.60    0.1006E-01      21.6    291.2
2012  2 16    47   14 57  0     61.48    0.1015E-01      21.6    291.5
2012  2 16    47   14 58  0     61.36    0.1032E-01      21.7    291.8
2012  2 16    47   14 59  0     61.25    0.1047E-01      21.8    292.0
2012  2 16    47   15  0  0     61.13    0.1051E-01      21.7    292.3
2012  2 16    47   15  1  0     61.02    0.1043E-01      21.4    293.0
2012  2 16    47   15  2  0     60.91    0.1039E-01      21.1    294.3
2012  2 16    47   15  3  0     60.79    0.1042E-01      21.0    294.7
2012  2 16    47   15  4  0     60.68    0.1049E-01      20.9    294.1
2012  2 16    47   15  5  0     60.57    0.1051E-01      20.8    294.6
2012  2 16    47   15  6  0     60.46    0.1054E-01      20.6    295.0
2012  2 16    47   15  7  0     60.35    0.1061E-01      20.6    295.4
2012  2 16    47   15  8  0     60.24    0.1069E-01      20.6    295.8
2012  2 16    47   15  9  0     60.13    0.1075E-01      20.4    295.8
2012  2 16    47   15 10  0     60.02    0.1082E-01      20.4    296.1
2012  2 16    47   15 11  0     59.92    0.1096E-01      20.4    296.6
2012  2 16    47   15 12  0     59.81    0.1119E-01      20.6    296.4
2012  2 16    47   15 13  0     59.70    0.1154E-01      20.9    295.9
2012  2 16    47   15 14  0     59.60    0.1196E-01      21.4    294.9
2012  2 16    47   15 15  0     59.49    0.1241E-01      21.9    294.3
2012  2 16    47   15 16  0     59.39    0.1274E-01      22.2    294.1
2012  2 16    47   15 17  0     59.29    0.1294E-01      22.3    293.9
2012  2 16    47   15 18  0     59.19    0.1311E-01      22.3    293.6
2012  2 16    47   15 19  0     59.08    0.1334E-01      22.5    293.8
2012  2 16    47   15 20  0     58.98    0.1367E-01      22.7    294.3
2012  2 16    47   15 21  0     58.88    0.1402E-01      23.0    294.1
2012  2 16    47   15 22  0     58.78    0.1449E-01      23.6    293.0
2012  2 16    47   15 23  0     58.68    0.1492E-01      24.0    292.8
2012  2 16    47   15 24  0     58.59    0.1519E-01      24.2    292.6
2012  2 16    47   15 25  0     58.49    0.1542E-01      24.3    292.6
2012  2 16    47   15 26  0     58.39    0.1568E-01      24.5    292.6
2012  2 16    47   15 27  0     58.30    0.1589E-01      24.6    292.7
2012  2 16    47   15 28  0     58.20    0.1620E-01      24.9    292.8
2012  2 16    47   15 29  0     58.11    0.1668E-01      25.5    292.9
2012  2 16    47   15 30  0     58.01    0.1708E-01      25.9    293.0
2012  2 16    47   15 31  0     57.92    0.1710E-01      25.8    294.3
2012  2 16    47   15 32  0     57.83    0.1686E-01      25.3    294.8
2012  2 16    47   15 33  0     57.74    0.1654E-01      24.8    295.7
2012  2 16    47   15 34  0     57.65    0.1630E-01      24.4    296.3
2012  2 16    47   15 35  0     57.56    0.1615E-01      24.1    296.8
2012  2 16    47   15 36  0     57.47    0.1608E-01      23.9    297.1
2012  2 16    47   15 37  0     57.38    0.1606E-01      23.7    297.4
2012  2 16    47   15 38  0     57.29    0.1607E-01      23.6    297.3
2012  2 16    47   15 39  0     57.21    0.1609E-01      23.4    297.4
2012  2 16    47   15 40  0     57.12    0.1604E-01      23.2    297.8
2012  2 16    47   15 41  0     57.04    0.1595E-01      22.9    298.0
2012  2 16    47   15 42  0     56.95    0.1585E-01      22.7    298.6
2012  2 16    47   15 43  0     56.87    0.1571E-01      22.4    299.0
2012  2 16    47   15 44  0     56.79    0.1554E-01      22.1    299.6
2012  2 16    47   15 45  0     56.71    0.1536E-01      21.7    300.0
2012  2 16    47   15 46  0     56.63    0.1520E-01      21.4    300.6
2012  2 16    47   15 47  0     56.55    0.1522E-01      21.4    300.8
2012  2 16    47   15 48  0     56.47    0.1541E-01      21.5    301.2
2012  2 16    47   15 49  0     56.39    0.1573E-01      21.9    301.3
2012  2 16    47   15 50  0     56.31    0.1605E-01      22.2    301.3
2012  2 16    47   15 51  0     56.24    0.1632E-01      22.4    301.0
2012  2 16    47   15 52  0     56.16    0.1655E-01      22.5    300.9
2012  2 16    47   15 53  0     56.09    0.1679E-01      22.6    300.6
2012  2 16    47   15 54  0     56.01    0.1707E-01      22.8    300.4
2012  2 16    47   15 55  0     55.94    0.1742E-01      23.1    300.1
2012  2 16    47   15 56  0     55.87    0.1787E-01      23.5    300.0
2012  2 16    47   15 57  0     55.79    0.1853E-01      24.2    299.8
2012  2 16    47   15 58  0     55.72    0.1927E-01      25.0    299.5
2012  2 16    47   15 59  0     55.65    0.1994E-01      25.7    299.3
2012  2 16    47   16  0  0     55.58    0.2047E-01      26.2    299.3
2012  2 16    47   16  1  0     55.52    0.2096E-01      26.6    299.0
2012  2 16    47   16  2  0     55.45    0.2135E-01      26.9    298.6
2012  2 16    47   16  3  0     55.38    0.2162E-01      27.0    298.3
2012  2 16    47   16  4  0     55.32    0.2178E-01      27.0    297.9
2012  2 16    47   16  5  0     55.25    0.2178E-01      26.8    297.6
2012  2 16    47   16  6  0     55.19    0.2177E-01      26.6    297.3
2012  2 16    47   16  7  0     55.13    0.2185E-01      26.5    297.3
2012  2 16    47   16  8  0     55.07    0.2204E-01      26.6    297.1
2012  2 16    47   16  9  0     55.01    0.2225E-01      26.7    297.2
2012  2 16    47   16 10  0     54.95    0.2237E-01      26.7    297.6
2012  2 16    47   16 11  0     54.89    0.2231E-01      26.6    297.9
2012  2 16    47   16 12  0     54.83    0.2210E-01      26.3    298.3
2012  2 16    47   16 13  0     54.77    0.2198E-01      26.1    298.8
2012  2 16    47   16 14  0     54.72    0.2220E-01      26.3    299.0
2012  2 16    47   16 15  0     54.66    0.2236E-01      26.4    299.3
2012  2 16    47   16 16  0     54.61    0.2225E-01      26.3    299.8
2012  2 16    47   16 17  0     54.55    0.2198E-01      25.9    300.2
2012  2 16    47   16 18  0     54.50    0.2172E-01      25.6    300.5
2012  2 16    47   16 19  0     54.45    0.2149E-01      25.3    300.9
2012  2 16    47   16 20  0     54.40    0.2125E-01      25.0    301.4
2012  2 16    47   16 21  0     54.35    0.2099E-01      24.7    302.1
2012  2 16    47   16 22  0     54.30    0.2069E-01      24.4    302.8
2012  2 16    47   16 23  0     54.25    0.2045E-01      24.2    303.5
2012  2 16    47   16 24  0     54.20    0.2034E-01      24.1    304.1
2012  2 16    47   16 25  0     54.16    0.2026E-01      24.0    304.7
2012  2 16    47   16 26  0     54.11    0.2008E-01      23.8    305.4
2012  2 16    47   16 27  0     54.07    0.1978E-01      23.5    306.2
2012  2 16    47   16 28  0     54.03    0.1936E-01      23.1    307.0
2012  2 16    47   16 29  0     53.98    0.1892E-01      22.7    308.2
2012  2 16    47   16 30  0     53.94    0.1845E-01      22.2    309.2
2012  2 16    47   16 31  0     53.90    0.1788E-01      21.6    310.4
2012  2 16    47   16 32  0     53.86    0.1719E-01      20.9    311.5
2012  2 16    47   16 33  0     53.83    0.1655E-01      20.2    312.5
2012  2 16    47   16 34  0     53.79    0.1609E-01      19.6    313.3
2012  2 16    47   16 35  0     53.75    0.1568E-01      19.1    313.8
2012  2 16    47   16 36  0     53.72    0.1510E-01      18.4    314.3
2012  2 16    47   16 37  0     53.68    0.1447E-01      17.6    314.7
2012  2 16    47   16 38  0     53.65    0.1407E-01      17.1    314.9
2012  2 16    47   16 39  0     53.61    0.1406E-01      17.1    314.9
2012  2 16    47   16 40  0     53.58    0.1452E-01      17.6    314.4
2012  2 16    47   16 41  0     53.55    0.1523E-01      18.3    314.0
2012  2 16    47   16 42  0     53.52    0.1602E-01      19.3    314.2
2012  2 16    47   16 43  0     53.50    0.1652E-01      19.8    314.1
2012  2 16    47   16 44  0     53.47    0.1650E-01      19.8    314.3
2012  2 16    47   16 45  0     53.44    0.1607E-01      19.3    314.8
2012  2 16    47   16 46  0     53.42    0.1555E-01      18.7    315.2
2012  2 16    47   16 47  0     53.39    0.1510E-01      18.1    315.4
2012  2 16    47   16 48  0     53.37    0.1478E-01      17.7    315.5
2012  2 16    47   16 49  0     53.35    0.1483E-01      17.8    316.0
2012  2 16    47   16 50  0     53.33    0.1531E-01      18.4    316.0
2012  2 16    47   16 51  0     53.30    0.1595E-01      19.1    316.3
2012  2 16    47   16 52  0     53.28    0.1626E-01      19.6    316.9
2012  2 16    47   16 53  0     53.26    0.1615E-01      19.5    317.5
2012  2 16    47   16 54  0     53.25    0.1579E-01      19.1    318.4
2012  2 16    47   16 55  0     53.23    0.1544E-01      18.7    319.0
2012  2 16    47   16 56  0     53.21    0.1514E-01      18.5    319.8
2012  2 16    47   16 57  0     53.20    0.1467E-01      18.0    320.8
2012  2 16    47   16 58  0     53.19    0.1402E-01      17.3    321.6
2012  2 16    47   16 59  0     53.17    0.1346E-01      16.7    322.5
2012  2 16    47   17  0  0     53.16    0.1320E-01      16.4    323.0
2012  2 16    47   17  1  0     53.15    0.1318E-01      16.3    322.8
2012  2 16    47   17  2  0     53.14    0.1336E-01      16.5    322.5
2012  2 16    47   17  3  0     53.13    0.1357E-01      16.7    321.9
2012  2 16    47   17  4  0     53.13    0.1377E-01      16.8    321.5
2012  2 16    47   17  5  0     53.12    0.1393E-01      17.0    320.9
2012  2 16    47   17  6  0     53.12    0.1409E-01      17.1    320.4
2012  2 16    47   17  7  0     53.11    0.1445E-01      17.5    320.4
2012  2 16    47   17  8  0     53.11    0.1494E-01      18.0    319.8
2012  2 16    47   17  9  0     53.10    0.1520E-01      18.3    319.5
2012  2 16    47   17 10  0     53.10    0.1523E-01      18.2    318.9
2012  2 16    47   17 11  0     53.10    0.1492E-01      17.8    318.8
2012  2 16    47   17 12  0     53.10    0.1440E-01      17.2    318.7
2012  2 16    47   17 13  0     53.10    0.1395E-01      16.7    319.1
2012  2 16    47   17 14  0     53.11    0.1358E-01      16.3    319.4
2012  2 16    47   17 15  0     53.11    0.1362E-01      16.3    319.7
2012  2 16    47   17 16  0     53.12    0.1382E-01      16.6    319.7
2012  2 16    47   17 17  0     53.12    0.1385E-01      16.7    320.0
2012  2 16    47   17 18  0     53.13    0.1395E-01      16.8    320.0
2012  2 16    47   17 19  0     53.13    0.1420E-01      17.1    320.1
2012  2 16    47   17 20  0     53.14    0.1463E-01      17.7    320.3
2012  2 16    47   17 21  0     53.15    0.1498E-01      18.1    320.2
2012  2 16    47   17 22  0     53.16    0.1510E-01      18.2    319.9
2012  2 16    47   17 23  0     53.18    0.1505E-01      18.2    319.5
2012  2 16    47   17 24  0     53.19    0.1490E-01      18.0    319.3
2012  2 16    47   17 25  0     53.20    0.1482E-01      17.9    319.1
2012  2 16    47   17 26  0     53.22    0.1489E-01      17.9    318.9
2012  2 16    47   17 27  0     53.23    0.1501E-01      18.1    318.9
2012  2 16    47   17 28  0     53.25    0.1520E-01      18.4    318.8
2012  2 16    47   17 29  0     53.27    0.1529E-01      18.5    319.0
2012  2 16    47   17 30  0     53.28    0.1533E-01      18.6    319.0
2012  2 16    47   17 31  0     53.30    0.1526E-01      18.6    319.2
2012  2 16    47   17 32  0     53.32    0.1510E-01      18.4    319.0
2012  2 16    47   17 33  0     53.35    0.1499E-01      18.2    318.7
2012  2 16    47   17 34  0     53.37    0.1499E-01      18.2    318.3
2012  2 16    47   17 35  0     53.39    0.1521E-01      18.4    317.6
2012  2 16    47   17 36  0     53.42    0.1558E-01      18.8    316.2
2012  2 16    47   17 37  0     53.44    0.1599E-01      19.2    315.3
2012  2 16    47   17 38  0     53.47    0.1639E-01      19.6    314.6
2012  2 16    47   17 39  0     53.50    0.1665E-01      19.9    313.6
2012  2 16    47   17 40  0     53.53    0.1678E-01      20.0    313.0
2012  2 16    47   17 41  0     53.56    0.1693E-01      20.1    312.5
2012  2 16    47   17 42  0     53.59    0.1722E-01      20.4    311.8
2012  2 16    47   17 43  0     53.62    0.1754E-01      20.8    311.5
2012  2 16    47   17 44  0     53.65    0.1784E-01      21.2    310.9
2012  2 16    47   17 45  0     53.69    0.1798E-01      21.3    310.7
2012  2 16    47   17 46  0     53.72    0.1790E-01      21.3    310.9
2012  2 16    47   17 47  0     53.75    0.1775E-01      21.2    310.9
2012  2 16    47   17 48  0     53.79    0.1756E-01      21.0    311.0
2012  2 16    47   17 49  0     53.83    0.1712E-01      20.6    311.3
2012  2 16    47   17 50  0     53.87    0.1633E-01      19.8    312.1
2012  2 16    47   17 51  0     53.91    0.1564E-01      19.2    313.2
2012  2 16    47   17 52  0     53.95    0.1529E-01      19.0    315.0
2012  2 16    47   17 53  0     53.99    0.1490E-01      18.7    315.8
2012  2 16    47   17 54  0     54.03    0.1423E-01      18.0    316.1
2012  2 16    47   17 55  0     54.07    0.1334E-01      17.0    317.5
2012  2 16    47   17 56  0     54.12    0.1257E-01      16.3    319.3
2012  2 16    47   17 57  0     54.16    0.1220E-01      16.0    320.1
2012  2 16    47   17 58  0     54.21    0.1192E-01      15.8    320.9
2012  2 16    47   17 59  0     54.25    0.1171E-01      15.7    321.7
2012  2 16    47   18  0  0     54.30    0.1173E-01      15.8    322.0
2012  2 16    47   18  1  0     54.35    0.1182E-01      16.0    322.1
2012  2 16    47   18  2  0     54.40    0.1164E-01      15.9    322.4
2012  2 16    47   18  3  0     54.45    0.1166E-01      16.0    322.6
2012  2 16    47   18  4  0     54.50    0.1199E-01      16.5    322.2
2012  2 16    47   18  5  0     54.56    0.1201E-01      16.6    322.1
2012  2 16    47   18  6  0     54.61    0.1149E-01      15.9    322.3
2012  2 16    47   18  7  0     54.66    0.1101E-01      15.4    322.8
2012  2 16    47   18  8  0     54.72    0.1078E-01      15.2    323.0
2012  2 16    47   18  9  0     54.77    0.1063E-01      15.1    323.3
2012  2 16    47   18 10  0     54.83    0.1067E-01      15.2    322.9
2012  2 16    47   18 11  0     54.89    0.1100E-01      15.7    322.8
2012  2 16    47   18 12  0     54.95    0.1128E-01      16.2    322.5
2012  2 16    47   18 13  0     55.01    0.1136E-01      16.3    322.2
2012  2 16    47   18 14  0     55.07    0.1137E-01      16.4    322.2
2012  2 16    47   18 15  0     55.13    0.1141E-01      16.5    321.5
2012  2 16    47   18 16  0     55.19    0.1147E-01      16.6    321.0
2012  2 16    47   18 17  0     55.26    0.1144E-01      16.6    320.5
2012  2 16    47   18 18  0     55.32    0.1130E-01      16.4    320.1
2012  2 16    47   18 19  0     55.39    0.1116E-01      16.3    320.0
2012  2 16    47   18 20  0     55.45    0.1102E-01      16.2    320.3
2012  2 16    47   18 21  0     55.52    0.1103E-01      16.2    319.8
2012  2 16    47   18 22  0     55.59    0.1108E-01      16.3    319.1
2012  2 16    47   18 23  0     55.66    0.1111E-01      16.4    318.8
2012  2 16    47   18 24  0     55.73    0.1124E-01      16.6    318.0
2012  2 16    47   18 25  0     55.80    0.1136E-01      16.8    317.3
2012  2 16    47   18 26  0     55.87    0.1153E-01      17.0    316.4
2012  2 16    47   18 27  0     55.94    0.1178E-01      17.4    315.5
2012  2 16    47   18 28  0     56.02    0.1205E-01      17.8    313.7
2012  2 16    47   18 29  0     56.09    0.1225E-01      18.1    313.0
2012  2 16    47   18 30  0     56.16    0.1234E-01      18.2    312.4
2012  2 16    47   18 31  0     56.24    0.1239E-01      18.4    312.2
2012  2 16    47   18 32  0     56.32    0.1240E-01      18.5    312.1
2012  2 16    47   18 33  0     56.40    0.1228E-01      18.5    312.5
2012  2 16    47   18 34  0     56.47    0.1210E-01      18.4    312.6
2012  2 16    47   18 35  0     56.55    0.1195E-01      18.3    312.4
2012  2 16    47   18 36  0     56.63    0.1185E-01      18.3    312.2
2012  2 16    47   18 37  0     56.71    0.1180E-01      18.4    312.4
2012  2 16    47   18 38  0     56.79    0.1185E-01      18.6    312.3
2012  2 16    47   18 39  0     56.88    0.1186E-01      18.8    312.2
2012  2 16    47   18 40  0     56.96    0.1182E-01      18.9    313.3
2012  2 16    47   18 41  0     57.04    0.1180E-01      19.0    312.2
2012  2 16    47   18 42  0     57.13    0.1173E-01      19.1    312.5
2012  2 16    47   18 43  0     57.21    0.1168E-01      19.2    312.9
2012  2 16    47   18 44  0     57.30    0.1174E-01      19.6    313.5
2012  2 16    47   18 45  0     57.39    0.1210E-01      20.5    313.4
2012  2 16    47   18 46  0     57.48    0.1293E-01      22.0    311.8
2012  2 16    47   18 47  0     57.57    0.1405E-01      23.6    308.5
2012  2 16    47   18 48  0     57.66    0.1514E-01      25.0    305.3
2012  2 16    47   18 49  0     57.74    0.1590E-01      26.0    302.9
2012  2 16    47   18 50  0     57.84    0.1617E-01      26.1    301.0
2012  2 16    47   18 51  0     57.93    0.1601E-01      25.6    300.0
2012  2 16    47   18 52  0     58.02    0.1585E-01      25.3    299.2
2012  2 16    47   18 53  0     58.12    0.1604E-01      25.8    298.9
2012  2 16    47   18 54  0     58.21    0.1671E-01      27.2    299.1
2012  2 16    47   18 55  0     58.30    0.1761E-01      29.0    299.1
2012  2 16    47   18 56  0     58.40    0.1861E-01      31.2    299.2
2012  2 16    47   18 57  0     58.50    0.1975E-01      33.5    298.9
2012  2 16    47   18 58  0     58.59    0.2067E-01      35.5    298.6
2012  2 16    47   18 59  0     58.69    0.2122E-01      36.7    297.9
2012  2 16    47   19  0  0     58.79    0.2166E-01      37.7    297.2
2012  2 16    47   19  1  0     58.89    0.2216E-01      38.9    296.6
2012  2 16    47   19  2  0     58.99    0.2279E-01      40.1    295.8
2012  2 16    47   19  3  0     59.09    0.2368E-01      41.9    294.1
2012  2 16    47   19  4  0     59.19    0.2471E-01      43.8    292.9
2012  2 16    47   19  5  0     59.29    0.2535E-01      44.7    291.6
2012  2 16    47   19  6  0     59.40    0.2569E-01      45.0    290.2
2012  2 16    47   19  7  0     59.50    0.2534E-01      44.2    289.5
2012  2 16    47   19  8  0     59.60    0.2441E-01      42.8    289.6
2012  2 16    47   19  9  0     59.71    0.2346E-01      41.8    290.3
2012  2 16    47   19 10  0     59.82    0.2291E-01      41.6    291.0
2012  2 16    47   19 11  0     59.92    0.2284E-01      42.1    291.0
2012  2 16    47   19 12  0     60.03    0.2291E-01      42.5    290.1
2012  2 16    47   19 13  0     60.14    0.2286E-01      42.4    288.9
2012  2 16    47   19 14  0     60.25    0.2280E-01      42.4    287.8
2012  2 16    47   19 15  0     60.36    0.2279E-01      42.5    286.9
2012  2 16    47   19 16  0     60.47    0.2269E-01      42.6    286.7
2012  2 16    47   19 17  0     60.58    0.2247E-01      42.6    286.6
2012  2 16    47   19 18  0     60.69    0.2211E-01      42.4    286.7
2012  2 16    47   19 19  0     60.80    0.2090E-01      40.4    286.5
2012  2 16    47   19 20  0     60.91    0.1791E-01      35.0    287.1
2012  2 16    47   19 21  0     61.03    0.1525E-01      30.4    288.2
2012  2 16    47   19 22  0     61.14    0.1396E-01      28.3    289.1
2012  2 16    47   19 23  0     61.25    0.1276E-01      26.3    290.0
2012  2 16    47   19 24  0     61.37    0.1171E-01      24.7    290.9
2012  2 16    47   19 25  0     61.49    0.1151E-01      24.8    291.4
2012  2 16    47   19 26  0     61.60    0.1126E-01      24.6    291.2
2012  2 16    47   19 27  0     61.72    0.1087E-01      24.3    291.8
2012  2 16    47   19 28  0     61.84    0.1198E-01      27.3    291.4
2012  2 16    47   19 29  0     61.96    0.1405E-01      32.2    290.0
2012  2 16    47   19 30  0     62.08    0.1550E-01      35.5    288.4
2012  2 16    47   19 31  0     62.20    0.1575E-01      35.9    287.3
2012  2 16    47   19 32  0     62.32    0.1533E-01      35.1    287.0
2012  2 16    47   19 33  0     62.44    0.1458E-01      33.8    287.1
2012  2 16    47   19 34  0     62.56    0.1357E-01      31.9    287.4
2012  2 16    47   19 35  0     62.68    0.1231E-01      29.4    287.7
2012  2 16    47   19 36  0     62.80    0.1111E-01      27.1    288.4
2012  2 16    47   19 37  0     62.93    0.1042E-01      25.9    288.8
2012  2 16    47   19 38  0     63.05    0.1027E-01      26.0    288.7
2012  2 16    47   19 39  0     63.17    0.1061E-01      27.1    288.0
2012  2 16    47   19 40  0     63.30    0.1061E-01      27.4    287.2
2012  2 16    47   19 41  0     63.43    0.1017E-01      26.5    286.8
2012  2 16    47   19 42  0     63.55    0.9526E-02      25.0    286.6
2012  2 16    47   19 43  0     63.68    0.9102E-02      24.1    286.0
2012  2 16    47   19 44  0     63.81    0.8844E-02      23.4    285.0
2012  2 16    47   19 45  0     63.93    0.8203E-02      21.5    283.7
2012  2 16    47   19 46  0     64.06    0.7134E-02      18.5    282.9
2012  2 16    47   19 47  0     64.19    0.6041E-02      15.7    282.5
2012  2 16    47   19 48  0     64.32    0.5858E-02      15.5    283.3
2012  2 16    47   19 49  0     64.45    0.6394E-02      17.3    284.0
2012  2 16    47   19 50  0     64.58    0.6642E-02      18.7    285.4
2012  2 16    47   19 51  0     64.71    0.6762E-02      20.1    287.5
2012  2 16    47   19 52  0     64.85    0.6971E-02      21.7    288.7
2012  2 16    47   19 53  0     64.98    0.6930E-02      22.1    289.3
2012  2 16    47   19 54  0     65.11    0.6448E-02      20.6    288.6
2012  2 16    47   19 55  0     65.24    0.5800E-02      18.5    287.6
2012  2 16    47   19 56  0     65.38    0.5391E-02      17.3    286.9
2012  2 16    47   19 57  0     65.51    0.5183E-02      16.8    285.9
2012  2 16    47   19 58  0     65.65    0.4955E-02      16.2    285.7
2012  2 16    47   19 59  0     65.78    0.4759E-02      15.9    286.4
2012  2 16    47   20  0  0     65.92    0.4805E-02      16.5    286.6
2012  2 16    47   20  1  0     66.06    0.4756E-02      16.8    287.7
2012  2 16    47   20  2  0     66.19    0.4810E-02      17.5    288.1
2012  2 16    47   20  3  0     66.33    0.4876E-02      18.2    288.6
2012  2 16    47   20  4  0     66.47    0.4592E-02      17.5    288.8
2012  2 16    47   20  5  0     66.61    0.4161E-02      16.3    289.2
2012  2 16    47   20  6  0     66.74    0.3956E-02      15.9    289.5
2012  2 16    47   20  7  0     66.88    0.3906E-02      15.8    288.8
2012  2 16    47   20  8  0     67.02    0.3816E-02      15.5    287.2
2012  2 16    47   20  9  0     67.16    0.3549E-02      14.5    285.9
2012  2 16    47   20 10  0     67.31    0.3235E-02      13.6    287.6
2012  2 16    47   20 11  0     67.45    0.3001E-02      12.9    287.1
2012  2 16    47   20 12  0     67.59    0.2657E-02      11.8    288.8
2012  2 16    47   20 13  0     67.73    0.2464E-02      11.3    288.9
2012  2 16    47   20 14  0     67.87    0.2436E-02      11.5    289.4
2012  2 16    47   20 15  0     68.02    0.2512E-02      12.2    290.1
2012  2 16    47   20 16  0     68.16    0.2662E-02      13.3    290.0
2012  2 16    47   20 17  0     68.31    0.2892E-02      14.8    290.0
2012  2 16    47   20 18  0     68.45    0.3276E-02      17.3    291.2
2012  2 16    47   20 19  0     68.59    0.3469E-02      18.9    292.0
2012  2 16    47   20 20  0     68.74    0.3654E-02      20.6    294.7
2012  2 16    47   20 21  0     68.89    0.3630E-02      21.1    295.2
2012  2 16    47   20 22  0     69.03    0.3520E-02      21.1    295.1
2012  2 16    47   20 23  0     69.18    0.3488E-02      21.2    292.9
2012  2 16    47   20 24  0     69.33    0.3288E-02      19.9    290.0
2012  2 16    47   20 25  0     69.48    0.3109E-02      18.4    286.5
2012  2 16    47   20 26  0     69.62    0.3201E-02      18.3    281.7
2012  2 16    47   20 27  0     69.77    0.3608E-02      20.1    278.5
2012  2 16    47   20 28  0     69.92    0.3749E-02      20.7    276.4
2012  2 16    47   20 29  0     70.07    0.3383E-02      19.2    275.5
2012  2 16    47   20 30  0     70.22    0.3118E-02      18.4    276.2
2012  2 16    47   20 31  0     70.37    0.3014E-02      18.8    279.5
2012  2 16    47   20 32  0     70.52    0.3088E-02      20.1    280.5
2012  2 16    47   20 33  0     70.67    0.3302E-02      22.3    281.5
2012  2 16    47   20 34  0     70.83    0.3445E-02      23.7    281.6
2012  2 16    47   20 35  0     70.98    0.3486E-02      24.5    280.2
2012  2 16    47   20 36  0     71.13    0.3552E-02      25.6    280.5
2012  2 16    47   20 37  0     71.28    0.3655E-02      27.1    280.0
2012  2 16    47   20 38  0     71.44    0.3760E-02      28.9    281.1
2012  2 16    47   20 39  0     71.59    0.3864E-02      30.4    280.4
2012  2 16    47   20 40  0     71.74    0.4009E-02      32.5    280.6
2012  2 16    47   20 41  0     71.90    0.4271E-02      35.5    280.4
2012  2 16    47   20 42  0     72.05    0.4472E-02      38.2    280.3
2012  2 16    47   20 43  0     72.21    0.4507E-02      39.5    280.0
2012  2 16    47   20 44  0     72.36    0.4368E-02      39.5    280.1
2012  2 16    47   20 45  0     72.52    0.4077E-02      37.9    280.1
2012  2 16    47   20 46  0     72.67    0.3626E-02      34.6    279.9
2012  2 16    47   20 47  0     72.83    0.3202E-02      31.3    279.0
2012  2 16    47   20 48  0     72.99    0.2707E-02      26.9    277.3
2012  2 16    47   20 49  0     73.14    0.2444E-02      25.0    275.7
2012  2 16    47   20 50  0     73.30    0.2641E-02      28.1    276.6
2012  2 16    47   20 51  0     73.46    0.2811E-02      31.0    278.5
2012  2 16    47   20 52  0     73.62    0.2821E-02      32.4    279.0
2012  2 16    47   20 53  0     73.78    0.2709E-02      32.4    280.0
2012  2 16    47   20 54  0     73.94    0.2443E-02      30.5    281.2
2012  2 16    47   20 55  0     74.09    0.2110E-02      27.3    279.6
2012  2 16    47   20 56  0     74.25    0.1772E-02      24.1    279.7
2012  2 16    47   20 57  0     74.41    0.1512E-02      21.3    277.0
2012  2 16    47   20 58  0     74.57    0.1230E-02      18.2    277.8
2012  2 16    47   20 59  0     74.74    0.1064E-02      16.5    276.9
2012  2 16    47   21  0  0     74.90    0.1050E-02      17.1    276.2
2012  2 16    47   21  1  0     75.06    0.1087E-02      18.5    276.4
2012  2 16    47   21  2  0     75.22    0.1056E-02      18.4    274.1
2012  2 16    47   21  3  0     75.38    0.9654E-03      16.8    267.4
2012  2 16    47   21  4  0     75.54    0.8541E-03      14.8    263.0
2012  2 16    47   21  5  0     75.71    0.7783E-03      13.1    255.8
2012  2 16    47   21  6  0     75.87    0.7356E-03      12.3    249.3
2012  2 16    47   21  7  0     76.03    0.7301E-03      12.4    250.1
2012  2 16    47   21  8  0     76.20    0.7422E-03      12.9    250.2
2012  2 16    47   21  9  0     76.36    0.7393E-03      13.1    246.9
2012  2 16    47   21 10  0     76.52    0.7233E-03      13.2    246.3
2012  2 16    47   21 11  0     76.69    0.7314E-03      13.6    243.5
2012  2 16    47   21 12  0     76.85    0.7052E-03      13.5    242.0
2012  2 16    47   21 13  0     77.02    0.6479E-03      12.7    239.8
2012  2 16    47   21 14  0     77.18    0.5863E-03      11.9    239.3
2012  2 16    47   21 15  0     77.35    0.5490E-03      11.4    235.2
2012  2 16    47   21 16  0     77.52    0.5162E-03      11.0    234.5
2012  2 16    47   21 17  0     77.68    0.5085E-03      11.0    230.3
2012  2 16    47   21 18  0     77.85    0.5152E-03      11.2    226.3
2012  2 16    47   21 19  0     78.02    0.5487E-03      12.2    223.7
2012  2 16    47   21 20  0     78.18    0.5871E-03      14.0    228.5
2012  2 16    47   21 21  0     78.35    0.6220E-03      15.8    233.1
2012  2 16    47   21 22  0     78.52    0.6489E-03      17.2    232.3
2012  2 16    47   21 23  0     78.69    0.6635E-03      18.4    233.0
2012  2 16    47   21 24  0     78.85    0.6649E-03      19.1    231.3
2012  2 16    47   21 25  0     79.02    0.6655E-03      19.4    226.2
2012  2 16    47   21 26  0     79.19    0.6503E-03      19.9    230.2
2012  2 16    47   21 27  0     79.36    0.6490E-03      20.5    230.5
2012  2 16    47   21 28  0     79.53    0.6647E-03      21.5    226.8
2012  2 16    47   21 29  0     79.70    0.6805E-03      23.0    227.8
2012  2 16    47   21 30  0     79.87    0.6783E-03      24.3    231.6
2012  2 16    47   21 31  0     80.04    0.6591E-03      23.7    222.6
2012  2 16    47   21 32  0     80.21    0.5565E-03      20.3    217.9
2012  2 16    47   21 33  0     80.38    0.4859E-03      17.8    207.0
2012  2 16    47   21 34  0     80.55    0.5017E-03      20.4    216.5
2012  2 16    47   21 35  0     80.72    0.5794E-03      25.3    218.8
2012  2 16    47   21 36  0     80.89    0.6174E-03      29.0    222.1
2012  2 16    47   21 37  0     81.07    0.6058E-03      30.5    225.5
2012  2 16    47   21 38  0     81.24    0.5627E-03      29.6    224.9
2012  2 16    47   21 39  0     81.41    0.5471E-03      29.2    216.2
2012  2 16    47   21 40  0     81.58    0.5186E-03      28.2    210.9
2012  2 16    47   21 41  0     81.75    0.4875E-03      27.4    207.7
2012  2 16    47   21 42  0     81.93    0.4804E-03      27.6    200.7
2012  2 16    47   21 43  0     82.10    0.4447E-03      27.8    207.2
2012  2 16    47   21 44  0     82.27    0.4248E-03      27.4    201.8
2012  2 16    47   21 45  0     82.45    0.4257E-03      27.8    193.3
2012  2 16    47   21 46  0     82.62    0.4075E-03      29.0    202.5
2012  2 16    47   21 47  0     82.79    0.4088E-03      29.6    194.8
2012  2 16    47   21 48  0     82.97    0.4005E-03      29.7    187.8
2012  2 16    47   21 49  0     83.14    0.3830E-03      29.9    189.6
2012  2 16    47   21 50  0     83.32    0.3711E-03      29.9    187.3
2012  2 16    47   21 51  0     83.49    0.3665E-03      30.0    182.5
2012  2 16    47   21 52  0     83.67    0.3641E-03      30.8    181.2
2012  2 16    47   21 53  0     83.84    0.3608E-03      31.8    180.6
2012  2 16    47   21 54  0     84.02    0.3536E-03      32.4    179.3
2012  2 16    47   21 55  0     84.19    0.3620E-03      33.0    169.2
2012  2 16    47   21 56  0     84.37    0.3617E-03      33.9    166.5
2012  2 16    47   21 57  0     84.55    0.3558E-03      35.2    167.5
2012  2 16    47   21 58  0     84.72    0.3456E-03      36.3    167.9
2012  2 16    47   21 59  0     84.90    0.3367E-03      36.5    159.9
2012  2 16    47   22  0  0     85.08    0.3157E-03      36.8    161.3
2012  2 16    47   22  1  0     85.25    0.3091E-03      38.9    164.9
2012  2 16    47   22  2  0     85.43    0.3209E-03      42.4    163.7
2012  2 16    47   22  3  0     85.61    0.3261E-03      45.0    161.6
2012  2 16    47   22  4  0     85.78    0.3194E-03      46.5    161.6
2012  2 16    47   22  5  0     85.96    0.3034E-03      48.2    171.9
2012  2 16    47   22  6  0     86.14    0.3089E-03      48.9    161.5
2012  2 16    47   22  7  0     86.32    0.2974E-03      48.0    157.9
2012  2 16    47   22  8  0     86.50    0.2970E-03      46.5    139.9
2012  2 16    47   22  9  0     86.67    0.2505E-03      44.8    163.5
2012  2 16    47   22 10  0     86.85    0.2442E-03      43.7    146.6
2012  2 16    47   22 11  0     87.03    0.2433E-03      43.6    134.9
2012  2 16    47   22 12  0     87.21    0.2301E-03      43.4    137.8
2012  2 16    47   22 13  0     87.39    0.2326E-03      43.3    123.8
2012  2 16    47   22 14  0     87.57    0.2240E-03      43.1    122.0
2012  2 16    47   22 15  0     87.75    0.2203E-03      43.0    116.8
2012  2 16    47   22 16  0     87.93    0.2156E-03      43.3    113.5
2012  2 16    47   22 17  0     88.11    0.2018E-03      43.3    117.5
2012  2 16    47   22 18  0     88.29    0.2021E-03      43.0    112.0
2012  2 16    47   22 19  0     88.47    0.2012E-03      43.2    107.7
2012  2 16    47   22 20  0     88.65    0.2081E-03      43.4     98.0
2012  2 16    47   22 21  0     88.83    0.1948E-03      44.1    102.0
2012  2 16    47   22 22  0     89.01    0.1903E-03      45.4    101.6
2012  2 16    47   22 23  0     89.19    0.1954E-03      45.5     95.0
2012  2 16    47   22 24  0     89.37    0.1814E-03      43.9     95.6
2012  2 16    47   22 25  0     89.55    0.1692E-03      42.6     94.8
2012  2 16    47   22 26  0     89.74    0.1647E-03      43.1     91.5
2012  2 16    47   22 27  0     89.92    0.1642E-03      44.5     87.5
