                            NILUUV 115

Uvpro Version 2.0
Latitude :   40.74 (North)
Longitude:  -74.03  (West)
Calibration file: cf100603a.115
Height above sea level:    40.0  m
CLT derived from channel 4
CLT scale factor used:   1.0
Ozone derived from channel pair ch3/ch1
Ozone scale factor used:   1.0
Drift factors ch1-ch6:   0.821  0.844  0.871  0.906  0.721  1.002
Ozone profile climatology: Mid  Latitude
Dose type:    CLW    Caldwell Plant 1971           

yyyy mm dd   jul   hh mm ss      SZA     dose rate       clt     Ozone
                              [degrees]   [W/m^2]        [%]     [DU]
2012  8 30   243   10 27  0     89.93    0.4142E-03      91.1     54.5
2012  8 30   243   10 28  0     89.74    0.4181E-03      90.7     58.6
2012  8 30   243   10 29  0     89.56    0.4421E-03      90.8     59.2
2012  8 30   243   10 30  0     89.37    0.4386E-03      91.4     64.8
2012  8 30   243   10 31  0     89.18    0.4513E-03      91.9     66.7
2012  8 30   243   10 32  0     89.00    0.4607E-03      92.7     68.8
2012  8 30   243   10 33  0     88.81    0.4732E-03      92.5     72.0
2012  8 30   243   10 34  0     88.63    0.4781E-03      92.5     76.3
2012  8 30   243   10 35  0     88.44    0.4911E-03      92.7     79.0
2012  8 30   243   10 36  0     88.25    0.4971E-03      92.9     82.8
2012  8 30   243   10 37  0     88.07    0.5204E-03      93.4     83.0
2012  8 30   243   10 38  0     87.88    0.5134E-03      93.4     89.3
2012  8 30   243   10 39  0     87.69    0.5305E-03      93.4     91.9
2012  8 30   243   10 40  0     87.51    0.5442E-03      93.4     94.9
2012  8 30   243   10 41  0     87.32    0.5649E-03      93.6     96.5
2012  8 30   243   10 42  0     87.13    0.5635E-03      93.9    101.9
2012  8 30   243   10 43  0     86.95    0.5805E-03      94.2    104.0
2012  8 30   243   10 44  0     86.76    0.5877E-03      94.1    108.7
2012  8 30   243   10 45  0     86.57    0.5930E-03      94.0    113.8
2012  8 30   243   10 46  0     86.39    0.6125E-03      94.2    116.3
2012  8 30   243   10 47  0     86.20    0.6326E-03      94.4    118.6
2012  8 30   243   10 48  0     86.01    0.6530E-03      94.7    121.1
2012  8 30   243   10 49  0     85.82    0.6709E-03      94.6    125.9
2012  8 30   243   10 50  0     85.64    0.6779E-03      94.6    133.0
2012  8 30   243   10 51  0     85.45    0.7006E-03      94.8    136.9
2012  8 30   243   10 52  0     85.26    0.7387E-03      94.9    137.2
2012  8 30   243   10 53  0     85.07    0.7521E-03      95.0    143.1
2012  8 30   243   10 54  0     84.88    0.7718E-03      94.9    148.5
2012  8 30   243   10 55  0     84.70    0.7993E-03      94.9    152.9
2012  8 30   243   10 56  0     84.51    0.8247E-03      94.9    157.8
2012  8 30   243   10 57  0     84.32    0.8485E-03      94.9    163.2
2012  8 30   243   10 58  0     84.13    0.8926E-03      95.0    163.8
2012  8 30   243   10 59  0     83.94    0.9175E-03      95.1    169.2
2012  8 30   243   11  0  0     83.76    0.9493E-03      95.1    173.7
2012  8 30   243   11  1  0     83.57    0.9828E-03      95.2    178.1
2012  8 30   243   11  2  0     83.38    0.1020E-02      95.2    181.7
2012  8 30   243   11  3  0     83.19    0.1072E-02      95.3    182.6
2012  8 30   243   11  4  0     83.00    0.1113E-02      95.4    185.7
2012  8 30   243   11  5  0     82.81    0.1144E-02      95.2    191.5
2012  8 30   243   11  6  0     82.63    0.1191E-02      95.1    194.9
2012  8 30   243   11  7  0     82.44    0.1252E-02      95.1    195.7
2012  8 30   243   11  8  0     82.25    0.1300E-02      95.0    199.0
2012  8 30   243   11  9  0     82.06    0.1343E-02      94.9    203.4
2012  8 30   243   11 10  0     81.87    0.1410E-02      94.8    204.3
2012  8 30   243   11 11  0     81.68    0.1460E-02      94.6    208.5
2012  8 30   243   11 12  0     81.49    0.1510E-02      94.6    212.9
2012  8 30   243   11 13  0     81.31    0.1571E-02      94.5    215.7
2012  8 30   243   11 14  0     81.12    0.1636E-02      94.4    218.3
2012  8 30   243   11 15  0     80.93    0.1714E-02      94.4    219.3
2012  8 30   243   11 16  0     80.74    0.1773E-02      94.3    223.7
2012  8 30   243   11 17  0     80.55    0.1865E-02      94.2    223.7
2012  8 30   243   11 18  0     80.36    0.1932E-02      94.0    227.1
2012  8 30   243   11 19  0     80.17    0.2019E-02      93.9    228.3
2012  8 30   243   11 20  0     79.98    0.2091E-02      93.8    231.7
2012  8 30   243   11 21  0     79.79    0.2181E-02      93.7    234.0
2012  8 30   243   11 22  0     79.60    0.2259E-02      93.7    237.5
2012  8 30   243   11 23  0     79.42    0.2355E-02      93.7    239.2
2012  8 30   243   11 24  0     79.23    0.2450E-02      93.6    241.1
2012  8 30   243   11 25  0     79.04    0.2544E-02      93.6    243.4
2012  8 30   243   11 26  0     78.85    0.2647E-02      93.3    244.8
2012  8 30   243   11 27  0     78.66    0.2752E-02      93.3    246.6
2012  8 30   243   11 28  0     78.47    0.2859E-02      93.2    248.8
2012  8 30   243   11 29  0     78.28    0.2976E-02      93.3    250.2
2012  8 30   243   11 30  0     78.09    0.3105E-02      93.3    250.8
2012  8 30   243   11 31  0     77.90    0.3226E-02      93.3    253.0
2012  8 30   243   11 32  0     77.71    0.3341E-02      93.1    255.3
2012  8 30   243   11 33  0     77.52    0.3472E-02      93.2    256.7
2012  8 30   243   11 34  0     77.33    0.3614E-02      93.2    257.7
2012  8 30   243   11 35  0     77.15    0.3735E-02      93.3    260.3
2012  8 30   243   11 36  0     76.96    0.3875E-02      93.2    261.7
2012  8 30   243   11 37  0     76.77    0.4025E-02      93.2    262.8
2012  8 30   243   11 38  0     76.58    0.4186E-02      93.2    263.5
2012  8 30   243   11 39  0     76.39    0.4346E-02      93.4    264.6
2012  8 30   243   11 40  0     76.20    0.4513E-02      93.4    265.3
2012  8 30   243   11 41  0     76.01    0.4655E-02      93.4    267.6
2012  8 30   243   11 42  0     75.82    0.4828E-02      93.4    268.5
2012  8 30   243   11 43  0     75.63    0.4991E-02      93.3    270.1
2012  8 30   243   11 44  0     75.44    0.5187E-02      93.4    270.2
2012  8 30   243   11 45  0     75.25    0.5362E-02      93.4    271.4
2012  8 30   243   11 46  0     75.06    0.5539E-02      93.3    272.4
2012  8 30   243   11 47  0     74.87    0.5727E-02      93.3    274.2
2012  8 30   243   11 48  0     74.68    0.5913E-02      93.2    275.4
2012  8 30   243   11 49  0     74.50    0.6116E-02      93.1    276.2
2012  8 30   243   11 50  0     74.31    0.6325E-02      93.1    276.5
2012  8 30   243   11 51  0     74.12    0.6535E-02      93.1    277.4
2012  8 30   243   11 52  0     73.93    0.6764E-02      93.1    278.0
2012  8 30   243   11 53  0     73.74    0.6982E-02      93.1    279.1
2012  8 30   243   11 54  0     73.55    0.7217E-02      93.1    279.6
2012  8 30   243   11 55  0     73.36    0.7454E-02      93.1    280.1
2012  8 30   243   11 56  0     73.17    0.7672E-02      92.8    281.0
2012  8 30   243   11 57  0     72.98    0.7906E-02      92.6    281.6
2012  8 30   243   11 58  0     72.79    0.8170E-02      92.5    281.6
2012  8 30   243   11 59  0     72.60    0.8421E-02      92.3    282.1
2012  8 30   243   12  0  0     72.42    0.8663E-02      92.1    282.9
2012  8 30   243   12  1  0     72.23    0.8935E-02      91.9    283.0
2012  8 30   243   12  2  0     72.04    0.9193E-02      91.9    284.0
2012  8 30   243   12  3  0     71.85    0.9472E-02      91.9    284.6
2012  8 30   243   12  4  0     71.66    0.9758E-02      91.8    285.2
2012  8 30   243   12  5  0     71.47    0.1005E-01      91.6    285.3
2012  8 30   243   12  6  0     71.28    0.1033E-01      91.4    286.0
2012  8 30   243   12  7  0     71.09    0.1065E-01      91.4    286.0
2012  8 30   243   12  8  0     70.90    0.1097E-01      91.3    286.2
2012  8 30   243   12  9  0     70.72    0.1127E-01      91.1    286.8
2012  8 30   243   12 10  0     70.53    0.1161E-01      91.1    287.0
2012  8 30   243   12 11  0     70.34    0.1195E-01      91.3    287.6
2012  8 30   243   12 12  0     70.15    0.1229E-01      91.3    288.1
2012  8 30   243   12 13  0     69.96    0.1264E-01      91.3    288.4
2012  8 30   243   12 14  0     69.77    0.1300E-01      91.4    289.0
2012  8 30   243   12 15  0     69.59    0.1337E-01      91.5    289.3
2012  8 30   243   12 16  0     69.40    0.1375E-01      91.5    289.6
2012  8 30   243   12 17  0     69.21    0.1413E-01      91.3    289.7
2012  8 30   243   12 18  0     69.02    0.1451E-01      91.5    290.0
2012  8 30   243   12 19  0     68.83    0.1490E-01      91.5    290.5
2012  8 30   243   12 20  0     68.65    0.1529E-01      91.4    290.8
2012  8 30   243   12 21  0     68.46    0.1568E-01      91.4    291.2
2012  8 30   243   12 22  0     68.27    0.1610E-01      91.3    291.4
2012  8 30   243   12 23  0     68.08    0.1651E-01      91.4    291.8
2012  8 30   243   12 24  0     67.89    0.1694E-01      91.4    293.3
2012  8 30   243   12 25  0     67.71    0.1735E-01      91.2    292.5
2012  8 30   243   12 26  0     67.52    0.1778E-01      91.1    292.7
2012  8 30   243   12 27  0     67.33    0.1824E-01      91.1    292.8
2012  8 30   243   12 28  0     67.14    0.1869E-01      91.1    293.3
2012  8 30   243   12 29  0     66.96    0.1919E-01      91.4    294.5
2012  8 30   243   12 30  0     66.77    0.1968E-01      91.3    294.6
2012  8 30   243   12 31  0     66.58    0.2018E-01      91.3    293.8
2012  8 30   243   12 32  0     66.40    0.2069E-01      91.4    294.1
2012  8 30   243   12 33  0     66.21    0.2119E-01      91.3    294.2
2012  8 30   243   12 34  0     66.02    0.2173E-01      91.3    294.4
2012  8 30   243   12 35  0     65.84    0.2225E-01      91.4    295.5
2012  8 30   243   12 36  0     65.65    0.2279E-01      91.6    295.7
2012  8 30   243   12 37  0     65.46    0.2333E-01      91.6    295.1
2012  8 30   243   12 38  0     65.28    0.2387E-01      91.6    295.2
2012  8 30   243   12 39  0     65.09    0.2439E-01      91.4    295.3
2012  8 30   243   12 40  0     64.90    0.2495E-01      91.4    296.0
2012  8 30   243   12 41  0     64.72    0.2555E-01      91.4    296.1
2012  8 30   243   12 42  0     64.53    0.2618E-01      91.6    296.2
2012  8 30   243   12 43  0     64.35    0.2684E-01      91.9    295.8
2012  8 30   243   12 44  0     64.16    0.2744E-01      91.9    295.9
2012  8 30   243   12 45  0     63.98    0.2810E-01      92.1    296.6
2012  8 30   243   12 46  0     63.79    0.2872E-01      92.0    296.6
2012  8 30   243   12 47  0     63.60    0.2934E-01      92.0    296.7
2012  8 30   243   12 48  0     63.42    0.2991E-01      91.7    296.9
2012  8 30   243   12 49  0     63.23    0.3058E-01      91.9    296.5
2012  8 30   243   12 50  0     63.05    0.3125E-01      92.0    296.7
2012  8 30   243   12 51  0     62.86    0.3193E-01      92.1    297.3
2012  8 30   243   12 52  0     62.68    0.3266E-01      92.3    297.4
2012  8 30   243   12 53  0     62.49    0.3334E-01      92.3    297.6
2012  8 30   243   12 54  0     62.31    0.3404E-01      92.3    297.2
2012  8 30   243   12 55  0     62.13    0.3484E-01      92.5    297.1
2012  8 30   243   12 56  0     61.94    0.3557E-01      92.5    297.6
2012  8 30   243   12 57  0     61.76    0.3638E-01      92.9    297.8
2012  8 30   243   12 58  0     61.57    0.3713E-01      93.0    297.9
2012  8 30   243   12 59  0     61.39    0.3787E-01      92.9    297.9
2012  8 30   243   13  0  0     61.21    0.3857E-01      92.8    297.7
2012  8 30   243   13  1  0     61.02    0.3940E-01      93.1    297.9
2012  8 30   243   13  2  0     60.84    0.4022E-01      93.3    298.3
2012  8 30   243   13  3  0     60.66    0.4101E-01      93.4    298.4
2012  8 30   243   13  4  0     60.47    0.4172E-01      93.2    298.5
2012  8 30   243   13  5  0     60.29    0.4254E-01      93.3    298.6
2012  8 30   243   13  6  0     60.11    0.4335E-01      93.3    298.3
2012  8 30   243   13  7  0     59.92    0.4404E-01      93.3    298.9
2012  8 30   243   13  8  0     59.74    0.4483E-01      93.2    299.0
2012  8 30   243   13  9  0     59.56    0.4567E-01      92.9    298.8
2012  8 30   243   13 10  0     59.38    0.4651E-01      93.3    299.2
2012  8 30   243   13 11  0     59.20    0.4722E-01      93.3    299.5
2012  8 30   243   13 12  0     59.02    0.4812E-01      92.8    298.8
2012  8 30   243   13 13  0     58.83    0.4891E-01      92.9    299.2
2012  8 30   243   13 14  0     58.65    0.4967E-01      92.9    299.6
2012  8 30   243   13 15  0     58.47    0.5047E-01      92.7    299.6
2012  8 30   243   13 16  0     58.29    0.5135E-01      92.8    299.6
2012  8 30   243   13 17  0     58.11    0.5218E-01      92.6    299.6
2012  8 30   243   13 18  0     57.93    0.5288E-01      92.2    299.6
2012  8 30   243   13 19  0     57.75    0.5366E-01      92.1    299.8
2012  8 30   243   13 20  0     57.57    0.5456E-01      92.0    299.8
2012  8 30   243   13 21  0     57.39    0.5530E-01      91.7    299.9
2012  8 30   243   13 22  0     57.21    0.5621E-01      91.9    300.1
2012  8 30   243   13 23  0     57.03    0.5710E-01      91.7    300.0
2012  8 30   243   13 24  0     56.85    0.5818E-01      92.0    300.2
2012  8 30   243   13 25  0     56.67    0.5921E-01      92.3    300.4
2012  8 30   243   13 26  0     56.49    0.6020E-01      92.4    300.5
2012  8 30   243   13 27  0     56.31    0.6127E-01      92.7    300.6
2012  8 30   243   13 28  0     56.14    0.6237E-01      92.9    300.6
2012  8 30   243   13 29  0     55.96    0.6338E-01      93.0    300.5
2012  8 30   243   13 30  0     55.78    0.6430E-01      92.8    300.6
2012  8 30   243   13 31  0     55.60    0.6525E-01      92.8    300.8
2012  8 30   243   13 32  0     55.43    0.6639E-01      93.2    300.8
2012  8 30   243   13 33  0     55.25    0.6738E-01      93.1    300.9
2012  8 30   243   13 34  0     55.07    0.6844E-01      93.1    300.8
2012  8 30   243   13 35  0     54.89    0.6960E-01      93.4    300.9
2012  8 30   243   13 36  0     54.72    0.7068E-01      93.5    300.9
2012  8 30   243   13 37  0     54.54    0.7162E-01      93.3    300.9
2012  8 30   243   13 38  0     54.37    0.7256E-01      93.0    300.9
2012  8 30   243   13 39  0     54.19    0.7359E-01      93.0    300.9
2012  8 30   243   13 40  0     54.02    0.7477E-01      93.3    301.0
2012  8 30   243   13 41  0     53.84    0.7583E-01      93.2    300.9
2012  8 30   243   13 42  0     53.67    0.7686E-01      92.9    300.7
2012  8 30   243   13 43  0     53.49    0.7791E-01      92.8    300.6
2012  8 30   243   13 44  0     53.32    0.7899E-01      92.7    300.6
2012  8 30   243   13 45  0     53.14    0.8011E-01      92.9    300.7
2012  8 30   243   13 46  0     52.97    0.8126E-01      92.9    300.6
2012  8 30   243   13 47  0     52.80    0.8222E-01      92.6    300.5
2012  8 30   243   13 48  0     52.62    0.8332E-01      92.6    300.6
2012  8 30   243   13 49  0     52.45    0.8426E-01      92.4    300.6
2012  8 30   243   13 50  0     52.28    0.8557E-01      92.8    300.8
2012  8 30   243   13 51  0     52.11    0.8676E-01      92.9    300.9
2012  8 30   243   13 52  0     51.93    0.8817E-01      93.4    300.9
2012  8 30   243   13 53  0     51.76    0.8945E-01      93.6    301.0
2012  8 30   243   13 54  0     51.59    0.9068E-01      93.7    301.0
2012  8 30   243   13 55  0     51.42    0.9179E-01      93.7    301.1
2012  8 30   243   13 56  0     51.25    0.9305E-01      94.0    301.3
2012  8 30   243   13 57  0     51.08    0.9412E-01      93.9    301.2
2012  8 30   243   13 58  0     50.91    0.9541E-01      93.9    301.2
2012  8 30   243   13 59  0     50.74    0.9666E-01      94.1    301.3
2012  8 30   243   14  0  0     50.57    0.9786E-01      94.4    301.6
2012  8 30   243   14  1  0     50.40    0.9930E-01      94.6    301.5
2012  8 30   243   14  2  0     50.23    0.1004E+00      94.5    301.5
2012  8 30   243   14  3  0     50.06    0.1016E+00      94.4    301.5
2012  8 30   243   14  4  0     49.90    0.1027E+00      94.5    301.7
2012  8 30   243   14  5  0     49.73    0.1038E+00      94.6    301.8
2012  8 30   243   14  6  0     49.56    0.1051E+00      94.8    301.9
2012  8 30   243   14  7  0     49.39    0.1062E+00      94.6    301.9
2012  8 30   243   14  8  0     49.23    0.1072E+00      94.5    301.9
2012  8 30   243   14  9  0     49.06    0.1085E+00      94.5    302.1
2012  8 30   243   14 10  0     48.90    0.1098E+00      94.8    302.2
2012  8 30   243   14 11  0     48.73    0.1109E+00      94.7    302.2
2012  8 30   243   14 12  0     48.57    0.1121E+00      94.6    302.2
2012  8 30   243   14 13  0     48.40    0.1132E+00      94.5    302.2
2012  8 30   243   14 14  0     48.24    0.1143E+00      94.4    302.2
2012  8 30   243   14 15  0     48.07    0.1156E+00      94.6    302.3
2012  8 30   243   14 16  0     47.91    0.1166E+00      94.4    302.3
2012  8 30   243   14 17  0     47.75    0.1181E+00      94.6    302.3
2012  8 30   243   14 18  0     47.59    0.1195E+00      94.8    302.3
2012  8 30   243   14 19  0     47.43    0.1207E+00      94.8    302.5
2012  8 30   243   14 20  0     47.26    0.1220E+00      95.0    302.5
2012  8 30   243   14 21  0     47.10    0.1237E+00      95.3    302.4
2012  8 30   243   14 22  0     46.94    0.1247E+00      94.9    302.3
2012  8 30   243   14 23  0     46.78    0.1259E+00      95.0    302.4
2012  8 30   243   14 24  0     46.62    0.1273E+00      95.3    302.5
2012  8 30   243   14 25  0     46.46    0.1284E+00      95.0    302.5
2012  8 30   243   14 26  0     46.30    0.1291E+00      94.7    302.6
2012  8 30   243   14 27  0     46.15    0.1306E+00      95.0    302.6
2012  8 30   243   14 28  0     45.99    0.1317E+00      94.8    302.6
2012  8 30   243   14 29  0     45.83    0.1327E+00      94.7    302.7
2012  8 30   243   14 30  0     45.67    0.1340E+00      94.7    302.7
2012  8 30   243   14 31  0     45.52    0.1351E+00      94.7    302.8
2012  8 30   243   14 32  0     45.36    0.1363E+00      94.6    302.8
2012  8 30   243   14 33  0     45.21    0.1375E+00      94.7    302.8
2012  8 30   243   14 34  0     45.05    0.1386E+00      94.5    302.8
2012  8 30   243   14 35  0     44.90    0.1400E+00      94.8    302.9
2012  8 30   243   14 36  0     44.74    0.1416E+00      95.1    302.9
2012  8 30   243   14 37  0     44.59    0.1426E+00      95.1    303.2
2012  8 30   243   14 38  0     44.44    0.1436E+00      94.9    303.1
2012  8 30   243   14 39  0     44.29    0.1448E+00      94.8    303.1
2012  8 30   243   14 40  0     44.13    0.1462E+00      94.9    303.0
2012  8 30   243   14 41  0     43.99    0.1473E+00      94.8    303.1
2012  8 30   243   14 42  0     43.83    0.1480E+00      94.3    302.9
2012  8 30   243   14 43  0     43.68    0.1491E+00      94.2    302.9
2012  8 30   243   14 44  0     43.54    0.1503E+00      94.3    303.0
2012  8 30   243   14 45  0     43.39    0.1514E+00      94.3    303.1
2012  8 30   243   14 46  0     43.24    0.1527E+00      94.4    303.2
2012  8 30   243   14 47  0     43.09    0.1536E+00      94.2    303.3
2012  8 30   243   14 48  0     42.94    0.1547E+00      94.2    303.3
2012  8 30   243   14 49  0     42.80    0.1555E+00      94.0    303.4
2012  8 30   243   14 50  0     42.65    0.1568E+00      94.1    303.5
2012  8 30   243   14 51  0     42.51    0.1582E+00      94.3    303.6
2012  8 30   243   14 52  0     42.36    0.1598E+00      94.6    303.5
2012  8 30   243   14 53  0     42.22    0.1611E+00      94.6    303.5
2012  8 30   243   14 54  0     42.08    0.1622E+00      94.6    303.6
2012  8 30   243   14 55  0     41.93    0.1632E+00      94.5    303.6
2012  8 30   243   14 56  0     41.79    0.1648E+00      94.7    303.6
2012  8 30   243   14 57  0     41.65    0.1659E+00      94.6    303.5
2012  8 30   243   14 58  0     41.51    0.1667E+00      94.4    303.5
2012  8 30   243   14 59  0     41.37    0.1679E+00      94.5    303.7
2012  8 30   243   15  0  0     41.23    0.1689E+00      94.5    303.8
2012  8 30   243   15  1  0     41.09    0.1700E+00      94.4    303.7
2012  8 30   243   15  2  0     40.95    0.1713E+00      94.5    303.6
2012  8 30   243   15  3  0     40.82    0.1724E+00      94.4    303.7
2012  8 30   243   15  4  0     40.68    0.1735E+00      94.5    303.8
2012  8 30   243   15  5  0     40.55    0.1747E+00      94.5    303.8
2012  8 30   243   15  6  0     40.41    0.1759E+00      94.5    303.7
2012  8 30   243   15  7  0     40.28    0.1773E+00      94.8    303.9
2012  8 30   243   15  8  0     40.14    0.1786E+00      95.0    304.1
2012  8 30   243   15  9  0     40.01    0.1795E+00      94.9    304.0
2012  8 30   243   15 10  0     39.88    0.1797E+00      94.3    304.0
2012  8 30   243   15 11  0     39.75    0.1802E+00      94.1    304.1
2012  8 30   243   15 12  0     39.62    0.1809E+00      93.8    304.1
2012  8 30   243   15 13  0     39.49    0.1824E+00      94.0    304.1
2012  8 30   243   15 14  0     39.36    0.1838E+00      94.2    304.1
2012  8 30   243   15 15  0     39.23    0.1851E+00      94.2    304.0
2012  8 30   243   15 16  0     39.11    0.1857E+00      93.9    304.0
2012  8 30   243   15 17  0     38.98    0.1868E+00      94.0    304.0
2012  8 30   243   15 18  0     38.85    0.1892E+00      94.8    304.1
2012  8 30   243   15 19  0     38.73    0.1903E+00      94.8    304.1
2012  8 30   243   15 20  0     38.61    0.1914E+00      94.8    304.0
2012  8 30   243   15 21  0     38.48    0.1924E+00      94.8    304.1
2012  8 30   243   15 22  0     38.36    0.1936E+00      94.8    304.1
2012  8 30   243   15 23  0     38.24    0.1946E+00      94.7    303.9
2012  8 30   243   15 24  0     38.12    0.1960E+00      94.9    303.9
2012  8 30   243   15 25  0     38.00    0.1968E+00      94.8    303.9
2012  8 30   243   15 26  0     37.88    0.1973E+00      94.6    304.0
2012  8 30   243   15 27  0     37.77    0.1985E+00      94.6    303.9
2012  8 30   243   15 28  0     37.65    0.1989E+00      94.3    303.7
2012  8 30   243   15 29  0     37.53    0.1997E+00      94.2    303.8
2012  8 30   243   15 30  0     37.42    0.2009E+00      94.3    303.9
2012  8 30   243   15 31  0     37.30    0.2016E+00      94.2    303.9
2012  8 30   243   15 32  0     37.19    0.2029E+00      94.3    303.9
2012  8 30   243   15 33  0     37.08    0.2040E+00      94.3    303.8
2012  8 30   243   15 34  0     36.97    0.2040E+00      93.8    303.6
2012  8 30   243   15 35  0     36.86    0.2055E+00      94.0    303.6
2012  8 30   243   15 36  0     36.75    0.2063E+00      93.9    303.6
2012  8 30   243   15 37  0     36.64    0.2071E+00      93.7    303.3
2012  8 30   243   15 38  0     36.54    0.2078E+00      93.6    303.3
2012  8 30   243   15 39  0     36.43    0.2089E+00      93.7    303.3
2012  8 30   243   15 40  0     36.33    0.2098E+00      93.8    303.4
2012  8 30   243   15 41  0     36.22    0.2112E+00      94.1    303.5
2012  8 30   243   15 42  0     36.12    0.2113E+00      93.7    303.3
2012  8 30   243   15 43  0     36.02    0.2131E+00      94.0    303.3
2012  8 30   243   15 44  0     35.92    0.2138E+00      94.1    303.4
2012  8 30   243   15 45  0     35.82    0.2145E+00      94.0    303.4
2012  8 30   243   15 46  0     35.72    0.2149E+00      93.8    303.5
2012  8 30   243   15 47  0     35.62    0.2158E+00      93.9    303.5
2012  8 30   243   15 48  0     35.53    0.2169E+00      93.9    303.3
2012  8 30   243   15 49  0     35.43    0.2177E+00      93.9    303.2
2012  8 30   243   15 50  0     35.34    0.2186E+00      94.0    303.4
2012  8 30   243   15 51  0     35.25    0.2193E+00      94.0    303.4
2012  8 30   243   15 52  0     35.16    0.2197E+00      93.9    303.4
2012  8 30   243   15 53  0     35.07    0.2206E+00      93.9    303.3
2012  8 30   243   15 54  0     34.98    0.2213E+00      93.8    303.3
2012  8 30   243   15 55  0     34.89    0.2217E+00      93.8    303.5
2012  8 30   243   15 56  0     34.80    0.2223E+00      93.7    303.5
2012  8 30   243   15 57  0     34.72    0.2228E+00      93.6    303.5
2012  8 30   243   15 58  0     34.63    0.2235E+00      93.6    303.5
2012  8 30   243   15 59  0     34.55    0.2237E+00      93.6    303.7
2012  8 30   243   16  0  0     34.47    0.2251E+00      93.8    303.7
2012  8 30   243   16  1  0     34.39    0.2253E+00      93.6    303.6
2012  8 30   243   16  2  0     34.31    0.2254E+00      93.4    303.6
2012  8 30   243   16  3  0     34.23    0.2268E+00      93.8    303.8
2012  8 30   243   16  4  0     34.15    0.2274E+00      93.8    303.9
2012  8 30   243   16  5  0     34.08    0.2275E+00      93.6    303.9
2012  8 30   243   16  6  0     34.00    0.2272E+00      93.2    303.9
2012  8 30   243   16  7  0     33.93    0.2279E+00      93.3    303.9
2012  8 30   243   16  8  0     33.86    0.2289E+00      93.4    303.8
2012  8 30   243   16  9  0     33.79    0.2296E+00      93.5    303.8
2012  8 30   243   16 10  0     33.72    0.2301E+00      93.5    304.0
2012  8 30   243   16 11  0     33.65    0.2287E+00      92.8    304.3
2012  8 30   243   16 12  0     33.58    0.2305E+00      93.2    304.0
2012  8 30   243   16 13  0     33.52    0.2299E+00      92.8    304.0
2012  8 30   243   16 14  0     33.45    0.2296E+00      92.4    304.0
2012  8 30   243   16 15  0     33.39    0.2267E+00      91.3    303.9
2012  8 30   243   16 16  0     33.33    0.2318E+00      93.0    304.2
2012  8 30   243   16 17  0     33.27    0.2320E+00      92.8    304.1
2012  8 30   243   16 18  0     33.21    0.2329E+00      92.9    304.0
2012  8 30   243   16 19  0     33.15    0.2311E+00      92.3    304.1
2012  8 30   243   16 20  0     33.10    0.2310E+00      92.2    304.2
2012  8 30   243   16 21  0     33.04    0.2325E+00      92.5    304.1
2012  8 30   243   16 22  0     32.99    0.2343E+00      92.9    304.2
2012  8 30   243   16 23  0     32.94    0.2351E+00      93.1    304.1
2012  8 30   243   16 24  0     32.89    0.2347E+00      92.7    304.1
2012  8 30   243   16 25  0     32.84    0.2340E+00      92.3    304.2
2012  8 30   243   16 26  0     32.79    0.2341E+00      92.2    304.2
2012  8 30   243   16 27  0     32.75    0.2349E+00      92.4    304.2
2012  8 30   243   16 28  0     32.70    0.2357E+00      92.6    304.2
2012  8 30   243   16 29  0     32.66    0.2331E+00      91.8    304.8
2012  8 30   243   16 30  0     32.62    0.2354E+00      92.3    304.2
2012  8 30   243   16 31  0     32.58    0.2365E+00      92.6    304.2
2012  8 30   243   16 32  0     32.54    0.2364E+00      92.4    304.3
2012  8 30   243   16 33  0     32.50    0.2364E+00      92.2    304.1
2012  8 30   243   16 34  0     32.47    0.2364E+00      92.1    304.1
2012  8 30   243   16 35  0     32.43    0.2372E+00      92.3    304.2
2012  8 30   243   16 36  0     32.40    0.2373E+00      92.2    304.1
2012  8 30   243   16 37  0     32.37    0.2379E+00      92.3    303.9
2012  8 30   243   16 38  0     32.34    0.2386E+00      92.5    303.9
2012  8 30   243   16 39  0     32.31    0.2387E+00      92.4    303.9
2012  8 30   243   16 40  0     32.29    0.2386E+00      92.3    304.0
2012  8 30   243   16 41  0     32.26    0.2378E+00      92.1    304.2
2012  8 30   243   16 42  0     32.24    0.2397E+00      92.6    304.0
2012  8 30   243   16 43  0     32.21    0.2393E+00      92.4    304.0
2012  8 30   243   16 44  0     32.19    0.2378E+00      91.5    303.4
2012  8 30   243   16 45  0     32.18    0.2320E+00      89.9    302.9
2012  8 30   243   16 46  0     32.16    0.2394E+00      92.4    304.2
2012  8 30   243   16 47  0     32.14    0.2395E+00      92.4    304.1
2012  8 30   243   16 48  0     32.13    0.2396E+00      92.3    304.1
2012  8 30   243   16 49  0     32.11    0.2399E+00      92.5    304.1
2012  8 30   243   16 50  0     32.10    0.2398E+00      92.4    304.1
2012  8 30   243   16 51  0     32.09    0.2398E+00      92.4    304.2
2012  8 30   243   16 52  0     32.09    0.2395E+00      92.2    304.2
2012  8 30   243   16 53  0     32.08    0.2395E+00      92.2    304.2
2012  8 30   243   16 54  0     32.07    0.2387E+00      91.8    304.1
2012  8 30   243   16 55  0     32.07    0.2381E+00      91.5    303.9
2012  8 30   243   16 56  0     32.07    0.2385E+00      91.7    304.2
2012  8 30   243   16 57  0     32.07    0.2384E+00      91.7    304.2
2012  8 30   243   16 58  0     32.07    0.2381E+00      91.5    304.2
2012  8 30   243   16 59  0     32.07    0.2390E+00      92.1    304.3
2012  8 30   243   17  0  0     32.07    0.2391E+00      92.2    304.3
2012  8 30   243   17  1  0     32.08    0.2388E+00      92.0    304.2
2012  8 30   243   17  2  0     32.09    0.2386E+00      91.9    304.1
2012  8 30   243   17  3  0     32.10    0.2391E+00      92.2    304.1
2012  8 30   243   17  4  0     32.11    0.2385E+00      92.0    304.1
2012  8 30   243   17  5  0     32.12    0.2379E+00      91.7    304.2
2012  8 30   243   17  6  0     32.13    0.2379E+00      91.8    304.1
2012  8 30   243   17  7  0     32.15    0.2377E+00      91.7    304.1
2012  8 30   243   17  8  0     32.16    0.2378E+00      91.8    304.1
2012  8 30   243   17  9  0     32.18    0.2371E+00      91.6    304.0
2012  8 30   243   17 10  0     32.20    0.2376E+00      91.8    304.0
2012  8 30   243   17 11  0     32.22    0.2374E+00      91.9    304.1
2012  8 30   243   17 12  0     32.24    0.2375E+00      92.1    304.2
2012  8 30   243   17 13  0     32.27    0.2380E+00      92.4    304.2
2012  8 30   243   17 14  0     32.29    0.2376E+00      92.4    304.3
2012  8 30   243   17 15  0     32.32    0.2371E+00      92.3    304.4
2012  8 30   243   17 16  0     32.35    0.2360E+00      92.0    304.5
2012  8 30   243   17 17  0     32.38    0.2353E+00      91.9    304.6
2012  8 30   243   17 18  0     32.41    0.2348E+00      91.8    304.6
2012  8 30   243   17 19  0     32.44    0.2359E+00      92.5    304.7
2012  8 30   243   17 20  0     32.48    0.2351E+00      92.3    304.8
2012  8 30   243   17 21  0     32.51    0.2344E+00      92.2    304.9
2012  8 30   243   17 22  0     32.55    0.2324E+00      91.6    304.8
2012  8 30   243   17 23  0     32.59    0.2333E+00      92.1    304.9
2012  8 30   243   17 24  0     32.63    0.2330E+00      92.2    305.0
2012  8 30   243   17 25  0     32.67    0.2302E+00      91.4    305.1
2012  8 30   243   17 26  0     32.71    0.2290E+00      90.8    304.7
2012  8 30   243   17 27  0     32.76    0.2297E+00      91.4    305.2
2012  8 30   243   17 28  0     32.80    0.2294E+00      91.4    305.2
2012  8 30   243   17 29  0     32.85    0.2287E+00      91.3    305.2
2012  8 30   243   17 30  0     32.90    0.2258E+00      90.2    305.2
2012  8 30   243   17 31  0     32.95    0.2162E+00      87.0    305.0
2012  8 30   243   17 32  0     33.00    0.2228E+00      89.8    305.3
2012  8 30   243   17 33  0     33.05    0.2257E+00      90.8    305.3
2012  8 30   243   17 34  0     33.11    0.2253E+00      90.8    305.2
2012  8 30   243   17 35  0     33.16    0.2250E+00      90.9    305.2
2012  8 30   243   17 36  0     33.22    0.2240E+00      90.6    305.2
2012  8 30   243   17 37  0     33.28    0.2223E+00      90.1    305.2
2012  8 30   243   17 38  0     33.34    0.2218E+00      90.2    305.3
2012  8 30   243   17 39  0     33.40    0.2211E+00      90.2    305.3
2012  8 30   243   17 40  0     33.47    0.2210E+00      90.2    305.1
2012  8 30   243   17 41  0     33.53    0.2200E+00      90.0    305.1
2012  8 30   243   17 42  0     33.60    0.2190E+00      89.9    305.2
2012  8 30   243   17 43  0     33.66    0.2183E+00      89.8    305.2
2012  8 30   243   17 44  0     33.73    0.2177E+00      89.8    305.2
2012  8 30   243   17 45  0     33.80    0.2177E+00      90.0    305.1
2012  8 30   243   17 46  0     33.87    0.2170E+00      90.0    305.2
2012  8 30   243   17 47  0     33.94    0.2163E+00      90.0    305.2
2012  8 30   243   17 48  0     34.02    0.2156E+00      89.8    305.0
2012  8 30   243   17 49  0     34.09    0.2146E+00      89.6    305.0
2012  8 30   243   17 50  0     34.17    0.2138E+00      89.7    305.2
2012  8 30   243   17 51  0     34.24    0.2137E+00      90.0    305.2
2012  8 30   243   17 52  0     34.32    0.2114E+00      89.6    305.6
2012  8 30   243   17 53  0     34.40    0.2132E+00      90.3    305.0
2012  8 30   243   17 54  0     34.49    0.2115E+00      89.8    304.9
2012  8 30   243   17 55  0     34.57    0.2103E+00      89.5    304.9
2012  8 30   243   17 56  0     34.65    0.2090E+00      89.3    304.9
2012  8 30   243   17 57  0     34.73    0.2076E+00      89.0    305.0
2012  8 30   243   17 58  0     34.82    0.2068E+00      89.0    305.0
2012  8 30   243   17 59  0     34.91    0.2044E+00      88.2    304.7
2012  8 30   243   18  0  0     35.00    0.2045E+00      88.7    305.0
2012  8 30   243   18  1  0     35.09    0.2037E+00      88.6    305.0
2012  8 30   243   18  2  0     35.18    0.2025E+00      88.5    305.1
2012  8 30   243   18  3  0     35.27    0.2011E+00      88.2    305.0
2012  8 30   243   18  4  0     35.36    0.1997E+00      87.9    305.0
2012  8 30   243   18  5  0     35.46    0.1995E+00      88.0    304.7
2012  8 30   243   18  6  0     35.55    0.1959E+00      87.4    305.5
2012  8 30   243   18  7  0     35.65    0.1980E+00      88.3    305.0
2012  8 30   243   18  8  0     35.74    0.1960E+00      87.7    304.8
2012  8 30   243   18  9  0     35.84    0.1935E+00      87.0    304.7
2012  8 30   243   18 10  0     35.94    0.1914E+00      86.5    304.4
2012  8 30   243   18 11  0     36.04    0.1921E+00      87.1    304.9
2012  8 30   243   18 12  0     36.14    0.1912E+00      87.0    304.8
2012  8 30   243   18 13  0     36.25    0.1899E+00      86.8    304.8
2012  8 30   243   18 14  0     36.35    0.1878E+00      86.3    304.8
2012  8 30   243   18 15  0     36.46    0.1876E+00      86.5    304.7
2012  8 30   243   18 16  0     36.56    0.1864E+00      86.3    304.7
2012  8 30   243   18 17  0     36.67    0.1835E+00      85.7    304.8
2012  8 30   243   18 18  0     36.78    0.1841E+00      86.2    304.8
2012  8 30   243   18 19  0     36.89    0.1833E+00      86.3    304.8
2012  8 30   243   18 20  0     37.00    0.1824E+00      86.2    304.8
2012  8 30   243   18 21  0     37.11    0.1802E+00      85.6    304.7
2012  8 30   243   18 22  0     37.22    0.1777E+00      84.7    304.7
2012  8 30   243   18 23  0     37.33    0.1768E+00      84.8    304.8
2012  8 30   243   18 24  0     37.45    0.1758E+00      84.7    304.8
2012  8 30   243   18 25  0     37.56    0.1735E+00      84.2    305.1
2012  8 30   243   18 26  0     37.68    0.1735E+00      84.5    304.7
2012  8 30   243   18 27  0     37.79    0.1725E+00      84.3    304.5
2012  8 30   243   18 28  0     37.91    0.1716E+00      84.4    304.6
2012  8 30   243   18 29  0     38.03    0.1704E+00      84.2    304.6
2012  8 30   243   18 30  0     38.15    0.1699E+00      84.4    304.5
2012  8 30   243   18 31  0     38.27    0.1692E+00      84.5    304.5
2012  8 30   243   18 32  0     38.39    0.1689E+00      85.0    304.5
2012  8 30   243   18 33  0     38.51    0.1685E+00      85.4    304.7
2012  8 30   243   18 34  0     38.63    0.1671E+00      85.1    304.7
2012  8 30   243   18 35  0     38.76    0.1654E+00      84.6    304.6
2012  8 30   243   18 36  0     38.88    0.1636E+00      84.1    304.6
2012  8 30   243   18 37  0     39.01    0.1625E+00      84.0    304.7
2012  8 30   243   18 38  0     39.13    0.1615E+00      84.0    304.7
2012  8 30   243   18 39  0     39.26    0.1601E+00      83.6    304.7
2012  8 30   243   18 40  0     39.39    0.1594E+00      83.8    304.7
2012  8 30   243   18 41  0     39.52    0.1587E+00      83.9    304.7
2012  8 30   243   18 42  0     39.65    0.1574E+00      83.6    304.5
2012  8 30   243   18 43  0     39.78    0.1569E+00      83.6    304.3
2012  8 30   243   18 44  0     39.91    0.1566E+00      83.9    304.2
2012  8 30   243   18 45  0     40.04    0.1567E+00      84.5    304.1
2012  8 30   243   18 46  0     40.17    0.1564E+00      84.7    304.0
2012  8 30   243   18 47  0     40.31    0.1568E+00      85.4    303.8
2012  8 30   243   18 48  0     40.44    0.1566E+00      85.8    303.7
2012  8 30   243   18 49  0     40.58    0.1566E+00      86.3    303.5
2012  8 30   243   18 50  0     40.71    0.1564E+00      86.6    303.3
2012  8 30   243   18 51  0     40.85    0.1564E+00      87.4    303.5
2012  8 30   243   18 52  0     40.99    0.1550E+00      87.0    303.4
2012  8 30   243   18 53  0     41.12    0.1544E+00      87.2    303.3
2012  8 30   243   18 54  0     41.26    0.1542E+00      87.6    303.1
2012  8 30   243   18 55  0     41.40    0.1529E+00      87.4    303.0
2012  8 30   243   18 56  0     41.54    0.1521E+00      87.7    303.1
2012  8 30   243   18 57  0     41.68    0.1514E+00      87.9    303.0
2012  8 30   243   18 58  0     41.83    0.1506E+00      87.9    302.8
2012  8 30   243   18 59  0     41.97    0.1500E+00      88.3    302.8
2012  8 30   243   19  0  0     42.11    0.1480E+00      87.6    302.7
2012  8 30   243   19  1  0     42.25    0.1473E+00      87.9    302.9
2012  8 30   243   19  2  0     42.40    0.1461E+00      87.8    302.8
2012  8 30   243   19  3  0     42.54    0.1447E+00      87.5    302.6
2012  8 30   243   19  4  0     42.69    0.1438E+00      87.6    302.6
2012  8 30   243   19  5  0     42.83    0.1421E+00      87.2    302.6
2012  8 30   243   19  6  0     42.98    0.1409E+00      87.1    302.6
2012  8 30   243   19  7  0     43.13    0.1396E+00      87.1    302.7
2012  8 30   243   19  8  0     43.27    0.1386E+00      87.0    302.6
2012  8 30   243   19  9  0     43.42    0.1375E+00      87.1    302.6
2012  8 30   243   19 10  0     43.57    0.1361E+00      86.9    302.6
2012  8 30   243   19 11  0     43.72    0.1337E+00      86.0    302.2
2012  8 30   243   19 12  0     43.87    0.1336E+00      86.8    302.7
2012  8 30   243   19 13  0     44.02    0.1326E+00      86.8    302.7
2012  8 30   243   19 14  0     44.17    0.1316E+00      86.9    302.6
2012  8 30   243   19 15  0     44.32    0.1304E+00      86.9    302.7
2012  8 30   243   19 16  0     44.48    0.1285E+00      86.3    302.6
2012  8 30   243   19 17  0     44.63    0.1274E+00      86.2    302.6
2012  8 30   243   19 18  0     44.78    0.1255E+00      85.7    302.3
2012  8 30   243   19 19  0     44.94    0.1227E+00      85.0    302.7
2012  8 30   243   19 20  0     45.09    0.1234E+00      85.8    302.7
2012  8 30   243   19 21  0     45.24    0.1228E+00      86.3    302.7
2012  8 30   243   19 22  0     45.40    0.1178E+00      83.8    302.0
2012  8 30   243   19 23  0     45.56    0.1188E+00      85.2    302.4
2012  8 30   243   19 24  0     45.71    0.1190E+00      85.9    302.7
2012  8 30   243   19 25  0     45.87    0.1178E+00      85.7    302.5
2012  8 30   243   19 26  0     46.03    0.1168E+00      85.8    302.4
2012  8 30   243   19 27  0     46.19    0.1162E+00      86.2    302.4
2012  8 30   243   19 28  0     46.34    0.1153E+00      86.4    302.4
2012  8 30   243   19 29  0     46.50    0.1141E+00      86.3    302.3
2012  8 30   243   19 30  0     46.66    0.1107E+00      85.1    302.9
2012  8 30   243   19 31  0     46.82    0.1115E+00      86.0    302.4
2012  8 30   243   19 32  0     46.98    0.1106E+00      86.2    302.3
2012  8 30   243   19 33  0     47.14    0.1087E+00      85.6    302.2
2012  8 30   243   19 34  0     47.31    0.1017E+00      82.4    302.3
2012  8 30   243   19 35  0     47.47    0.1059E+00      85.6    302.6
2012  8 30   243   19 36  0     47.63    0.1063E+00      86.4    302.3
2012  8 30   243   19 37  0     47.79    0.1050E+00      86.1    302.2
2012  8 30   243   19 38  0     47.95    0.1030E+00      85.4    302.0
2012  8 30   243   19 39  0     48.12    0.1021E+00      85.5    302.2
2012  8 30   243   19 40  0     48.28    0.1015E+00      86.0    302.2
2012  8 30   243   19 41  0     48.45    0.9995E-01      85.6    302.1
2012  8 30   243   19 42  0     48.61    0.9867E-01      85.4    302.2
2012  8 30   243   19 43  0     48.77    0.9704E-01      84.7    302.0
2012  8 30   243   19 44  0     48.94    0.9604E-01      84.8    301.9
2012  8 30   243   19 45  0     49.11    0.9213E-01      82.6    303.3
2012  8 30   243   19 46  0     49.27    0.9312E-01      84.4    302.6
2012  8 30   243   19 47  0     49.44    0.9304E-01      84.9    301.8
2012  8 30   243   19 48  0     49.61    0.9012E-01      82.9    300.9
2012  8 30   243   19 49  0     49.77    0.9024E-01      84.2    301.6
2012  8 30   243   19 50  0     49.94    0.8900E-01      83.9    301.6
2012  8 30   243   19 51  0     50.11    0.8821E-01      84.2    301.5
2012  8 30   243   19 52  0     50.28    0.8698E-01      84.0    301.5
2012  8 30   243   19 53  0     50.45    0.8597E-01      84.1    301.5
2012  8 30   243   19 54  0     50.61    0.8480E-01      84.2    301.6
2012  8 30   243   19 55  0     50.78    0.8396E-01      84.5    301.7
2012  8 30   243   19 56  0     50.95    0.8226E-01      83.8    301.7
2012  8 30   243   19 57  0     51.12    0.8080E-01      83.3    301.6
2012  8 30   243   19 58  0     51.30    0.7991E-01      83.6    301.5
2012  8 30   243   19 59  0     51.47    0.7869E-01      83.5    301.6
2012  8 30   243   20  0  0     51.64    0.7740E-01      83.3    301.7
2012  8 30   243   20  1  0     51.81    0.7598E-01      82.9    301.7
2012  8 30   243   20  2  0     51.98    0.7401E-01      81.9    301.8
2012  8 30   243   20  3  0     52.15    0.7218E-01      81.1    301.9
2012  8 30   243   20  4  0     52.33    0.7024E-01      80.1    302.0
2012  8 30   243   20  5  0     52.50    0.6783E-01      78.3    301.9
2012  8 30   243   20  6  0     52.67    0.6559E-01      76.8    302.0
2012  8 30   243   20  7  0     52.84    0.6361E-01      75.6    302.2
2012  8 30   243   20  8  0     53.02    0.6176E-01      74.4    302.1
2012  8 30   243   20  9  0     53.19    0.5999E-01      73.3    302.2
2012  8 30   243   20 10  0     53.37    0.5845E-01      72.5    302.2
2012  8 30   243   20 11  0     53.54    0.5684E-01      71.5    302.2
2012  8 30   243   20 12  0     53.72    0.5553E-01      70.9    302.1
2012  8 30   243   20 13  0     53.89    0.5417E-01      70.1    302.0
2012  8 30   243   20 14  0     54.07    0.5335E-01      70.3    302.2
2012  8 30   243   20 15  0     54.24    0.5255E-01      70.5    302.3
2012  8 30   243   20 16  0     54.42    0.5169E-01      70.5    302.4
2012  8 30   243   20 17  0     54.59    0.5015E-01      69.2    302.2
2012  8 30   243   20 18  0     54.77    0.4923E-01      69.0    302.2
2012  8 30   243   20 19  0     54.95    0.4824E-01      68.5    302.0
2012  8 30   243   20 20  0     55.12    0.4782E-01      69.1    302.0
2012  8 30   243   20 21  0     55.30    0.4745E-01      69.6    301.9
2012  8 30   243   20 22  0     55.48    0.4744E-01      70.9    302.0
2012  8 30   243   20 23  0     55.65    0.4718E-01      71.6    301.8
2012  8 30   243   20 24  0     55.83    0.4681E-01      72.0    301.6
2012  8 30   243   20 25  0     56.01    0.4650E-01      72.6    301.4
2012  8 30   243   20 26  0     56.19    0.4607E-01      72.9    301.3
2012  8 30   243   20 27  0     56.37    0.4542E-01      72.7    300.9
2012  8 30   243   20 28  0     56.55    0.4488E-01      72.8    300.6
2012  8 30   243   20 29  0     56.72    0.4436E-01      73.0    300.6
2012  8 30   243   20 30  0     56.90    0.4388E-01      73.2    300.3
2012  8 30   243   20 31  0     57.08    0.4344E-01      73.5    300.0
2012  8 30   243   20 32  0     57.26    0.4311E-01      74.1    300.0
2012  8 30   243   20 33  0     57.44    0.4251E-01      74.1    299.7
2012  8 30   243   20 34  0     57.62    0.4182E-01      73.9    299.6
2012  8 30   243   20 35  0     57.80    0.4128E-01      74.1    299.4
2012  8 30   243   20 36  0     57.98    0.4065E-01      74.0    299.2
2012  8 30   243   20 37  0     58.16    0.3981E-01      73.4    298.6
2012  8 30   243   20 38  0     58.35    0.3918E-01      73.2    298.6
2012  8 30   243   20 39  0     58.53    0.3868E-01      73.6    298.6
2012  8 30   243   20 40  0     58.71    0.3842E-01      74.7    298.7
2012  8 30   243   20 41  0     58.89    0.3796E-01      75.2    298.5
2012  8 30   243   20 42  0     59.07    0.3730E-01      75.0    298.1
2012  8 30   243   20 43  0     59.25    0.3686E-01      75.6    298.3
2012  8 30   243   20 44  0     59.43    0.3637E-01      75.9    298.2
2012  8 30   243   20 45  0     59.62    0.3584E-01      76.2    298.2
2012  8 30   243   20 46  0     59.80    0.3532E-01      76.5    298.1
2012  8 30   243   20 47  0     59.98    0.3474E-01      76.5    297.8
2012  8 30   243   20 48  0     60.17    0.3408E-01      76.3    297.3
2012  8 30   243   20 49  0     60.35    0.3359E-01      76.6    297.0
2012  8 30   243   20 50  0     60.53    0.3297E-01      76.5    297.4
2012  8 30   243   20 51  0     60.71    0.3249E-01      76.8    297.1
2012  8 30   243   20 52  0     60.90    0.3177E-01      76.3    296.8
2012  8 30   243   20 53  0     61.08    0.3102E-01      75.7    295.9
2012  8 30   243   20 54  0     61.26    0.3029E-01      75.2    295.7
2012  8 30   243   20 55  0     61.45    0.2959E-01      74.7    295.4
2012  8 30   243   20 56  0     61.63    0.2884E-01      74.0    295.8
2012  8 30   243   20 57  0     61.82    0.2818E-01      73.7    295.5
2012  8 30   243   20 58  0     62.00    0.2747E-01      73.0    294.3
2012  8 30   243   20 59  0     62.19    0.2679E-01      72.4    294.1
2012  8 30   243   21  0  0     62.37    0.2618E-01      72.2    293.9
2012  8 30   243   21  1  0     62.55    0.2560E-01      72.0    293.8
2012  8 30   243   21  2  0     62.74    0.2505E-01      71.9    294.4
2012  8 30   243   21  3  0     62.92    0.2448E-01      71.6    294.1
2012  8 30   243   21  4  0     63.11    0.2389E-01      71.2    292.8
2012  8 30   243   21  5  0     63.30    0.2333E-01      71.0    292.6
2012  8 30   243   21  6  0     63.48    0.2277E-01      70.8    292.4
2012  8 30   243   21  7  0     63.67    0.2217E-01      70.2    292.0
2012  8 30   243   21  8  0     63.85    0.2162E-01      69.9    291.8
2012  8 30   243   21  9  0     64.04    0.2110E-01      69.7    291.5
2012  8 30   243   21 10  0     64.22    0.2057E-01      69.4    291.3
2012  8 30   243   21 11  0     64.41    0.2007E-01      69.3    291.1
2012  8 30   243   21 12  0     64.60    0.1955E-01      68.8    290.7
2012  8 30   243   21 13  0     64.78    0.1902E-01      68.5    290.5
2012  8 30   243   21 14  0     64.97    0.1857E-01      68.4    290.2
2012  8 30   243   21 15  0     65.15    0.1811E-01      68.3    290.1
2012  8 30   243   21 16  0     65.34    0.1770E-01      68.4    290.0
2012  8 30   243   21 17  0     65.53    0.1730E-01      68.5    290.1
2012  8 30   243   21 18  0     65.71    0.1694E-01      68.7    289.7
2012  8 30   243   21 19  0     65.90    0.1655E-01      68.7    289.3
2012  8 30   243   21 20  0     66.09    0.1616E-01      68.7    289.2
2012  8 30   243   21 21  0     66.28    0.1580E-01      68.9    289.1
2012  8 30   243   21 22  0     66.46    0.1544E-01      69.1    288.8
2012  8 30   243   21 23  0     66.65    0.1509E-01      69.3    288.7
2012  8 30   243   21 24  0     66.84    0.1476E-01      69.7    288.4
2012  8 30   243   21 25  0     67.02    0.1442E-01      69.8    288.0
2012  8 30   243   21 26  0     67.21    0.1404E-01      69.6    287.7
2012  8 30   243   21 27  0     67.40    0.1369E-01      69.4    287.2
2012  8 30   243   21 28  0     67.59    0.1334E-01      69.5    287.0
2012  8 30   243   21 29  0     67.77    0.1302E-01      69.5    286.4
2012  8 30   243   21 30  0     67.96    0.1271E-01      69.8    286.3
2012  8 30   243   21 31  0     68.15    0.1237E-01      69.5    286.0
2012  8 30   243   21 32  0     68.34    0.1202E-01      69.2    285.6
2012  8 30   243   21 33  0     68.53    0.1170E-01      68.8    284.8
2012  8 30   243   21 34  0     68.71    0.1137E-01      68.7    284.4
2012  8 30   243   21 35  0     68.90    0.1104E-01      68.3    283.9
2012  8 30   243   21 36  0     69.09    0.1071E-01      68.1    283.6
2012  8 30   243   21 37  0     69.28    0.1041E-01      67.8    283.2
2012  8 30   243   21 38  0     69.47    0.1011E-01      67.5    282.4
2012  8 30   243   21 39  0     69.66    0.9817E-02      67.5    282.1
2012  8 30   243   21 40  0     69.84    0.9543E-02      67.6    281.8
2012  8 30   243   21 41  0     70.03    0.9288E-02      67.7    281.3
2012  8 30   243   21 42  0     70.22    0.9028E-02      67.7    280.8
2012  8 30   243   21 43  0     70.41    0.8768E-02      67.8    280.6
2012  8 30   243   21 44  0     70.60    0.8510E-02      68.0    280.7
2012  8 30   243   21 45  0     70.79    0.8287E-02      68.2    279.8
2012  8 30   243   21 46  0     70.98    0.8067E-02      68.4    279.1
2012  8 30   243   21 47  0     71.17    0.7841E-02      68.5    278.7
2012  8 30   243   21 48  0     71.35    0.7635E-02      68.8    278.3
2012  8 30   243   21 49  0     71.54    0.7437E-02      69.1    277.6
2012  8 30   243   21 50  0     71.73    0.7234E-02      69.2    276.9
2012  8 30   243   21 51  0     71.92    0.7042E-02      69.4    276.1
2012  8 30   243   21 52  0     72.11    0.6846E-02      69.8    275.2
2012  8 30   243   21 53  0     72.30    0.6656E-02      70.0    274.6
2012  8 30   243   21 54  0     72.49    0.6469E-02      70.1    273.8
2012  8 30   243   21 55  0     72.68    0.6296E-02      70.2    273.7
2012  8 30   243   21 56  0     72.87    0.6112E-02      70.3    273.2
2012  8 30   243   21 57  0     73.06    0.5944E-02      70.5    271.1
2012  8 30   243   21 58  0     73.25    0.5788E-02      70.6    270.4
2012  8 30   243   21 59  0     73.44    0.5634E-02      70.8    269.2
2012  8 30   243   22  0  0     73.63    0.5472E-02      70.9    268.4
2012  8 30   243   22  1  0     73.82    0.5321E-02      71.1    267.3
2012  8 30   243   22  2  0     74.00    0.5175E-02      71.4    266.2
2012  8 30   243   22  3  0     74.19    0.5022E-02      71.6    265.7
2012  8 30   243   22  4  0     74.38    0.4877E-02      71.9    264.9
2012  8 30   243   22  5  0     74.57    0.4721E-02      72.1    264.6
2012  8 30   243   22  6  0     74.76    0.4592E-02      72.2    262.8
2012  8 30   243   22  7  0     74.95    0.4457E-02      72.4    261.6
2012  8 30   243   22  8  0     75.14    0.4332E-02      72.7    260.2
2012  8 30   243   22  9  0     75.33    0.4194E-02      72.9    259.9
2012  8 30   243   22 10  0     75.52    0.4067E-02      73.2    258.9
2012  8 30   243   22 11  0     75.71    0.3972E-02      73.5    256.2
2012  8 30   243   22 12  0     75.90    0.3843E-02      73.6    255.3
2012  8 30   243   22 13  0     76.09    0.3730E-02      73.8    253.0
2012  8 30   243   22 14  0     76.28    0.3632E-02      74.1    250.9
2012  8 30   243   22 15  0     76.47    0.3530E-02      74.4    249.3
2012  8 30   243   22 16  0     76.66    0.3420E-02      74.6    248.0
2012  8 30   243   22 17  0     76.85    0.3322E-02      74.8    245.7
2012  8 30   243   22 18  0     77.04    0.3212E-02      75.0    244.4
2012  8 30   243   22 19  0     77.23    0.3114E-02      75.1    242.5
2012  8 30   243   22 20  0     77.42    0.3029E-02      75.2    239.9
2012  8 30   243   22 21  0     77.61    0.2922E-02      75.5    239.0
2012  8 30   243   22 22  0     77.80    0.2835E-02      75.7    236.6
2012  8 30   243   22 23  0     77.99    0.2743E-02      75.9    234.7
2012  8 30   243   22 24  0     78.18    0.2649E-02      76.1    232.6
2012  8 30   243   22 25  0     78.37    0.2569E-02      76.3    230.1
2012  8 30   243   22 26  0     78.55    0.2484E-02      76.5    227.8
2012  8 30   243   22 27  0     78.74    0.2399E-02      76.6    225.7
2012  8 30   243   22 28  0     78.93    0.2321E-02      76.7    223.0
2012  8 30   243   22 29  0     79.12    0.2250E-02      76.9    220.1
2012  8 30   243   22 30  0     79.31    0.2174E-02      77.1    217.9
2012  8 30   243   22 31  0     79.50    0.2096E-02      77.2    215.9
2012  8 30   243   22 32  0     79.69    0.2037E-02      77.4    212.0
2012  8 30   243   22 33  0     79.88    0.1951E-02      77.6    211.2
2012  8 30   243   22 34  0     80.07    0.1893E-02      77.7    207.7
2012  8 30   243   22 35  0     80.26    0.1830E-02      77.9    204.9
2012  8 30   243   22 36  0     80.45    0.1765E-02      78.0    202.6
2012  8 30   243   22 37  0     80.64    0.1712E-02      78.1    199.0
2012  8 30   243   22 38  0     80.83    0.1641E-02      78.2    197.4
2012  8 30   243   22 39  0     81.02    0.1579E-02      78.2    194.6
2012  8 30   243   22 40  0     81.21    0.1526E-02      78.2    191.4
2012  8 30   243   22 41  0     81.40    0.1475E-02      78.3    188.1
2012  8 30   243   22 42  0     81.58    0.1438E-02      78.5    183.4
2012  8 30   243   22 43  0     81.77    0.1395E-02      78.6    179.4
2012  8 30   243   22 44  0     81.96    0.1345E-02      78.7    176.6
2012  8 30   243   22 45  0     82.15    0.1301E-02      78.8    172.8
2012  8 30   243   22 46  0     82.34    0.1263E-02      79.0    168.8
2012  8 30   243   22 47  0     82.53    0.1210E-02      79.1    166.7
2012  8 30   243   22 48  0     82.72    0.1168E-02      79.2    163.2
2012  8 30   243   22 49  0     82.91    0.1141E-02      79.4    158.3
2012  8 30   243   22 50  0     83.10    0.1105E-02      79.4    154.5
2012  8 30   243   22 51  0     83.29    0.1067E-02      79.4    151.3
2012  8 30   243   22 52  0     83.47    0.1031E-02      79.5    147.9
2012  8 30   243   22 53  0     83.66    0.1003E-02      79.5    143.5
2012  8 30   243   22 54  0     83.85    0.9697E-03      79.6    140.0
2012  8 30   243   22 55  0     84.04    0.9371E-03      79.6    136.6
2012  8 30   243   22 56  0     84.23    0.9205E-03      79.7    131.6
2012  8 30   243   22 57  0     84.42    0.8850E-03      79.8    129.1
2012  8 30   243   22 58  0     84.60    0.8668E-03      80.0    124.4
2012  8 30   243   22 59  0     84.79    0.8466E-03      80.1    120.0
2012  8 30   243   23  0  0     84.98    0.8249E-03      80.3    115.7
2012  8 30   243   23  1  0     85.17    0.7979E-03      80.1    113.7
2012  8 30   243   23  2  0     85.36    0.7730E-03      79.9    111.0
2012  8 30   243   23  3  0     85.55    0.7603E-03      79.8    107.0
2012  8 30   243   23  4  0     85.73    0.7379E-03      79.7    104.2
2012  8 30   243   23  5  0     85.92    0.7212E-03      79.8    100.8
2012  8 30   243   23  6  0     86.11    0.7091E-03      79.7     97.1
2012  8 30   243   23  7  0     86.30    0.6903E-03      79.5     94.3
2012  8 30   243   23  8  0     86.48    0.6771E-03      79.4     91.0
2012  8 30   243   23  9  0     86.67    0.6608E-03      79.2     87.8
2012  8 30   243   23 10  0     86.86    0.6469E-03      79.1     84.5
2012  8 30   243   23 11  0     87.05    0.6421E-03      79.0     80.4
2012  8 30   243   23 12  0     87.23    0.6251E-03      78.6     77.9
2012  8 30   243   23 13  0     87.42    0.6102E-03      78.3     75.1
2012  8 30   243   23 14  0     87.61    0.6033E-03      78.1     71.4
2012  8 30   243   23 15  0     87.80    0.6066E-03      78.0     66.7
2012  8 30   243   23 16  0     87.98    0.6045E-03      78.0     62.6
2012  8 30   243   23 17  0     88.17    0.5787E-03      77.5     61.5
2012  8 30   243   23 18  0     88.36    0.5661E-03      77.0     58.9
2012  8 30   243   23 19  0     88.54    0.5715E-03      76.8     54.4
2012  8 30   243   23 20  0     88.73    0.5514E-03      76.6     52.5
2012  8 30   243   23 21  0     88.92    0.5520E-03      76.6     48.6
2012  8 30   243   23 22  0     89.10    0.5470E-03      76.4     45.7
2012  8 30   243   23 23  0     89.29    0.5309E-03      75.8     44.0
2012  8 30   243   23 24  0     89.48    0.5184E-03      75.3     41.8
2012  8 30   243   23 25  0     89.66    0.5056E-03      75.1     39.4
2012  8 30   243   23 26  0     89.85    0.4909E-03      75.2     37.3
