                            NILUUV 115

Uvpro Version 2.0
Latitude :   40.74 (North)
Longitude:  -74.03  (West)
Calibration file: cf100603a.115
Height above sea level:    40.0  m
CLT derived from channel 4
CLT scale factor used:   1.0
Ozone derived from channel pair ch3/ch1
Ozone scale factor used:   1.0
Drift factors ch1-ch6:   0.405  0.386  0.572  0.563  0.368  0.926
Ozone profile climatology: Mid  Latitude
Dose type:    CLW    Caldwell Plant 1971           

yyyy mm dd   jul   hh mm ss      SZA     dose rate       clt     Ozone
                              [degrees]   [W/m^2]        [%]     [DU]
2019  9 14   257   10 41  0     89.91    0.8456E-03      55.2     17.0
2019  9 14   257   10 42  0     89.72    0.8350E-03      55.0     19.5
2019  9 14   257   10 43  0     89.53    0.8458E-03      55.2     20.9
2019  9 14   257   10 44  0     89.34    0.8515E-03      56.1     22.6
2019  9 14   257   10 45  0     89.15    0.8809E-03      58.1     24.1
2019  9 14   257   10 46  0     88.96    0.8973E-03      61.2     26.4
2019  9 14   257   10 47  0     88.77    0.9299E-03      64.4     28.8
2019  9 14   257   10 48  0     88.58    0.9349E-03      67.4     32.2
2019  9 14   257   10 49  0     88.39    0.9663E-03      69.8     34.6
2019  9 14   257   10 50  0     88.21    0.9667E-03      71.4     37.9
2019  9 14   257   10 51  0     88.02    0.9681E-03      72.3     40.8
2019  9 14   257   10 52  0     87.83    0.9782E-03      72.3     43.1
2019  9 14   257   10 53  0     87.64    0.9738E-03      72.4     46.1
2019  9 14   257   10 54  0     87.45    0.1003E-02      72.1     47.8
2019  9 14   257   10 55  0     87.26    0.1021E-02      71.0     49.5
2019  9 14   257   10 56  0     87.07    0.1013E-02      69.4     51.7
2019  9 14   257   10 57  0     86.88    0.1018E-02      67.0     53.3
2019  9 14   257   10 58  0     86.69    0.9956E-03      64.5     56.2
2019  9 14   257   10 59  0     86.50    0.1014E-02      62.1     57.4
2019  9 14   257   11  0  0     86.31    0.1020E-02      59.9     59.3
2019  9 14   257   11  1  0     86.13    0.1020E-02      58.4     61.2
2019  9 14   257   11  2  0     85.94    0.1021E-02      58.0     63.9
2019  9 14   257   11  3  0     85.75    0.1065E-02      58.7     66.0
2019  9 14   257   11  4  0     85.56    0.1062E-02      61.4     71.4
2019  9 14   257   11  5  0     85.37    0.1143E-02      65.9     75.1
2019  9 14   257   11  6  0     85.18    0.1189E-02      71.6     81.2
2019  9 14   257   11  7  0     84.99    0.1228E-02      77.0     86.9
2019  9 14   257   11  8  0     84.80    0.1266E-02      81.3     92.7
2019  9 14   257   11  9  0     84.61    0.1329E-02      84.6     97.5
2019  9 14   257   11 10  0     84.42    0.1363E-02      86.8    101.7
2019  9 14   257   11 11  0     84.23    0.1400E-02      88.5    105.6
2019  9 14   257   11 12  0     84.04    0.1459E-02      90.3    108.5
2019  9 14   257   11 13  0     83.85    0.1505E-02      91.7    112.2
2019  9 14   257   11 14  0     83.66    0.1565E-02      92.8    115.5
2019  9 14   257   11 15  0     83.48    0.1599E-02      93.9    120.4
2019  9 14   257   11 16  0     83.29    0.1655E-02      95.3    124.3
2019  9 14   257   11 17  0     83.10    0.1692E-02      96.5    128.8
2019  9 14   257   11 18  0     82.91    0.1766E-02      96.9    131.1
2019  9 14   257   11 19  0     82.72    0.1802E-02      97.6    136.2
2019  9 14   257   11 20  0     82.53    0.1869E-02      98.9    140.2
2019  9 14   257   11 21  0     82.34    0.1934E-02     100.9    145.4
2019  9 14   257   11 22  0     82.15    0.2018E-02     103.5    150.6
2019  9 14   257   11 23  0     81.96    0.2124E-02     106.3    155.6
2019  9 14   257   11 24  0     81.77    0.2242E-02     109.3    160.0
2019  9 14   257   11 25  0     81.58    0.2361E-02     112.1    164.5
2019  9 14   257   11 26  0     81.39    0.2495E-02     114.1    167.9
2019  9 14   257   11 27  0     81.20    0.2596E-02     115.8    172.6
2019  9 14   257   11 28  0     81.02    0.2699E-02     117.1    177.0
2019  9 14   257   11 29  0     80.83    0.2804E-02     117.9    180.8
2019  9 14   257   11 30  0     80.64    0.2919E-02     118.5    183.6
2019  9 14   257   11 31  0     80.45    0.3048E-02     119.2    186.0
2019  9 14   257   11 32  0     80.26    0.3157E-02     119.5    189.2
2019  9 14   257   11 33  0     80.07    0.3254E-02     119.9    193.4
2019  9 14   257   11 34  0     79.88    0.3370E-02     120.1    197.1
2019  9 14   257   11 35  0     79.69    0.3503E-02     120.0    199.3
2019  9 14   257   11 36  0     79.51    0.3634E-02     119.9    201.6
2019  9 14   257   11 37  0     79.32    0.3776E-02     119.8    203.9
2019  9 14   257   11 38  0     79.13    0.3913E-02     120.0    206.8
2019  9 14   257   11 39  0     78.94    0.4062E-02     120.1    209.3
2019  9 14   257   11 40  0     78.75    0.4220E-02     120.0    211.4
2019  9 14   257   11 41  0     78.56    0.4375E-02     119.8    213.7
2019  9 14   257   11 42  0     78.37    0.4520E-02     119.4    216.3
2019  9 14   257   11 43  0     78.19    0.4686E-02     119.0    218.1
2019  9 14   257   11 44  0     78.00    0.4831E-02     118.8    220.9
2019  9 14   257   11 45  0     77.81    0.5002E-02     118.6    222.7
2019  9 14   257   11 46  0     77.62    0.5172E-02     118.1    224.4
2019  9 14   257   11 47  0     77.43    0.5338E-02     117.2    226.2
2019  9 14   257   11 48  0     77.25    0.5524E-02     116.3    227.4
2019  9 14   257   11 49  0     77.06    0.5702E-02     115.5    229.3
2019  9 14   257   11 50  0     76.87    0.5906E-02     114.9    230.6
2019  9 14   257   11 51  0     76.68    0.6080E-02     113.4    232.2
2019  9 14   257   11 52  0     76.49    0.6258E-02     113.0    234.0
2019  9 14   257   11 53  0     76.31    0.6432E-02     113.6    236.6
2019  9 14   257   11 54  0     76.12    0.6642E-02     115.8    239.1
2019  9 14   257   11 55  0     75.93    0.6813E-02     117.0    241.5
2019  9 14   257   11 56  0     75.74    0.6998E-02     116.9    242.3
2019  9 14   257   11 57  0     75.56    0.7104E-02     116.1    244.8
2019  9 14   257   11 58  0     75.37    0.7233E-02     114.8    245.5
2019  9 14   257   11 59  0     75.18    0.7300E-02     112.9    247.0
2019  9 14   257   12  0  0     74.99    0.7340E-02     110.5    248.2
2019  9 14   257   12  1  0     74.81    0.7363E-02     107.5    248.8
2019  9 14   257   12  2  0     74.62    0.7337E-02     104.0    249.8
2019  9 14   257   12  3  0     74.43    0.7310E-02     100.4    250.7
2019  9 14   257   12  4  0     74.25    0.7328E-02      96.6    250.9
2019  9 14   257   12  5  0     74.06    0.7420E-02      93.6    251.2
2019  9 14   257   12  6  0     73.87    0.7577E-02      91.4    253.3
2019  9 14   257   12  7  0     73.69    0.7816E-02      89.6    252.4
2019  9 14   257   12  8  0     73.50    0.8162E-02      90.5    253.3
2019  9 14   257   12  9  0     73.31    0.8484E-02      91.0    254.6
2019  9 14   257   12 10  0     73.13    0.8755E-02      89.5    255.2
2019  9 14   257   12 11  0     72.94    0.9065E-02      87.8    255.9
2019  9 14   257   12 12  0     72.75    0.9523E-02      88.4    256.2
2019  9 14   257   12 13  0     72.57    0.1003E-01      89.7    256.9
2019  9 14   257   12 14  0     72.38    0.1054E-01      91.0    257.6
2019  9 14   257   12 15  0     72.20    0.1110E-01      93.2    257.8
2019  9 14   257   12 16  0     72.01    0.1155E-01      92.9    258.0
2019  9 14   257   12 17  0     71.83    0.1201E-01      91.8    257.7
2019  9 14   257   12 18  0     71.64    0.1246E-01      92.1    258.9
2019  9 14   257   12 19  0     71.45    0.1315E-01      96.0    260.3
2019  9 14   257   12 20  0     71.27    0.1357E-01      93.6    259.7
2019  9 14   257   12 21  0     71.08    0.1419E-01      95.4    260.7
2019  9 14   257   12 22  0     70.90    0.1472E-01      95.7    261.1
2019  9 14   257   12 23  0     70.71    0.1527E-01      97.1    262.6
2019  9 14   257   12 24  0     70.53    0.1590E-01      98.5    263.2
2019  9 14   257   12 25  0     70.35    0.1646E-01      99.5    264.0
2019  9 14   257   12 26  0     70.16    0.1706E-01     100.6    264.6
2019  9 14   257   12 27  0     69.98    0.1768E-01     101.7    265.4
2019  9 14   257   12 28  0     69.79    0.1831E-01     102.7    266.1
2019  9 14   257   12 29  0     69.61    0.1893E-01     103.8    267.0
2019  9 14   257   12 30  0     69.42    0.1961E-01     105.3    267.8
2019  9 14   257   12 31  0     69.24    0.2076E-01     113.3    270.2
2019  9 14   257   12 32  0     69.06    0.2152E-01     115.5    270.9
2019  9 14   257   12 33  0     68.88    0.2219E-01     116.2    272.6
2019  9 14   257   12 34  0     68.69    0.2260E-01     113.5    271.0
2019  9 14   257   12 35  0     68.51    0.2316E-01     113.2    271.3
2019  9 14   257   12 36  0     68.33    0.2383E-01     114.4    272.0
2019  9 14   257   12 37  0     68.14    0.2436E-01     113.3    272.0
2019  9 14   257   12 38  0     67.96    0.2534E-01     117.9    274.6
2019  9 14   257   12 39  0     67.78    0.2606E-01     118.5    274.9
2019  9 14   257   12 40  0     67.60    0.2686E-01     120.3    275.5
2019  9 14   257   12 41  0     67.41    0.2675E-01     115.0    274.4
2019  9 14   257   12 42  0     67.23    0.2796E-01     121.1    276.0
2019  9 14   257   12 43  0     67.05    0.2873E-01     121.1    275.9
2019  9 14   257   12 44  0     66.87    0.2956E-01     120.8    276.6
2019  9 14   257   12 45  0     66.69    0.2966E-01     114.9    275.7
2019  9 14   257   12 46  0     66.51    0.3082E-01     119.0    276.7
2019  9 14   257   12 47  0     66.32    0.3185E-01     120.9    276.7
2019  9 14   257   12 48  0     66.14    0.3273E-01     122.3    277.3
2019  9 14   257   12 49  0     65.96    0.3313E-01     120.4    277.9
2019  9 14   257   12 50  0     65.78    0.3274E-01     113.5    277.1
2019  9 14   257   12 51  0     65.60    0.3458E-01     121.3    278.6
2019  9 14   257   12 52  0     65.42    0.3456E-01     116.2    277.8
2019  9 14   257   12 53  0     65.24    0.3614E-01     122.7    279.2
2019  9 14   257   12 54  0     65.06    0.3506E-01     111.3    277.4
2019  9 14   257   12 55  0     64.88    0.3637E-01     115.5    278.7
2019  9 14   257   12 56  0     64.70    0.3629E-01     109.2    277.5
2019  9 14   257   12 57  0     64.52    0.3808E-01     115.6    279.0
2019  9 14   257   12 58  0     64.34    0.4022E-01     122.4    280.2
2019  9 14   257   12 59  0     64.17    0.3974E-01     116.2    279.7
2019  9 14   257   13  0  0     63.99    0.4197E-01     123.9    280.8
2019  9 14   257   13  1  0     63.81    0.4091E-01     114.3    279.6
2019  9 14   257   13  2  0     63.63    0.4013E-01     107.3    278.9
2019  9 14   257   13  3  0     63.45    0.4356E-01     121.0    281.4
2019  9 14   257   13  4  0     63.28    0.4299E-01     113.9    280.5
2019  9 14   257   13  5  0     63.10    0.4199E-01     106.7    279.9
2019  9 14   257   13  6  0     62.92    0.4286E-01     110.0    281.5
2019  9 14   257   13  7  0     62.74    0.4588E-01     121.8    283.9
2019  9 14   257   13  8  0     62.57    0.4536E-01     116.9    283.7
2019  9 14   257   13  9  0     62.39    0.4482E-01     109.9    282.3
2019  9 14   257   13 10  0     62.21    0.4277E-01      97.6    280.1
2019  9 14   257   13 11  0     62.04    0.4351E-01      98.3    280.6
2019  9 14   257   13 12  0     61.86    0.4623E-01     108.5    283.2
2019  9 14   257   13 13  0     61.69    0.4360E-01      97.5    282.0
2019  9 14   257   13 14  0     61.51    0.4153E-01      90.2    281.8
2019  9 14   257   13 15  0     61.34    0.4175E-01      88.8    281.9
2019  9 14   257   13 16  0     61.16    0.4352E-01      90.1    281.4
2019  9 14   257   13 17  0     60.99    0.4589E-01      93.7    281.4
2019  9 14   257   13 18  0     60.81    0.4683E-01      95.1    282.2
2019  9 14   257   13 19  0     60.64    0.4659E-01      94.1    283.3
2019  9 14   257   13 20  0     60.46    0.4773E-01      94.6    283.6
2019  9 14   257   13 21  0     60.29    0.4992E-01      95.9    283.0
2019  9 14   257   13 22  0     60.12    0.5198E-01      96.5    282.1
2019  9 14   257   13 23  0     59.95    0.5375E-01      97.9    282.0
2019  9 14   257   13 24  0     59.77    0.5432E-01      97.9    282.6
2019  9 14   257   13 25  0     59.60    0.5460E-01      98.0    283.5
2019  9 14   257   13 26  0     59.43    0.5428E-01      96.3    283.9
2019  9 14   257   13 27  0     59.26    0.5358E-01      93.1    283.9
2019  9 14   257   13 28  0     59.08    0.5264E-01      89.4    283.7
2019  9 14   257   13 29  0     58.91    0.5267E-01      88.5    284.2
2019  9 14   257   13 30  0     58.74    0.5206E-01      86.2    284.6
2019  9 14   257   13 31  0     58.57    0.5106E-01      83.0    284.6
2019  9 14   257   13 32  0     58.40    0.5024E-01      79.9    284.5
2019  9 14   257   13 33  0     58.23    0.5049E-01      78.6    284.4
2019  9 14   257   13 34  0     58.06    0.5162E-01      78.8    284.3
2019  9 14   257   13 35  0     57.89    0.5317E-01      79.5    284.2
2019  9 14   257   13 36  0     57.72    0.5468E-01      79.9    284.1
2019  9 14   257   13 37  0     57.56    0.5601E-01      80.0    283.6
2019  9 14   257   13 38  0     57.39    0.5660E-01      79.4    283.3
2019  9 14   257   13 39  0     57.22    0.5591E-01      77.7    283.7
2019  9 14   257   13 40  0     57.05    0.5395E-01      73.9    284.1
2019  9 14   257   13 41  0     56.88    0.5321E-01      71.4    283.9
2019  9 14   257   13 42  0     56.72    0.5362E-01      70.5    283.6
2019  9 14   257   13 43  0     56.55    0.5505E-01      71.2    283.4
2019  9 14   257   13 44  0     56.38    0.5749E-01      73.5    283.5
2019  9 14   257   13 45  0     56.22    0.6064E-01      76.9    283.5
2019  9 14   257   13 46  0     56.05    0.6369E-01      80.0    283.7
2019  9 14   257   13 47  0     55.89    0.6675E-01      82.8    283.8
2019  9 14   257   13 48  0     55.72    0.6887E-01      84.7    284.0
2019  9 14   257   13 49  0     55.56    0.6988E-01      85.4    284.3
2019  9 14   257   13 50  0     55.39    0.7002E-01      85.1    284.8
2019  9 14   257   13 51  0     55.23    0.6987E-01      84.1    285.2
2019  9 14   257   13 52  0     55.07    0.7042E-01      83.7    285.4
2019  9 14   257   13 53  0     54.90    0.7164E-01      84.2    285.4
2019  9 14   257   13 54  0     54.74    0.7230E-01      84.0    285.6
2019  9 14   257   13 55  0     54.58    0.7192E-01      82.6    285.9
2019  9 14   257   13 56  0     54.42    0.7175E-01      81.6    286.4
2019  9 14   257   13 57  0     54.26    0.7298E-01      82.5    286.9
2019  9 14   257   13 58  0     54.10    0.7437E-01      83.5    287.4
2019  9 14   257   13 59  0     53.94    0.7527E-01      83.7    287.9
2019  9 14   257   14  0  0     53.78    0.7605E-01      83.5    288.2
2019  9 14   257   14  1  0     53.62    0.7758E-01      84.5    288.5
2019  9 14   257   14  2  0     53.46    0.7647E-01      82.1    288.4
2019  9 14   257   14  3  0     53.30    0.7375E-01      78.3    288.8
2019  9 14   257   14  4  0     53.14    0.7021E-01      73.6    289.0
2019  9 14   257   14  5  0     52.98    0.6778E-01      70.0    289.3
2019  9 14   257   14  6  0     52.82    0.6704E-01      68.3    289.4
2019  9 14   257   14  7  0     52.67    0.6727E-01      67.7    289.5
2019  9 14   257   14  8  0     52.51    0.6854E-01      68.2    289.7
2019  9 14   257   14  9  0     52.35    0.7081E-01      69.6    289.7
2019  9 14   257   14 10  0     52.20    0.7293E-01      70.7    289.6
2019  9 14   257   14 11  0     52.04    0.7424E-01      70.8    289.4
2019  9 14   257   14 12  0     51.89    0.7469E-01      70.3    289.4
2019  9 14   257   14 13  0     51.73    0.7341E-01      68.6    289.7
2019  9 14   257   14 14  0     51.58    0.7080E-01      65.8    290.5
2019  9 14   257   14 15  0     51.43    0.6866E-01      63.3    291.0
2019  9 14   257   14 16  0     51.27    0.6721E-01      61.3    291.3
2019  9 14   257   14 17  0     51.12    0.6664E-01      60.1    291.6
2019  9 14   257   14 18  0     50.97    0.6759E-01      60.2    291.7
2019  9 14   257   14 19  0     50.82    0.7034E-01      61.6    291.4
2019  9 14   257   14 20  0     50.67    0.7431E-01      63.9    290.8
2019  9 14   257   14 21  0     50.52    0.7871E-01      66.6    290.2
2019  9 14   257   14 22  0     50.37    0.8282E-01      69.0    289.5
2019  9 14   257   14 23  0     50.22    0.8577E-01      70.6    289.1
2019  9 14   257   14 24  0     50.07    0.8660E-01      70.7    289.1
2019  9 14   257   14 25  0     49.92    0.8440E-01      68.4    289.3
2019  9 14   257   14 26  0     49.77    0.7861E-01      63.2    290.0
2019  9 14   257   14 27  0     49.63    0.7440E-01      59.2    290.5
2019  9 14   257   14 28  0     49.48    0.7379E-01      58.1    290.5
2019  9 14   257   14 29  0     49.33    0.7518E-01      58.7    290.4
2019  9 14   257   14 30  0     49.19    0.7773E-01      60.2    290.4
2019  9 14   257   14 31  0     49.04    0.8178E-01      62.8    290.2
2019  9 14   257   14 32  0     48.90    0.8660E-01      65.9    290.1
2019  9 14   257   14 33  0     48.75    0.9128E-01      68.8    289.9
2019  9 14   257   14 34  0     48.61    0.9450E-01      70.5    289.8
2019  9 14   257   14 35  0     48.47    0.9576E-01      70.8    290.0
2019  9 14   257   14 36  0     48.33    0.9685E-01      70.9    290.0
2019  9 14   257   14 37  0     48.19    0.9859E-01      71.1    289.8
2019  9 14   257   14 38  0     48.05    0.1023E+00      72.7    289.4
2019  9 14   257   14 39  0     47.91    0.1076E+00      75.4    288.8
2019  9 14   257   14 40  0     47.77    0.1126E+00      78.3    288.4
2019  9 14   257   14 41  0     47.63    0.1162E+00      80.3    288.4
2019  9 14   257   14 42  0     47.49    0.1176E+00      80.9    288.6
2019  9 14   257   14 43  0     47.35    0.1178E+00      80.8    289.0
2019  9 14   257   14 44  0     47.22    0.1184E+00      80.7    289.2
2019  9 14   257   14 45  0     47.08    0.1207E+00      81.7    289.3
2019  9 14   257   14 46  0     46.94    0.1241E+00      83.3    289.1
2019  9 14   257   14 47  0     46.81    0.1263E+00      83.9    289.0
2019  9 14   257   14 48  0     46.67    0.1315E+00      86.7    288.9
2019  9 14   257   14 49  0     46.54    0.1340E+00      87.5    288.8
2019  9 14   257   14 50  0     46.41    0.1392E+00      90.1    288.5
2019  9 14   257   14 51  0     46.27    0.1344E+00      84.9    288.1
2019  9 14   257   14 52  0     46.14    0.1355E+00      84.4    287.8
2019  9 14   257   14 53  0     46.01    0.1372E+00      84.4    287.4
2019  9 14   257   14 54  0     45.88    0.1405E+00      85.5    287.0
2019  9 14   257   14 55  0     45.75    0.1451E+00      87.8    286.8
2019  9 14   257   14 56  0     45.62    0.1526E+00      92.4    286.7
2019  9 14   257   14 57  0     45.50    0.1539E+00      92.7    286.8
2019  9 14   257   14 58  0     45.37    0.1591E+00      96.3    287.1
2019  9 14   257   14 59  0     45.24    0.1632E+00      99.6    287.7
2019  9 14   257   15  0  0     45.12    0.1715E+00     106.7    288.8
2019  9 14   257   15  1  0     44.99    0.1606E+00      99.3    289.5
2019  9 14   257   15  2  0     44.87    0.1524E+00      94.0    290.5
2019  9 14   257   15  3  0     44.74    0.1446E+00      88.7    291.4
2019  9 14   257   15  4  0     44.62    0.1395E+00      85.1    292.0
2019  9 14   257   15  5  0     44.50    0.1304E+00      78.3    292.3
2019  9 14   257   15  6  0     44.38    0.1251E+00      74.2    292.6
2019  9 14   257   15  7  0     44.26    0.1222E+00      71.5    292.5
2019  9 14   257   15  8  0     44.14    0.1201E+00      69.3    292.3
2019  9 14   257   15  9  0     44.02    0.1190E+00      68.0    292.1
2019  9 14   257   15 10  0     43.90    0.1200E+00      68.0    291.9
2019  9 14   257   15 11  0     43.78    0.1233E+00      69.4    291.7
2019  9 14   257   15 12  0     43.67    0.1263E+00      70.9    291.6
2019  9 14   257   15 13  0     43.55    0.1271E+00      71.2    291.8
2019  9 14   257   15 14  0     43.44    0.1277E+00      71.5    292.2
2019  9 14   257   15 15  0     43.32    0.1302E+00      72.7    292.6
2019  9 14   257   15 16  0     43.21    0.1348E+00      74.7    292.6
2019  9 14   257   15 17  0     43.10    0.1371E+00      75.4    292.6
2019  9 14   257   15 18  0     42.99    0.1358E+00      74.3    292.8
2019  9 14   257   15 19  0     42.88    0.1311E+00      71.4    293.4
2019  9 14   257   15 20  0     42.77    0.1226E+00      66.5    294.1
2019  9 14   257   15 21  0     42.66    0.1128E+00      61.0    294.9
2019  9 14   257   15 22  0     42.55    0.1075E+00      57.9    295.5
2019  9 14   257   15 23  0     42.45    0.1088E+00      58.2    295.4
2019  9 14   257   15 24  0     42.34    0.1121E+00      59.6    295.2
2019  9 14   257   15 25  0     42.24    0.1130E+00      60.0    295.6
2019  9 14   257   15 26  0     42.13    0.1094E+00      58.0    296.5
2019  9 14   257   15 27  0     42.03    0.1017E+00      54.1    297.8
2019  9 14   257   15 28  0     41.93    0.9454E-01      50.3    299.1
2019  9 14   257   15 29  0     41.83    0.8895E-01      47.3    299.9
2019  9 14   257   15 30  0     41.73    0.8550E-01      45.4    300.5
2019  9 14   257   15 31  0     41.63    0.8075E-01      42.7    300.9
2019  9 14   257   15 32  0     41.53    0.7471E-01      39.5    301.7
2019  9 14   257   15 33  0     41.43    0.7334E-01      38.7    302.2
2019  9 14   257   15 34  0     41.34    0.7904E-01      41.6    302.4
2019  9 14   257   15 35  0     41.24    0.8848E-01      46.3    302.1
2019  9 14   257   15 36  0     41.15    0.9395E-01      48.9    301.9
2019  9 14   257   15 37  0     41.05    0.9508E-01      49.2    301.8
2019  9 14   257   15 38  0     40.96    0.9396E-01      48.3    301.5
2019  9 14   257   15 39  0     40.87    0.9215E-01      47.1    301.4
2019  9 14   257   15 40  0     40.78    0.9319E-01      47.4    301.3
2019  9 14   257   15 41  0     40.69    0.9587E-01      48.5    301.1
2019  9 14   257   15 42  0     40.60    0.9654E-01      48.5    301.1
2019  9 14   257   15 43  0     40.52    0.9554E-01      47.8    301.1
2019  9 14   257   15 44  0     40.43    0.9315E-01      46.6    301.5
2019  9 14   257   15 45  0     40.35    0.9237E-01      46.1    302.1
2019  9 14   257   15 46  0     40.26    0.9392E-01      46.6    302.0
2019  9 14   257   15 47  0     40.18    0.9747E-01      48.1    301.7
2019  9 14   257   15 48  0     40.10    0.1051E+00      51.6    301.3
2019  9 14   257   15 49  0     40.02    0.1110E+00      54.3    301.2
2019  9 14   257   15 50  0     39.94    0.1161E+00      56.8    301.5
2019  9 14   257   15 51  0     39.86    0.1264E+00      61.5    300.8
2019  9 14   257   15 52  0     39.78    0.1374E+00      66.1    299.6
2019  9 14   257   15 53  0     39.71    0.1362E+00      65.0    298.9
2019  9 14   257   15 54  0     39.63    0.1237E+00      58.6    298.9
2019  9 14   257   15 55  0     39.56    0.1125E+00      53.0    299.0
2019  9 14   257   15 56  0     39.49    0.1093E+00      51.3    299.0
2019  9 14   257   15 57  0     39.41    0.1167E+00      54.6    298.7
2019  9 14   257   15 58  0     39.34    0.1363E+00      63.6    297.6
2019  9 14   257   15 59  0     39.27    0.1676E+00      78.0    295.7
2019  9 14   257   16  0  0     39.21    0.2016E+00      93.3    293.6
2019  9 14   257   16  1  0     39.14    0.2171E+00      99.6    292.3
2019  9 14   257   16  2  0     39.07    0.1913E+00      86.1    292.5
2019  9 14   257   16  3  0     39.01    0.1669E+00      75.2    293.6
2019  9 14   257   16  4  0     38.95    0.1439E+00      65.1    294.6
2019  9 14   257   16  5  0     38.88    0.1328E+00      60.3    295.7
2019  9 14   257   16  6  0     38.82    0.1363E+00      61.8    295.7
2019  9 14   257   16  7  0     38.76    0.1454E+00      66.1    295.7
2019  9 14   257   16  8  0     38.71    0.1587E+00      72.5    296.0
2019  9 14   257   16  9  0     38.65    0.1701E+00      77.9    296.4
2019  9 14   257   16 10  0     38.59    0.1730E+00      79.4    297.4
2019  9 14   257   16 11  0     38.54    0.1761E+00      80.9    298.8
2019  9 14   257   16 12  0     38.48    0.1859E+00      84.8    298.9
2019  9 14   257   16 13  0     38.43    0.1980E+00      89.6    297.9
2019  9 14   257   16 14  0     38.38    0.2056E+00      92.3    297.0
2019  9 14   257   16 15  0     38.33    0.1945E+00      86.6    296.8
2019  9 14   257   16 16  0     38.28    0.1664E+00      73.9    298.0
2019  9 14   257   16 17  0     38.24    0.1401E+00      62.0    298.7
2019  9 14   257   16 18  0     38.19    0.1219E+00      53.7    299.0
2019  9 14   257   16 19  0     38.15    0.1104E+00      48.4    299.0
2019  9 14   257   16 20  0     38.10    0.1045E+00      45.6    298.5
2019  9 14   257   16 21  0     38.06    0.1089E+00      47.2    297.6
2019  9 14   257   16 22  0     38.02    0.1211E+00      52.1    295.8
2019  9 14   257   16 23  0     37.98    0.1230E+00      52.6    294.5
2019  9 14   257   16 24  0     37.94    0.1172E+00      50.1    294.3
2019  9 14   257   16 25  0     37.90    0.1138E+00      48.7    294.2
2019  9 14   257   16 26  0     37.87    0.1123E+00      48.0    294.4
2019  9 14   257   16 27  0     37.83    0.1106E+00      47.3    295.0
2019  9 14   257   16 28  0     37.80    0.1122E+00      48.0    295.2
2019  9 14   257   16 29  0     37.77    0.1123E+00      48.1    295.2
2019  9 14   257   16 30  0     37.74    0.1048E+00      45.0    295.9
2019  9 14   257   16 31  0     37.71    0.9321E-01      40.1    296.8
2019  9 14   257   16 32  0     37.68    0.8558E-01      36.9    297.8
2019  9 14   257   16 33  0     37.66    0.8229E-01      35.5    298.1
2019  9 14   257   16 34  0     37.63    0.8019E-01      34.6    298.8
2019  9 14   257   16 35  0     37.61    0.7768E-01      33.5    299.7
2019  9 14   257   16 36  0     37.59    0.7653E-01      33.1    300.5
2019  9 14   257   16 37  0     37.56    0.7884E-01      34.3    300.4
2019  9 14   257   16 38  0     37.54    0.8230E-01      35.8    300.1
2019  9 14   257   16 39  0     37.53    0.8325E-01      36.2    300.5
2019  9 14   257   16 40  0     37.51    0.8278E-01      36.0    301.4
2019  9 14   257   16 41  0     37.50    0.8430E-01      36.6    301.9
2019  9 14   257   16 42  0     37.48    0.8649E-01      37.5    302.1
2019  9 14   257   16 43  0     37.47    0.8860E-01      38.3    302.0
2019  9 14   257   16 44  0     37.46    0.9203E-01      39.6    301.5
2019  9 14   257   16 45  0     37.45    0.9934E-01      42.4    300.4
2019  9 14   257   16 46  0     37.44    0.1116E+00      47.3    298.6
2019  9 14   257   16 47  0     37.43    0.1251E+00      53.0    296.5
2019  9 14   257   16 48  0     37.42    0.1359E+00      57.6    295.7
2019  9 14   257   16 49  0     37.42    0.1545E+00      66.1    295.2
2019  9 14   257   16 50  0     37.41    0.1784E+00      76.5    294.2
2019  9 14   257   16 51  0     37.41    0.1796E+00      76.1    294.0
2019  9 14   257   16 52  0     37.41    0.1631E+00      68.4    295.0
2019  9 14   257   16 53  0     37.41    0.1512E+00      63.4    295.8
2019  9 14   257   16 54  0     37.41    0.1449E+00      60.7    295.7
2019  9 14   257   16 55  0     37.42    0.1374E+00      57.6    295.6
2019  9 14   257   16 56  0     37.42    0.1313E+00      55.1    295.2
2019  9 14   257   16 57  0     37.43    0.1274E+00      53.5    294.8
2019  9 14   257   16 58  0     37.44    0.1253E+00      52.7    294.7
2019  9 14   257   16 59  0     37.44    0.1270E+00      53.6    295.0
2019  9 14   257   17  0  0     37.45    0.1320E+00      56.0    295.3
2019  9 14   257   17  1  0     37.47    0.1406E+00      59.9    295.5
2019  9 14   257   17  2  0     37.48    0.1532E+00      65.5    295.6
2019  9 14   257   17  3  0     37.49    0.1705E+00      73.3    295.9
2019  9 14   257   17  4  0     37.51    0.2051E+00      89.1    295.6
2019  9 14   257   17  5  0     37.52    0.2327E+00      99.9    293.8
2019  9 14   257   17  6  0     37.54    0.2420E+00     103.2    293.0
2019  9 14   257   17  7  0     37.56    0.2179E+00      92.1    294.0
2019  9 14   257   17  8  0     37.58    0.2007E+00      85.2    294.9
2019  9 14   257   17  9  0     37.61    0.1859E+00      79.1    295.4
2019  9 14   257   17 10  0     37.63    0.1771E+00      75.5    295.1
2019  9 14   257   17 11  0     37.65    0.1693E+00      72.2    294.8
2019  9 14   257   17 12  0     37.68    0.1611E+00      68.8    294.7
2019  9 14   257   17 13  0     37.71    0.1545E+00      66.0    294.3
2019  9 14   257   17 14  0     37.74    0.1488E+00      63.6    294.2
2019  9 14   257   17 15  0     37.77    0.1439E+00      61.5    294.3
2019  9 14   257   17 16  0     37.80    0.1419E+00      60.6    294.2
2019  9 14   257   17 17  0     37.83    0.1380E+00      58.7    293.8
2019  9 14   257   17 18  0     37.87    0.1278E+00      54.2    293.8
2019  9 14   257   17 19  0     37.90    0.1145E+00      48.7    294.3
2019  9 14   257   17 20  0     37.94    0.1041E+00      44.5    295.0
2019  9 14   257   17 21  0     37.98    0.9954E-01      42.8    295.4
2019  9 14   257   17 22  0     38.02    0.1037E+00      44.9    295.6
2019  9 14   257   17 23  0     38.06    0.1163E+00      50.4    295.0
2019  9 14   257   17 24  0     38.10    0.1240E+00      53.6    294.3
2019  9 14   257   17 25  0     38.14    0.1220E+00      52.7    294.1
2019  9 14   257   17 26  0     38.19    0.1184E+00      51.2    294.2
2019  9 14   257   17 27  0     38.23    0.1155E+00      50.0    294.1
2019  9 14   257   17 28  0     38.28    0.1120E+00      48.6    294.2
2019  9 14   257   17 29  0     38.33    0.1068E+00      46.4    294.5
2019  9 14   257   17 30  0     38.38    0.9924E-01      43.3    295.3
2019  9 14   257   17 31  0     38.43    0.9383E-01      41.2    295.8
2019  9 14   257   17 32  0     38.48    0.9279E-01      40.9    296.1
2019  9 14   257   17 33  0     38.53    0.9263E-01      40.8    296.1
2019  9 14   257   17 34  0     38.59    0.9016E-01      39.4    295.9
2019  9 14   257   17 35  0     38.64    0.8721E-01      38.0    296.1
2019  9 14   257   17 36  0     38.70    0.8563E-01      37.2    296.7
2019  9 14   257   17 37  0     38.76    0.8566E-01      37.4    297.6
2019  9 14   257   17 38  0     38.82    0.8546E-01      37.5    298.1
2019  9 14   257   17 39  0     38.88    0.8308E-01      36.7    298.5
2019  9 14   257   17 40  0     38.94    0.7905E-01      35.1    299.2
2019  9 14   257   17 41  0     39.01    0.7515E-01      33.5    300.0
2019  9 14   257   17 42  0     39.07    0.7341E-01      33.0    300.6
2019  9 14   257   17 43  0     39.14    0.7536E-01      34.4    301.5
2019  9 14   257   17 44  0     39.20    0.8195E-01      37.9    302.3
2019  9 14   257   17 45  0     39.27    0.9213E-01      43.1    302.3
2019  9 14   257   17 46  0     39.34    0.1014E+00      47.9    301.6
2019  9 14   257   17 47  0     39.41    0.1091E+00      51.9    300.6
2019  9 14   257   17 48  0     39.48    0.1175E+00      56.0    299.4
2019  9 14   257   17 49  0     39.55    0.1264E+00      60.4    298.4
2019  9 14   257   17 50  0     39.63    0.1345E+00      64.1    296.9
2019  9 14   257   17 51  0     39.70    0.1374E+00      65.5    296.4
2019  9 14   257   17 52  0     39.78    0.1388E+00      66.5    296.2
2019  9 14   257   17 53  0     39.86    0.1356E+00      65.1    295.8
2019  9 14   257   17 54  0     39.93    0.1232E+00      59.2    296.4
2019  9 14   257   17 55  0     40.01    0.1066E+00      51.3    296.7
2019  9 14   257   17 56  0     40.09    0.9173E-01      44.4    297.8
2019  9 14   257   17 57  0     40.17    0.8289E-01      40.4    298.4
2019  9 14   257   17 58  0     40.26    0.7660E-01      37.5    298.7
2019  9 14   257   17 59  0     40.34    0.7176E-01      35.2    299.4
2019  9 14   257   18  0  0     40.43    0.7086E-01      34.9    299.4
2019  9 14   257   18  1  0     40.51    0.7133E-01      35.1    299.4
2019  9 14   257   18  2  0     40.60    0.7341E-01      36.2    299.3
2019  9 14   257   18  3  0     40.68    0.7655E-01      37.9    298.8
2019  9 14   257   18  4  0     40.78    0.7857E-01      39.0    298.3
2019  9 14   257   18  5  0     40.86    0.8014E-01      39.9    297.7
2019  9 14   257   18  6  0     40.96    0.8454E-01      42.2    297.0
2019  9 14   257   18  7  0     41.05    0.9188E-01      46.0    295.6
2019  9 14   257   18  8  0     41.14    0.9529E-01      47.6    295.3
2019  9 14   257   18  9  0     41.24    0.9652E-01      48.4    295.9
2019  9 14   257   18 10  0     41.33    0.1066E+00      53.6    295.3
2019  9 14   257   18 11  0     41.43    0.1166E+00      58.4    294.0
2019  9 14   257   18 12  0     41.52    0.1171E+00      58.4    293.6
2019  9 14   257   18 13  0     41.62    0.1117E+00      56.0    294.4
2019  9 14   257   18 14  0     41.72    0.1104E+00      56.0    295.1
2019  9 14   257   18 15  0     41.82    0.1159E+00      59.2    294.6
2019  9 14   257   18 16  0     41.92    0.1178E+00      60.3    293.7
2019  9 14   257   18 17  0     42.02    0.1121E+00      57.5    293.4
2019  9 14   257   18 18  0     42.13    0.1067E+00      55.0    293.8
2019  9 14   257   18 19  0     42.23    0.1105E+00      57.5    293.4
2019  9 14   257   18 20  0     42.33    0.1202E+00      63.0    292.0
2019  9 14   257   18 21  0     42.44    0.1267E+00      66.7    290.9
2019  9 14   257   18 22  0     42.55    0.1307E+00      68.9    290.1
2019  9 14   257   18 23  0     42.65    0.1319E+00      69.6    289.9
2019  9 14   257   18 24  0     42.76    0.1315E+00      69.8    290.0
2019  9 14   257   18 25  0     42.87    0.1382E+00      74.3    290.6
2019  9 14   257   18 26  0     42.98    0.1471E+00      79.9    290.9
2019  9 14   257   18 27  0     43.09    0.1468E+00      80.2    291.6
2019  9 14   257   18 28  0     43.21    0.1392E+00      76.8    292.6
2019  9 14   257   18 29  0     43.32    0.1314E+00      73.2    293.0
2019  9 14   257   18 30  0     43.43    0.1256E+00      70.4    292.5
2019  9 14   257   18 31  0     43.55    0.1223E+00      69.0    291.6
2019  9 14   257   18 32  0     43.66    0.1225E+00      69.5    291.0
2019  9 14   257   18 33  0     43.78    0.1228E+00      69.8    290.4
2019  9 14   257   18 34  0     43.90    0.1170E+00      66.5    289.7
2019  9 14   257   18 35  0     44.01    0.1097E+00      62.4    289.5
2019  9 14   257   18 36  0     44.13    0.1079E+00      61.5    289.6
2019  9 14   257   18 37  0     44.25    0.1120E+00      64.2    289.8
2019  9 14   257   18 38  0     44.37    0.1192E+00      68.9    289.6
2019  9 14   257   18 39  0     44.49    0.1220E+00      70.9    289.1
2019  9 14   257   18 40  0     44.61    0.1171E+00      68.4    288.7
2019  9 14   257   18 41  0     44.74    0.1100E+00      64.4    288.5
2019  9 14   257   18 42  0     44.86    0.1081E+00      63.8    288.4
2019  9 14   257   18 43  0     44.98    0.1143E+00      68.3    288.5
2019  9 14   257   18 44  0     45.11    0.1271E+00      76.6    288.0
2019  9 14   257   18 45  0     45.23    0.1361E+00      81.7    287.2
2019  9 14   257   18 46  0     45.36    0.1381E+00      83.2    287.2
2019  9 14   257   18 47  0     45.49    0.1347E+00      81.7    287.8
2019  9 14   257   18 48  0     45.62    0.1305E+00      80.0    288.9
2019  9 14   257   18 49  0     45.75    0.1328E+00      82.5    289.5
2019  9 14   257   18 50  0     45.87    0.1367E+00      85.5    289.5
2019  9 14   257   18 51  0     46.00    0.1311E+00      82.6    290.3
2019  9 14   257   18 52  0     46.14    0.1210E+00      77.2    291.6
2019  9 14   257   18 53  0     46.27    0.1113E+00      71.8    292.4
2019  9 14   257   18 54  0     46.40    0.1024E+00      66.6    292.8
2019  9 14   257   18 55  0     46.53    0.9552E-01      62.8    293.5
2019  9 14   257   18 56  0     46.67    0.9499E-01      63.2    293.7
2019  9 14   257   18 57  0     46.80    0.9999E-01      67.1    293.3
2019  9 14   257   18 58  0     46.94    0.1048E+00      71.0    292.7
2019  9 14   257   18 59  0     47.07    0.1066E+00      73.0    292.5
2019  9 14   257   19  0  0     47.21    0.1047E+00      72.6    292.5
2019  9 14   257   19  1  0     47.35    0.9911E-01      69.5    292.3
2019  9 14   257   19  2  0     47.48    0.9313E-01      65.7    292.1
2019  9 14   257   19  3  0     47.62    0.9117E-01      64.3    291.5
2019  9 14   257   19  4  0     47.76    0.8894E-01      62.5    290.7
2019  9 14   257   19  5  0     47.90    0.8287E-01      58.5    290.5
2019  9 14   257   19  6  0     48.04    0.7658E-01      54.7    290.7
2019  9 14   257   19  7  0     48.18    0.7567E-01      54.8    290.6
2019  9 14   257   19  8  0     48.32    0.8223E-01      60.4    290.2
2019  9 14   257   19  9  0     48.46    0.9243E-01      68.5    289.1
2019  9 14   257   19 10  0     48.61    0.1018E+00      75.9    287.9
2019  9 14   257   19 11  0     48.75    0.1051E+00      78.1    286.5
2019  9 14   257   19 12  0     48.89    0.1014E+00      75.5    286.0
2019  9 14   257   19 13  0     49.04    0.9948E-01      74.6    285.9
2019  9 14   257   19 14  0     49.18    0.9800E-01      73.9    285.5
2019  9 14   257   19 15  0     49.33    0.9472E-01      71.9    285.2
2019  9 14   257   19 16  0     49.47    0.9107E-01      69.6    285.1
2019  9 14   257   19 17  0     49.62    0.8694E-01      66.8    284.8
2019  9 14   257   19 18  0     49.77    0.7945E-01      61.5    284.7
2019  9 14   257   19 19  0     49.92    0.7364E-01      57.8    284.9
2019  9 14   257   19 20  0     50.06    0.7068E-01      56.1    285.0
2019  9 14   257   19 21  0     50.21    0.6806E-01      54.6    285.2
2019  9 14   257   19 22  0     50.36    0.6600E-01      53.4    285.2
2019  9 14   257   19 23  0     50.51    0.6141E-01      50.0    285.2
2019  9 14   257   19 24  0     50.66    0.5479E-01      44.9    285.2
2019  9 14   257   19 25  0     50.81    0.5062E-01      42.1    285.4
2019  9 14   257   19 26  0     50.96    0.4881E-01      40.9    285.6
2019  9 14   257   19 27  0     51.12    0.4628E-01      38.7    285.5
2019  9 14   257   19 28  0     51.27    0.4190E-01      35.3    286.0
2019  9 14   257   19 29  0     51.42    0.3865E-01      33.0    287.0
2019  9 14   257   19 30  0     51.58    0.3738E-01      32.6    288.5
2019  9 14   257   19 31  0     51.73    0.3586E-01      32.1    290.1
2019  9 14   257   19 32  0     51.88    0.3482E-01      32.1    292.3
2019  9 14   257   19 33  0     52.04    0.3390E-01      32.1    293.9
2019  9 14   257   19 34  0     52.19    0.3046E-01      29.6    295.0
2019  9 14   257   19 35  0     52.35    0.2716E-01      27.0    296.1
2019  9 14   257   19 36  0     52.51    0.2620E-01      26.6    297.7
2019  9 14   257   19 37  0     52.66    0.2837E-01      29.5    298.8
2019  9 14   257   19 38  0     52.82    0.3122E-01      33.0    299.2
2019  9 14   257   19 39  0     52.98    0.2996E-01      32.2    299.0
2019  9 14   257   19 40  0     53.13    0.2776E-01      30.3    298.6
2019  9 14   257   19 41  0     53.29    0.2740E-01      30.1    297.3
2019  9 14   257   19 42  0     53.45    0.2979E-01      33.1    296.2
2019  9 14   257   19 43  0     53.61    0.3563E-01      39.8    294.6
2019  9 14   257   19 44  0     53.77    0.3966E-01      44.4    292.7
2019  9 14   257   19 45  0     53.93    0.3991E-01      44.8    291.0
2019  9 14   257   19 46  0     54.09    0.4181E-01      47.3    289.7
2019  9 14   257   19 47  0     54.25    0.4486E-01      50.6    287.8
2019  9 14   257   19 48  0     54.41    0.4852E-01      54.5    286.3
2019  9 14   257   19 49  0     54.57    0.5397E-01      60.4    284.8
2019  9 14   257   19 50  0     54.74    0.5492E-01      61.4    283.8
2019  9 14   257   19 51  0     54.90    0.5513E-01      63.2    284.8
2019  9 14   257   19 52  0     55.06    0.6419E-01      74.9    284.9
2019  9 14   257   19 53  0     55.23    0.7745E-01      93.4    284.9
2019  9 14   257   19 54  0     55.39    0.8371E-01     101.4    284.1
2019  9 14   257   19 55  0     55.55    0.8949E-01     110.3    284.0
2019  9 14   257   19 56  0     55.72    0.9772E-01     125.4    284.8
2019  9 14   257   19 57  0     55.89    0.1083E+00     142.8    284.6
2019  9 14   257   19 58  0     56.05    0.1079E+00     142.1    283.6
2019  9 14   257   19 59  0     56.22    0.1091E+00     146.3    283.5
2019  9 14   257   20  0  0     56.38    0.1108E+00     150.8    283.2
2019  9 14   257   20  1  0     56.55    0.1051E+00     142.2    282.1
2019  9 14   257   20  2  0     56.72    0.1006E+00     135.6    281.1
2019  9 14   257   20  3  0     56.88    0.9821E-01     133.7    280.6
2019  9 14   257   20  4  0     57.05    0.8761E-01     117.3    279.5
2019  9 14   257   20  5  0     57.22    0.7983E-01     108.2    279.6
2019  9 14   257   20  6  0     57.39    0.7260E-01      99.8    279.6
2019  9 14   257   20  7  0     57.55    0.6670E-01      93.3    279.8
2019  9 14   257   20  8  0     57.72    0.6260E-01      90.1    280.4
2019  9 14   257   20  9  0     57.89    0.6093E-01      90.1    280.8
2019  9 14   257   20 10  0     58.06    0.5984E-01      88.2    279.5
2019  9 14   257   20 11  0     58.23    0.5445E-01      78.6    277.6
2019  9 14   257   20 12  0     58.40    0.4805E-01      69.7    278.0
2019  9 14   257   20 13  0     58.57    0.4419E-01      65.5    278.4
2019  9 14   257   20 14  0     58.74    0.4514E-01      69.6    279.1
2019  9 14   257   20 15  0     58.91    0.4755E-01      75.8    279.6
2019  9 14   257   20 16  0     59.08    0.4912E-01      81.2    280.4
2019  9 14   257   20 17  0     59.26    0.5310E-01      89.4    280.2
2019  9 14   257   20 18  0     59.43    0.5290E-01      88.3    278.9
2019  9 14   257   20 19  0     59.60    0.4723E-01      79.5    278.7
2019  9 14   257   20 20  0     59.77    0.4289E-01      74.1    279.2
2019  9 14   257   20 21  0     59.95    0.4109E-01      71.7    278.9
2019  9 14   257   20 22  0     60.12    0.3861E-01      68.1    278.4
2019  9 14   257   20 23  0     60.29    0.3623E-01      65.1    278.7
2019  9 14   257   20 24  0     60.47    0.3378E-01      62.0    278.6
2019  9 14   257   20 25  0     60.64    0.3338E-01      63.1    279.0
2019  9 14   257   20 26  0     60.81    0.3431E-01      66.2    278.8
2019  9 14   257   20 27  0     60.99    0.3340E-01      65.2    278.2
2019  9 14   257   20 28  0     61.16    0.3081E-01      61.0    277.3
2019  9 14   257   20 29  0     61.34    0.3004E-01      60.4    277.1
2019  9 14   257   20 30  0     61.51    0.3072E-01      62.6    277.1
2019  9 14   257   20 31  0     61.69    0.3051E-01      63.3    277.1
2019  9 14   257   20 32  0     61.86    0.2931E-01      62.4    277.1
2019  9 14   257   20 33  0     62.04    0.2959E-01      65.1    276.9
2019  9 14   257   20 34  0     62.21    0.3159E-01      70.8    276.8
2019  9 14   257   20 35  0     62.39    0.3254E-01      74.1    276.4
2019  9 14   257   20 36  0     62.57    0.3332E-01      78.0    277.4
2019  9 14   257   20 37  0     62.75    0.3577E-01      84.9    277.0
2019  9 14   257   20 38  0     62.92    0.3711E-01      88.6    276.3
2019  9 14   257   20 39  0     63.10    0.3652E-01      88.3    275.0
2019  9 14   257   20 40  0     63.28    0.3481E-01      85.2    274.3
2019  9 14   257   20 41  0     63.46    0.3157E-01      78.3    273.6
2019  9 14   257   20 42  0     63.63    0.2796E-01      70.9    273.2
2019  9 14   257   20 43  0     63.81    0.2657E-01      68.9    274.1
2019  9 14   257   20 44  0     63.99    0.2616E-01      69.1    273.6
2019  9 14   257   20 45  0     64.17    0.2511E-01      67.8    272.3
2019  9 14   257   20 46  0     64.35    0.2396E-01      66.1    272.0
2019  9 14   257   20 47  0     64.53    0.2304E-01      64.7    271.3
2019  9 14   257   20 48  0     64.71    0.2278E-01      65.5    271.3
2019  9 14   257   20 49  0     64.89    0.2307E-01      67.8    271.1
2019  9 14   257   20 50  0     65.07    0.2312E-01      69.4    271.0
2019  9 14   257   20 51  0     65.24    0.2306E-01      70.3    270.3
2019  9 14   257   20 52  0     65.42    0.2207E-01      67.9    269.3
2019  9 14   257   20 53  0     65.61    0.2042E-01      63.7    268.4
2019  9 14   257   20 54  0     65.79    0.1872E-01      59.5    267.9
2019  9 14   257   20 55  0     65.97    0.1718E-01      55.6    266.8
2019  9 14   257   20 56  0     66.15    0.1612E-01      53.2    266.1
2019  9 14   257   20 57  0     66.33    0.1487E-01      49.8    264.8
2019  9 14   257   20 58  0     66.51    0.1321E-01      45.0    263.4
2019  9 14   257   20 59  0     66.69    0.1166E-01      40.5    261.9
2019  9 14   257   21  0  0     66.87    0.1044E-01      37.0    260.3
2019  9 14   257   21  1  0     67.06    0.9846E-02      35.6    259.3
2019  9 14   257   21  2  0     67.24    0.9553E-02      35.2    258.9
2019  9 14   257   21  3  0     67.42    0.9277E-02      34.8    258.0
2019  9 14   257   21  4  0     67.60    0.8896E-02      34.0    256.8
2019  9 14   257   21  5  0     67.79    0.8565E-02      33.5    256.5
2019  9 14   257   21  6  0     67.97    0.8337E-02      33.1    255.2
2019  9 14   257   21  7  0     68.15    0.8019E-02      32.6    253.2
2019  9 14   257   21  8  0     68.33    0.7717E-02      32.1    252.2
2019  9 14   257   21  9  0     68.52    0.7531E-02      32.2    252.4
2019  9 14   257   21 10  0     68.70    0.7456E-02      32.5    250.7
2019  9 14   257   21 11  0     68.88    0.7583E-02      33.9    250.3
2019  9 14   257   21 12  0     69.07    0.8054E-02      37.4    252.5
2019  9 14   257   21 13  0     69.25    0.8824E-02      42.3    253.5
2019  9 14   257   21 14  0     69.43    0.9398E-02      46.5    254.5
2019  9 14   257   21 15  0     69.62    0.9824E-02      50.2    256.0
2019  9 14   257   21 16  0     69.80    0.1027E-01      54.2    255.9
2019  9 14   257   21 17  0     69.99    0.1098E-01      60.1    257.0
2019  9 14   257   21 18  0     70.17    0.1178E-01      66.4    256.8
2019  9 14   257   21 19  0     70.36    0.1237E-01      72.0    257.6
2019  9 14   257   21 20  0     70.54    0.1249E-01      74.6    257.3
2019  9 14   257   21 21  0     70.73    0.1222E-01      75.0    256.8
2019  9 14   257   21 22  0     70.91    0.1187E-01      74.8    256.1
2019  9 14   257   21 23  0     71.10    0.1141E-01      73.5    253.9
2019  9 14   257   21 24  0     71.28    0.1074E-01      70.7    252.5
2019  9 14   257   21 25  0     71.47    0.9864E-02      66.3    250.8
2019  9 14   257   21 26  0     71.65    0.8921E-02      61.3    248.8
2019  9 14   257   21 27  0     71.84    0.8136E-02      57.2    246.5
2019  9 14   257   21 28  0     72.02    0.7819E-02      56.7    245.6
2019  9 14   257   21 29  0     72.21    0.7901E-02      59.2    245.5
2019  9 14   257   21 30  0     72.39    0.7943E-02      60.9    244.6
2019  9 14   257   21 31  0     72.58    0.7668E-02      60.1    243.3
2019  9 14   257   21 32  0     72.77    0.7208E-02      57.5    240.8
2019  9 14   257   21 33  0     72.95    0.6592E-02      53.3    238.1
2019  9 14   257   21 34  0     73.14    0.6034E-02      49.2    234.3
2019  9 14   257   21 35  0     73.33    0.5341E-02      43.6    229.2
2019  9 14   257   21 36  0     73.51    0.4621E-02      38.0    224.4
2019  9 14   257   21 37  0     73.70    0.4139E-02      34.3    219.4
2019  9 14   257   21 38  0     73.89    0.3833E-02      32.3    215.5
2019  9 14   257   21 39  0     74.07    0.3643E-02      31.8    213.3
2019  9 14   257   21 40  0     74.26    0.3730E-02      34.4    215.5
2019  9 14   257   21 41  0     74.45    0.4150E-02      40.7    219.4
2019  9 14   257   21 42  0     74.63    0.4545E-02      47.0    221.6
2019  9 14   257   21 43  0     74.82    0.4597E-02      49.4    221.7
2019  9 14   257   21 44  0     75.01    0.4448E-02      49.2    220.0
2019  9 14   257   21 45  0     75.20    0.4407E-02      50.2    218.6
2019  9 14   257   21 46  0     75.38    0.4475E-02      52.7    218.4
2019  9 14   257   21 47  0     75.57    0.4455E-02      53.9    217.5
2019  9 14   257   21 48  0     75.76    0.4376E-02      54.2    215.7
2019  9 14   257   21 49  0     75.95    0.4359E-02      55.7    214.6
2019  9 14   257   21 50  0     76.14    0.4436E-02      59.0    214.1
2019  9 14   257   21 51  0     76.32    0.4502E-02      62.4    214.9
2019  9 14   257   21 52  0     76.51    0.4521E-02      64.9    214.0
2019  9 14   257   21 53  0     76.70    0.4509E-02      67.9    214.9
2019  9 14   257   21 54  0     76.89    0.4554E-02      72.2    215.3
2019  9 14   257   21 55  0     77.08    0.4644E-02      77.4    214.5
2019  9 14   257   21 56  0     77.26    0.4682E-02      82.1    213.9
2019  9 14   257   21 57  0     77.45    0.4659E-02      86.6    214.9
2019  9 14   257   21 58  0     77.64    0.4674E-02      90.6    213.4
2019  9 14   257   21 59  0     77.83    0.4587E-02      93.1    213.4
2019  9 14   257   22  0  0     78.02    0.4455E-02      95.0    211.3
2019  9 14   257   22  1  0     78.21    0.4330E-02      96.7    210.2
2019  9 14   257   22  2  0     78.40    0.4205E-02      97.9    208.8
2019  9 14   257   22  3  0     78.58    0.4095E-02      99.0    206.4
2019  9 14   257   22  4  0     78.77    0.4003E-02     100.9    204.5
2019  9 14   257   22  5  0     78.96    0.3997E-02     104.7    203.0
2019  9 14   257   22  6  0     79.15    0.4031E-02     108.9    201.7
2019  9 14   257   22  7  0     79.34    0.4001E-02     110.9    200.2
2019  9 14   257   22  8  0     79.53    0.3894E-02     111.2    198.0
2019  9 14   257   22  9  0     79.72    0.3730E-02     109.0    194.2
2019  9 14   257   22 10  0     79.91    0.3501E-02     105.2    189.6
2019  9 14   257   22 11  0     80.10    0.3278E-02     101.2    185.8
2019  9 14   257   22 12  0     80.29    0.3089E-02      97.8    181.8
2019  9 14   257   22 13  0     80.47    0.2930E-02      96.3    179.0
2019  9 14   257   22 14  0     80.66    0.2855E-02      96.3    175.2
2019  9 14   257   22 15  0     80.85    0.2768E-02      96.1    171.4
2019  9 14   257   22 16  0     81.04    0.2666E-02      96.0    169.0
2019  9 14   257   22 17  0     81.23    0.2597E-02      95.0    164.2
2019  9 14   257   22 18  0     81.42    0.2478E-02      93.2    160.9
2019  9 14   257   22 19  0     81.61    0.2346E-02      91.5    158.1
2019  9 14   257   22 20  0     81.80    0.2238E-02      89.9    154.3
2019  9 14   257   22 21  0     81.99    0.2154E-02      88.1    148.1
2019  9 14   257   22 22  0     82.18    0.2056E-02      86.4    144.0
2019  9 14   257   22 23  0     82.37    0.1959E-02      86.7    142.5
2019  9 14   257   22 24  0     82.56    0.1971E-02      89.7    139.1
2019  9 14   257   22 25  0     82.75    0.1955E-02      92.6    137.2
2019  9 14   257   22 26  0     82.94    0.1920E-02      93.6    134.0
2019  9 14   257   22 27  0     83.12    0.1882E-02      94.7    130.6
2019  9 14   257   22 28  0     83.32    0.1843E-02      96.1    128.1
2019  9 14   257   22 29  0     83.50    0.1812E-02      97.1    124.6
2019  9 14   257   22 30  0     83.69    0.1789E-02      97.8    119.9
2019  9 14   257   22 31  0     83.88    0.1701E-02      97.7    117.6
2019  9 14   257   22 32  0     84.07    0.1622E-02      97.8    115.5
2019  9 14   257   22 33  0     84.26    0.1591E-02      98.5    112.0
2019  9 14   257   22 34  0     84.45    0.1553E-02      98.9    109.2
2019  9 14   257   22 35  0     84.64    0.1524E-02      99.2    106.2
2019  9 14   257   22 36  0     84.83    0.1504E-02      98.8    102.7
2019  9 14   257   22 37  0     85.02    0.1454E-02      96.8     99.1
2019  9 14   257   22 38  0     85.21    0.1394E-02      93.5     95.1
2019  9 14   257   22 39  0     85.40    0.1359E-02      90.8     90.4
2019  9 14   257   22 40  0     85.59    0.1338E-02      89.0     85.9
2019  9 14   257   22 41  0     85.78    0.1302E-02      86.7     82.0
2019  9 14   257   22 42  0     85.97    0.1247E-02      83.2     78.3
2019  9 14   257   22 43  0     86.16    0.1182E-02      77.7     73.1
2019  9 14   257   22 44  0     86.35    0.1150E-02      71.2     66.6
2019  9 14   257   22 45  0     86.54    0.1097E-02      65.4     61.6
2019  9 14   257   22 46  0     86.73    0.1083E-02      62.2     56.4
2019  9 14   257   22 47  0     86.92    0.1054E-02      62.3     53.8
2019  9 14   257   22 48  0     87.11    0.1063E-02      63.3     50.8
2019  9 14   257   22 49  0     87.30    0.1060E-02      65.4     48.9
2019  9 14   257   22 50  0     87.49    0.1053E-02      67.5     47.1
2019  9 14   257   22 51  0     87.68    0.1036E-02      68.4     45.0
2019  9 14   257   22 52  0     87.87    0.1036E-02      70.6     42.9
2019  9 14   257   22 53  0     88.05    0.1012E-02      75.5     42.9
2019  9 14   257   22 54  0     88.24    0.1025E-02      80.6     42.1
2019  9 14   257   22 55  0     88.43    0.1041E-02      84.6     40.6
2019  9 14   257   22 56  0     88.62    0.1025E-02      88.6     39.8
2019  9 14   257   22 57  0     88.81    0.1056E-02      95.3     38.0
2019  9 14   257   22 58  0     89.00    0.1058E-02     104.4     37.8
2019  9 14   257   22 59  0     89.19    0.1063E-02     111.7     37.6
2019  9 14   257   23  0  0     89.38    0.1036E-02     115.0     36.9
2019  9 14   257   23  1  0     89.57    0.1028E-02     114.8     34.2
2019  9 14   257   23  2  0     89.76    0.1020E-02     110.0     30.2
2019  9 14   257   23  3  0     89.95    0.9690E-03      98.7     25.9
