                            NILUUV 115

Uvpro Version 2.0
Latitude :   40.74 (North)
Longitude:  -74.03  (West)
Calibration file: cf100603a.115
Height above sea level:    40.0  m
CLT derived from channel 4
CLT scale factor used:   1.0
Ozone derived from channel pair ch3/ch1
Ozone scale factor used:   1.0
Drift factors ch1-ch6:   0.363  0.349  0.523  0.519  0.336  0.891
Ozone profile climatology: Mid  Latitude
Dose type:    CLW    Caldwell Plant 1971           

yyyy mm dd   jul   hh mm ss      SZA     dose rate       clt     Ozone
                              [degrees]   [W/m^2]        [%]     [DU]
2019 11 18   322   11 52  0     89.93    0.4820E-03      34.4     19.3
2019 11 18   322   11 53  0     89.76    0.5024E-03      37.1     21.5
2019 11 18   322   11 54  0     89.59    0.5102E-03      38.2     23.3
2019 11 18   322   11 55  0     89.42    0.5296E-03      41.3     25.8
2019 11 18   322   11 56  0     89.25    0.5284E-03      42.2     28.1
2019 11 18   322   11 57  0     89.08    0.5256E-03      37.6     27.2
2019 11 18   322   11 58  0     88.91    0.5178E-03      36.3     28.6
2019 11 18   322   11 59  0     88.74    0.5376E-03      37.1     30.4
2019 11 18   322   12  0  0     88.58    0.5458E-03      44.5     37.4
2019 11 18   322   12  1  0     88.41    0.5303E-03      41.8     38.9
2019 11 18   322   12  2  0     88.24    0.5593E-03      40.6     38.6
2019 11 18   322   12  3  0     88.07    0.5517E-03      44.6     44.1
2019 11 18   322   12  4  0     87.90    0.5719E-03      44.2     45.1
2019 11 18   322   12  5  0     87.74    0.6011E-03      47.1     48.2
2019 11 18   322   12  6  0     87.57    0.5856E-03      47.8     52.6
2019 11 18   322   12  7  0     87.40    0.6057E-03      49.5     55.6
2019 11 18   322   12  8  0     87.24    0.6027E-03      50.5     59.8
2019 11 18   322   12  9  0     87.07    0.6107E-03      48.0     60.0
2019 11 18   322   12 10  0     86.90    0.6236E-03      46.6     60.8
2019 11 18   322   12 11  0     86.74    0.6349E-03      52.2     68.1
2019 11 18   322   12 12  0     86.57    0.6295E-03      46.6     66.6
2019 11 18   322   12 13  0     86.41    0.6452E-03      47.2     69.1
2019 11 18   322   12 14  0     86.24    0.6833E-03      49.9     72.2
2019 11 18   322   12 15  0     86.08    0.6970E-03      47.7     72.2
2019 11 18   322   12 16  0     85.91    0.7043E-03      48.5     76.6
2019 11 18   322   12 17  0     85.75    0.7273E-03      53.8     83.4
2019 11 18   322   12 18  0     85.59    0.7141E-03      49.5     83.2
2019 11 18   322   12 19  0     85.42    0.7321E-03      52.9     88.8
2019 11 18   322   12 20  0     85.26    0.8087E-03      61.8     96.5
2019 11 18   322   12 21  0     85.10    0.8191E-03      62.4    100.5
2019 11 18   322   12 22  0     84.93    0.8096E-03      56.7     99.0
2019 11 18   322   12 23  0     84.77    0.8079E-03      55.7    101.5
2019 11 18   322   12 24  0     84.61    0.8292E-03      58.2    106.8
2019 11 18   322   12 25  0     84.45    0.8688E-03      58.9    108.5
2019 11 18   322   12 26  0     84.29    0.8951E-03      62.4    115.0
2019 11 18   322   12 27  0     84.13    0.9047E-03      60.4    116.2
2019 11 18   322   12 28  0     83.96    0.9128E-03      58.4    117.2
2019 11 18   322   12 29  0     83.80    0.9052E-03      55.5    118.3
2019 11 18   322   12 30  0     83.64    0.9773E-03      58.6    121.5
2019 11 18   322   12 31  0     83.48    0.1008E-02      59.3    125.3
2019 11 18   322   12 32  0     83.32    0.1009E-02      56.8    125.9
2019 11 18   322   12 33  0     83.16    0.1001E-02      54.8    127.9
2019 11 18   322   12 34  0     83.01    0.1011E-02      52.6    128.1
2019 11 18   322   12 35  0     82.85    0.1061E-02      55.0    132.9
2019 11 18   322   12 36  0     82.69    0.1143E-02      58.0    137.3
2019 11 18   322   12 37  0     82.53    0.1120E-02      55.7    140.6
2019 11 18   322   12 38  0     82.37    0.1179E-02      58.1    145.2
2019 11 18   322   12 39  0     82.22    0.1155E-02      55.1    147.2
2019 11 18   322   12 40  0     82.06    0.1135E-02      51.3    146.7
2019 11 18   322   12 41  0     81.90    0.1204E-02      54.5    153.4
2019 11 18   322   12 42  0     81.75    0.1240E-02      54.1    154.9
2019 11 18   322   12 43  0     81.59    0.1212E-02      50.1    153.5
2019 11 18   322   12 44  0     81.43    0.1201E-02      48.2    155.5
2019 11 18   322   12 45  0     81.28    0.1218E-02      46.2    154.5
2019 11 18   322   12 46  0     81.12    0.1290E-02      48.0    158.1
2019 11 18   322   12 47  0     80.97    0.1338E-02      49.8    163.3
2019 11 18   322   12 48  0     80.81    0.1413E-02      52.1    168.1
2019 11 18   322   12 49  0     80.66    0.1439E-02      51.3    169.5
2019 11 18   322   12 50  0     80.51    0.1434E-02      50.7    174.6
2019 11 18   322   12 51  0     80.35    0.1475E-02      50.1    175.2
2019 11 18   322   12 52  0     80.20    0.1588E-02      54.4    182.8
2019 11 18   322   12 53  0     80.05    0.1632E-02      53.5    183.0
2019 11 18   322   12 54  0     79.90    0.1597E-02      51.2    186.3
2019 11 18   322   12 55  0     79.74    0.1652E-02      51.1    187.4
2019 11 18   322   12 56  0     79.59    0.1791E-02      53.6    188.9
2019 11 18   322   12 57  0     79.44    0.1724E-02      49.9    189.9
2019 11 18   322   12 58  0     79.29    0.1817E-02      51.5    193.0
2019 11 18   322   12 59  0     79.14    0.1785E-02      49.6    196.3
2019 11 18   322   13  0  0     78.99    0.2001E-02      55.5    203.1
2019 11 18   322   13  1  0     78.84    0.2114E-02      56.0    203.4
2019 11 18   322   13  2  0     78.69    0.1967E-02      49.1    201.4
2019 11 18   322   13  3  0     78.54    0.2031E-02      48.5    201.1
2019 11 18   322   13  4  0     78.39    0.2004E-02      46.7    203.9
2019 11 18   322   13  5  0     78.24    0.2045E-02      45.8    203.9
2019 11 18   322   13  6  0     78.10    0.2308E-02      51.9    211.5
2019 11 18   322   13  7  0     77.95    0.2240E-02      48.0    211.5
2019 11 18   322   13  8  0     77.80    0.2198E-02      45.3    209.1
2019 11 18   322   13  9  0     77.66    0.2415E-02      48.6    212.3
2019 11 18   322   13 10  0     77.51    0.2466E-02      48.5    214.5
2019 11 18   322   13 11  0     77.36    0.2370E-02      44.2    211.0
2019 11 18   322   13 12  0     77.22    0.2567E-02      48.9    220.9
2019 11 18   322   13 13  0     77.07    0.2758E-02      50.9    221.7
2019 11 18   322   13 14  0     76.93    0.2887E-02      52.0    224.1
2019 11 18   322   13 15  0     76.78    0.2670E-02      46.0    222.0
2019 11 18   322   13 16  0     76.64    0.2906E-02      49.8    226.9
2019 11 18   322   13 17  0     76.50    0.2947E-02      48.7    226.1
2019 11 18   322   13 18  0     76.35    0.2861E-02      45.9    227.1
2019 11 18   322   13 19  0     76.21    0.2956E-02      46.4    229.1
2019 11 18   322   13 20  0     76.07    0.3096E-02      47.4    230.5
2019 11 18   322   13 21  0     75.93    0.3315E-02      50.1    236.0
2019 11 18   322   13 22  0     75.79    0.3232E-02      47.4    236.1
2019 11 18   322   13 23  0     75.65    0.3151E-02      44.1    232.4
2019 11 18   322   13 24  0     75.51    0.3262E-02      44.7    234.6
2019 11 18   322   13 25  0     75.37    0.3230E-02      43.1    235.5
2019 11 18   322   13 26  0     75.23    0.3598E-02      47.4    239.7
2019 11 18   322   13 27  0     75.09    0.3391E-02      42.8    236.3
2019 11 18   322   13 28  0     74.95    0.3798E-02      48.3    241.6
2019 11 18   322   13 29  0     74.81    0.3869E-02      47.9    243.2
2019 11 18   322   13 30  0     74.67    0.3919E-02      47.3    244.1
2019 11 18   322   13 31  0     74.53    0.3859E-02      45.3    243.3
2019 11 18   322   13 32  0     74.40    0.3966E-02      45.7    244.6
2019 11 18   322   13 33  0     74.26    0.3895E-02      43.9    245.2
2019 11 18   322   13 34  0     74.13    0.4230E-02      46.6    246.8
2019 11 18   322   13 35  0     73.99    0.4169E-02      44.9    247.9
2019 11 18   322   13 36  0     73.85    0.4099E-02      43.0    247.2
2019 11 18   322   13 37  0     73.72    0.4179E-02      43.2    249.3
2019 11 18   322   13 38  0     73.59    0.4401E-02      44.5    250.3
2019 11 18   322   13 39  0     73.45    0.4542E-02      45.5    253.7
2019 11 18   322   13 40  0     73.32    0.4556E-02      44.0    251.9
2019 11 18   322   13 41  0     73.19    0.4388E-02      41.7    252.4
2019 11 18   322   13 42  0     73.05    0.5335E-02      50.4    257.5
2019 11 18   322   13 43  0     72.92    0.5074E-02      46.3    256.9
2019 11 18   322   13 44  0     72.79    0.4970E-02      44.5    257.2
2019 11 18   322   13 45  0     72.66    0.4930E-02      43.0    257.4
2019 11 18   322   13 46  0     72.53    0.4807E-02      40.8    256.5
2019 11 18   322   13 47  0     72.40    0.4765E-02      39.8    257.3
2019 11 18   322   13 48  0     72.27    0.5328E-02      44.6    260.9
2019 11 18   322   13 49  0     72.14    0.6087E-02      49.8    262.1
2019 11 18   322   13 50  0     72.01    0.5867E-02      46.7    261.9
2019 11 18   322   13 51  0     71.89    0.5747E-02      44.7    261.6
2019 11 18   322   13 52  0     71.76    0.6489E-02      50.1    264.7
2019 11 18   322   13 53  0     71.63    0.6446E-02      48.7    264.9
2019 11 18   322   13 54  0     71.51    0.5804E-02      42.5    263.1
2019 11 18   322   13 55  0     71.38    0.5843E-02      42.4    263.8
2019 11 18   322   13 56  0     71.26    0.6122E-02      43.1    263.7
2019 11 18   322   13 57  0     71.13    0.5696E-02      39.5    263.5
2019 11 18   322   13 58  0     71.01    0.6482E-02      45.4    267.9
2019 11 18   322   13 59  0     70.89    0.6724E-02      45.4    266.8
2019 11 18   322   14  0  0     70.76    0.6387E-02      42.3    267.3
2019 11 18   322   14  1  0     70.64    0.6378E-02      41.2    266.5
2019 11 18   322   14  2  0     70.52    0.6742E-02      43.1    268.5
2019 11 18   322   14  3  0     70.40    0.7207E-02      45.1    269.0
2019 11 18   322   14  4  0     70.28    0.6691E-02      41.1    268.8
2019 11 18   322   14  5  0     70.16    0.6532E-02      39.3    268.6
2019 11 18   322   14  6  0     70.04    0.6410E-02      37.8    268.2
2019 11 18   322   14  7  0     69.92    0.6428E-02      37.2    267.8
2019 11 18   322   14  8  0     69.80    0.6147E-02      35.0    267.4
2019 11 18   322   14  9  0     69.68    0.6823E-02      38.7    270.4
2019 11 18   322   14 10  0     69.56    0.6781E-02      37.3    269.4
2019 11 18   322   14 11  0     69.45    0.6664E-02      36.1    269.9
2019 11 18   322   14 12  0     69.33    0.7210E-02      38.4    270.7
2019 11 18   322   14 13  0     69.21    0.7355E-02      38.8    272.2
2019 11 18   322   14 14  0     69.10    0.7874E-02      41.2    273.2
2019 11 18   322   14 15  0     68.98    0.7777E-02      39.8    273.9
2019 11 18   322   14 16  0     68.87    0.7276E-02      36.6    273.6
2019 11 18   322   14 17  0     68.76    0.7314E-02      36.3    274.0
2019 11 18   322   14 18  0     68.64    0.7785E-02      38.0    275.1
2019 11 18   322   14 19  0     68.53    0.7655E-02      36.7    273.1
2019 11 18   322   14 20  0     68.42    0.7360E-02      34.7    273.1
2019 11 18   322   14 21  0     68.31    0.7289E-02      33.7    272.6
2019 11 18   322   14 22  0     68.20    0.7275E-02      33.2    272.8
2019 11 18   322   14 23  0     68.09    0.7512E-02      33.7    273.5
2019 11 18   322   14 24  0     67.98    0.7599E-02      33.5    274.4
2019 11 18   322   14 25  0     67.87    0.7959E-02      34.9    276.2
2019 11 18   322   14 26  0     67.76    0.7901E-02      33.9    275.8
2019 11 18   322   14 27  0     67.66    0.8263E-02      35.2    277.1
2019 11 18   322   14 28  0     67.55    0.8230E-02      34.4    276.2
2019 11 18   322   14 29  0     67.44    0.8300E-02      34.3    276.7
2019 11 18   322   14 30  0     67.34    0.8921E-02      36.6    278.1
2019 11 18   322   14 31  0     67.23    0.9194E-02      36.9    277.4
2019 11 18   322   14 32  0     67.13    0.8615E-02      33.9    276.5
2019 11 18   322   14 33  0     67.02    0.8451E-02      32.8    276.4
2019 11 18   322   14 34  0     66.92    0.8360E-02      32.0    276.8
2019 11 18   322   14 35  0     66.82    0.8348E-02      31.6    276.9
2019 11 18   322   14 36  0     66.72    0.8528E-02      32.1    278.4
2019 11 18   322   14 37  0     66.62    0.8896E-02      33.1    278.4
2019 11 18   322   14 38  0     66.52    0.9063E-02      33.2    278.6
2019 11 18   322   14 39  0     66.42    0.9052E-02      32.8    278.9
2019 11 18   322   14 40  0     66.32    0.9282E-02      33.2    279.2
2019 11 18   322   14 41  0     66.22    0.9452E-02      33.4    279.8
2019 11 18   322   14 42  0     66.12    0.9281E-02      32.2    279.4
2019 11 18   322   14 43  0     66.02    0.9521E-02      32.6    279.0
2019 11 18   322   14 44  0     65.93    0.9827E-02      33.4    280.4
2019 11 18   322   14 45  0     65.83    0.1033E-01      34.8    280.9
2019 11 18   322   14 46  0     65.74    0.1056E-01      35.0    281.1
2019 11 18   322   14 47  0     65.64    0.1122E-01      37.0    281.6
2019 11 18   322   14 48  0     65.55    0.1158E-01      37.5    281.7
2019 11 18   322   14 49  0     65.46    0.1096E-01      35.0    281.6
2019 11 18   322   14 50  0     65.36    0.1095E-01      34.5    281.2
2019 11 18   322   14 51  0     65.27    0.1120E-01      35.0    282.0
2019 11 18   322   14 52  0     65.18    0.1175E-01      36.4    282.4
2019 11 18   322   14 53  0     65.09    0.1203E-01      37.0    282.9
2019 11 18   322   14 54  0     65.00    0.1190E-01      36.3    283.3
2019 11 18   322   14 55  0     64.91    0.1225E-01      37.0    283.2
2019 11 18   322   14 56  0     64.82    0.1268E-01      38.0    283.7
2019 11 18   322   14 57  0     64.74    0.1231E-01      36.6    283.8
2019 11 18   322   14 58  0     64.65    0.1258E-01      37.1    284.0
2019 11 18   322   14 59  0     64.56    0.1259E-01      36.7    284.1
2019 11 18   322   15  0  0     64.48    0.1287E-01      37.2    284.0
2019 11 18   322   15  1  0     64.39    0.1306E-01      37.4    284.5
2019 11 18   322   15  2  0     64.31    0.1324E-01      37.5    284.4
2019 11 18   322   15  3  0     64.23    0.1333E-01      37.4    284.5
2019 11 18   322   15  4  0     64.15    0.1332E-01      37.1    284.8
2019 11 18   322   15  5  0     64.06    0.1364E-01      37.6    284.3
2019 11 18   322   15  6  0     63.98    0.1385E-01      38.0    285.0
2019 11 18   322   15  7  0     63.90    0.1426E-01      38.7    285.3
2019 11 18   322   15  8  0     63.82    0.1426E-01      38.3    285.0
2019 11 18   322   15  9  0     63.74    0.1528E-01      40.7    285.4
2019 11 18   322   15 10  0     63.67    0.1535E-01      40.4    285.3
2019 11 18   322   15 11  0     63.59    0.1537E-01      39.9    285.0
2019 11 18   322   15 12  0     63.51    0.1454E-01      37.3    284.8
2019 11 18   322   15 13  0     63.44    0.1497E-01      38.3    285.2
2019 11 18   322   15 14  0     63.36    0.1616E-01      41.2    285.9
2019 11 18   322   15 15  0     63.29    0.1676E-01      42.4    285.9
2019 11 18   322   15 16  0     63.21    0.1649E-01      41.2    285.8
2019 11 18   322   15 17  0     63.14    0.1726E-01      42.9    286.1
2019 11 18   322   15 18  0     63.07    0.1829E-01      44.9    286.0
2019 11 18   322   15 19  0     63.00    0.1738E-01      42.2    285.6
2019 11 18   322   15 20  0     62.93    0.1667E-01      40.3    285.8
2019 11 18   322   15 21  0     62.86    0.1759E-01      42.4    286.4
2019 11 18   322   15 22  0     62.79    0.1874E-01      45.1    287.4
2019 11 18   322   15 23  0     62.72    0.1871E-01      44.6    286.9
2019 11 18   322   15 24  0     62.65    0.1867E-01      44.2    287.0
2019 11 18   322   15 25  0     62.59    0.1862E-01      43.8    287.2
2019 11 18   322   15 26  0     62.52    0.1890E-01      44.2    287.4
2019 11 18   322   15 27  0     62.46    0.1935E-01      44.8    286.9
2019 11 18   322   15 28  0     62.39    0.1769E-01      40.6    286.9
2019 11 18   322   15 29  0     62.33    0.1752E-01      39.9    287.0
2019 11 18   322   15 30  0     62.27    0.1879E-01      42.5    287.2
2019 11 18   322   15 31  0     62.21    0.1895E-01      42.4    287.2
2019 11 18   322   15 32  0     62.15    0.2120E-01      47.7    288.0
2019 11 18   322   15 33  0     62.08    0.2273E-01      50.6    287.8
2019 11 18   322   15 34  0     62.03    0.2282E-01      50.4    287.7
2019 11 18   322   15 35  0     61.97    0.2362E-01      52.1    288.2
2019 11 18   322   15 36  0     61.91    0.2507E-01      54.7    288.2
2019 11 18   322   15 37  0     61.85    0.2523E-01      54.7    288.2
2019 11 18   322   15 38  0     61.80    0.2542E-01      54.6    288.3
2019 11 18   322   15 39  0     61.74    0.2464E-01      52.6    288.2
2019 11 18   322   15 40  0     61.69    0.2546E-01      54.2    288.6
2019 11 18   322   15 41  0     61.63    0.2410E-01      50.8    288.3
2019 11 18   322   15 42  0     61.58    0.2345E-01      49.5    288.5
2019 11 18   322   15 43  0     61.53    0.2641E-01      55.7    288.9
2019 11 18   322   15 44  0     61.48    0.2532E-01      53.1    288.7
2019 11 18   322   15 45  0     61.43    0.2580E-01      53.7    288.7
2019 11 18   322   15 46  0     61.38    0.2434E-01      50.4    288.8
2019 11 18   322   15 47  0     61.33    0.2770E-01      56.9    289.0
2019 11 18   322   15 48  0     61.28    0.2862E-01      58.6    289.4
2019 11 18   322   15 49  0     61.24    0.3007E-01      61.1    289.2
2019 11 18   322   15 50  0     61.19    0.2763E-01      55.8    288.9
2019 11 18   322   15 51  0     61.15    0.2551E-01      51.5    288.9
2019 11 18   322   15 52  0     61.10    0.2917E-01      59.2    289.8
2019 11 18   322   15 53  0     61.06    0.3323E-01      67.2    289.8
2019 11 18   322   15 54  0     61.02    0.3142E-01      62.9    289.4
2019 11 18   322   15 55  0     60.97    0.2882E-01      57.3    289.2
2019 11 18   322   15 56  0     60.93    0.2940E-01      58.1    289.4
2019 11 18   322   15 57  0     60.89    0.2794E-01      54.8    289.2
2019 11 18   322   15 58  0     60.85    0.3132E-01      61.1    289.5
2019 11 18   322   15 59  0     60.82    0.2969E-01      57.4    289.2
2019 11 18   322   16  0  0     60.78    0.2815E-01      54.1    288.9
2019 11 18   322   16  1  0     60.74    0.2915E-01      56.0    289.5
2019 11 18   322   16  2  0     60.71    0.2836E-01      54.4    289.3
2019 11 18   322   16  3  0     60.67    0.2816E-01      54.2    289.9
2019 11 18   322   16  4  0     60.64    0.2828E-01      54.4    290.4
2019 11 18   322   16  5  0     60.60    0.2675E-01      51.1    290.1
2019 11 18   322   16  6  0     60.57    0.2556E-01      48.7    290.4
2019 11 18   322   16  7  0     60.54    0.2599E-01      49.4    290.6
2019 11 18   322   16  8  0     60.51    0.2727E-01      51.6    290.8
2019 11 18   322   16  9  0     60.48    0.2463E-01      46.2    290.2
2019 11 18   322   16 10  0     60.45    0.2364E-01      44.2    290.4
2019 11 18   322   16 11  0     60.43    0.2282E-01      42.8    291.1
2019 11 18   322   16 12  0     60.40    0.2322E-01      43.9    291.6
2019 11 18   322   16 13  0     60.37    0.2219E-01      42.1    291.6
2019 11 18   322   16 14  0     60.35    0.2381E-01      45.6    292.5
2019 11 18   322   16 15  0     60.32    0.2572E-01      49.0    292.2
2019 11 18   322   16 16  0     60.30    0.2547E-01      48.4    292.1
2019 11 18   322   16 17  0     60.28    0.2494E-01      46.9    291.4
2019 11 18   322   16 18  0     60.25    0.2290E-01      42.8    291.0
2019 11 18   322   16 19  0     60.23    0.2341E-01      43.7    291.2
2019 11 18   322   16 20  0     60.21    0.2452E-01      45.5    291.4
2019 11 18   322   16 21  0     60.19    0.2411E-01      44.6    291.1
2019 11 18   322   16 22  0     60.18    0.2556E-01      47.4    291.5
2019 11 18   322   16 23  0     60.16    0.2586E-01      47.5    291.0
2019 11 18   322   16 24  0     60.14    0.2441E-01      44.7    291.3
2019 11 18   322   16 25  0     60.13    0.2440E-01      44.5    291.3
2019 11 18   322   16 26  0     60.11    0.2566E-01      46.9    291.7
2019 11 18   322   16 27  0     60.10    0.2664E-01      48.4    291.7
2019 11 18   322   16 28  0     60.09    0.2560E-01      46.3    291.6
2019 11 18   322   16 29  0     60.08    0.2471E-01      44.4    291.4
2019 11 18   322   16 30  0     60.07    0.2325E-01      41.8    291.5
2019 11 18   322   16 31  0     60.06    0.2428E-01      44.3    292.3
2019 11 18   322   16 32  0     60.05    0.2859E-01      53.2    293.6
2019 11 18   322   16 33  0     60.04    0.3130E-01      59.5    294.4
2019 11 18   322   16 34  0     60.03    0.3688E-01      71.1    294.9
2019 11 18   322   16 35  0     60.02    0.3989E-01      77.5    295.1
2019 11 18   322   16 36  0     60.02    0.4198E-01      81.7    294.9
2019 11 18   322   16 37  0     60.01    0.4156E-01      80.9    294.7
2019 11 18   322   16 38  0     60.01    0.4423E-01      86.0    294.6
2019 11 18   322   16 39  0     60.01    0.4558E-01      88.1    294.0
2019 11 18   322   16 40  0     60.01    0.4361E-01      83.8    293.5
2019 11 18   322   16 41  0     60.01    0.4265E-01      81.8    293.2
2019 11 18   322   16 42  0     60.01    0.4081E-01      78.0    292.8
2019 11 18   322   16 43  0     60.01    0.3894E-01      73.9    292.4
2019 11 18   322   16 44  0     60.01    0.3688E-01      69.6    291.8
2019 11 18   322   16 45  0     60.01    0.3591E-01      67.7    291.7
2019 11 18   322   16 46  0     60.01    0.3622E-01      67.8    291.4
2019 11 18   322   16 47  0     60.02    0.3577E-01      66.7    291.4
2019 11 18   322   16 48  0     60.02    0.3622E-01      67.3    291.2
2019 11 18   322   16 49  0     60.03    0.3745E-01      69.2    291.0
2019 11 18   322   16 50  0     60.04    0.3697E-01      67.9    290.8
2019 11 18   322   16 51  0     60.05    0.3498E-01      64.1    290.8
2019 11 18   322   16 52  0     60.05    0.3419E-01      62.4    290.7
2019 11 18   322   16 53  0     60.06    0.3479E-01      63.8    291.1
2019 11 18   322   16 54  0     60.07    0.3597E-01      66.6    291.7
2019 11 18   322   16 55  0     60.09    0.3518E-01      65.3    291.5
2019 11 18   322   16 56  0     60.10    0.3378E-01      62.9    291.6
2019 11 18   322   16 57  0     60.11    0.3351E-01      62.3    291.1
2019 11 18   322   16 58  0     60.13    0.3045E-01      56.5    290.6
2019 11 18   322   16 59  0     60.14    0.2997E-01      55.8    291.0
2019 11 18   322   17  0  0     60.16    0.2905E-01      53.5    290.6
2019 11 18   322   17  1  0     60.18    0.2827E-01      51.5    290.2
2019 11 18   322   17  2  0     60.19    0.2550E-01      45.7    289.5
2019 11 18   322   17  3  0     60.21    0.2444E-01      43.5    289.4
2019 11 18   322   17  4  0     60.23    0.2317E-01      41.5    289.7
2019 11 18   322   17  5  0     60.25    0.2327E-01      41.8    289.5
2019 11 18   322   17  6  0     60.27    0.2138E-01      38.5    289.7
2019 11 18   322   17  7  0     60.30    0.2154E-01      38.9    289.8
2019 11 18   322   17  8  0     60.32    0.2156E-01      39.0    289.6
2019 11 18   322   17  9  0     60.34    0.2102E-01      38.1    289.6
2019 11 18   322   17 10  0     60.37    0.2092E-01      38.1    289.5
2019 11 18   322   17 11  0     60.39    0.2000E-01      36.4    289.3
2019 11 18   322   17 12  0     60.42    0.1988E-01      36.6    290.1
2019 11 18   322   17 13  0     60.45    0.1984E-01      36.7    290.1
2019 11 18   322   17 14  0     60.48    0.2058E-01      38.2    290.5
2019 11 18   322   17 15  0     60.51    0.2012E-01      37.5    290.6
2019 11 18   322   17 16  0     60.54    0.1999E-01      37.7    291.1
2019 11 18   322   17 17  0     60.57    0.2111E-01      40.2    291.6
2019 11 18   322   17 18  0     60.60    0.2051E-01      39.3    291.7
2019 11 18   322   17 19  0     60.63    0.1989E-01      38.5    291.9
2019 11 18   322   17 20  0     60.67    0.2079E-01      40.6    292.1
2019 11 18   322   17 21  0     60.70    0.2140E-01      42.2    292.6
2019 11 18   322   17 22  0     60.74    0.2243E-01      44.4    292.7
2019 11 18   322   17 23  0     60.77    0.2399E-01      47.8    293.0
2019 11 18   322   17 24  0     60.81    0.2545E-01      50.8    292.9
2019 11 18   322   17 25  0     60.85    0.2500E-01      49.8    292.2
2019 11 18   322   17 26  0     60.89    0.2497E-01      49.8    292.0
2019 11 18   322   17 27  0     60.93    0.2380E-01      47.2    291.1
2019 11 18   322   17 28  0     60.97    0.2179E-01      43.2    290.7
2019 11 18   322   17 29  0     61.01    0.2183E-01      43.4    290.6
2019 11 18   322   17 30  0     61.05    0.2220E-01      44.3    290.5
2019 11 18   322   17 31  0     61.10    0.2174E-01      43.7    290.4
2019 11 18   322   17 32  0     61.14    0.2129E-01      43.0    290.0
2019 11 18   322   17 33  0     61.18    0.2154E-01      43.9    290.1
2019 11 18   322   17 34  0     61.23    0.2411E-01      49.6    290.8
2019 11 18   322   17 35  0     61.28    0.2494E-01      51.5    290.3
2019 11 18   322   17 36  0     61.33    0.2399E-01      49.7    290.2
2019 11 18   322   17 37  0     61.37    0.2374E-01      49.5    290.1
2019 11 18   322   17 38  0     61.42    0.2400E-01      50.2    289.9
2019 11 18   322   17 39  0     61.47    0.2328E-01      48.8    289.5
2019 11 18   322   17 40  0     61.52    0.2304E-01      48.7    289.4
2019 11 18   322   17 41  0     61.58    0.2315E-01      49.4    289.4
2019 11 18   322   17 42  0     61.63    0.2328E-01      49.9    289.2
2019 11 18   322   17 43  0     61.68    0.2351E-01      50.5    289.0
2019 11 18   322   17 44  0     61.74    0.2304E-01      49.2    288.1
2019 11 18   322   17 45  0     61.79    0.2245E-01      47.6    287.5
2019 11 18   322   17 46  0     61.85    0.2227E-01      47.1    287.2
2019 11 18   322   17 47  0     61.90    0.2145E-01      45.6    287.2
2019 11 18   322   17 48  0     61.96    0.2156E-01      46.0    286.9
2019 11 18   322   17 49  0     62.02    0.2206E-01      47.4    287.1
2019 11 18   322   17 50  0     62.08    0.2199E-01      47.7    287.3
2019 11 18   322   17 51  0     62.14    0.2173E-01      47.5    287.1
2019 11 18   322   17 52  0     62.20    0.2222E-01      49.4    287.7
2019 11 18   322   17 53  0     62.26    0.2298E-01      51.8    287.9
2019 11 18   322   17 54  0     62.32    0.2303E-01      52.8    288.4
2019 11 18   322   17 55  0     62.39    0.2316E-01      54.2    289.1
2019 11 18   322   17 56  0     62.45    0.2452E-01      58.4    289.5
2019 11 18   322   17 57  0     62.51    0.2552E-01      61.5    289.8
2019 11 18   322   17 58  0     62.58    0.2657E-01      64.7    289.8
2019 11 18   322   17 59  0     62.65    0.2715E-01      66.7    290.0
2019 11 18   322   18  0  0     62.71    0.2817E-01      69.9    289.8
2019 11 18   322   18  1  0     62.78    0.2866E-01      71.8    289.9
2019 11 18   322   18  2  0     62.85    0.2832E-01      71.2    289.7
2019 11 18   322   18  3  0     62.92    0.2783E-01      70.2    289.3
2019 11 18   322   18  4  0     62.99    0.2730E-01      69.0    288.9
2019 11 18   322   18  5  0     63.06    0.2710E-01      68.8    288.6
2019 11 18   322   18  6  0     63.13    0.2631E-01      66.9    288.0
2019 11 18   322   18  7  0     63.21    0.2621E-01      66.9    287.8
2019 11 18   322   18  8  0     63.28    0.2596E-01      66.6    287.7
2019 11 18   322   18  9  0     63.35    0.2534E-01      65.8    287.7
2019 11 18   322   18 10  0     63.43    0.2568E-01      68.0    287.9
2019 11 18   322   18 11  0     63.50    0.2646E-01      71.5    288.6
2019 11 18   322   18 12  0     63.58    0.2657E-01      73.0    288.8
2019 11 18   322   18 13  0     63.66    0.2684E-01      74.7    288.8
2019 11 18   322   18 14  0     63.73    0.2771E-01      77.7    288.7
2019 11 18   322   18 15  0     63.81    0.2763E-01      77.9    288.3
2019 11 18   322   18 16  0     63.89    0.2803E-01      79.2    287.9
2019 11 18   322   18 17  0     63.97    0.2814E-01      79.8    287.6
2019 11 18   322   18 18  0     64.05    0.2773E-01      78.8    287.1
2019 11 18   322   18 19  0     64.13    0.2627E-01      74.8    286.4
2019 11 18   322   18 20  0     64.22    0.2403E-01      68.8    286.0
2019 11 18   322   18 21  0     64.30    0.2255E-01      65.2    285.7
2019 11 18   322   18 22  0     64.38    0.2289E-01      66.9    285.9
2019 11 18   322   18 23  0     64.47    0.2266E-01      66.6    285.4
2019 11 18   322   18 24  0     64.55    0.2121E-01      62.7    284.8
2019 11 18   322   18 25  0     64.64    0.2047E-01      60.9    284.4
2019 11 18   322   18 26  0     64.73    0.2182E-01      65.4    284.5
2019 11 18   322   18 27  0     64.81    0.2265E-01      68.1    284.1
2019 11 18   322   18 28  0     64.90    0.2168E-01      65.4    283.5
2019 11 18   322   18 29  0     64.99    0.2149E-01      65.4    283.4
2019 11 18   322   18 30  0     65.08    0.2175E-01      67.1    283.6
2019 11 18   322   18 31  0     65.17    0.2193E-01      68.5    283.4
2019 11 18   322   18 32  0     65.26    0.2120E-01      67.5    283.5
2019 11 18   322   18 33  0     65.35    0.2147E-01      69.5    283.9
2019 11 18   322   18 34  0     65.44    0.2238E-01      73.5    284.2
2019 11 18   322   18 35  0     65.54    0.2127E-01      70.9    284.0
2019 11 18   322   18 36  0     65.63    0.2046E-01      69.0    283.9
2019 11 18   322   18 37  0     65.72    0.2016E-01      68.7    283.7
2019 11 18   322   18 38  0     65.82    0.1947E-01      67.0    283.4
2019 11 18   322   18 39  0     65.92    0.1862E-01      64.4    282.7
2019 11 18   322   18 40  0     66.01    0.1765E-01      61.2    281.9
2019 11 18   322   18 41  0     66.11    0.1757E-01      61.4    281.8
2019 11 18   322   18 42  0     66.21    0.1758E-01      62.0    281.5
2019 11 18   322   18 43  0     66.31    0.1674E-01      59.6    281.0
2019 11 18   322   18 44  0     66.40    0.1676E-01      60.6    281.2
2019 11 18   322   18 45  0     66.50    0.1833E-01      67.4    281.7
2019 11 18   322   18 46  0     66.60    0.1874E-01      69.8    281.8
2019 11 18   322   18 47  0     66.71    0.1722E-01      64.9    281.1
2019 11 18   322   18 48  0     66.81    0.1586E-01      60.6    280.8
2019 11 18   322   18 49  0     66.91    0.1600E-01      62.1    281.2
2019 11 18   322   18 50  0     67.01    0.1535E-01      60.2    280.2
2019 11 18   322   18 51  0     67.12    0.1530E-01      61.0    280.6
2019 11 18   322   18 52  0     67.22    0.1466E-01      59.3    280.3
2019 11 18   322   18 53  0     67.32    0.1389E-01      57.3    280.3
2019 11 18   322   18 54  0     67.43    0.1523E-01      64.5    281.4
2019 11 18   322   18 55  0     67.54    0.1662E-01      72.4    282.3
2019 11 18   322   18 56  0     67.64    0.1682E-01      75.0    282.6
2019 11 18   322   18 57  0     67.75    0.1612E-01      73.3    282.7
2019 11 18   322   18 58  0     67.86    0.1472E-01      68.0    282.2
2019 11 18   322   18 59  0     67.97    0.1294E-01      60.3    280.8
2019 11 18   322   19  0  0     68.08    0.1150E-01      54.2    279.6
2019 11 18   322   19  1  0     68.19    0.1114E-01      53.4    279.7
2019 11 18   322   19  2  0     68.30    0.1078E-01      52.6    279.7
2019 11 18   322   19  3  0     68.41    0.1080E-01      53.9    280.5
2019 11 18   322   19  4  0     68.52    0.1182E-01      60.4    281.5
2019 11 18   322   19  5  0     68.63    0.1282E-01      66.6    282.3
2019 11 18   322   19  6  0     68.74    0.1197E-01      62.9    281.2
2019 11 18   322   19  7  0     68.86    0.1155E-01      61.5    280.2
2019 11 18   322   19  8  0     68.97    0.1137E-01      61.5    279.9
2019 11 18   322   19  9  0     69.09    0.1083E-01      59.2    279.3
2019 11 18   322   19 10  0     69.20    0.1011E-01      56.0    278.3
2019 11 18   322   19 11  0     69.32    0.1001E-01      56.1    277.9
2019 11 18   322   19 12  0     69.43    0.9245E-02      52.4    276.9
2019 11 18   322   19 13  0     69.55    0.9194E-02      52.9    276.7
2019 11 18   322   19 14  0     69.67    0.8618E-02      49.5    273.0
2019 11 18   322   19 15  0     69.78    0.8238E-02      47.9    273.8
2019 11 18   322   19 16  0     69.90    0.7760E-02      45.5    273.1
2019 11 18   322   19 17  0     70.02    0.7672E-02      45.5    271.2
2019 11 18   322   19 18  0     70.14    0.7618E-02      45.8    270.1
2019 11 18   322   19 19  0     70.26    0.8426E-02      52.1    271.5
2019 11 18   322   19 20  0     70.38    0.8985E-02      57.2    274.0
2019 11 18   322   19 21  0     70.50    0.8963E-02      57.9    273.0
2019 11 18   322   19 22  0     70.63    0.8455E-02      55.5    271.5
2019 11 18   322   19 23  0     70.75    0.8019E-02      53.8    271.1
2019 11 18   322   19 24  0     70.87    0.7662E-02      52.5    270.6
2019 11 18   322   19 25  0     70.99    0.7228E-02      50.5    269.2
2019 11 18   322   19 26  0     71.12    0.7283E-02      52.3    269.4
2019 11 18   322   19 27  0     71.24    0.7484E-02      55.3    270.3
2019 11 18   322   19 28  0     71.37    0.7453E-02      56.1    270.1
2019 11 18   322   19 29  0     71.49    0.6888E-02      52.5    268.4
2019 11 18   322   19 30  0     71.62    0.5984E-02      46.0    265.2
2019 11 18   322   19 31  0     71.75    0.5430E-02      42.5    263.5
2019 11 18   322   19 32  0     71.87    0.4928E-02      38.9    260.6
2019 11 18   322   19 33  0     72.00    0.4454E-02      35.8    258.7
2019 11 18   322   19 34  0     72.13    0.4811E-02      40.3    261.3
2019 11 18   322   19 35  0     72.26    0.5254E-02      45.3    263.2
2019 11 18   322   19 36  0     72.39    0.4779E-02      41.5    260.3
2019 11 18   322   19 37  0     72.52    0.4447E-02      39.3    258.0
2019 11 18   322   19 38  0     72.65    0.4138E-02      37.0    256.0
2019 11 18   322   19 39  0     72.78    0.4033E-02      36.9    255.1
2019 11 18   322   19 40  0     72.91    0.4017E-02      37.5    254.6
2019 11 18   322   19 41  0     73.04    0.3837E-02      36.5    251.9
2019 11 18   322   19 42  0     73.17    0.3803E-02      37.0    251.5
2019 11 18   322   19 43  0     73.30    0.3592E-02      35.3    248.8
2019 11 18   322   19 44  0     73.44    0.3287E-02      32.6    245.5
2019 11 18   322   19 45  0     73.57    0.3202E-02      32.8    246.2
2019 11 18   322   19 46  0     73.71    0.3197E-02      33.1    243.8
2019 11 18   322   19 47  0     73.84    0.3139E-02      32.9    241.3
2019 11 18   322   19 48  0     73.97    0.3010E-02      32.4    240.6
2019 11 18   322   19 49  0     74.11    0.3215E-02      36.3    243.9
2019 11 18   322   19 50  0     74.25    0.3307E-02      38.4    244.5
2019 11 18   322   19 51  0     74.38    0.3219E-02      38.1    242.9
2019 11 18   322   19 52  0     74.52    0.3102E-02      37.0    238.9
2019 11 18   322   19 53  0     74.66    0.2875E-02      34.7    236.2
2019 11 18   322   19 54  0     74.79    0.2632E-02      32.1    231.2
2019 11 18   322   19 55  0     74.93    0.2558E-02      32.3    232.7
2019 11 18   322   19 56  0     75.07    0.2523E-02      32.1    227.6
2019 11 18   322   19 57  0     75.21    0.2399E-02      31.5    227.7
2019 11 18   322   19 58  0     75.35    0.2463E-02      33.8    229.5
2019 11 18   322   19 59  0     75.49    0.2539E-02      36.1    230.9
2019 11 18   322   20  0  0     75.63    0.2465E-02      35.3    226.7
2019 11 18   322   20  1  0     75.77    0.2417E-02      35.5    225.4
2019 11 18   322   20  2  0     75.91    0.2503E-02      38.3    227.2
2019 11 18   322   20  3  0     76.05    0.2435E-02      37.8    224.7
2019 11 18   322   20  4  0     76.19    0.2407E-02      38.2    223.1
2019 11 18   322   20  5  0     76.34    0.2362E-02      38.6    222.8
2019 11 18   322   20  6  0     76.48    0.2410E-02      40.9    224.2
2019 11 18   322   20  7  0     76.62    0.2387E-02      40.5    218.9
2019 11 18   322   20  8  0     76.77    0.2433E-02      42.7    219.3
2019 11 18   322   20  9  0     76.91    0.2392E-02      43.3    219.6
2019 11 18   322   20 10  0     77.06    0.2381E-02      44.1    218.3
2019 11 18   322   20 11  0     77.20    0.2320E-02      43.4    214.6
2019 11 18   322   20 12  0     77.35    0.2184E-02      41.0    210.2
2019 11 18   322   20 13  0     77.49    0.2107E-02      40.0    206.6
2019 11 18   322   20 14  0     77.64    0.2036E-02      39.8    205.5
2019 11 18   322   20 15  0     77.79    0.2045E-02      41.6    206.3
2019 11 18   322   20 16  0     77.93    0.2042E-02      41.9    202.4
2019 11 18   322   20 17  0     78.08    0.2104E-02      45.9    205.5
2019 11 18   322   20 18  0     78.23    0.2250E-02      51.6    208.1
2019 11 18   322   20 19  0     78.38    0.2244E-02      53.5    208.3
2019 11 18   322   20 20  0     78.52    0.2200E-02      53.7    205.7
2019 11 18   322   20 21  0     78.67    0.2007E-02      49.9    201.6
2019 11 18   322   20 22  0     78.82    0.2056E-02      53.1    200.7
2019 11 18   322   20 23  0     78.97    0.2053E-02      55.9    202.7
2019 11 18   322   20 24  0     79.12    0.1984E-02      54.8    198.6
2019 11 18   322   20 25  0     79.27    0.1821E-02      50.5    191.8
2019 11 18   322   20 26  0     79.42    0.1807E-02      51.6    189.5
2019 11 18   322   20 27  0     79.57    0.1751E-02      52.0    188.9
2019 11 18   322   20 28  0     79.73    0.1669E-02      50.5    184.8
2019 11 18   322   20 29  0     79.88    0.1504E-02      44.6    176.7
2019 11 18   322   20 30  0     80.03    0.1381E-02      41.2    169.7
2019 11 18   322   20 31  0     80.18    0.1389E-02      42.6    167.6
2019 11 18   322   20 32  0     80.34    0.1365E-02      43.3    166.2
2019 11 18   322   20 33  0     80.49    0.1326E-02      43.0    163.7
2019 11 18   322   20 34  0     80.64    0.1267E-02      41.3    158.4
2019 11 18   322   20 35  0     80.80    0.1284E-02      45.1    161.6
2019 11 18   322   20 36  0     80.95    0.1258E-02      43.6    155.3
2019 11 18   322   20 37  0     81.11    0.1267E-02      47.7    158.3
2019 11 18   322   20 38  0     81.26    0.1375E-02      55.7    163.1
2019 11 18   322   20 39  0     81.42    0.1299E-02      52.8    157.5
2019 11 18   322   20 40  0     81.57    0.1419E-02      63.0    162.6
2019 11 18   322   20 41  0     81.73    0.1477E-02      67.7    160.7
2019 11 18   322   20 42  0     81.88    0.1377E-02      66.0    159.6
2019 11 18   322   20 43  0     82.04    0.1324E-02      67.2    160.1
2019 11 18   322   20 44  0     82.20    0.1279E-02      64.4    152.4
2019 11 18   322   20 45  0     82.36    0.1200E-02      59.7    144.9
2019 11 18   322   20 46  0     82.51    0.1162E-02      57.9    139.7
2019 11 18   322   20 47  0     82.67    0.1064E-02      52.5    133.4
2019 11 18   322   20 48  0     82.83    0.9830E-03      46.4    124.5
2019 11 18   322   20 49  0     82.99    0.9185E-03      43.8    121.0
2019 11 18   322   20 50  0     83.15    0.9087E-03      40.3    112.0
2019 11 18   322   20 51  0     83.31    0.8398E-03      36.8    107.4
2019 11 18   322   20 52  0     83.47    0.8241E-03      36.9    105.4
2019 11 18   322   20 53  0     83.63    0.7810E-03      34.6    101.5
2019 11 18   322   20 54  0     83.79    0.7728E-03      34.9     99.5
2019 11 18   322   20 55  0     83.95    0.8100E-03      41.5    102.8
2019 11 18   322   20 56  0     84.11    0.8547E-03      51.4    109.5
2019 11 18   322   20 57  0     84.27    0.8254E-03      45.1    100.0
2019 11 18   322   20 58  0     84.43    0.7578E-03      41.2     95.6
2019 11 18   322   20 59  0     84.59    0.7483E-03      36.3     85.6
2019 11 18   322   21  0  0     84.75    0.7391E-03      40.0     87.5
2019 11 18   322   21  1  0     84.92    0.7195E-03      43.3     89.7
2019 11 18   322   21  2  0     85.08    0.7074E-03      39.7     82.8
2019 11 18   322   21  3  0     85.24    0.7239E-03      41.7     80.9
2019 11 18   322   21  4  0     85.40    0.7484E-03      50.2     84.9
2019 11 18   322   21  5  0     85.57    0.7069E-03      47.0     81.3
2019 11 18   322   21  6  0     85.73    0.6754E-03      40.8     72.7
2019 11 18   322   21  7  0     85.90    0.6664E-03      36.6     65.5
2019 11 18   322   21  8  0     86.06    0.6147E-03      33.2     62.2
2019 11 18   322   21  9  0     86.23    0.6329E-03      34.6     60.2
2019 11 18   322   21 10  0     86.39    0.6540E-03      38.6     60.3
2019 11 18   322   21 11  0     86.56    0.6813E-03      46.6     63.0
2019 11 18   322   21 12  0     86.72    0.6885E-03      53.7     65.5
2019 11 18   322   21 13  0     86.89    0.7062E-03      61.2     67.2
2019 11 18   322   21 14  0     87.05    0.6948E-03      61.1     64.8
2019 11 18   322   21 15  0     87.22    0.6588E-03      55.2     60.1
2019 11 18   322   21 16  0     87.39    0.6279E-03      46.8     52.3
2019 11 18   322   21 17  0     87.55    0.5941E-03      41.5     47.4
2019 11 18   322   21 18  0     87.72    0.6034E-03      41.3     44.2
2019 11 18   322   21 19  0     87.89    0.6017E-03      42.9     43.1
2019 11 18   322   21 20  0     88.05    0.5994E-03      42.0     40.3
2019 11 18   322   21 21  0     88.22    0.5879E-03      40.7     37.6
2019 11 18   322   21 22  0     88.39    0.5907E-03      45.6     38.6
2019 11 18   322   21 23  0     88.56    0.6015E-03      50.0     38.3
2019 11 18   322   21 24  0     88.73    0.6018E-03      51.3     36.4
2019 11 18   322   21 25  0     88.90    0.5752E-03      48.1     33.3
2019 11 18   322   21 26  0     89.07    0.5737E-03      43.3     28.6
2019 11 18   322   21 27  0     89.23    0.5484E-03      37.3     24.9
2019 11 18   322   21 28  0     89.40    0.5461E-03      28.9     19.3
2019 11 18   322   21 29  0     89.57    0.5190E-03      24.1     15.3
2019 11 18   322   21 30  0     89.74    0.5245E-03      22.6     12.8
2019 11 18   322   21 31  0     89.91    0.5270E-03      21.5     10.8
