                            NILUUV 115

Uvpro Version 2.0
Latitude :   40.74 (North)
Longitude:  -74.03  (West)
Calibration file: cf100603a.115
Height above sea level:    40.0  m
CLT derived from channel 4
CLT scale factor used:   1.0
Ozone derived from channel pair ch3/ch1
Ozone scale factor used:   1.0
Drift factors ch1-ch6:   0.401  0.386  0.568  0.568  0.374  0.919
Ozone profile climatology: Mid  Latitude
Dose type:    CLW    Caldwell Plant 1971           

yyyy mm dd   jul   hh mm ss      SZA     dose rate       clt     Ozone
                              [degrees]   [W/m^2]        [%]     [DU]
2019  3 18    77   11  9  0     89.83    0.4376E-03     107.3     55.7
2019  3 18    77   11 10  0     89.64    0.4197E-03     107.7     63.0
2019  3 18    77   11 11  0     89.45    0.4238E-03     108.3     67.6
2019  3 18    77   11 12  0     89.26    0.4399E-03     109.4     69.1
2019  3 18    77   11 13  0     89.07    0.4484E-03     110.7     71.5
2019  3 18    77   11 14  0     88.88    0.4573E-03     111.3     74.6
2019  3 18    77   11 15  0     88.69    0.4637E-03     111.4     78.9
2019  3 18    77   11 16  0     88.50    0.4567E-03     112.0     85.6
2019  3 18    77   11 17  0     88.31    0.4617E-03     112.6     89.4
2019  3 18    77   11 18  0     88.12    0.4975E-03     113.5     87.2
2019  3 18    77   11 19  0     87.93    0.5139E-03     114.1     89.0
2019  3 18    77   11 20  0     87.74    0.5148E-03     114.2     94.4
2019  3 18    77   11 21  0     87.56    0.5457E-03     114.5     94.5
2019  3 18    77   11 22  0     87.37    0.5567E-03     114.9     97.8
2019  3 18    77   11 23  0     87.18    0.5456E-03     115.5    104.5
2019  3 18    77   11 24  0     86.99    0.5541E-03     116.1    107.7
2019  3 18    77   11 25  0     86.80    0.5810E-03     116.2    108.9
2019  3 18    77   11 26  0     86.61    0.5839E-03     116.4    114.2
2019  3 18    77   11 27  0     86.42    0.5886E-03     116.8    119.1
2019  3 18    77   11 28  0     86.23    0.6245E-03     117.3    118.5
2019  3 18    77   11 29  0     86.04    0.6355E-03     117.9    122.8
2019  3 18    77   11 30  0     85.85    0.6551E-03     117.9    126.3
2019  3 18    77   11 31  0     85.66    0.6718E-03     118.1    131.0
2019  3 18    77   11 32  0     85.48    0.6775E-03     118.3    137.7
2019  3 18    77   11 33  0     85.29    0.7084E-03     118.6    139.0
2019  3 18    77   11 34  0     85.10    0.7376E-03     118.9    140.8
2019  3 18    77   11 35  0     84.91    0.7464E-03     119.1    147.7
2019  3 18    77   11 36  0     84.72    0.7761E-03     119.1    150.9
2019  3 18    77   11 37  0     84.53    0.7693E-03     119.1    161.9
2019  3 18    77   11 38  0     84.34    0.8107E-03     119.1    162.0
2019  3 18    77   11 39  0     84.15    0.8589E-03     119.3    161.2
2019  3 18    77   11 40  0     83.97    0.8595E-03     119.7    170.4
2019  3 18    77   11 41  0     83.78    0.9104E-03     119.8    169.9
2019  3 18    77   11 42  0     83.59    0.9063E-03     119.9    180.5
2019  3 18    77   11 43  0     83.40    0.9577E-03     120.2    180.0
2019  3 18    77   11 44  0     83.21    0.9935E-03     120.4    182.8
2019  3 18    77   11 45  0     83.03    0.1005E-02     120.5    189.7
2019  3 18    77   11 46  0     82.84    0.1051E-02     120.5    191.2
2019  3 18    77   11 47  0     82.65    0.1094E-02     120.5    193.8
2019  3 18    77   11 48  0     82.46    0.1114E-02     120.4    200.3
2019  3 18    77   11 49  0     82.27    0.1174E-02     120.4    199.8
2019  3 18    77   11 50  0     82.09    0.1203E-02     120.3    204.9
2019  3 18    77   11 51  0     81.90    0.1254E-02     120.3    206.7
2019  3 18    77   11 52  0     81.71    0.1298E-02     120.3    210.4
2019  3 18    77   11 53  0     81.52    0.1330E-02     120.1    215.8
2019  3 18    77   11 54  0     81.33    0.1384E-02     120.0    218.1
2019  3 18    77   11 55  0     81.15    0.1441E-02     120.0    220.1
2019  3 18    77   11 56  0     80.96    0.1498E-02     120.0    222.5
2019  3 18    77   11 57  0     80.77    0.1546E-02     120.0    227.0
2019  3 18    77   11 58  0     80.58    0.1615E-02     119.8    228.2
2019  3 18    77   11 59  0     80.40    0.1667E-02     119.9    232.4
2019  3 18    77   12  0  0     80.21    0.1733E-02     119.5    234.3
2019  3 18    77   12  1  0     80.02    0.1791E-02     119.1    237.7
2019  3 18    77   12  2  0     79.84    0.1870E-02     118.8    239.0
2019  3 18    77   12  3  0     79.65    0.1939E-02     118.7    241.5
2019  3 18    77   12  4  0     79.46    0.2026E-02     118.5    242.6
2019  3 18    77   12  5  0     79.28    0.2085E-02     118.5    247.2
2019  3 18    77   12  6  0     79.09    0.2161E-02     118.6    249.8
2019  3 18    77   12  7  0     78.91    0.2236E-02     118.5    253.5
2019  3 18    77   12  8  0     78.72    0.2314E-02     118.8    256.7
2019  3 18    77   12  9  0     78.53    0.2388E-02     119.1    260.8
2019  3 18    77   12 10  0     78.35    0.2481E-02     120.0    263.5
2019  3 18    77   12 11  0     78.16    0.2555E-02     120.2    267.6
2019  3 18    77   12 12  0     77.98    0.2675E-02     120.1    267.4
2019  3 18    77   12 13  0     77.79    0.2751E-02     120.3    272.1
2019  3 18    77   12 14  0     77.61    0.2862E-02     120.2    273.2
2019  3 18    77   12 15  0     77.42    0.2964E-02     120.4    276.4
2019  3 18    77   12 16  0     77.24    0.3064E-02     120.2    278.9
2019  3 18    77   12 17  0     77.05    0.3191E-02     120.1    279.3
2019  3 18    77   12 18  0     76.87    0.3293E-02     120.1    282.2
2019  3 18    77   12 19  0     76.68    0.3393E-02     119.8    285.5
2019  3 18    77   12 20  0     76.50    0.3495E-02     120.0    289.3
2019  3 18    77   12 21  0     76.31    0.3624E-02     119.9    290.3
2019  3 18    77   12 22  0     76.13    0.3761E-02     120.0    291.2
2019  3 18    77   12 23  0     75.94    0.3887E-02     120.1    294.3
2019  3 18    77   12 24  0     75.76    0.4019E-02     119.9    296.0
2019  3 18    77   12 25  0     75.58    0.4149E-02     119.9    298.4
2019  3 18    77   12 26  0     75.39    0.4286E-02     120.0    300.6
2019  3 18    77   12 27  0     75.21    0.4432E-02     119.6    301.6
2019  3 18    77   12 28  0     75.02    0.4587E-02     119.7    302.7
2019  3 18    77   12 29  0     74.84    0.4746E-02     119.6    304.0
2019  3 18    77   12 30  0     74.66    0.4872E-02     119.4    307.2
2019  3 18    77   12 31  0     74.47    0.5031E-02     119.4    308.8
2019  3 18    77   12 32  0     74.29    0.5205E-02     119.1    309.3
2019  3 18    77   12 33  0     74.11    0.5373E-02     119.2    310.7
2019  3 18    77   12 34  0     73.93    0.5547E-02     119.4    313.3
2019  3 18    77   12 35  0     73.74    0.5734E-02     119.5    314.5
2019  3 18    77   12 36  0     73.56    0.5883E-02     119.5    317.3
2019  3 18    77   12 37  0     73.38    0.6069E-02     119.6    318.8
2019  3 18    77   12 38  0     73.20    0.6282E-02     119.6    318.6
2019  3 18    77   12 39  0     73.01    0.6431E-02     119.4    321.6
2019  3 18    77   12 40  0     72.83    0.6634E-02     119.4    322.4
2019  3 18    77   12 41  0     72.65    0.6833E-02     119.3    323.9
2019  3 18    77   12 42  0     72.47    0.7038E-02     119.5    325.2
2019  3 18    77   12 43  0     72.29    0.7233E-02     119.4    327.0
2019  3 18    77   12 44  0     72.11    0.7452E-02     119.4    327.7
2019  3 18    77   12 45  0     71.93    0.7676E-02     119.5    328.7
2019  3 18    77   12 46  0     71.75    0.7888E-02     119.5    330.6
2019  3 18    77   12 47  0     71.57    0.8135E-02     119.6    331.2
2019  3 18    77   12 48  0     71.39    0.8363E-02     119.3    332.1
2019  3 18    77   12 49  0     71.21    0.8580E-02     119.3    333.9
2019  3 18    77   12 50  0     71.03    0.8847E-02     119.4    334.1
2019  3 18    77   12 51  0     70.85    0.9088E-02     119.5    336.0
2019  3 18    77   12 52  0     70.67    0.9325E-02     119.0    336.8
2019  3 18    77   12 53  0     70.49    0.9551E-02     118.7    338.2
2019  3 18    77   12 54  0     70.31    0.9802E-02     119.2    340.1
2019  3 18    77   12 55  0     70.13    0.1011E-01     119.4    340.0
2019  3 18    77   12 56  0     69.95    0.1040E-01     119.6    340.4
2019  3 18    77   12 57  0     69.77    0.1067E-01     119.7    341.7
2019  3 18    77   12 58  0     69.59    0.1095E-01     119.7    342.8
2019  3 18    77   12 59  0     69.42    0.1124E-01     119.6    343.5
2019  3 18    77   13  0  0     69.24    0.1152E-01     119.9    344.5
2019  3 18    77   13  1  0     69.06    0.1183E-01     120.0    344.7
2019  3 18    77   13  2  0     68.88    0.1210E-01     119.6    345.9
2019  3 18    77   13  3  0     68.71    0.1241E-01     119.8    346.8
2019  3 18    77   13  4  0     68.53    0.1275E-01     119.7    346.8
2019  3 18    77   13  5  0     68.35    0.1304E-01     119.7    348.3
2019  3 18    77   13  6  0     68.18    0.1339E-01     119.6    348.3
2019  3 18    77   13  7  0     68.00    0.1376E-01     119.8    348.3
2019  3 18    77   13  8  0     67.82    0.1410E-01     120.3    349.8
2019  3 18    77   13  9  0     67.65    0.1447E-01     120.5    349.9
2019  3 18    77   13 10  0     67.47    0.1480E-01     120.2    350.8
2019  3 18    77   13 11  0     67.30    0.1515E-01     120.5    352.0
2019  3 18    77   13 12  0     67.12    0.1552E-01     120.5    352.5
2019  3 18    77   13 13  0     66.95    0.1590E-01     120.3    353.4
2019  3 18    77   13 14  0     66.77    0.1628E-01     120.2    353.9
2019  3 18    77   13 15  0     66.60    0.1665E-01     120.1    354.6
2019  3 18    77   13 16  0     66.43    0.1708E-01     120.3    354.2
2019  3 18    77   13 17  0     66.25    0.1750E-01     120.2    354.4
2019  3 18    77   13 18  0     66.08    0.1790E-01     120.4    355.3
2019  3 18    77   13 19  0     65.91    0.1837E-01     120.6    355.7
2019  3 18    77   13 20  0     65.73    0.1876E-01     120.5    356.4
2019  3 18    77   13 21  0     65.56    0.1918E-01     120.7    356.9
2019  3 18    77   13 22  0     65.39    0.1964E-01     120.9    357.2
2019  3 18    77   13 23  0     65.21    0.2008E-01     121.2    357.4
2019  3 18    77   13 24  0     65.04    0.2048E-01     121.2    358.1
2019  3 18    77   13 25  0     64.87    0.2096E-01     121.2    358.4
2019  3 18    77   13 26  0     64.70    0.2145E-01     121.5    358.6
2019  3 18    77   13 27  0     64.53    0.2191E-01     121.5    359.0
2019  3 18    77   13 28  0     64.36    0.2235E-01     121.5    359.5
2019  3 18    77   13 29  0     64.19    0.2280E-01     121.6    360.0
2019  3 18    77   13 30  0     64.02    0.2331E-01     121.6    360.1
2019  3 18    77   13 31  0     63.85    0.2377E-01     121.3    360.0
2019  3 18    77   13 32  0     63.68    0.2421E-01     121.1    360.5
2019  3 18    77   13 33  0     63.51    0.2464E-01     120.9    360.9
2019  3 18    77   13 34  0     63.34    0.2516E-01     121.1    361.3
2019  3 18    77   13 35  0     63.17    0.2569E-01     121.4    361.7
2019  3 18    77   13 36  0     63.00    0.2624E-01     121.7    362.0
2019  3 18    77   13 37  0     62.84    0.2680E-01     122.1    362.4
2019  3 18    77   13 38  0     62.67    0.2722E-01     121.4    362.5
2019  3 18    77   13 39  0     62.50    0.2772E-01     121.3    362.8
2019  3 18    77   13 40  0     62.33    0.2829E-01     121.5    363.1
2019  3 18    77   13 41  0     62.17    0.2882E-01     121.6    363.4
2019  3 18    77   13 42  0     62.00    0.2938E-01     121.8    363.7
2019  3 18    77   13 43  0     61.83    0.2988E-01     121.3    363.8
2019  3 18    77   13 44  0     61.67    0.3044E-01     121.8    364.5
2019  3 18    77   13 45  0     61.50    0.3104E-01     122.2    364.9
2019  3 18    77   13 46  0     61.34    0.3166E-01     122.5    365.2
2019  3 18    77   13 47  0     61.17    0.3228E-01     122.8    365.5
2019  3 18    77   13 48  0     61.01    0.3286E-01     122.8    365.6
2019  3 18    77   13 49  0     60.85    0.3348E-01     122.8    365.7
2019  3 18    77   13 50  0     60.68    0.3409E-01     122.9    365.8
2019  3 18    77   13 51  0     60.52    0.3469E-01     122.9    366.0
2019  3 18    77   13 52  0     60.36    0.3523E-01     122.8    366.5
2019  3 18    77   13 53  0     60.19    0.3585E-01     122.8    366.6
2019  3 18    77   13 54  0     60.03    0.3645E-01     122.9    367.0
2019  3 18    77   13 55  0     59.87    0.3709E-01     122.8    367.0
2019  3 18    77   13 56  0     59.71    0.3766E-01     122.7    367.4
2019  3 18    77   13 57  0     59.55    0.3827E-01     122.6    367.4
2019  3 18    77   13 58  0     59.39    0.3902E-01     123.1    367.7
2019  3 18    77   13 59  0     59.23    0.3968E-01     123.2    367.7
2019  3 18    77   14  0  0     59.07    0.4037E-01     123.4    367.8
2019  3 18    77   14  1  0     58.91    0.4102E-01     123.4    367.9
2019  3 18    77   14  2  0     58.75    0.4168E-01     123.3    368.1
2019  3 18    77   14  3  0     58.59    0.4240E-01     123.7    368.4
2019  3 18    77   14  4  0     58.43    0.4299E-01     123.4    368.5
2019  3 18    77   14  5  0     58.27    0.4369E-01     123.5    368.7
2019  3 18    77   14  6  0     58.12    0.4428E-01     123.3    368.9
2019  3 18    77   14  7  0     57.96    0.4491E-01     123.3    369.1
2019  3 18    77   14  8  0     57.80    0.4563E-01     123.4    369.4
2019  3 18    77   14  9  0     57.65    0.4628E-01     123.5    369.7
2019  3 18    77   14 10  0     57.49    0.4703E-01     123.8    369.8
2019  3 18    77   14 11  0     57.34    0.4772E-01     123.8    370.0
2019  3 18    77   14 12  0     57.18    0.4845E-01     124.0    370.1
2019  3 18    77   14 13  0     57.03    0.4914E-01     123.9    370.2
2019  3 18    77   14 14  0     56.87    0.4976E-01     123.8    370.5
2019  3 18    77   14 15  0     56.72    0.5037E-01     123.7    370.8
2019  3 18    77   14 16  0     56.57    0.5104E-01     123.7    371.1
2019  3 18    77   14 17  0     56.42    0.5172E-01     123.5    371.2
2019  3 18    77   14 18  0     56.26    0.5241E-01     123.6    371.3
2019  3 18    77   14 19  0     56.11    0.5327E-01     123.9    371.5
2019  3 18    77   14 20  0     55.96    0.5403E-01     124.1    372.7
2019  3 18    77   14 21  0     55.81    0.5476E-01     124.2    371.9
2019  3 18    77   14 22  0     55.66    0.5562E-01     124.5    372.0
2019  3 18    77   14 23  0     55.51    0.5652E-01     125.0    372.2
2019  3 18    77   14 24  0     55.36    0.5735E-01     125.4    372.3
2019  3 18    77   14 25  0     55.21    0.5829E-01     126.0    372.5
2019  3 18    77   14 26  0     55.07    0.5901E-01     125.9    372.6
2019  3 18    77   14 27  0     54.92    0.5961E-01     125.5    373.5
2019  3 18    77   14 28  0     54.77    0.6028E-01     125.4    372.8
2019  3 18    77   14 29  0     54.63    0.5989E-01     121.9    372.3
2019  3 18    77   14 30  0     54.48    0.5937E-01     117.9    371.7
2019  3 18    77   14 31  0     54.33    0.6177E-01     123.2    372.6
2019  3 18    77   14 32  0     54.19    0.6287E-01     123.8    372.7
2019  3 18    77   14 33  0     54.04    0.6361E-01     123.7    372.8
2019  3 18    77   14 34  0     53.90    0.6433E-01     123.6    373.8
2019  3 18    77   14 35  0     53.76    0.6506E-01     123.4    372.9
2019  3 18    77   14 36  0     53.61    0.6557E-01     122.9    373.2
2019  3 18    77   14 37  0     53.47    0.6668E-01     124.0    373.6
2019  3 18    77   14 38  0     53.33    0.6756E-01     124.2    373.5
2019  3 18    77   14 39  0     53.19    0.6818E-01     123.9    373.7
2019  3 18    77   14 40  0     53.05    0.6885E-01     123.8    373.9
2019  3 18    77   14 41  0     52.91    0.6954E-01     123.6    374.8
2019  3 18    77   14 42  0     52.77    0.7028E-01     123.5    374.8
2019  3 18    77   14 43  0     52.63    0.7103E-01     123.5    374.2
2019  3 18    77   14 44  0     52.49    0.7181E-01     123.6    374.4
2019  3 18    77   14 45  0     52.36    0.7265E-01     123.9    374.8
2019  3 18    77   14 46  0     52.22    0.7373E-01     124.7    375.0
2019  3 18    77   14 47  0     52.08    0.7447E-01     124.6    375.1
2019  3 18    77   14 48  0     51.95    0.7559E-01     125.6    376.0
2019  3 18    77   14 49  0     51.81    0.7643E-01     125.8    376.2
2019  3 18    77   14 50  0     51.68    0.7707E-01     125.5    376.2
2019  3 18    77   14 51  0     51.54    0.7761E-01     125.1    376.4
2019  3 18    77   14 52  0     51.41    0.7831E-01     124.9    376.0
2019  3 18    77   14 53  0     51.28    0.7924E-01     125.3    376.2
2019  3 18    77   14 54  0     51.15    0.8017E-01     125.7    376.4
2019  3 18    77   14 55  0     51.02    0.8082E-01     125.5    376.5
2019  3 18    77   14 56  0     50.89    0.8139E-01     125.2    377.1
2019  3 18    77   14 57  0     50.76    0.8229E-01     125.5    377.2
2019  3 18    77   14 58  0     50.63    0.8339E-01     126.2    377.3
2019  3 18    77   14 59  0     50.50    0.8387E-01     125.6    377.4
2019  3 18    77   15  0  0     50.37    0.8478E-01     125.9    377.5
2019  3 18    77   15  1  0     50.24    0.8542E-01     125.4    377.1
2019  3 18    77   15  2  0     50.12    0.8664E-01     126.2    377.3
2019  3 18    77   15  3  0     49.99    0.8781E-01     127.0    377.7
2019  3 18    77   15  4  0     49.86    0.8985E-01     129.6    378.0
2019  3 18    77   15  5  0     49.74    0.9041E-01     129.3    378.1
2019  3 18    77   15  6  0     49.62    0.9070E-01     128.2    378.1
2019  3 18    77   15  7  0     49.49    0.9071E-01     127.0    378.2
2019  3 18    77   15  8  0     49.37    0.9027E-01     124.5    378.0
2019  3 18    77   15  9  0     49.25    0.8935E-01     121.8    377.9
2019  3 18    77   15 10  0     49.13    0.9292E-01     126.5    378.0
2019  3 18    77   15 11  0     49.01    0.9453E-01     128.0    378.2
2019  3 18    77   15 12  0     48.89    0.9511E-01     127.6    378.4
2019  3 18    77   15 13  0     48.77    0.9532E-01     126.6    378.3
2019  3 18    77   15 14  0     48.65    0.9608E-01     126.6    378.3
2019  3 18    77   15 15  0     48.53    0.9672E-01     126.4    378.4
2019  3 18    77   15 16  0     48.42    0.9728E-01     126.2    378.5
2019  3 18    77   15 17  0     48.30    0.9803E-01     126.2    378.7
2019  3 18    77   15 18  0     48.19    0.9889E-01     126.3    378.5
2019  3 18    77   15 19  0     48.08    0.9946E-01     126.0    378.5
2019  3 18    77   15 20  0     47.96    0.1001E+00     125.9    378.7
2019  3 18    77   15 21  0     47.85    0.1006E+00     125.4    378.7
2019  3 18    77   15 22  0     47.74    0.1012E+00     125.2    378.8
2019  3 18    77   15 23  0     47.63    0.1021E+00     125.6    378.9
2019  3 18    77   15 24  0     47.52    0.1036E+00     126.8    379.2
2019  3 18    77   15 25  0     47.41    0.1041E+00     126.5    379.2
2019  3 18    77   15 26  0     47.30    0.1045E+00     126.0    379.3
2019  3 18    77   15 27  0     47.19    0.1048E+00     125.5    379.3
2019  3 18    77   15 28  0     47.09    0.1059E+00     126.0    379.3
2019  3 18    77   15 29  0     46.98    0.1068E+00     126.3    379.4
2019  3 18    77   15 30  0     46.88    0.1079E+00     126.8    379.5
2019  3 18    77   15 31  0     46.77    0.1090E+00     127.2    379.4
2019  3 18    77   15 32  0     46.67    0.1098E+00     127.3    379.5
2019  3 18    77   15 33  0     46.57    0.1108E+00     127.7    379.6
2019  3 18    77   15 34  0     46.46    0.1114E+00     127.7    379.6
2019  3 18    77   15 35  0     46.36    0.1119E+00     127.4    379.7
2019  3 18    77   15 36  0     46.26    0.1122E+00     126.8    379.7
2019  3 18    77   15 37  0     46.17    0.1128E+00     126.7    379.6
2019  3 18    77   15 38  0     46.07    0.1136E+00     126.8    379.6
2019  3 18    77   15 39  0     45.97    0.1141E+00     126.5    379.7
2019  3 18    77   15 40  0     45.87    0.1151E+00     126.9    379.7
2019  3 18    77   15 41  0     45.78    0.1162E+00     127.4    379.7
2019  3 18    77   15 42  0     45.69    0.1165E+00     127.0    379.8
2019  3 18    77   15 43  0     45.59    0.1169E+00     126.7    379.9
2019  3 18    77   15 44  0     45.50    0.1176E+00     126.8    379.9
2019  3 18    77   15 45  0     45.41    0.1189E+00     127.6    379.9
2019  3 18    77   15 46  0     45.32    0.1197E+00     127.9    380.1
2019  3 18    77   15 47  0     45.23    0.1199E+00     127.6    380.3
2019  3 18    77   15 48  0     45.14    0.1203E+00     127.5    380.5
2019  3 18    77   15 49  0     45.05    0.1209E+00     127.6    380.7
2019  3 18    77   15 50  0     44.97    0.1215E+00     127.5    380.8
2019  3 18    77   15 51  0     44.88    0.1223E+00     128.0    380.9
2019  3 18    77   15 52  0     44.80    0.1230E+00     128.2    381.0
2019  3 18    77   15 53  0     44.71    0.1234E+00     127.9    381.2
2019  3 18    77   15 54  0     44.63    0.1236E+00     127.6    381.3
2019  3 18    77   15 55  0     44.55    0.1242E+00     127.6    381.4
2019  3 18    77   15 56  0     44.47    0.1245E+00     127.3    381.5
2019  3 18    77   15 57  0     44.39    0.1249E+00     127.2    381.7
2019  3 18    77   15 58  0     44.31    0.1252E+00     127.1    381.9
2019  3 18    77   15 59  0     44.23    0.1260E+00     127.4    382.0
2019  3 18    77   16  0  0     44.16    0.1270E+00     127.9    382.0
2019  3 18    77   16  1  0     44.08    0.1281E+00     128.5    382.0
2019  3 18    77   16  2  0     44.01    0.1289E+00     128.8    382.0
2019  3 18    77   16  3  0     43.93    0.1293E+00     128.5    382.0
2019  3 18    77   16  4  0     43.86    0.1296E+00     128.3    382.0
2019  3 18    77   16  5  0     43.79    0.1302E+00     128.4    382.0
2019  3 18    77   16  6  0     43.72    0.1303E+00     128.0    382.2
2019  3 18    77   16  7  0     43.65    0.1314E+00     128.7    382.2
2019  3 18    77   16  8  0     43.58    0.1322E+00     129.1    382.3
2019  3 18    77   16  9  0     43.52    0.1325E+00     129.0    382.4
2019  3 18    77   16 10  0     43.45    0.1325E+00     128.4    382.5
2019  3 18    77   16 11  0     43.38    0.1329E+00     128.3    382.4
2019  3 18    77   16 12  0     43.32    0.1332E+00     128.1    382.4
2019  3 18    77   16 13  0     43.26    0.1333E+00     127.7    382.4
2019  3 18    77   16 14  0     43.19    0.1333E+00     127.2    382.5
2019  3 18    77   16 15  0     43.13    0.1340E+00     127.6    382.6
2019  3 18    77   16 16  0     43.08    0.1348E+00     128.0    382.7
2019  3 18    77   16 17  0     43.02    0.1354E+00     128.2    382.7
2019  3 18    77   16 18  0     42.96    0.1362E+00     128.7    382.8
2019  3 18    77   16 19  0     42.90    0.1374E+00     129.6    382.9
2019  3 18    77   16 20  0     42.85    0.1383E+00     130.0    382.7
2019  3 18    77   16 21  0     42.80    0.1386E+00     129.8    382.6
2019  3 18    77   16 22  0     42.74    0.1390E+00     129.9    382.7
2019  3 18    77   16 23  0     42.69    0.1393E+00     129.7    382.7
2019  3 18    77   16 24  0     42.64    0.1393E+00     129.3    382.8
2019  3 18    77   16 25  0     42.59    0.1396E+00     129.3    382.9
2019  3 18    77   16 26  0     42.54    0.1400E+00     129.3    382.9
2019  3 18    77   16 27  0     42.50    0.1405E+00     129.6    383.0
2019  3 18    77   16 28  0     42.45    0.1410E+00     129.7    383.0
2019  3 18    77   16 29  0     42.41    0.1414E+00     129.9    383.0
2019  3 18    77   16 30  0     42.36    0.1418E+00     130.1    383.2
2019  3 18    77   16 31  0     42.32    0.1424E+00     130.4    383.2
2019  3 18    77   16 32  0     42.28    0.1427E+00     130.4    383.4
2019  3 18    77   16 33  0     42.24    0.1429E+00     130.4    383.4
2019  3 18    77   16 34  0     42.20    0.1431E+00     130.3    383.4
2019  3 18    77   16 35  0     42.17    0.1437E+00     130.7    383.5
2019  3 18    77   16 36  0     42.13    0.1439E+00     130.8    383.7
2019  3 18    77   16 37  0     42.10    0.1445E+00     131.2    383.8
2019  3 18    77   16 38  0     42.06    0.1445E+00     131.0    383.8
2019  3 18    77   16 39  0     42.03    0.1442E+00     130.5    383.9
2019  3 18    77   16 40  0     42.00    0.1442E+00     130.3    384.1
2019  3 18    77   16 41  0     41.97    0.1440E+00     130.0    384.2
2019  3 18    77   16 42  0     41.94    0.1443E+00     130.1    384.1
2019  3 18    77   16 43  0     41.91    0.1442E+00     129.7    384.1
2019  3 18    77   16 44  0     41.88    0.1448E+00     130.1    384.2
2019  3 18    77   16 45  0     41.86    0.1449E+00     130.0    384.2
2019  3 18    77   16 46  0     41.84    0.1449E+00     129.8    384.2
2019  3 18    77   16 47  0     41.81    0.1451E+00     130.0    384.4
2019  3 18    77   16 48  0     41.79    0.1452E+00     130.1    384.5
2019  3 18    77   16 49  0     41.77    0.1453E+00     130.1    384.5
2019  3 18    77   16 50  0     41.75    0.1458E+00     130.3    384.5
2019  3 18    77   16 51  0     41.73    0.1456E+00     129.9    384.5
2019  3 18    77   16 52  0     41.72    0.1453E+00     129.6    384.6
2019  3 18    77   16 53  0     41.70    0.1458E+00     130.1    384.7
2019  3 18    77   16 54  0     41.69    0.1460E+00     130.3    384.7
2019  3 18    77   16 55  0     41.68    0.1460E+00     130.2    384.7
2019  3 18    77   16 56  0     41.66    0.1456E+00     129.6    384.6
2019  3 18    77   16 57  0     41.65    0.1458E+00     130.0    384.8
2019  3 18    77   16 58  0     41.64    0.1467E+00     130.9    384.8
2019  3 18    77   16 59  0     41.64    0.1466E+00     130.9    384.9
2019  3 18    77   17  0  0     41.63    0.1142E+00      94.2    382.0
2019  3 18    77   17  1  0     41.63    0.9087E-01      70.7    381.7
2019  3 18    77   17  2  0     41.62    0.1350E+00     120.1    386.1
2019  3 18    77   17  3  0     41.62    0.1461E+00     130.3    385.0
2019  3 18    77   17  4  0     41.62    0.1465E+00     130.5    384.9
2019  3 18    77   17  5  0     41.62    0.1463E+00     130.3    384.8
2019  3 18    77   17  6  0     41.62    0.1457E+00     129.7    384.9
2019  3 18    77   17  7  0     41.62    0.1459E+00     130.0    385.0
2019  3 18    77   17  8  0     41.62    0.1459E+00     129.8    384.9
2019  3 18    77   17  9  0     41.63    0.1456E+00     129.5    384.8
2019  3 18    77   17 10  0     41.63    0.1457E+00     129.8    385.0
2019  3 18    77   17 11  0     41.64    0.1454E+00     129.7    385.1
2019  3 18    77   17 12  0     41.65    0.1462E+00     130.8    385.3
2019  3 18    77   17 13  0     41.65    0.1467E+00     131.6    385.5
2019  3 18    77   17 14  0     41.66    0.1465E+00     131.6    385.5
2019  3 18    77   17 15  0     41.68    0.1465E+00     131.8    385.6
2019  3 18    77   17 16  0     41.69    0.1463E+00     131.8    385.6
2019  3 18    77   17 17  0     41.71    0.1464E+00     132.1    385.6
2019  3 18    77   17 18  0     41.72    0.1463E+00     132.2    385.7
2019  3 18    77   17 19  0     41.74    0.1458E+00     132.0    385.9
2019  3 18    77   17 20  0     41.75    0.1441E+00     130.4    385.9
2019  3 18    77   17 21  0     41.77    0.1377E+00     122.5    384.8
2019  3 18    77   17 22  0     41.80    0.1080E+00      90.9    384.0
2019  3 18    77   17 23  0     41.82    0.8840E-01      70.6    383.5
2019  3 18    77   17 24  0     41.84    0.9305E-01      75.8    384.2
2019  3 18    77   17 25  0     41.86    0.9241E-01      75.5    384.6
2019  3 18    77   17 26  0     41.89    0.1037E+00      89.3    386.9
2019  3 18    77   17 27  0     41.92    0.1461E+00     135.1    387.0
2019  3 18    77   17 28  0     41.94    0.1454E+00     134.5    386.9
2019  3 18    77   17 29  0     41.97    0.1262E+00     111.6    384.8
2019  3 18    77   17 30  0     42.00    0.1100E+00      95.5    385.6
2019  3 18    77   17 31  0     42.04    0.1145E+00     102.7    387.6
2019  3 18    77   17 32  0     42.07    0.1448E+00     135.7    387.3
2019  3 18    77   17 33  0     42.10    0.1460E+00     137.1    387.4
2019  3 18    77   17 34  0     42.14    0.1468E+00     138.2    387.3
2019  3 18    77   17 35  0     42.17    0.1466E+00     138.3    387.2
2019  3 18    77   17 36  0     42.21    0.1456E+00     137.8    387.5
2019  3 18    77   17 37  0     42.25    0.1446E+00     137.5    387.7
2019  3 18    77   17 38  0     42.29    0.1403E+00     132.7    387.5
2019  3 18    77   17 39  0     42.33    0.1203E+00     109.9    386.5
2019  3 18    77   17 40  0     42.37    0.1103E+00      98.9    386.1
2019  3 18    77   17 41  0     42.42    0.1070E+00      95.5    385.9
2019  3 18    77   17 42  0     42.46    0.1021E+00      89.9    385.3
2019  3 18    77   17 43  0     42.51    0.1052E+00      94.2    386.1
2019  3 18    77   17 44  0     42.56    0.1226E+00     114.8    387.0
2019  3 18    77   17 45  0     42.60    0.1387E+00     132.8    386.7
2019  3 18    77   17 46  0     42.65    0.1388E+00     133.1    386.6
2019  3 18    77   17 47  0     42.70    0.1388E+00     133.4    386.6
2019  3 18    77   17 48  0     42.76    0.1384E+00     133.1    386.4
2019  3 18    77   17 49  0     42.81    0.1381E+00     133.4    386.4
2019  3 18    77   17 50  0     42.86    0.1364E+00     131.8    386.4
2019  3 18    77   17 51  0     42.92    0.1367E+00     132.9    386.5
2019  3 18    77   17 52  0     42.97    0.1364E+00     133.3    386.6
2019  3 18    77   17 53  0     43.03    0.1368E+00     134.5    386.7
2019  3 18    77   17 54  0     43.09    0.1156E+00     108.4    384.6
2019  3 18    77   17 55  0     43.15    0.1331E+00     132.4    387.4
2019  3 18    77   17 56  0     43.21    0.1349E+00     134.0    386.5
2019  3 18    77   17 57  0     43.27    0.1224E+00     119.3    386.0
2019  3 18    77   17 58  0     43.33    0.1331E+00     133.2    386.6
2019  3 18    77   17 59  0     43.40    0.1272E+00     124.6    384.9
2019  3 18    77   18  0  0     43.46    0.9141E-01      82.4    383.3
2019  3 18    77   18  1  0     43.53    0.1184E+00     116.9    386.1
2019  3 18    77   18  2  0     43.60    0.1305E+00     132.6    386.7
2019  3 18    77   18  3  0     43.67    0.1278E+00     128.3    385.4
2019  3 18    77   18  4  0     43.73    0.1139E+00     111.1    384.1
2019  3 18    77   18  5  0     43.80    0.1132E+00     112.8    385.7
2019  3 18    77   18  6  0     43.88    0.9615E-01      91.6    384.1
2019  3 18    77   18  7  0     43.95    0.1036E+00     104.0    387.1
2019  3 18    77   18  8  0     44.02    0.1317E+00     138.9    387.1
2019  3 18    77   18  9  0     44.10    0.1300E+00     137.4    386.9
2019  3 18    77   18 10  0     44.17    0.1328E+00     141.5    386.9
2019  3 18    77   18 11  0     44.25    0.1191E+00     122.7    385.0
2019  3 18    77   18 12  0     44.33    0.1204E+00     128.3    387.5
2019  3 18    77   18 13  0     44.41    0.1174E+00     122.9    385.6
2019  3 18    77   18 14  0     44.49    0.1022E+00     103.9    384.6
2019  3 18    77   18 15  0     44.56    0.9709E-01      98.9    385.1
2019  3 18    77   18 16  0     44.65    0.8507E-01      84.2    384.5
2019  3 18    77   18 17  0     44.73    0.1138E+00     123.3    387.1
2019  3 18    77   18 18  0     44.81    0.9506E-01      96.3    383.6
2019  3 18    77   18 19  0     44.90    0.8773E-01      88.1    383.6
2019  3 18    77   18 20  0     44.98    0.1019E+00     108.5    385.5
2019  3 18    77   18 21  0     45.07    0.1008E+00     107.1    384.7
2019  3 18    77   18 22  0     45.16    0.1127E+00     123.3    384.8
2019  3 18    77   18 23  0     45.25    0.1033E+00     111.4    384.3
2019  3 18    77   18 24  0     45.34    0.8090E-01      83.0    383.8
2019  3 18    77   18 25  0     45.43    0.8143E-01      84.9    384.3
2019  3 18    77   18 26  0     45.52    0.8088E-01      84.7    384.1
2019  3 18    77   18 27  0     45.61    0.7926E-01      82.9    383.7
2019  3 18    77   18 28  0     45.70    0.8793E-01      96.4    385.4
2019  3 18    77   18 29  0     45.80    0.1202E+00     140.4    385.2
2019  3 18    77   18 30  0     45.89    0.1185E+00     138.6    384.8
2019  3 18    77   18 31  0     45.99    0.1124E+00     129.2    383.3
2019  3 18    77   18 32  0     46.09    0.7894E-01      83.7    381.5
2019  3 18    77   18 33  0     46.19    0.1023E+00     119.9    384.9
2019  3 18    77   18 34  0     46.29    0.1005E+00     117.0    383.6
2019  3 18    77   18 35  0     46.39    0.7545E-01      83.2    382.7
2019  3 18    77   18 36  0     46.49    0.7147E-01      80.1    384.2
2019  3 18    77   18 37  0     46.59    0.7363E-01      83.8    384.2
2019  3 18    77   18 38  0     46.69    0.6914E-01      78.4    384.3
2019  3 18    77   18 39  0     46.79    0.6941E-01      79.4    384.1
2019  3 18    77   18 40  0     46.90    0.9036E-01     113.7    387.3
2019  3 18    77   18 41  0     47.00    0.7392E-01      86.4    383.1
2019  3 18    77   18 42  0     47.11    0.7345E-01      88.3    384.9
2019  3 18    77   18 43  0     47.22    0.7984E-01      99.1    385.4
2019  3 18    77   18 44  0     47.32    0.9042E-01     117.7    387.0
2019  3 18    77   18 45  0     47.43    0.7317E-01      89.7    384.0
2019  3 18    77   18 46  0     47.54    0.6467E-01      79.0    384.8
2019  3 18    77   18 47  0     47.65    0.6038E-01      73.4    384.8
2019  3 18    77   18 48  0     47.76    0.6327E-01      79.2    385.8
2019  3 18    77   18 49  0     47.87    0.6349E-01      79.0    384.5
2019  3 18    77   18 50  0     47.99    0.6086E-01      75.6    384.4
2019  3 18    77   18 51  0     48.10    0.6185E-01      77.4    384.2
2019  3 18    77   18 52  0     48.21    0.6373E-01      80.6    384.0
2019  3 18    77   18 53  0     48.33    0.8184E-01     112.9    386.6
2019  3 18    77   18 54  0     48.44    0.8729E-01     119.6    384.1
2019  3 18    77   18 55  0     48.56    0.6446E-01      82.8    382.6
2019  3 18    77   18 56  0     48.68    0.6119E-01      78.3    382.3
2019  3 18    77   18 57  0     48.80    0.5938E-01      76.1    382.0
2019  3 18    77   18 58  0     48.91    0.5813E-01      74.8    381.4
2019  3 18    77   18 59  0     49.03    0.5730E-01      74.3    381.2
2019  3 18    77   19  0  0     49.15    0.5682E-01      74.5    381.3
2019  3 18    77   19  1  0     49.27    0.5722E-01      76.0    381.3
2019  3 18    77   19  2  0     49.40    0.5712E-01      76.4    381.1
2019  3 18    77   19  3  0     49.52    0.5556E-01      74.4    380.7
2019  3 18    77   19  4  0     49.64    0.5438E-01      73.3    380.7
2019  3 18    77   19  5  0     49.77    0.5362E-01      72.8    380.5
2019  3 18    77   19  6  0     49.89    0.5335E-01      72.9    380.1
2019  3 18    77   19  7  0     50.02    0.5311E-01      73.1    379.8
2019  3 18    77   19  8  0     50.14    0.5210E-01      72.1    379.4
2019  3 18    77   19  9  0     50.27    0.5095E-01      71.3    379.6
2019  3 18    77   19 10  0     50.40    0.4984E-01      70.5    379.9
2019  3 18    77   19 11  0     50.52    0.4827E-01      69.1    380.0
2019  3 18    77   19 12  0     50.65    0.4708E-01      68.4    380.3
2019  3 18    77   19 13  0     50.78    0.4638E-01      68.5    380.7
2019  3 18    77   19 14  0     50.91    0.4546E-01      68.0    380.8
2019  3 18    77   19 15  0     51.04    0.4473E-01      67.9    380.9
2019  3 18    77   19 16  0     51.17    0.4466E-01      68.8    380.7
2019  3 18    77   19 17  0     51.30    0.4529E-01      70.7    380.5
2019  3 18    77   19 18  0     51.44    0.4552E-01      71.8    380.1
2019  3 18    77   19 19  0     51.57    0.4581E-01      73.2    380.0
2019  3 18    77   19 20  0     51.70    0.4636E-01      75.1    380.1
2019  3 18    77   19 21  0     51.84    0.4729E-01      77.8    380.1
2019  3 18    77   19 22  0     51.97    0.4860E-01      81.3    380.2
2019  3 18    77   19 23  0     52.11    0.5697E-01     101.6    382.0
2019  3 18    77   19 24  0     52.25    0.4729E-01      79.7    378.9
2019  3 18    77   19 25  0     52.38    0.4527E-01      77.4    379.3
2019  3 18    77   19 26  0     52.52    0.4271E-01      73.8    379.5
2019  3 18    77   19 27  0     52.66    0.4084E-01      71.5    379.7
2019  3 18    77   19 28  0     52.80    0.3979E-01      70.8    380.2
2019  3 18    77   19 29  0     52.94    0.3990E-01      72.9    380.7
2019  3 18    77   19 30  0     53.08    0.3908E-01      72.5    380.6
2019  3 18    77   19 31  0     53.22    0.3500E-01      64.3    379.9
2019  3 18    77   19 32  0     53.36    0.3277E-01      60.7    379.9
2019  3 18    77   19 33  0     53.50    0.3124E-01      58.6    380.1
2019  3 18    77   19 34  0     53.64    0.3070E-01      58.9    380.4
2019  3 18    77   19 35  0     53.79    0.3059E-01      59.2    380.0
2019  3 18    77   19 36  0     53.93    0.3117E-01      60.9    379.5
2019  3 18    77   19 37  0     54.07    0.3189E-01      62.8    378.8
2019  3 18    77   19 38  0     54.22    0.3248E-01      64.6    378.8
2019  3 18    77   19 39  0     54.36    0.3305E-01      66.2    378.2
2019  3 18    77   19 40  0     54.51    0.3307E-01      66.7    377.6
2019  3 18    77   19 41  0     54.65    0.3230E-01      65.7    377.4
2019  3 18    77   19 42  0     54.80    0.3138E-01      64.7    377.7
2019  3 18    77   19 43  0     54.95    0.3065E-01      64.2    377.8
2019  3 18    77   19 44  0     55.09    0.3028E-01      64.3    377.2
2019  3 18    77   19 45  0     55.24    0.3028E-01      65.3    377.1
2019  3 18    77   19 46  0     55.39    0.3014E-01      65.9    377.2
2019  3 18    77   19 47  0     55.54    0.2983E-01      66.1    377.1
2019  3 18    77   19 48  0     55.69    0.2958E-01      66.4    376.8
2019  3 18    77   19 49  0     55.84    0.2938E-01      66.8    376.7
2019  3 18    77   19 50  0     55.99    0.2918E-01      67.1    376.3
2019  3 18    77   19 51  0     56.14    0.2909E-01      67.7    375.5
2019  3 18    77   19 52  0     56.29    0.2906E-01      68.4    374.8
2019  3 18    77   19 53  0     56.44    0.2912E-01      69.6    374.9
2019  3 18    77   19 54  0     56.60    0.2964E-01      72.2    375.5
2019  3 18    77   19 55  0     56.75    0.3312E-01      85.8    377.4
2019  3 18    77   19 56  0     56.90    0.3313E-01      85.7    375.9
2019  3 18    77   19 57  0     57.06    0.2847E-01      70.6    371.9
2019  3 18    77   19 58  0     57.21    0.2741E-01      68.7    371.7
2019  3 18    77   19 59  0     57.37    0.2638E-01      67.1    371.8
2019  3 18    77   20  0  0     57.52    0.2518E-01      64.7    370.9
2019  3 18    77   20  1  0     57.68    0.2375E-01      62.0    371.1
2019  3 18    77   20  2  0     57.83    0.2203E-01      58.3    370.8
2019  3 18    77   20  3  0     57.99    0.2016E-01      54.3    372.2
2019  3 18    77   20  4  0     58.15    0.1867E-01      51.3    371.5
2019  3 18    77   20  5  0     58.30    0.1762E-01      49.4    371.3
2019  3 18    77   20  6  0     58.46    0.1707E-01      48.6    370.9
2019  3 18    77   20  7  0     58.62    0.1705E-01      49.6    371.2
2019  3 18    77   20  8  0     58.78    0.1728E-01      51.0    370.5
2019  3 18    77   20  9  0     58.94    0.1755E-01      52.6    370.4
2019  3 18    77   20 10  0     59.10    0.1786E-01      54.3    369.8
2019  3 18    77   20 11  0     59.26    0.1795E-01      55.4    369.6
2019  3 18    77   20 12  0     59.42    0.1845E-01      58.7    370.1
2019  3 18    77   20 13  0     59.58    0.2034E-01      69.1    372.8
2019  3 18    77   20 14  0     59.74    0.1764E-01      57.2    368.4
2019  3 18    77   20 15  0     59.90    0.1711E-01      56.4    368.3
2019  3 18    77   20 16  0     60.06    0.1687E-01      56.7    368.0
2019  3 18    77   20 17  0     60.22    0.1692E-01      58.1    368.3
2019  3 18    77   20 18  0     60.38    0.1745E-01      60.9    367.5
2019  3 18    77   20 19  0     60.55    0.1785E-01      62.9    366.9
2019  3 18    77   20 20  0     60.71    0.1803E-01      64.1    366.1
2019  3 18    77   20 21  0     60.87    0.1793E-01      64.7    365.6
2019  3 18    77   20 22  0     61.04    0.1758E-01      64.4    365.3
2019  3 18    77   20 23  0     61.20    0.1705E-01      63.6    365.0
2019  3 18    77   20 24  0     61.37    0.1654E-01      62.9    364.8
2019  3 18    77   20 25  0     61.53    0.1618E-01      62.8    364.7
2019  3 18    77   20 26  0     61.70    0.1588E-01      62.5    364.0
2019  3 18    77   20 27  0     61.86    0.1548E-01      61.9    363.2
2019  3 18    77   20 28  0     62.03    0.1493E-01      60.5    362.5
2019  3 18    77   20 29  0     62.19    0.1423E-01      58.6    361.9
2019  3 18    77   20 30  0     62.36    0.1346E-01      56.4    361.7
2019  3 18    77   20 31  0     62.53    0.1280E-01      54.7    360.9
2019  3 18    77   20 32  0     62.69    0.1236E-01      54.1    361.0
2019  3 18    77   20 33  0     62.86    0.1226E-01      55.2    360.9
2019  3 18    77   20 34  0     63.03    0.1255E-01      58.7    361.7
2019  3 18    77   20 35  0     63.20    0.1206E-01      56.0    359.4
2019  3 18    77   20 36  0     63.37    0.1197E-01      56.5    358.8
2019  3 18    77   20 37  0     63.54    0.1194E-01      57.3    358.2
2019  3 18    77   20 38  0     63.71    0.1200E-01      58.6    357.8
2019  3 18    77   20 39  0     63.87    0.1222E-01      60.8    357.4
2019  3 18    77   20 40  0     64.04    0.1250E-01      63.5    357.2
2019  3 18    77   20 41  0     64.21    0.1263E-01      65.3    356.7
2019  3 18    77   20 42  0     64.38    0.1252E-01      66.2    356.8
2019  3 18    77   20 43  0     64.56    0.1234E-01      66.9    356.6
2019  3 18    77   20 44  0     64.73    0.1230E-01      69.0    356.6
2019  3 18    77   20 45  0     64.90    0.1252E-01      72.8    357.0
2019  3 18    77   20 46  0     65.07    0.1395E-01      89.9    361.6
2019  3 18    77   20 47  0     65.24    0.1497E-01     100.1    362.4
2019  3 18    77   20 48  0     65.41    0.1513E-01     102.2    361.1
2019  3 18    77   20 49  0     65.59    0.1480E-01     100.1    359.2
2019  3 18    77   20 50  0     65.76    0.1413E-01      94.1    356.5
2019  3 18    77   20 51  0     65.93    0.1413E-01      97.6    356.8
2019  3 18    77   20 52  0     66.10    0.1420E-01     102.1    357.4
2019  3 18    77   20 53  0     66.28    0.1381E-01     100.2    356.2
2019  3 18    77   20 54  0     66.45    0.1321E-01      95.5    353.8
2019  3 18    77   20 55  0     66.63    0.1306E-01      97.2    354.2
2019  3 18    77   20 56  0     66.80    0.1306E-01     100.7    354.4
2019  3 18    77   20 57  0     66.97    0.1226E-01      94.2    352.5
2019  3 18    77   20 58  0     67.15    0.1158E-01      88.6    348.5
2019  3 18    77   20 59  0     67.32    0.1095E-01      85.2    347.7
2019  3 18    77   21  0  0     67.50    0.1075E-01      88.2    348.8
2019  3 18    77   21  1  0     67.67    0.1042E-01      86.9    346.3
2019  3 18    77   21  2  0     67.85    0.1051E-01      94.3    348.7
2019  3 18    77   21  3  0     68.03    0.1015E-01      90.8    345.7
2019  3 18    77   21  4  0     68.20    0.9703E-02      87.1    343.3
2019  3 18    77   21  5  0     68.38    0.9074E-02      79.2    338.8
2019  3 18    77   21  6  0     68.55    0.8791E-02      78.2    338.5
2019  3 18    77   21  7  0     68.73    0.8607E-02      78.3    337.7
2019  3 18    77   21  8  0     68.91    0.8466E-02      78.8    336.4
2019  3 18    77   21  9  0     69.09    0.8300E-02      79.2    334.6
2019  3 18    77   21 10  0     69.26    0.8127E-02      79.3    332.7
2019  3 18    77   21 11  0     69.44    0.7894E-02      78.9    331.9
2019  3 18    77   21 12  0     69.62    0.7665E-02      78.6    330.9
2019  3 18    77   21 13  0     69.80    0.7419E-02      78.2    332.1
2019  3 18    77   21 14  0     69.98    0.7203E-02      77.8    330.2
2019  3 18    77   21 15  0     70.15    0.6948E-02      77.3    328.6
2019  3 18    77   21 16  0     70.33    0.6727E-02      76.9    326.9
2019  3 18    77   21 17  0     70.51    0.6498E-02      76.6    326.2
2019  3 18    77   21 18  0     70.69    0.6325E-02      76.6    324.3
2019  3 18    77   21 19  0     70.87    0.6149E-02      76.7    323.6
2019  3 18    77   21 20  0     71.05    0.5984E-02      77.1    323.2
2019  3 18    77   21 21  0     71.23    0.5857E-02      77.8    322.3
2019  3 18    77   21 22  0     71.41    0.5725E-02      78.1    321.1
2019  3 18    77   21 23  0     71.59    0.5631E-02      79.1    319.9
2019  3 18    77   21 24  0     71.77    0.5600E-02      81.8    318.6
2019  3 18    77   21 25  0     71.95    0.5547E-02      85.5    320.5
2019  3 18    77   21 26  0     72.13    0.5644E-02      92.7    320.3
2019  3 18    77   21 27  0     72.31    0.5594E-02      96.1    321.4
2019  3 18    77   21 28  0     72.49    0.5580E-02     100.4    321.4
2019  3 18    77   21 29  0     72.67    0.5598E-02     104.7    319.4
2019  3 18    77   21 30  0     72.85    0.5534E-02     108.0    320.4
2019  3 18    77   21 31  0     73.04    0.5504E-02     110.8    319.0
2019  3 18    77   21 32  0     73.22    0.5480E-02     113.4    317.9
2019  3 18    77   21 33  0     73.40    0.5425E-02     112.3    312.8
2019  3 18    77   21 34  0     73.58    0.5382E-02     115.1    312.3
2019  3 18    77   21 35  0     73.76    0.5303E-02     114.4    309.1
2019  3 18    77   21 36  0     73.95    0.5226E-02     115.1    306.4
2019  3 18    77   21 37  0     74.13    0.5026E-02     108.6    302.1
2019  3 18    77   21 38  0     74.31    0.4905E-02     109.3    301.9
2019  3 18    77   21 39  0     74.49    0.4855E-02     111.8    299.2
2019  3 18    77   21 40  0     74.68    0.4836E-02     120.7    301.7
2019  3 18    77   21 41  0     74.86    0.4761E-02     122.7    300.1
2019  3 18    77   21 42  0     75.04    0.4644E-02     121.2    296.8
2019  3 18    77   21 43  0     75.23    0.4507E-02     120.1    295.3
2019  3 18    77   21 44  0     75.41    0.4423E-02     120.8    291.9
2019  3 18    77   21 45  0     75.59    0.4285E-02     119.2    288.8
2019  3 18    77   21 46  0     75.78    0.4207E-02     123.3    287.4
2019  3 18    77   21 47  0     75.96    0.4071E-02     123.2    286.0
2019  3 18    77   21 48  0     76.15    0.3937E-02     123.8    285.5
2019  3 18    77   21 49  0     76.33    0.3804E-02     122.4    283.6
2019  3 18    77   21 50  0     76.51    0.3723E-02     124.4    280.4
2019  3 18    77   21 51  0     76.70    0.3619E-02     124.5    277.7
2019  3 18    77   21 52  0     76.88    0.3502E-02     123.2    275.1
2019  3 18    77   21 53  0     77.07    0.3404E-02     123.6    272.1
2019  3 18    77   21 54  0     77.25    0.3288E-02     121.8    269.4
2019  3 18    77   21 55  0     77.44    0.3197E-02     121.9    266.3
2019  3 18    77   21 56  0     77.62    0.3133E-02     123.8    262.6
2019  3 18    77   21 57  0     77.81    0.2995E-02     120.2    260.8
2019  3 18    77   21 58  0     77.99    0.2915E-02     119.1    256.0
2019  3 18    77   21 59  0     78.18    0.2804E-02     118.5    254.1
2019  3 18    77   22  0  0     78.36    0.2727E-02     118.0    249.6
2019  3 18    77   22  1  0     78.55    0.2646E-02     118.2    246.4
2019  3 18    77   22  2  0     78.74    0.2548E-02     119.4    245.4
2019  3 18    77   22  3  0     78.92    0.2478E-02     119.7    241.3
2019  3 18    77   22  4  0     79.11    0.2398E-02     119.9    238.1
2019  3 18    77   22  5  0     79.29    0.2309E-02     119.3    235.1
2019  3 18    77   22  6  0     79.48    0.2234E-02     118.3    230.2
2019  3 18    77   22  7  0     79.67    0.2099E-02     116.9    230.8
2019  3 18    77   22  8  0     79.85    0.2031E-02     115.5    224.3
2019  3 18    77   22  9  0     80.04    0.1948E-02     113.9    219.3
2019  3 18    77   22 10  0     80.23    0.1838E-02     112.8    218.9
2019  3 18    77   22 11  0     80.41    0.1785E-02     113.2    214.8
2019  3 18    77   22 12  0     80.60    0.1722E-02     114.1    212.2
2019  3 18    77   22 13  0     80.79    0.1683E-02     113.9    205.8
2019  3 18    77   22 14  0     80.97    0.1601E-02     112.7    202.8
2019  3 18    77   22 15  0     81.16    0.1514E-02     111.1    200.4
2019  3 18    77   22 16  0     81.35    0.1485E-02     110.3    192.8
2019  3 18    77   22 17  0     81.53    0.1413E-02     111.0    192.2
2019  3 18    77   22 18  0     81.72    0.1347E-02     111.5    191.4
2019  3 18    77   22 19  0     81.91    0.1321E-02     111.1    185.0
2019  3 18    77   22 20  0     82.10    0.1247E-02     110.0    184.1
2019  3 18    77   22 21  0     82.28    0.1216E-02     108.9    177.9
2019  3 18    77   22 22  0     82.47    0.1181E-02     108.2    172.8
2019  3 18    77   22 23  0     82.66    0.1139E-02     108.0    169.3
2019  3 18    77   22 24  0     82.85    0.1089E-02     108.2    168.2
2019  3 18    77   22 25  0     83.03    0.1084E-02     108.4    162.0
2019  3 18    77   22 26  0     83.22    0.1074E-02     108.2    156.7
2019  3 18    77   22 27  0     83.41    0.1046E-02     107.8    153.0
2019  3 18    77   22 28  0     83.60    0.1025E-02     107.1    147.7
2019  3 18    77   22 29  0     83.79    0.9946E-03     106.3    143.2
2019  3 18    77   22 30  0     83.97    0.9529E-03     105.4    140.1
2019  3 18    77   22 31  0     84.16    0.9374E-03     104.6    134.7
2019  3 18    77   22 32  0     84.35    0.9302E-03     104.0    128.8
2019  3 18    77   22 33  0     84.54    0.8948E-03     103.6    126.6
2019  3 18    77   22 34  0     84.73    0.8562E-03     103.3    125.0
2019  3 18    77   22 35  0     84.91    0.8470E-03     103.2    119.9
2019  3 18    77   22 36  0     85.10    0.8362E-03     103.0    116.1
2019  3 18    77   22 37  0     85.29    0.8285E-03     102.6    112.2
2019  3 18    77   22 38  0     85.48    0.8281E-03     102.4    107.7
2019  3 18    77   22 39  0     85.67    0.8133E-03     102.0    104.2
2019  3 18    77   22 40  0     85.86    0.7826E-03     101.6    101.9
2019  3 18    77   22 41  0     86.05    0.7594E-03     100.9     98.8
2019  3 18    77   22 42  0     86.24    0.7146E-03      99.7     98.0
2019  3 18    77   22 43  0     86.42    0.7133E-03      98.2     92.6
2019  3 18    77   22 44  0     86.61    0.6869E-03      96.6     89.5
2019  3 18    77   22 45  0     86.80    0.6567E-03      95.0     86.7
2019  3 18    77   22 46  0     86.99    0.6668E-03      93.5     80.2
2019  3 18    77   22 47  0     87.18    0.6301E-03      91.5     78.6
2019  3 18    77   22 48  0     87.37    0.6339E-03      89.7     73.2
2019  3 18    77   22 49  0     87.56    0.6147E-03      88.3     70.2
2019  3 18    77   22 50  0     87.75    0.6052E-03      87.2     66.5
2019  3 18    77   22 51  0     87.94    0.5817E-03      86.3     64.1
2019  3 18    77   22 52  0     88.12    0.5780E-03      85.3     60.6
2019  3 18    77   22 53  0     88.31    0.5720E-03      84.4     57.4
2019  3 18    77   22 54  0     88.50    0.5656E-03      84.1     54.5
2019  3 18    77   22 55  0     88.69    0.5604E-03      84.5     51.8
2019  3 18    77   22 56  0     88.88    0.5456E-03      85.3     50.0
2019  3 18    77   22 57  0     89.07    0.5586E-03      85.8     46.1
2019  3 18    77   22 58  0     89.26    0.5434E-03      85.5     44.8
2019  3 18    77   22 59  0     89.45    0.5273E-03      85.4     43.2
2019  3 18    77   23  0  0     89.64    0.5084E-03      85.8     41.8
2019  3 18    77   23  1  0     89.83    0.5092E-03      86.6     38.6
