                            NILUUV 115

Uvpro Version 2.0
Latitude :   40.74 (North)
Longitude:  -74.03  (West)
Calibration file: cf100603a.115
Height above sea level:    40.0  m
CLT derived from channel 4
CLT scale factor used:   1.0
Ozone derived from channel pair ch3/ch1
Ozone scale factor used:   1.0
Drift factors ch1-ch6:   0.396  0.379  0.561  0.552  0.363  0.913
Ozone profile climatology: Mid  Latitude
Dose type:    CLW    Caldwell Plant 1971           

yyyy mm dd   jul   hh mm ss      SZA     dose rate       clt     Ozone
                              [degrees]   [W/m^2]        [%]     [DU]
2019  7  9   190    0  0  0     85.83    0.2031E-02     211.3    131.9
2019  7  9   190    0  1  0     86.00    0.1972E-02     214.5    130.0
2019  7  9   190    0  2  0     86.17    0.1929E-02     217.2    128.3
2019  7  9   190    0  3  0     86.34    0.1886E-02     220.2    126.4
2019  7  9   190    0  4  0     86.51    0.1847E-02     223.5    124.0
2019  7  9   190    0  5  0     86.68    0.1782E-02     227.1    122.7
2019  7  9   190    0  6  0     86.85    0.1764E-02     231.1    119.3
2019  7  9   190    0  7  0     87.01    0.1713E-02     235.5    118.3
2019  7  9   190    0  8  0     87.18    0.1659E-02     239.5    119.1
2019  7  9   190    0  9  0     87.35    0.1613E-02     243.7    119.1
2019  7  9   190    0 10  0     87.52    0.1598E-02     248.6    116.5
2019  7  9   190    0 11  0     87.69    0.1589E-02     254.2    113.4
2019  7  9   190    0 12  0     87.85    0.1533E-02     260.5    113.7
2019  7  9   190    0 13  0     88.02    0.1515E-02     267.0    111.1
2019  7  9   190    0 14  0     88.19    0.1481E-02     272.6    111.8
2019  7  9   190    0 15  0     88.35    0.1439E-02     278.7    113.0
2019  7  9   190    0 16  0     88.52    0.1422E-02     285.8    111.4
2019  7  9   190    0 17  0     88.69    0.1397E-02     294.2    110.1
2019  7  9   190    0 18  0     88.85    0.1378E-02     303.4    108.2
2019  7  9   190    0 19  0     89.02    0.1362E-02     313.7    106.2
2019  7  9   190    0 20  0     89.18    0.1365E-02     321.5    104.6
2019  7  9   190    0 21  0     89.35    0.1320E-02     330.6    107.4
2019  7  9   190    0 22  0     89.51    0.1307E-02     341.1    106.4
2019  7  9   190    0 23  0     89.68    0.1302E-02     353.4    104.1
2019  7  9   190    0 24  0     89.84    0.1277E-02     368.0    103.4
2019  7  9   190    9 39  0     89.97    0.7822E-03       5.4      1.2
2019  7  9   190    9 40  0     89.80    0.7640E-03       6.0      1.8
2019  7  9   190    9 41  0     89.64    0.7902E-03       6.5      2.0
2019  7  9   190    9 42  0     89.48    0.7864E-03       7.1      2.6
2019  7  9   190    9 43  0     89.31    0.8064E-03       7.8      3.0
2019  7  9   190    9 44  0     89.15    0.7939E-03       8.5      3.8
2019  7  9   190    9 45  0     88.98    0.8005E-03       9.3      4.4
2019  7  9   190    9 46  0     88.82    0.7964E-03      10.0      5.4
2019  7  9   190    9 47  0     88.65    0.8170E-03      10.8      6.1
2019  7  9   190    9 48  0     88.48    0.8101E-03      11.6      7.3
2019  7  9   190    9 49  0     88.32    0.8103E-03      12.5      8.6
2019  7  9   190    9 50  0     88.15    0.8031E-03      13.5     10.1
2019  7  9   190    9 51  0     87.98    0.8083E-03      14.4     11.6
2019  7  9   190    9 52  0     87.82    0.8166E-03      15.4     13.2
2019  7  9   190    9 53  0     87.65    0.8248E-03      16.4     15.0
2019  7  9   190    9 54  0     87.48    0.8322E-03      17.4     17.0
2019  7  9   190    9 55  0     87.31    0.8363E-03      18.4     19.7
2019  7  9   190    9 56  0     87.15    0.8808E-03      19.6     20.3
2019  7  9   190    9 57  0     86.98    0.8867E-03      20.7     21.7
2019  7  9   190    9 58  0     86.81    0.8927E-03      21.8     23.2
2019  7  9   190    9 59  0     86.64    0.8729E-03      22.8     25.4
2019  7  9   190   10  0  0     86.47    0.8778E-03      24.0     27.3
2019  7  9   190   10  1  0     86.30    0.8868E-03      25.1     29.3
2019  7  9   190   10  2  0     86.13    0.9172E-03      26.3     30.8
2019  7  9   190   10  3  0     85.96    0.8901E-03      27.4     34.3
2019  7  9   190   10  4  0     85.79    0.9168E-03      28.5     36.4
2019  7  9   190   10  5  0     85.62    0.9396E-03      29.6     39.2
2019  7  9   190   10  6  0     85.45    0.9223E-03      30.7     41.7
2019  7  9   190   10  7  0     85.28    0.9436E-03      31.8     43.5
2019  7  9   190   10  8  0     85.11    0.9411E-03      32.9     46.0
2019  7  9   190   10  9  0     84.94    0.9484E-03      34.0     48.5
2019  7  9   190   10 10  0     84.77    0.9747E-03      34.9     50.6
2019  7  9   190   10 11  0     84.60    0.9802E-03      35.9     53.6
2019  7  9   190   10 12  0     84.43    0.9928E-03      36.9     56.5
2019  7  9   190   10 13  0     84.25    0.9974E-03      37.8     60.0
2019  7  9   190   10 14  0     84.08    0.1016E-02      38.8     62.2
2019  7  9   190   10 15  0     83.91    0.1031E-02      39.7     64.5
2019  7  9   190   10 16  0     83.74    0.1029E-02      40.7     67.8
2019  7  9   190   10 17  0     83.56    0.1037E-02      41.6     70.9
2019  7  9   190   10 18  0     83.39    0.1058E-02      42.5     73.6
2019  7  9   190   10 19  0     83.22    0.1076E-02      43.4     76.7
2019  7  9   190   10 20  0     83.05    0.1070E-02      44.3     80.8
2019  7  9   190   10 21  0     82.87    0.1078E-02      45.1     83.7
2019  7  9   190   10 22  0     82.70    0.1083E-02      45.8     87.0
2019  7  9   190   10 23  0     82.52    0.1134E-02      46.5     88.5
2019  7  9   190   10 24  0     82.35    0.1125E-02      47.2     92.7
2019  7  9   190   10 25  0     82.18    0.1133E-02      47.9     96.5
2019  7  9   190   10 26  0     82.00    0.1147E-02      48.6    100.1
2019  7  9   190   10 27  0     81.83    0.1154E-02      49.2    103.4
2019  7  9   190   10 28  0     81.65    0.1187E-02      49.8    105.8
2019  7  9   190   10 29  0     81.48    0.1206E-02      50.4    108.9
2019  7  9   190   10 30  0     81.30    0.1219E-02      51.0    112.5
2019  7  9   190   10 31  0     81.13    0.1234E-02      51.6    116.2
2019  7  9   190   10 32  0     80.95    0.1268E-02      52.2    119.4
2019  7  9   190   10 33  0     80.77    0.1283E-02      52.7    123.0
2019  7  9   190   10 34  0     80.60    0.1300E-02      53.2    126.8
2019  7  9   190   10 35  0     80.42    0.1313E-02      53.8    131.0
2019  7  9   190   10 36  0     80.24    0.1350E-02      54.3    134.1
2019  7  9   190   10 37  0     80.07    0.1344E-02      54.9    140.0
2019  7  9   190   10 38  0     79.89    0.1403E-02      55.5    141.9
2019  7  9   190   10 39  0     79.71    0.1452E-02      56.0    144.4
2019  7  9   190   10 40  0     79.54    0.1440E-02      56.5    150.5
2019  7  9   190   10 41  0     79.36    0.1465E-02      57.1    154.9
2019  7  9   190   10 42  0     79.18    0.1523E-02      57.6    157.3
2019  7  9   190   10 43  0     79.00    0.1540E-02      58.1    162.2
2019  7  9   190   10 44  0     78.83    0.1584E-02      58.6    165.3
2019  7  9   190   10 45  0     78.65    0.1624E-02      59.0    168.9
2019  7  9   190   10 46  0     78.47    0.1686E-02      59.5    171.3
2019  7  9   190   10 47  0     78.29    0.1717E-02      60.0    175.8
2019  7  9   190   10 48  0     78.11    0.1762E-02      60.4    179.6
2019  7  9   190   10 49  0     77.93    0.1785E-02      60.8    184.1
2019  7  9   190   10 50  0     77.76    0.1843E-02      61.2    187.0
2019  7  9   190   10 51  0     77.58    0.1897E-02      61.6    190.2
2019  7  9   190   10 52  0     77.40    0.1929E-02      61.9    195.1
2019  7  9   190   10 53  0     77.22    0.2010E-02      62.3    196.9
2019  7  9   190   10 54  0     77.04    0.2053E-02      62.6    201.1
2019  7  9   190   10 55  0     76.86    0.2097E-02      62.9    205.0
2019  7  9   190   10 56  0     76.68    0.2175E-02      63.2    207.2
2019  7  9   190   10 57  0     76.50    0.2210E-02      63.5    212.1
2019  7  9   190   10 58  0     76.32    0.2297E-02      63.7    213.9
2019  7  9   190   10 59  0     76.14    0.2346E-02      63.9    218.3
2019  7  9   190   11  0  0     75.96    0.2405E-02      64.2    221.9
2019  7  9   190   11  1  0     75.78    0.2470E-02      64.5    225.4
2019  7  9   190   11  2  0     75.60    0.2554E-02      64.7    227.9
2019  7  9   190   11  3  0     75.42    0.2622E-02      65.0    231.6
2019  7  9   190   11  4  0     75.24    0.2694E-02      65.3    235.1
2019  7  9   190   11  5  0     75.05    0.2780E-02      65.6    238.4
2019  7  9   190   11  6  0     74.87    0.2867E-02      65.8    241.1
2019  7  9   190   11  7  0     74.69    0.2957E-02      66.0    243.9
2019  7  9   190   11  8  0     74.51    0.3047E-02      66.2    247.0
2019  7  9   190   11  9  0     74.33    0.3167E-02      66.5    248.4
2019  7  9   190   11 10  0     74.15    0.3231E-02      66.7    253.3
2019  7  9   190   11 11  0     73.96    0.3325E-02      67.0    257.1
2019  7  9   190   11 12  0     73.78    0.3413E-02      67.3    260.4
2019  7  9   190   11 13  0     73.60    0.3548E-02      67.6    261.6
2019  7  9   190   11 14  0     73.42    0.3641E-02      67.9    265.1
2019  7  9   190   11 15  0     73.23    0.3761E-02      68.2    267.3
2019  7  9   190   11 16  0     73.05    0.3886E-02      68.5    269.3
2019  7  9   190   11 17  0     72.87    0.3979E-02      68.7    274.1
2019  7  9   190   11 18  0     72.69    0.4117E-02      68.8    275.4
2019  7  9   190   11 19  0     72.50    0.4232E-02      68.9    278.0
2019  7  9   190   11 20  0     72.32    0.4350E-02      69.2    280.7
2019  7  9   190   11 21  0     72.14    0.4483E-02      69.4    282.7
2019  7  9   190   11 22  0     71.95    0.4611E-02      69.6    285.0
2019  7  9   190   11 23  0     71.77    0.4740E-02      69.8    287.3
2019  7  9   190   11 24  0     71.59    0.4872E-02      70.0    289.9
2019  7  9   190   11 25  0     71.40    0.5013E-02      70.2    292.2
2019  7  9   190   11 26  0     71.22    0.5170E-02      70.4    293.9
2019  7  9   190   11 27  0     71.03    0.5317E-02      70.6    296.4
2019  7  9   190   11 28  0     70.85    0.5496E-02      70.9    297.9
2019  7  9   190   11 29  0     70.67    0.5639E-02      71.1    300.7
2019  7  9   190   11 30  0     70.48    0.5824E-02      71.2    302.0
2019  7  9   190   11 31  0     70.30    0.6008E-02      71.5    303.6
2019  7  9   190   11 32  0     70.11    0.6190E-02      71.7    305.5
2019  7  9   190   11 33  0     69.93    0.6374E-02      72.0    307.8
2019  7  9   190   11 34  0     69.74    0.6617E-02      72.4    308.5
2019  7  9   190   11 35  0     69.56    0.6829E-02      72.7    310.2
2019  7  9   190   11 36  0     69.37    0.7037E-02      73.1    312.1
2019  7  9   190   11 37  0     69.19    0.7277E-02      73.6    313.3
2019  7  9   190   11 38  0     69.00    0.7505E-02      73.9    315.0
2019  7  9   190   11 39  0     68.82    0.7749E-02      74.3    317.0
2019  7  9   190   11 40  0     68.63    0.7980E-02      74.7    318.7
2019  7  9   190   11 41  0     68.45    0.8255E-02      75.1    319.4
2019  7  9   190   11 42  0     68.26    0.8507E-02      75.3    320.5
2019  7  9   190   11 43  0     68.08    0.8773E-02      75.8    322.0
2019  7  9   190   11 44  0     67.89    0.9047E-02      76.5    323.6
2019  7  9   190   11 45  0     67.70    0.9321E-02      76.9    324.9
2019  7  9   190   11 46  0     67.52    0.9595E-02      77.1    325.9
2019  7  9   190   11 47  0     67.33    0.9888E-02      77.7    327.2
2019  7  9   190   11 48  0     67.15    0.1020E-01      77.9    327.6
2019  7  9   190   11 49  0     66.96    0.1050E-01      78.3    328.9
2019  7  9   190   11 50  0     66.77    0.1079E-01      78.7    330.7
2019  7  9   190   11 51  0     66.59    0.1114E-01      78.9    330.8
2019  7  9   190   11 52  0     66.40    0.1145E-01      79.2    332.2
2019  7  9   190   11 53  0     66.21    0.1180E-01      79.5    332.9
2019  7  9   190   11 54  0     66.03    0.1216E-01      79.8    333.6
2019  7  9   190   11 55  0     65.84    0.1252E-01      80.6    335.7
2019  7  9   190   11 56  0     65.65    0.1289E-01      81.0    336.2
2019  7  9   190   11 57  0     65.47    0.1325E-01      81.4    336.9
2019  7  9   190   11 58  0     65.28    0.1363E-01      82.0    337.8
2019  7  9   190   11 59  0     65.09    0.1398E-01      82.2    338.2
2019  7  9   190   12  0  0     64.91    0.1436E-01      82.4    338.8
2019  7  9   190   12  1  0     64.72    0.1478E-01      82.9    339.4
2019  7  9   190   12  2  0     64.53    0.1516E-01      83.2    340.6
2019  7  9   190   12  3  0     64.34    0.1555E-01      83.5    341.5
2019  7  9   190   12  4  0     64.16    0.1599E-01      83.8    341.5
2019  7  9   190   12  5  0     63.97    0.1643E-01      83.9    341.4
2019  7  9   190   12  6  0     63.78    0.1683E-01      84.1    342.4
2019  7  9   190   12  7  0     63.59    0.1730E-01      84.4    342.6
2019  7  9   190   12  8  0     63.41    0.1775E-01      84.6    343.0
2019  7  9   190   12  9  0     63.22    0.1819E-01      84.8    343.6
2019  7  9   190   12 10  0     63.03    0.1862E-01      84.7    343.8
2019  7  9   190   12 11  0     62.84    0.1906E-01      84.6    343.8
2019  7  9   190   12 12  0     62.65    0.1949E-01      84.6    344.5
2019  7  9   190   12 13  0     62.47    0.2000E-01      85.0    344.8
2019  7  9   190   12 14  0     62.28    0.2047E-01      84.9    344.9
2019  7  9   190   12 15  0     62.09    0.2092E-01      84.9    345.1
2019  7  9   190   12 16  0     61.90    0.2141E-01      85.2    345.7
2019  7  9   190   12 17  0     61.71    0.2195E-01      85.6    346.1
2019  7  9   190   12 18  0     61.53    0.2246E-01      85.8    346.7
2019  7  9   190   12 19  0     61.34    0.2299E-01      85.9    346.6
2019  7  9   190   12 20  0     61.15    0.2350E-01      85.9    346.8
2019  7  9   190   12 21  0     60.96    0.2396E-01      85.7    347.0
2019  7  9   190   12 22  0     60.77    0.2441E-01      85.4    347.4
2019  7  9   190   12 23  0     60.58    0.2490E-01      85.3    347.7
2019  7  9   190   12 24  0     60.39    0.2547E-01      85.5    347.8
2019  7  9   190   12 25  0     60.21    0.2608E-01      85.9    348.2
2019  7  9   190   12 26  0     60.02    0.2666E-01      86.2    348.5
2019  7  9   190   12 27  0     59.83    0.2720E-01      86.0    348.5
2019  7  9   190   12 28  0     59.64    0.2769E-01      85.7    348.7
2019  7  9   190   12 29  0     59.45    0.2822E-01      85.4    348.7
2019  7  9   190   12 30  0     59.26    0.2886E-01      85.8    348.9
2019  7  9   190   12 31  0     59.07    0.2954E-01      86.4    349.4
2019  7  9   190   12 32  0     58.88    0.3019E-01      86.7    349.4
2019  7  9   190   12 33  0     58.69    0.3083E-01      87.0    349.8
2019  7  9   190   12 34  0     58.51    0.3136E-01      86.6    350.0
2019  7  9   190   12 35  0     58.32    0.3205E-01      86.9    350.2
2019  7  9   190   12 36  0     58.13    0.3279E-01      87.4    350.4
2019  7  9   190   12 37  0     57.94    0.3349E-01      87.8    350.9
2019  7  9   190   12 38  0     57.75    0.3419E-01      88.0    350.7
2019  7  9   190   12 39  0     57.56    0.3493E-01      88.4    351.0
2019  7  9   190   12 40  0     57.37    0.3561E-01      88.4    351.1
2019  7  9   190   12 41  0     57.18    0.3627E-01      88.4    351.0
2019  7  9   190   12 42  0     56.99    0.3695E-01      88.4    352.2
2019  7  9   190   12 43  0     56.80    0.3764E-01      88.5    351.4
2019  7  9   190   12 44  0     56.61    0.3837E-01      88.5    351.4
2019  7  9   190   12 45  0     56.43    0.3926E-01      89.2    351.8
2019  7  9   190   12 46  0     56.24    0.4012E-01      89.9    352.3
2019  7  9   190   12 47  0     56.05    0.4096E-01      90.3    352.1
2019  7  9   190   12 48  0     55.86    0.4182E-01      90.7    352.4
2019  7  9   190   12 49  0     55.67    0.4262E-01      90.8    352.4
2019  7  9   190   12 50  0     55.48    0.4350E-01      91.2    352.5
2019  7  9   190   12 51  0     55.29    0.4428E-01      91.2    352.7
2019  7  9   190   12 52  0     55.10    0.4502E-01      91.1    352.5
2019  7  9   190   12 53  0     54.91    0.4576E-01      90.9    353.4
2019  7  9   190   12 54  0     54.72    0.4659E-01      90.9    352.5
2019  7  9   190   12 55  0     54.53    0.4747E-01      91.0    352.4
2019  7  9   190   12 56  0     54.34    0.4827E-01      91.1    352.6
2019  7  9   190   12 57  0     54.15    0.4908E-01      91.1    352.6
2019  7  9   190   12 58  0     53.96    0.5007E-01      91.5    353.5
2019  7  9   190   12 59  0     53.77    0.5103E-01      91.8    352.7
2019  7  9   190   13  0  0     53.59    0.5198E-01      92.0    352.8
2019  7  9   190   13  1  0     53.40    0.5293E-01      92.2    352.7
2019  7  9   190   13  2  0     53.21    0.5402E-01      92.6    352.6
2019  7  9   190   13  3  0     53.02    0.5506E-01      92.9    352.6
2019  7  9   190   13  4  0     52.83    0.5617E-01      93.4    352.6
2019  7  9   190   13  5  0     52.64    0.5723E-01      93.5    352.5
2019  7  9   190   13  6  0     52.45    0.5833E-01      93.7    352.3
2019  7  9   190   13  7  0     52.26    0.5947E-01      94.2    352.3
2019  7  9   190   13  8  0     52.07    0.6038E-01      94.2    352.4
2019  7  9   190   13  9  0     51.88    0.6128E-01      94.1    352.4
2019  7  9   190   13 10  0     51.69    0.6244E-01      94.4    352.3
2019  7  9   190   13 11  0     51.50    0.6361E-01      94.7    352.1
2019  7  9   190   13 12  0     51.31    0.6465E-01      94.7    352.0
2019  7  9   190   13 13  0     51.13    0.6551E-01      94.5    351.9
2019  7  9   190   13 14  0     50.94    0.6644E-01      94.3    351.8
2019  7  9   190   13 15  0     50.75    0.6740E-01      94.3    351.9
2019  7  9   190   13 16  0     50.56    0.6857E-01      94.6    351.9
2019  7  9   190   13 17  0     50.37    0.6972E-01      94.8    351.9
2019  7  9   190   13 18  0     50.18    0.7097E-01      95.3    352.0
2019  7  9   190   13 19  0     49.99    0.7212E-01      95.6    352.1
2019  7  9   190   13 20  0     49.80    0.7322E-01      95.6    352.0
2019  7  9   190   13 21  0     49.61    0.7436E-01      95.6    351.7
2019  7  9   190   13 22  0     49.42    0.7552E-01      95.8    351.7
2019  7  9   190   13 23  0     49.24    0.7661E-01      95.9    351.8
2019  7  9   190   13 24  0     49.05    0.7796E-01      96.4    351.9
2019  7  9   190   13 25  0     48.86    0.7920E-01      96.7    351.9
2019  7  9   190   13 26  0     48.67    0.8059E-01      97.1    351.9
2019  7  9   190   13 27  0     48.48    0.8195E-01      97.4    351.8
2019  7  9   190   13 28  0     48.29    0.8331E-01      97.8    351.8
2019  7  9   190   13 29  0     48.10    0.8479E-01      98.4    351.9
2019  7  9   190   13 30  0     47.92    0.8582E-01      98.2    351.8
2019  7  9   190   13 31  0     47.73    0.8723E-01      98.6    351.8
2019  7  9   190   13 32  0     47.54    0.8842E-01      98.6    351.6
2019  7  9   190   13 33  0     47.35    0.8967E-01      98.6    351.4
2019  7  9   190   13 34  0     47.16    0.9084E-01      98.8    351.5
2019  7  9   190   13 35  0     46.97    0.9192E-01      98.7    351.6
2019  7  9   190   13 36  0     46.79    0.9317E-01      98.8    351.6
2019  7  9   190   13 37  0     46.60    0.9487E-01      99.6    351.6
2019  7  9   190   13 38  0     46.41    0.9576E-01      99.2    351.5
2019  7  9   190   13 39  0     46.22    0.9651E-01      98.6    351.5
2019  7  9   190   13 40  0     46.04    0.9752E-01      98.4    351.5
2019  7  9   190   13 41  0     45.85    0.9870E-01      98.4    351.6
2019  7  9   190   13 42  0     45.66    0.1007E+00      99.3    351.5
2019  7  9   190   13 43  0     45.47    0.1023E+00      99.7    351.3
2019  7  9   190   13 44  0     45.29    0.1038E+00     100.0    351.2
2019  7  9   190   13 45  0     45.10    0.1050E+00      99.8    351.1
2019  7  9   190   13 46  0     44.91    0.1067E+00     100.4    351.1
2019  7  9   190   13 47  0     44.72    0.1081E+00     100.4    350.9
2019  7  9   190   13 48  0     44.54    0.1096E+00     100.6    350.7
2019  7  9   190   13 49  0     44.35    0.1112E+00     100.7    350.6
2019  7  9   190   13 50  0     44.16    0.1127E+00     100.9    350.5
2019  7  9   190   13 51  0     43.98    0.1141E+00     101.0    350.3
2019  7  9   190   13 52  0     43.79    0.1158E+00     101.3    350.2
2019  7  9   190   13 53  0     43.60    0.1173E+00     101.5    350.2
2019  7  9   190   13 54  0     43.42    0.1187E+00     101.4    350.0
2019  7  9   190   13 55  0     43.23    0.1201E+00     101.6    350.0
2019  7  9   190   13 56  0     43.05    0.1218E+00     101.9    350.0
2019  7  9   190   13 57  0     42.86    0.1232E+00     101.9    349.8
2019  7  9   190   13 58  0     42.67    0.1245E+00     101.8    349.8
2019  7  9   190   13 59  0     42.49    0.1262E+00     102.2    349.8
2019  7  9   190   14  0  0     42.30    0.1282E+00     102.7    349.6
2019  7  9   190   14  1  0     42.12    0.1301E+00     103.2    349.4
2019  7  9   190   14  2  0     41.93    0.1316E+00     103.2    349.3
2019  7  9   190   14  3  0     41.75    0.1336E+00     103.9    349.3
2019  7  9   190   14  4  0     41.56    0.1346E+00     103.6    349.4
2019  7  9   190   14  5  0     41.38    0.1355E+00     103.2    349.4
2019  7  9   190   14  6  0     41.19    0.1367E+00     103.0    349.3
2019  7  9   190   14  7  0     41.01    0.1384E+00     103.2    349.2
2019  7  9   190   14  8  0     40.82    0.1402E+00     103.4    349.0
2019  7  9   190   14  9  0     40.64    0.1416E+00     103.4    349.0
2019  7  9   190   14 10  0     40.45    0.1433E+00     103.7    349.0
2019  7  9   190   14 11  0     40.27    0.1457E+00     104.3    348.6
2019  7  9   190   14 12  0     40.09    0.1475E+00     104.4    348.2
2019  7  9   190   14 13  0     39.90    0.1488E+00     104.1    348.0
2019  7  9   190   14 14  0     39.72    0.1508E+00     104.6    348.1
2019  7  9   190   14 15  0     39.54    0.1522E+00     104.6    348.1
2019  7  9   190   14 16  0     39.35    0.1542E+00     104.9    348.0
2019  7  9   190   14 17  0     39.17    0.1563E+00     105.4    347.9
2019  7  9   190   14 18  0     38.99    0.1580E+00     105.7    347.8
2019  7  9   190   14 19  0     38.81    0.1598E+00     105.8    347.6
2019  7  9   190   14 20  0     38.62    0.1616E+00     106.0    347.5
2019  7  9   190   14 21  0     38.44    0.1634E+00     106.2    347.4
2019  7  9   190   14 22  0     38.26    0.1656E+00     106.8    347.4
2019  7  9   190   14 23  0     38.08    0.1671E+00     106.8    347.3
2019  7  9   190   14 24  0     37.90    0.1684E+00     106.6    347.2
2019  7  9   190   14 25  0     37.72    0.1707E+00     107.0    346.8
2019  7  9   190   14 26  0     37.54    0.1724E+00     107.1    346.7
2019  7  9   190   14 27  0     37.35    0.1735E+00     107.1    347.0
2019  7  9   190   14 28  0     37.17    0.1753E+00     107.4    347.1
2019  7  9   190   14 29  0     36.99    0.1776E+00     107.8    346.8
2019  7  9   190   14 30  0     36.81    0.1798E+00     108.3    346.7
2019  7  9   190   14 31  0     36.63    0.1817E+00     108.6    346.5
2019  7  9   190   14 32  0     36.45    0.1826E+00     108.2    346.5
2019  7  9   190   14 33  0     36.28    0.1831E+00     107.5    346.4
2019  7  9   190   14 34  0     36.10    0.1848E+00     107.5    346.1
2019  7  9   190   14 35  0     35.92    0.1866E+00     107.5    346.0
2019  7  9   190   14 36  0     35.74    0.1888E+00     108.1    346.0
2019  7  9   190   14 37  0     35.56    0.1914E+00     108.8    346.0
2019  7  9   190   14 38  0     35.38    0.1937E+00     109.3    346.0
2019  7  9   190   14 39  0     35.21    0.1955E+00     109.4    345.7
2019  7  9   190   14 40  0     35.03    0.1972E+00     109.3    345.6
2019  7  9   190   14 41  0     34.85    0.1984E+00     109.0    345.4
2019  7  9   190   14 42  0     34.68    0.2009E+00     109.5    345.3
2019  7  9   190   14 43  0     34.50    0.2028E+00     109.7    345.2
2019  7  9   190   14 44  0     34.32    0.2046E+00     109.8    345.1
2019  7  9   190   14 45  0     34.15    0.2074E+00     110.5    345.0
2019  7  9   190   14 46  0     33.97    0.2094E+00     110.7    344.8
2019  7  9   190   14 47  0     33.80    0.2114E+00     111.1    344.9
2019  7  9   190   14 48  0     33.62    0.2136E+00     111.5    344.8
2019  7  9   190   14 49  0     33.45    0.2156E+00     111.6    344.6
2019  7  9   190   14 50  0     33.28    0.2169E+00     111.4    344.5
2019  7  9   190   14 51  0     33.10    0.2184E+00     111.4    344.5
2019  7  9   190   14 52  0     32.93    0.2211E+00     112.3    344.7
2019  7  9   190   14 53  0     32.76    0.2236E+00     112.9    344.7
2019  7  9   190   14 54  0     32.58    0.2258E+00     113.3    344.5
2019  7  9   190   14 55  0     32.41    0.2259E+00     112.2    344.1
2019  7  9   190   14 56  0     32.24    0.2256E+00     111.1    344.0
2019  7  9   190   14 57  0     32.07    0.2278E+00     111.7    344.3
2019  7  9   190   14 58  0     31.90    0.2298E+00     112.2    344.5
2019  7  9   190   14 59  0     31.73    0.2318E+00     112.5    344.4
2019  7  9   190   15  0  0     31.56    0.2328E+00     112.2    344.4
2019  7  9   190   15  1  0     31.39    0.2341E+00     112.1    344.2
2019  7  9   190   15  2  0     31.22    0.2361E+00     112.1    343.8
2019  7  9   190   15  3  0     31.05    0.2385E+00     112.6    343.8
2019  7  9   190   15  4  0     30.88    0.2401E+00     112.8    343.8
2019  7  9   190   15  5  0     30.72    0.2410E+00     112.5    343.8
2019  7  9   190   15  6  0     30.55    0.2414E+00     111.7    343.4
2019  7  9   190   15  7  0     30.38    0.2412E+00     110.9    343.4
2019  7  9   190   15  8  0     30.22    0.2433E+00     111.3    343.5
2019  7  9   190   15  9  0     30.05    0.2455E+00     111.8    343.7
2019  7  9   190   15 10  0     29.89    0.2481E+00     112.3    343.5
2019  7  9   190   15 11  0     29.72    0.2495E+00     112.1    343.2
2019  7  9   190   15 12  0     29.56    0.2520E+00     112.6    343.0
2019  7  9   190   15 13  0     29.39    0.2544E+00     113.3    343.3
2019  7  9   190   15 14  0     29.23    0.2565E+00     113.7    343.3
2019  7  9   190   15 15  0     29.07    0.2584E+00     113.9    343.2
2019  7  9   190   15 16  0     28.91    0.2608E+00     114.2    342.9
2019  7  9   190   15 17  0     28.75    0.2621E+00     114.0    342.7
2019  7  9   190   15 18  0     28.58    0.2637E+00     114.2    342.8
2019  7  9   190   15 19  0     28.42    0.2642E+00     113.8    342.9
2019  7  9   190   15 20  0     28.27    0.2656E+00     113.7    342.8
2019  7  9   190   15 21  0     28.11    0.2667E+00     113.3    342.4
2019  7  9   190   15 22  0     27.95    0.2689E+00     113.8    342.4
2019  7  9   190   15 23  0     27.79    0.2713E+00     114.5    342.7
2019  7  9   190   15 24  0     27.63    0.2741E+00     115.3    342.7
2019  7  9   190   15 25  0     27.48    0.2760E+00     115.3    342.3
2019  7  9   190   15 26  0     27.32    0.2777E+00     115.4    342.2
2019  7  9   190   15 27  0     27.17    0.2775E+00     114.6    342.2
2019  7  9   190   15 28  0     27.01    0.2786E+00     114.5    342.1
2019  7  9   190   15 29  0     26.86    0.2801E+00     114.5    342.1
2019  7  9   190   15 30  0     26.71    0.2828E+00     115.2    342.0
2019  7  9   190   15 31  0     26.56    0.2863E+00     116.2    342.0
2019  7  9   190   15 32  0     26.41    0.2883E+00     116.4    341.8
2019  7  9   190   15 33  0     26.26    0.2901E+00     116.6    341.8
2019  7  9   190   15 34  0     26.11    0.2942E+00     117.7    341.6
2019  7  9   190   15 35  0     25.96    0.2968E+00     118.2    341.4
2019  7  9   190   15 36  0     25.81    0.2974E+00     118.1    341.6
2019  7  9   190   15 37  0     25.66    0.2987E+00     118.1    341.5
2019  7  9   190   15 38  0     25.52    0.2980E+00     117.2    341.3
2019  7  9   190   15 39  0     25.37    0.2938E+00     115.2    341.6
2019  7  9   190   15 40  0     25.23    0.2605E+00     100.4    342.2
2019  7  9   190   15 41  0     25.09    0.2921E+00     114.3    342.3
2019  7  9   190   15 42  0     24.94    0.2908E+00     113.4    342.6
2019  7  9   190   15 43  0     24.80    0.3059E+00     118.8    341.7
2019  7  9   190   15 44  0     24.66    0.3104E+00     119.9    341.3
2019  7  9   190   15 45  0     24.52    0.3116E+00     119.5    341.0
2019  7  9   190   15 46  0     24.38    0.3112E+00     119.1    341.3
2019  7  9   190   15 47  0     24.25    0.3104E+00     118.5    341.5
2019  7  9   190   15 48  0     24.11    0.3141E+00     119.4    341.4
2019  7  9   190   15 49  0     23.98    0.3153E+00     119.4    341.2
2019  7  9   190   15 50  0     23.84    0.3121E+00     117.6    341.1
2019  7  9   190   15 51  0     23.71    0.3061E+00     115.0    341.5
2019  7  9   190   15 52  0     23.58    0.2970E+00     110.9    341.8
2019  7  9   190   15 53  0     23.45    0.3113E+00     116.4    341.6
2019  7  9   190   15 54  0     23.32    0.3160E+00     117.5    341.3
2019  7  9   190   15 55  0     23.19    0.3197E+00     118.5    341.1
2019  7  9   190   15 56  0     23.06    0.3205E+00     118.3    340.9
2019  7  9   190   15 57  0     22.93    0.3236E+00     119.5    341.2
2019  7  9   190   15 58  0     22.81    0.3252E+00     120.2    341.5
2019  7  9   190   15 59  0     22.69    0.3216E+00     118.8    341.7
2019  7  9   190   16  0  0     22.56    0.3137E+00     115.7    342.0
2019  7  9   190   16  1  0     22.44    0.2183E+00      75.9    342.4
2019  7  9   190   16  2  0     22.32    0.1964E+00      68.5    345.1
2019  7  9   190   16  3  0     22.20    0.1949E+00      67.9    345.4
2019  7  9   190   16  4  0     22.09    0.1994E+00      69.4    345.2
2019  7  9   190   16  5  0     21.97    0.2534E+00      91.6    345.0
2019  7  9   190   16  6  0     21.86    0.2581E+00      91.5    342.7
2019  7  9   190   16  7  0     21.74    0.2516E+00      89.3    343.8
2019  7  9   190   16  8  0     21.63    0.2227E+00      77.7    344.5
2019  7  9   190   16  9  0     21.52    0.2017E+00      69.6    345.5
2019  7  9   190   16 10  0     21.41    0.2139E+00      74.0    344.6
2019  7  9   190   16 11  0     21.31    0.1860E+00      63.0    345.5
2019  7  9   190   16 12  0     21.20    0.1836E+00      61.9    345.7
2019  7  9   190   16 13  0     21.10    0.2035E+00      70.3    346.6
2019  7  9   190   16 14  0     21.00    0.3098E+00     110.9    342.9
2019  7  9   190   16 15  0     20.90    0.3358E+00     119.4    341.4
2019  7  9   190   16 16  0     20.80    0.3414E+00     120.8    341.2
2019  7  9   190   16 17  0     20.70    0.3391E+00     119.5    341.0
2019  7  9   190   16 18  0     20.60    0.3378E+00     118.5    340.9
2019  7  9   190   16 19  0     20.51    0.3364E+00     117.6    340.8
2019  7  9   190   16 20  0     20.42    0.3369E+00     117.6    340.9
2019  7  9   190   16 21  0     20.33    0.3394E+00     118.3    341.0
2019  7  9   190   16 22  0     20.24    0.3437E+00     119.5    340.7
2019  7  9   190   16 23  0     20.15    0.3361E+00     116.0    340.4
2019  7  9   190   16 24  0     20.07    0.3345E+00     115.8    340.9
2019  7  9   190   16 25  0     19.99    0.3434E+00     118.2    340.0
2019  7  9   190   16 26  0     19.90    0.3511E+00     120.7    339.7
2019  7  9   190   16 27  0     19.83    0.3529E+00     121.0    339.7
2019  7  9   190   16 28  0     19.75    0.3503E+00     119.9    339.8
2019  7  9   190   16 29  0     19.67    0.3477E+00     118.6    339.6
2019  7  9   190   16 30  0     19.60    0.3455E+00     117.4    339.3
2019  7  9   190   16 31  0     19.53    0.3519E+00     119.4    339.1
2019  7  9   190   16 32  0     19.46    0.3509E+00     118.8    339.1
2019  7  9   190   16 33  0     19.39    0.3529E+00     119.2    338.9
2019  7  9   190   16 34  0     19.33    0.3510E+00     118.2    338.6
2019  7  9   190   16 35  0     19.26    0.3515E+00     118.0    338.3
2019  7  9   190   16 36  0     19.20    0.3544E+00     118.9    338.1
2019  7  9   190   16 37  0     19.14    0.3562E+00     119.3    338.1
2019  7  9   190   16 38  0     19.09    0.3529E+00     118.1    338.3
2019  7  9   190   16 39  0     19.03    0.3580E+00     119.6    337.9
2019  7  9   190   16 40  0     18.98    0.3646E+00     121.5    337.4
2019  7  9   190   16 41  0     18.93    0.3656E+00     121.7    337.3
2019  7  9   190   16 42  0     18.88    0.3614E+00     119.8    337.0
2019  7  9   190   16 43  0     18.84    0.3621E+00     119.8    336.9
2019  7  9   190   16 44  0     18.79    0.3626E+00     119.8    336.8
2019  7  9   190   16 45  0     18.75    0.3654E+00     120.6    336.8
2019  7  9   190   16 46  0     18.71    0.3695E+00     121.8    336.6
2019  7  9   190   16 47  0     18.68    0.3703E+00     121.8    336.4
2019  7  9   190   16 48  0     18.64    0.3724E+00     122.3    336.0
2019  7  9   190   16 49  0     18.61    0.3738E+00     122.5    335.8
2019  7  9   190   16 50  0     18.58    0.3705E+00     121.3    335.9
2019  7  9   190   16 51  0     18.55    0.3712E+00     121.5    336.0
2019  7  9   190   16 52  0     18.53    0.3738E+00     122.1    335.6
2019  7  9   190   16 53  0     18.51    0.3754E+00     122.3    335.2
2019  7  9   190   16 54  0     18.49    0.3756E+00     122.1    335.0
2019  7  9   190   16 55  0     18.47    0.3740E+00     121.6    335.2
2019  7  9   190   16 56  0     18.45    0.3759E+00     122.4    335.4
2019  7  9   190   16 57  0     18.44    0.3775E+00     122.9    335.3
2019  7  9   190   16 58  0     18.43    0.3771E+00     122.6    335.2
2019  7  9   190   16 59  0     18.42    0.3791E+00     123.2    335.0
2019  7  9   190   17  0  0     18.42    0.3817E+00     124.0    334.8
2019  7  9   190   17  1  0     18.41    0.3825E+00     124.1    334.6
2019  7  9   190   17  2  0     18.41    0.3831E+00     124.5    334.7
2019  7  9   190   17  3  0     18.41    0.3831E+00     124.4    334.6
2019  7  9   190   17  4  0     18.42    0.3793E+00     122.9    334.5
2019  7  9   190   17  5  0     18.43    0.3802E+00     123.2    334.3
2019  7  9   190   17  6  0     18.43    0.3772E+00     122.2    334.5
2019  7  9   190   17  7  0     18.45    0.3805E+00     123.7    334.9
2019  7  9   190   17  8  0     18.46    0.3791E+00     123.1    334.7
2019  7  9   190   17  9  0     18.47    0.3764E+00     122.0    334.4
2019  7  9   190   17 10  0     18.49    0.3776E+00     122.1    333.8
2019  7  9   190   17 11  0     18.51    0.3794E+00     122.6    333.6
2019  7  9   190   17 12  0     18.54    0.3779E+00     122.3    333.9
2019  7  9   190   17 13  0     18.56    0.3780E+00     122.6    334.2
2019  7  9   190   17 14  0     18.59    0.3828E+00     124.2    333.9
2019  7  9   190   17 15  0     18.62    0.3827E+00     123.8    333.4
2019  7  9   190   17 16  0     18.65    0.3812E+00     123.2    333.3
2019  7  9   190   17 17  0     18.69    0.3830E+00     124.1    333.4
2019  7  9   190   17 18  0     18.73    0.3835E+00     124.3    333.3
2019  7  9   190   17 19  0     18.77    0.3821E+00     123.7    333.1
2019  7  9   190   17 20  0     18.81    0.3837E+00     124.2    332.7
2019  7  9   190   17 21  0     18.85    0.3814E+00     123.3    332.6
2019  7  9   190   17 22  0     18.90    0.3806E+00     123.1    332.6
2019  7  9   190   17 23  0     18.95    0.3810E+00     123.5    332.7
2019  7  9   190   17 24  0     19.00    0.3804E+00     123.5    332.8
2019  7  9   190   17 25  0     19.05    0.3807E+00     123.6    332.7
2019  7  9   190   17 26  0     19.11    0.3827E+00     124.5    332.6
2019  7  9   190   17 27  0     19.16    0.3845E+00     125.0    332.2
2019  7  9   190   17 28  0     19.22    0.3789E+00     122.9    332.0
2019  7  9   190   17 29  0     19.28    0.3761E+00     122.1    332.0
2019  7  9   190   17 30  0     19.35    0.3792E+00     123.6    332.3
2019  7  9   190   17 31  0     19.41    0.3843E+00     125.8    332.4
2019  7  9   190   17 32  0     19.48    0.3847E+00     126.0    332.2
2019  7  9   190   17 33  0     19.55    0.3823E+00     125.1    332.0
2019  7  9   190   17 34  0     19.62    0.3829E+00     125.2    331.7
2019  7  9   190   17 35  0     19.70    0.3777E+00     123.6    331.6
2019  7  9   190   17 36  0     19.77    0.3760E+00     123.2    331.8
2019  7  9   190   17 37  0     19.85    0.3785E+00     124.3    331.8
2019  7  9   190   17 38  0     19.93    0.3809E+00     125.3    331.6
2019  7  9   190   17 39  0     20.01    0.3802E+00     125.0    331.4
2019  7  9   190   17 40  0     20.10    0.3802E+00     125.4    331.5
2019  7  9   190   17 41  0     20.18    0.3789E+00     125.4    331.7
2019  7  9   190   17 42  0     20.27    0.3790E+00     125.7    331.7
2019  7  9   190   17 43  0     20.36    0.3794E+00     125.8    331.3
2019  7  9   190   17 44  0     20.45    0.3776E+00     125.2    331.0
2019  7  9   190   17 45  0     20.54    0.3802E+00     126.5    330.9
2019  7  9   190   17 46  0     20.64    0.3727E+00     124.1    331.3
2019  7  9   190   17 47  0     20.73    0.3697E+00     123.6    331.6
2019  7  9   190   17 48  0     20.83    0.3675E+00     123.1    331.6
2019  7  9   190   17 49  0     20.93    0.3688E+00     123.5    331.2
2019  7  9   190   17 50  0     21.03    0.3708E+00     124.3    330.8
2019  7  9   190   17 51  0     21.13    0.3677E+00     123.5    330.9
2019  7  9   190   17 52  0     21.24    0.3657E+00     123.4    331.3
2019  7  9   190   17 53  0     21.34    0.3660E+00     124.1    331.5
2019  7  9   190   17 54  0     21.45    0.3658E+00     124.0    331.1
2019  7  9   190   17 55  0     21.56    0.3638E+00     123.4    330.8
2019  7  9   190   17 56  0     21.67    0.3620E+00     123.0    330.7
2019  7  9   190   17 57  0     21.78    0.3626E+00     123.8    331.0
2019  7  9   190   17 58  0     21.90    0.3596E+00     123.2    331.3
2019  7  9   190   17 59  0     22.01    0.3595E+00     123.2    331.1
2019  7  9   190   18  0  0     22.13    0.3633E+00     124.4    330.4
2019  7  9   190   18  1  0     22.24    0.3632E+00     124.5    330.1
2019  7  9   190   18  2  0     22.36    0.3625E+00     124.6    330.1
2019  7  9   190   18  3  0     22.48    0.3634E+00     125.5    330.2
2019  7  9   190   18  4  0     22.60    0.3591E+00     123.9    329.9
2019  7  9   190   18  5  0     22.73    0.3595E+00     124.3    329.7
2019  7  9   190   18  6  0     22.85    0.3636E+00     126.1    329.5
2019  7  9   190   18  7  0     22.98    0.3625E+00     126.4    329.9
2019  7  9   190   18  8  0     23.10    0.3615E+00     126.5    330.1
2019  7  9   190   18  9  0     23.23    0.3600E+00     126.0    329.6
2019  7  9   190   18 10  0     23.36    0.3588E+00     125.6    329.1
2019  7  9   190   18 11  0     23.49    0.3586E+00     125.7    328.8
2019  7  9   190   18 12  0     23.62    0.3558E+00     125.1    329.0
2019  7  9   190   18 13  0     23.75    0.3604E+00     127.7    329.3
2019  7  9   190   18 14  0     23.89    0.3590E+00     127.3    329.0
2019  7  9   190   18 15  0     24.02    0.3539E+00     125.7    328.9
2019  7  9   190   18 16  0     24.16    0.3546E+00     126.4    328.8
2019  7  9   190   18 17  0     24.29    0.3544E+00     126.8    328.7
2019  7  9   190   18 18  0     24.43    0.3539E+00     127.1    328.7
2019  7  9   190   18 19  0     24.57    0.3530E+00     127.0    328.4
2019  7  9   190   18 20  0     24.71    0.3517E+00     126.7    328.0
2019  7  9   190   18 21  0     24.85    0.3479E+00     125.7    328.1
2019  7  9   190   18 22  0     24.99    0.3472E+00     126.1    328.3
2019  7  9   190   18 23  0     25.13    0.3458E+00     126.1    328.4
2019  7  9   190   18 24  0     25.28    0.3479E+00     127.1    328.0
2019  7  9   190   18 25  0     25.42    0.3486E+00     127.7    327.7
2019  7  9   190   18 26  0     25.57    0.3476E+00     127.9    327.7
2019  7  9   190   18 27  0     25.71    0.3459E+00     127.9    327.8
2019  7  9   190   18 28  0     25.86    0.3448E+00     128.0    327.8
2019  7  9   190   18 29  0     26.01    0.3452E+00     128.7    327.7
2019  7  9   190   18 30  0     26.16    0.3408E+00     127.4    327.7
2019  7  9   190   18 31  0     26.31    0.3366E+00     126.3    327.7
2019  7  9   190   18 32  0     26.46    0.3335E+00     125.7    327.7
2019  7  9   190   18 33  0     26.61    0.3308E+00     125.1    327.7
2019  7  9   190   18 34  0     26.76    0.3285E+00     124.7    327.6
2019  7  9   190   18 35  0     26.91    0.3274E+00     124.8    327.5
2019  7  9   190   18 36  0     27.07    0.3272E+00     125.2    327.4
2019  7  9   190   18 37  0     27.22    0.3242E+00     124.5    327.4
2019  7  9   190   18 38  0     27.38    0.3204E+00     123.4    327.3
2019  7  9   190   18 39  0     27.53    0.3225E+00     124.8    327.1
2019  7  9   190   18 40  0     27.69    0.3224E+00     125.2    326.8
2019  7  9   190   18 41  0     27.85    0.3220E+00     125.6    326.7
2019  7  9   190   18 42  0     28.00    0.3207E+00     125.5    326.5
2019  7  9   190   18 43  0     28.16    0.3196E+00     125.5    326.4
2019  7  9   190   18 44  0     28.32    0.3212E+00     126.7    326.1
2019  7  9   190   18 45  0     28.48    0.3211E+00     127.2    325.9
2019  7  9   190   18 46  0     28.64    0.3201E+00     127.4    325.9
2019  7  9   190   18 47  0     28.80    0.3182E+00     127.2    325.9
2019  7  9   190   18 48  0     28.96    0.3161E+00     126.9    325.8
2019  7  9   190   18 49  0     29.12    0.3154E+00     127.1    325.5
2019  7  9   190   18 50  0     29.29    0.3146E+00     127.1    325.1
2019  7  9   190   18 51  0     29.45    0.3121E+00     126.5    324.9
2019  7  9   190   18 52  0     29.61    0.3109E+00     126.6    324.9
2019  7  9   190   18 53  0     29.78    0.3087E+00     126.2    324.8
2019  7  9   190   18 54  0     29.94    0.3088E+00     127.0    324.8
2019  7  9   190   18 55  0     30.11    0.3077E+00     127.1    324.7
2019  7  9   190   18 56  0     30.27    0.3075E+00     127.6    324.4
2019  7  9   190   18 57  0     30.44    0.3064E+00     127.8    324.4
2019  7  9   190   18 58  0     30.61    0.3044E+00     127.5    324.3
2019  7  9   190   18 59  0     30.77    0.3032E+00     127.6    324.0
2019  7  9   190   19  0  0     30.94    0.3023E+00     127.8    323.8
2019  7  9   190   19  1  0     31.11    0.3003E+00     127.5    323.7
2019  7  9   190   19  2  0     31.28    0.2988E+00     127.5    323.6
2019  7  9   190   19  3  0     31.45    0.2932E+00     125.8    323.8
2019  7  9   190   19  4  0     31.62    0.2936E+00     126.9    323.9
2019  7  9   190   19  5  0     31.79    0.2939E+00     127.6    323.6
2019  7  9   190   19  6  0     31.96    0.2933E+00     127.8    323.2
2019  7  9   190   19  7  0     32.13    0.2912E+00     127.4    323.0
2019  7  9   190   19  8  0     32.30    0.2872E+00     126.2    322.9
2019  7  9   190   19  9  0     32.47    0.2883E+00     127.7    322.9
2019  7  9   190   19 10  0     32.64    0.2916E+00     130.1    322.6
2019  7  9   190   19 11  0     32.82    0.2922E+00     131.0    322.3
2019  7  9   190   19 12  0     32.99    0.2910E+00     131.2    322.2
2019  7  9   190   19 13  0     33.16    0.2865E+00     129.9    322.3
2019  7  9   190   19 14  0     33.34    0.2846E+00     130.0    322.3
2019  7  9   190   19 15  0     33.51    0.2838E+00     130.2    322.0
2019  7  9   190   19 16  0     33.68    0.2820E+00     130.0    321.7
2019  7  9   190   19 17  0     33.86    0.2779E+00     129.0    321.8
2019  7  9   190   19 18  0     34.03    0.2744E+00     128.2    321.9
2019  7  9   190   19 19  0     34.21    0.2716E+00     127.5    321.7
2019  7  9   190   19 20  0     34.39    0.2707E+00     127.8    321.5
2019  7  9   190   19 21  0     34.56    0.2689E+00     127.8    321.6
2019  7  9   190   19 22  0     34.74    0.2674E+00     127.8    321.5
2019  7  9   190   19 23  0     34.92    0.2659E+00     127.9    321.3
2019  7  9   190   19 24  0     35.09    0.2648E+00     127.8    321.0
2019  7  9   190   19 25  0     35.27    0.2639E+00     128.1    320.7
2019  7  9   190   19 26  0     35.45    0.2630E+00     128.6    320.7
2019  7  9   190   19 27  0     35.63    0.2628E+00     129.5    320.7
2019  7  9   190   19 28  0     35.80    0.2629E+00     130.5    320.6
2019  7  9   190   19 29  0     35.98    0.2623E+00     131.1    320.4
2019  7  9   190   19 30  0     36.16    0.2612E+00     131.3    320.2
2019  7  9   190   19 31  0     36.34    0.2610E+00     131.8    319.8
2019  7  9   190   19 32  0     36.52    0.2601E+00     132.0    319.4
2019  7  9   190   19 33  0     36.70    0.2593E+00     132.4    319.3
2019  7  9   190   19 34  0     36.88    0.2594E+00     133.3    319.0
2019  7  9   190   19 35  0     37.06    0.2581E+00     133.5    318.7
2019  7  9   190   19 36  0     37.24    0.2563E+00     133.6    318.7
2019  7  9   190   19 37  0     37.42    0.2549E+00     133.8    318.7
2019  7  9   190   19 38  0     37.60    0.2544E+00     134.4    318.3
2019  7  9   190   19 39  0     37.78    0.2526E+00     134.5    318.3
2019  7  9   190   19 40  0     37.96    0.2488E+00     133.6    318.5
2019  7  9   190   19 41  0     38.14    0.2459E+00     133.1    318.4
2019  7  9   190   19 42  0     38.33    0.2430E+00     132.2    318.0
2019  7  9   190   19 43  0     38.51    0.2411E+00     132.0    317.9
2019  7  9   190   19 44  0     38.69    0.2397E+00     132.2    317.8
2019  7  9   190   19 45  0     38.87    0.2393E+00     133.2    317.7
2019  7  9   190   19 46  0     39.05    0.2382E+00     133.5    317.2
2019  7  9   190   19 47  0     39.24    0.2353E+00     132.7    316.8
2019  7  9   190   19 48  0     39.42    0.2309E+00     131.2    316.8
2019  7  9   190   19 49  0     39.60    0.2307E+00     132.2    316.7
2019  7  9   190   19 50  0     39.79    0.2304E+00     133.4    317.1
2019  7  9   190   19 51  0     39.97    0.2275E+00     132.9    317.2
2019  7  9   190   19 52  0     40.15    0.2277E+00     134.0    316.4
2019  7  9   190   19 53  0     40.34    0.2269E+00     134.4    316.0
2019  7  9   190   19 54  0     40.52    0.2233E+00     133.2    315.9
2019  7  9   190   19 55  0     40.71    0.2186E+00     131.6    316.1
2019  7  9   190   19 56  0     40.89    0.2166E+00     131.7    316.6
2019  7  9   190   19 57  0     41.07    0.2161E+00     132.7    316.1
2019  7  9   190   19 58  0     41.26    0.2143E+00     132.5    315.7
2019  7  9   190   19 59  0     41.44    0.2114E+00     131.5    315.4
2019  7  9   190   20  0  0     41.63    0.2090E+00     131.3    315.5
2019  7  9   190   20  1  0     41.81    0.2048E+00     129.6    315.4
2019  7  9   190   20  2  0     42.00    0.2037E+00     130.2    315.8
2019  7  9   190   20  3  0     42.18    0.2030E+00     131.1    315.2
2019  7  9   190   20  4  0     42.37    0.2013E+00     131.2    315.2
2019  7  9   190   20  5  0     42.56    0.1992E+00     130.9    315.0
2019  7  9   190   20  6  0     42.74    0.1996E+00     132.7    314.9
2019  7  9   190   20  7  0     42.93    0.1995E+00     133.7    314.5
2019  7  9   190   20  8  0     43.11    0.1988E+00     134.4    314.2
2019  7  9   190   20  9  0     43.30    0.1972E+00     134.6    314.1
2019  7  9   190   20 10  0     43.49    0.1951E+00     134.3    313.9
2019  7  9   190   20 11  0     43.67    0.1925E+00     133.6    313.6
2019  7  9   190   20 12  0     43.86    0.1908E+00     133.4    313.2
2019  7  9   190   20 13  0     44.05    0.1890E+00     133.4    313.0
2019  7  9   190   20 14  0     44.23    0.1886E+00     134.4    312.7
2019  7  9   190   20 15  0     44.42    0.1876E+00     135.0    312.5
2019  7  9   190   20 16  0     44.61    0.1861E+00     134.9    312.1
2019  7  9   190   20 17  0     44.79    0.1836E+00     134.3    311.9
2019  7  9   190   20 18  0     44.98    0.1811E+00     133.8    311.8
2019  7  9   190   20 19  0     45.17    0.1798E+00     134.3    311.7
2019  7  9   190   20 20  0     45.36    0.1775E+00     133.8    311.5
2019  7  9   190   20 21  0     45.54    0.1771E+00     134.7    311.1
2019  7  9   190   20 22  0     45.73    0.1760E+00     135.3    310.8
2019  7  9   190   20 23  0     45.92    0.1744E+00     135.2    310.5
2019  7  9   190   20 24  0     46.11    0.1724E+00     134.9    310.4
2019  7  9   190   20 25  0     46.29    0.1718E+00     135.9    310.2
2019  7  9   190   20 26  0     46.48    0.1682E+00     134.3    310.0
2019  7  9   190   20 27  0     46.67    0.1661E+00     133.9    309.7
2019  7  9   190   20 28  0     46.86    0.1653E+00     134.6    309.5
2019  7  9   190   20 29  0     47.05    0.1650E+00     135.9    309.2
2019  7  9   190   20 30  0     47.23    0.1634E+00     136.1    309.1
2019  7  9   190   20 31  0     47.42    0.1627E+00     137.0    308.8
2019  7  9   190   20 32  0     47.61    0.1613E+00     137.1    308.5
2019  7  9   190   20 33  0     47.80    0.1601E+00     137.7    308.4
2019  7  9   190   20 34  0     47.99    0.1579E+00     137.1    308.0
2019  7  9   190   20 35  0     48.18    0.1560E+00     137.0    308.0
2019  7  9   190   20 36  0     48.36    0.1553E+00     137.9    307.7
2019  7  9   190   20 37  0     48.55    0.1544E+00     138.6    307.4
2019  7  9   190   20 38  0     48.74    0.1531E+00     138.8    307.0
2019  7  9   190   20 39  0     48.93    0.1515E+00     139.0    306.8
2019  7  9   190   20 40  0     49.12    0.1492E+00     138.2    306.6
2019  7  9   190   20 41  0     49.31    0.1472E+00     137.9    306.4
2019  7  9   190   20 42  0     49.50    0.1459E+00     138.3    306.2
2019  7  9   190   20 43  0     49.69    0.1449E+00     139.0    306.0
2019  7  9   190   20 44  0     49.87    0.1436E+00     139.3    305.6
2019  7  9   190   20 45  0     50.06    0.1418E+00     139.0    305.4
2019  7  9   190   20 46  0     50.25    0.1400E+00     138.8    305.1
2019  7  9   190   20 47  0     50.44    0.1391E+00     139.6    304.7
2019  7  9   190   20 48  0     50.63    0.1383E+00     140.4    304.3
2019  7  9   190   20 49  0     50.82    0.1369E+00     140.6    304.0
2019  7  9   190   20 50  0     51.01    0.1356E+00     141.0    303.9
2019  7  9   190   20 51  0     51.20    0.1343E+00     141.4    303.6
2019  7  9   190   20 52  0     51.39    0.1330E+00     141.8    303.3
2019  7  9   190   20 53  0     51.58    0.1318E+00     142.3    303.1
2019  7  9   190   20 54  0     51.77    0.1308E+00     143.0    302.8
2019  7  9   190   20 55  0     51.95    0.1293E+00     143.2    302.5
2019  7  9   190   20 56  0     52.14    0.1274E+00     142.7    302.3
2019  7  9   190   20 57  0     52.33    0.1258E+00     142.7    302.0
2019  7  9   190   20 58  0     52.52    0.1242E+00     142.7    301.7
2019  7  9   190   20 59  0     52.71    0.1222E+00     142.2    301.6
2019  7  9   190   21  0  0     52.90    0.1210E+00     142.6    301.2
2019  7  9   190   21  1  0     53.09    0.1198E+00     143.1    301.0
2019  7  9   190   21  2  0     53.28    0.1184E+00     143.4    300.8
2019  7  9   190   21  3  0     53.47    0.1165E+00     142.8    300.5
2019  7  9   190   21  4  0     53.66    0.1148E+00     142.6    300.3
2019  7  9   190   21  5  0     53.85    0.1130E+00     142.2    300.0
2019  7  9   190   21  6  0     54.04    0.1112E+00     141.8    299.8
2019  7  9   190   21  7  0     54.23    0.1099E+00     142.3    299.6
2019  7  9   190   21  8  0     54.42    0.1084E+00     142.1    299.3
2019  7  9   190   21  9  0     54.61    0.1067E+00     141.8    299.0
2019  7  9   190   21 10  0     54.80    0.1053E+00     141.9    298.7
2019  7  9   190   21 11  0     54.99    0.1038E+00     141.8    298.4
2019  7  9   190   21 12  0     55.18    0.1032E+00     143.2    297.9
2019  7  9   190   21 13  0     55.36    0.1023E+00     143.9    297.8
2019  7  9   190   21 14  0     55.55    0.1006E+00     143.4    297.5
2019  7  9   190   21 15  0     55.74    0.9907E-01     143.1    297.2
2019  7  9   190   21 16  0     55.93    0.9787E-01     143.4    296.8
2019  7  9   190   21 17  0     56.12    0.9655E-01     143.4    295.9
2019  7  9   190   21 18  0     56.31    0.9521E-01     143.6    295.7
2019  7  9   190   21 19  0     56.50    0.9387E-01     143.7    295.5
2019  7  9   190   21 20  0     56.69    0.9238E-01     143.5    295.9
2019  7  9   190   21 21  0     56.88    0.9073E-01     142.8    295.5
2019  7  9   190   21 22  0     57.07    0.8931E-01     142.5    294.4
2019  7  9   190   21 23  0     57.26    0.8860E-01     144.0    294.2
2019  7  9   190   21 24  0     57.45    0.8748E-01     144.5    294.0
2019  7  9   190   21 25  0     57.64    0.8661E-01     145.4    293.7
2019  7  9   190   21 26  0     57.83    0.8578E-01     146.6    293.5
2019  7  9   190   21 27  0     58.02    0.8482E-01     147.2    293.0
2019  7  9   190   21 28  0     58.20    0.8351E-01     147.2    292.7
2019  7  9   190   21 29  0     58.39    0.8219E-01     147.2    292.5
2019  7  9   190   21 30  0     58.58    0.8098E-01     147.3    292.1
2019  7  9   190   21 31  0     58.77    0.7977E-01     147.4    291.7
2019  7  9   190   21 32  0     58.96    0.7853E-01     147.3    291.3
2019  7  9   190   21 33  0     59.15    0.7712E-01     146.9    290.9
2019  7  9   190   21 34  0     59.34    0.7599E-01     147.2    290.6
2019  7  9   190   21 35  0     59.53    0.7513E-01     148.1    290.3
2019  7  9   190   21 36  0     59.72    0.7431E-01     149.2    290.0
2019  7  9   190   21 37  0     59.91    0.7315E-01     149.5    289.6
2019  7  9   190   21 38  0     60.09    0.7220E-01     150.2    289.3
2019  7  9   190   21 39  0     60.28    0.7112E-01     150.4    288.9
2019  7  9   190   21 40  0     60.47    0.6995E-01     150.3    288.4
2019  7  9   190   21 41  0     60.66    0.6869E-01     150.1    288.1
2019  7  9   190   21 42  0     60.85    0.6749E-01     150.0    287.7
2019  7  9   190   21 43  0     61.04    0.6639E-01     150.5    287.5
2019  7  9   190   21 44  0     61.23    0.6554E-01     151.4    287.2
2019  7  9   190   21 45  0     61.41    0.6451E-01     151.7    286.8
2019  7  9   190   21 46  0     61.60    0.6339E-01     151.7    286.4
2019  7  9   190   21 47  0     61.79    0.6221E-01     151.4    285.9
2019  7  9   190   21 48  0     61.98    0.6106E-01     151.4    285.7
2019  7  9   190   21 49  0     62.17    0.6003E-01     151.6    285.2
2019  7  9   190   21 50  0     62.36    0.5898E-01     151.7    284.9
2019  7  9   190   21 51  0     62.54    0.5806E-01     152.2    284.6
2019  7  9   190   21 52  0     62.73    0.5720E-01     152.7    284.0
2019  7  9   190   21 53  0     62.92    0.5609E-01     152.6    283.6
2019  7  9   190   21 54  0     63.11    0.5512E-01     152.5    283.0
2019  7  9   190   21 55  0     63.30    0.5424E-01     153.1    282.7
2019  7  9   190   21 56  0     63.48    0.5313E-01     152.7    282.4
2019  7  9   190   21 57  0     63.67    0.5216E-01     152.8    281.8
2019  7  9   190   21 58  0     63.86    0.5133E-01     153.5    281.6
2019  7  9   190   21 59  0     64.05    0.5040E-01     153.5    281.0
2019  7  9   190   22  0  0     64.24    0.4945E-01     153.5    280.6
2019  7  9   190   22  1  0     64.42    0.4862E-01     153.7    280.1
2019  7  9   190   22  2  0     64.61    0.4780E-01     154.5    279.7
2019  7  9   190   22  3  0     64.80    0.4692E-01     154.8    279.4
2019  7  9   190   22  4  0     64.99    0.4602E-01     154.8    278.8
2019  7  9   190   22  5  0     65.17    0.4505E-01     154.4    278.1
2019  7  9   190   22  6  0     65.36    0.4408E-01     153.9    278.0
2019  7  9   190   22  7  0     65.55    0.4330E-01     154.5    277.6
2019  7  9   190   22  8  0     65.73    0.4241E-01     154.4    277.2
2019  7  9   190   22  9  0     65.92    0.4127E-01     152.6    276.5
2019  7  9   190   22 10  0     66.11    0.4027E-01     151.7    275.3
2019  7  9   190   22 11  0     66.29    0.3941E-01     151.6    274.7
2019  7  9   190   22 12  0     66.48    0.3864E-01     152.0    274.1
2019  7  9   190   22 13  0     66.67    0.3805E-01     153.6    274.7
2019  7  9   190   22 14  0     66.85    0.3727E-01     153.8    274.3
2019  7  9   190   22 15  0     67.04    0.3649E-01     154.0    272.6
2019  7  9   190   22 16  0     67.23    0.3578E-01     154.2    272.1
2019  7  9   190   22 17  0     67.41    0.3500E-01     154.2    271.6
2019  7  9   190   22 18  0     67.60    0.3435E-01     154.8    271.1
2019  7  9   190   22 19  0     67.79    0.3372E-01     155.6    270.5
2019  7  9   190   22 20  0     67.97    0.3313E-01     156.6    270.0
2019  7  9   190   22 21  0     68.16    0.3255E-01     157.8    269.5
2019  7  9   190   22 22  0     68.34    0.3194E-01     158.4    268.9
2019  7  9   190   22 23  0     68.53    0.3127E-01     158.9    268.5
2019  7  9   190   22 24  0     68.71    0.3061E-01     159.2    267.9
2019  7  9   190   22 25  0     68.90    0.2998E-01     159.6    267.1
2019  7  9   190   22 26  0     69.09    0.2935E-01     159.8    266.6
2019  7  9   190   22 27  0     69.27    0.2872E-01     160.1    265.9
2019  7  9   190   22 28  0     69.46    0.2812E-01     160.5    265.4
2019  7  9   190   22 29  0     69.64    0.2749E-01     160.6    264.6
2019  7  9   190   22 30  0     69.83    0.2689E-01     160.9    264.0
2019  7  9   190   22 31  0     70.01    0.2630E-01     161.4    263.4
2019  7  9   190   22 32  0     70.20    0.2577E-01     162.1    262.7
2019  7  9   190   22 33  0     70.38    0.2513E-01     161.4    261.8
2019  7  9   190   22 34  0     70.57    0.2444E-01     160.6    261.3
2019  7  9   190   22 35  0     70.75    0.2389E-01     161.0    260.5
2019  7  9   190   22 36  0     70.93    0.2347E-01     163.1    260.1
2019  7  9   190   22 37  0     71.12    0.2300E-01     164.4    259.6
2019  7  9   190   22 38  0     71.30    0.2250E-01     165.0    259.0
2019  7  9   190   22 39  0     71.49    0.2203E-01     165.9    258.3
2019  7  9   190   22 40  0     71.67    0.2154E-01     166.4    257.5
2019  7  9   190   22 41  0     71.85    0.2101E-01     166.8    257.0
2019  7  9   190   22 42  0     72.04    0.2050E-01     166.9    255.5
2019  7  9   190   22 43  0     72.22    0.2004E-01     167.4    254.6
2019  7  9   190   22 44  0     72.40    0.1955E-01     167.6    253.8
2019  7  9   190   22 45  0     72.59    0.1913E-01     168.5    252.9
2019  7  9   190   22 46  0     72.77    0.1864E-01     168.4    253.2
2019  7  9   190   22 47  0     72.95    0.1814E-01     167.7    252.3
2019  7  9   190   22 48  0     73.14    0.1760E-01     165.9    249.5
2019  7  9   190   22 49  0     73.32    0.1710E-01     165.2    248.7
2019  7  9   190   22 50  0     73.50    0.1667E-01     165.1    247.6
2019  7  9   190   22 51  0     73.68    0.1623E-01     164.9    246.5
2019  7  9   190   22 52  0     73.87    0.1582E-01     165.5    245.7
2019  7  9   190   22 53  0     74.05    0.1541E-01     165.5    244.5
2019  7  9   190   22 54  0     74.23    0.1500E-01     165.3    243.5
2019  7  9   190   22 55  0     74.41    0.1460E-01     166.1    242.9
2019  7  9   190   22 56  0     74.60    0.1423E-01     166.5    241.9
2019  7  9   190   22 57  0     74.78    0.1384E-01     166.7    240.9
2019  7  9   190   22 58  0     74.96    0.1344E-01     165.4    239.5
2019  7  9   190   22 59  0     75.14    0.1304E-01     165.1    238.9
2019  7  9   190   23  0  0     75.32    0.1270E-01     165.1    237.4
2019  7  9   190   23  1  0     75.50    0.1232E-01     164.9    236.7
2019  7  9   190   23  2  0     75.68    0.1199E-01     165.2    235.5
2019  7  9   190   23  3  0     75.86    0.1166E-01     165.9    234.8
2019  7  9   190   23  4  0     76.04    0.1137E-01     166.9    232.5
2019  7  9   190   23  5  0     76.23    0.1110E-01     168.2    231.2
2019  7  9   190   23  6  0     76.41    0.1082E-01     168.2    229.5
2019  7  9   190   23  7  0     76.59    0.1048E-01     168.1    228.9
2019  7  9   190   23  8  0     76.77    0.1020E-01     169.3    227.9
2019  7  9   190   23  9  0     76.95    0.9969E-02     172.3    227.1
2019  7  9   190   23 10  0     77.13    0.9730E-02     174.7    226.3
2019  7  9   190   23 11  0     77.31    0.9483E-02     175.2    224.7
2019  7  9   190   23 12  0     77.48    0.9222E-02     176.1    223.6
2019  7  9   190   23 13  0     77.66    0.9015E-02     178.9    222.5
2019  7  9   190   23 14  0     77.84    0.8785E-02     180.7    221.4
2019  7  9   190   23 15  0     78.02    0.8544E-02     181.2    219.8
2019  7  9   190   23 16  0     78.20    0.8281E-02     181.3    218.9
2019  7  9   190   23 17  0     78.38    0.8082E-02     182.1    216.8
2019  7  9   190   23 18  0     78.56    0.7847E-02     182.1    215.2
2019  7  9   190   23 19  0     78.74    0.7611E-02     183.1    214.3
2019  7  9   190   23 20  0     78.91    0.7402E-02     184.4    212.8
2019  7  9   190   23 21  0     79.09    0.7168E-02     183.5    210.8
2019  7  9   190   23 22  0     79.27    0.6980E-02     183.8    208.7
2019  7  9   190   23 23  0     79.45    0.6793E-02     185.7    207.2
2019  7  9   190   23 24  0     79.63    0.6601E-02     187.0    205.8
2019  7  9   190   23 25  0     79.80    0.6386E-02     187.4    204.7
2019  7  9   190   23 26  0     79.98    0.6189E-02     188.6    203.6
2019  7  9   190   23 27  0     80.16    0.6028E-02     189.8    201.6
2019  7  9   190   23 28  0     80.33    0.5881E-02     190.8    199.2
2019  7  9   190   23 29  0     80.51    0.5685E-02     192.0    198.5
2019  7  9   190   23 30  0     80.69    0.5533E-02     193.2    196.4
2019  7  9   190   23 31  0     80.86    0.5372E-02     195.0    195.0
2019  7  9   190   23 32  0     81.04    0.5222E-02     197.1    192.9
2019  7  9   190   23 33  0     81.21    0.5077E-02     199.2    191.4
2019  7  9   190   23 34  0     81.39    0.4955E-02     201.6    189.1
2019  7  9   190   23 35  0     81.57    0.4795E-02     203.5    188.2
2019  7  9   190   23 36  0     81.74    0.4684E-02     205.5    185.3
2019  7  9   190   23 37  0     81.92    0.4549E-02     207.4    183.6
2019  7  9   190   23 38  0     82.09    0.4423E-02     209.2    181.6
2019  7  9   190   23 39  0     82.27    0.4296E-02     211.1    180.0
2019  7  9   190   23 40  0     82.44    0.4159E-02     213.0    178.9
2019  7  9   190   23 41  0     82.61    0.4051E-02     215.0    176.3
2019  7  9   190   23 42  0     82.79    0.3938E-02     216.9    174.0
2019  7  9   190   23 43  0     82.96    0.3801E-02     219.0    173.1
2019  7  9   190   23 44  0     83.14    0.3741E-02     220.6    168.6
2019  7  9   190   23 45  0     83.31    0.3627E-02     222.1    167.0
2019  7  9   190   23 46  0     83.48    0.3535E-02     223.7    164.2
2019  7  9   190   23 47  0     83.66    0.3426E-02     225.5    162.4
2019  7  9   190   23 48  0     83.83    0.3313E-02     227.2    161.0
2019  7  9   190   23 49  0     84.00    0.3231E-02     228.9    157.5
2019  7  9   190   23 50  0     84.17    0.3117E-02     230.9    157.0
2019  7  9   190   23 51  0     84.35    0.3042E-02     232.8    153.9
2019  7  9   190   23 52  0     84.52    0.2971E-02     234.8    150.7
2019  7  9   190   23 53  0     84.69    0.2906E-02     237.5    147.2
2019  7  9   190   23 54  0     84.86    0.2830E-02     240.4    144.0
2019  7  9   190   23 55  0     85.03    0.2724E-02     243.2    143.5
2019  7  9   190   23 56  0     85.20    0.2656E-02     245.8    141.3
2019  7  9   190   23 57  0     85.38    0.2583E-02     248.3    139.4
2019  7  9   190   23 58  0     85.55    0.2517E-02     251.1    137.1
2019  7  9   190   23 59  0     85.72    0.2468E-02     254.2    133.6
