                            NILUUV 115

Uvpro Version 2.0
Latitude :   40.74 (North)
Longitude:  -74.03  (West)
Calibration file: cf100603a.115
Height above sea level:    40.0  m
CLT derived from channel 4
CLT scale factor used:   1.0
Ozone derived from channel pair ch3/ch1
Ozone scale factor used:   1.0
Drift factors ch1-ch6:   0.337  0.331  0.498  0.505  0.319  0.899
Ozone profile climatology: Mid  Latitude
Dose type:    CLW    Caldwell Plant 1971           

yyyy mm dd   jul   hh mm ss      SZA     dose rate       clt     Ozone
                              [degrees]   [W/m^2]        [%]     [DU]
2021  5  6   126    9 54  0     89.92    0.9383E-03     128.5     29.2
2021  5  6   126    9 55  0     89.74    0.9482E-03     128.1     31.3
2021  5  6   126    9 56  0     89.56    0.9626E-03     128.3     33.3
2021  5  6   126    9 57  0     89.39    0.9931E-03     128.8     34.7
2021  5  6   126    9 58  0     89.21    0.9561E-03     129.7     38.6
2021  5  6   126    9 59  0     89.04    0.9877E-03     130.8     40.0
2021  5  6   126   10  0  0     88.86    0.1017E-02     130.8     41.8
2021  5  6   126   10  1  0     88.68    0.1012E-02     130.7     44.8
2021  5  6   126   10  2  0     88.50    0.1038E-02     130.9     46.7
2021  5  6   126   10  3  0     88.33    0.1034E-02     131.3     49.8
2021  5  6   126   10  4  0     88.15    0.1050E-02     131.9     52.1
2021  5  6   126   10  5  0     87.97    0.1097E-02     132.5     53.1
2021  5  6   126   10  6  0     87.79    0.1078E-02     132.4     57.4
2021  5  6   126   10  7  0     87.62    0.1109E-02     132.5     59.6
2021  5  6   126   10  8  0     87.44    0.1085E-02     132.6     63.9
2021  5  6   126   10  9  0     87.26    0.1117E-02     133.0     65.8
2021  5  6   126   10 10  0     87.08    0.1143E-02     133.4     67.8
2021  5  6   126   10 11  0     86.90    0.1135E-02     133.6     71.7
2021  5  6   126   10 12  0     86.72    0.1161E-02     133.6     74.4
2021  5  6   126   10 13  0     86.55    0.1195E-02     133.6     76.7
2021  5  6   126   10 14  0     86.37    0.1204E-02     133.8     80.2
2021  5  6   126   10 15  0     86.19    0.1228E-02     134.1     82.7
2021  5  6   126   10 16  0     86.01    0.1257E-02     134.4     85.0
2021  5  6   126   10 17  0     85.83    0.1239E-02     134.4     90.0
2021  5  6   126   10 18  0     85.65    0.1264E-02     134.4     93.0
2021  5  6   126   10 19  0     85.47    0.1289E-02     134.5     96.0
2021  5  6   126   10 20  0     85.29    0.1316E-02     134.6     99.2
2021  5  6   126   10 21  0     85.11    0.1359E-02     134.8    101.1
2021  5  6   126   10 22  0     84.93    0.1377E-02     134.8    104.4
2021  5  6   126   10 23  0     84.75    0.1404E-02     134.5    107.5
2021  5  6   126   10 24  0     84.56    0.1434E-02     134.4    110.6
2021  5  6   126   10 25  0     84.38    0.1482E-02     134.3    112.9
2021  5  6   126   10 26  0     84.20    0.1510E-02     134.3    116.3
2021  5  6   126   10 27  0     84.02    0.1559E-02     134.3    118.8
2021  5  6   126   10 28  0     83.84    0.1577E-02     134.3    123.3
2021  5  6   126   10 29  0     83.66    0.1600E-02     134.4    127.7
2021  5  6   126   10 30  0     83.48    0.1656E-02     134.6    130.5
2021  5  6   126   10 31  0     83.29    0.1702E-02     134.8    133.8
2021  5  6   126   10 32  0     83.11    0.1761E-02     135.0    136.5
2021  5  6   126   10 33  0     82.93    0.1784E-02     135.1    141.6
2021  5  6   126   10 34  0     82.75    0.1842E-02     135.0    144.7
2021  5  6   126   10 35  0     82.56    0.1895E-02     135.1    148.2
2021  5  6   126   10 36  0     82.38    0.1963E-02     135.1    151.0
2021  5  6   126   10 37  0     82.20    0.1980E-02     135.1    157.0
2021  5  6   126   10 38  0     82.02    0.2042E-02     135.1    160.3
2021  5  6   126   10 39  0     81.83    0.2130E-02     134.9    162.1
2021  5  6   126   10 40  0     81.65    0.2187E-02     134.9    166.0
2021  5  6   126   10 41  0     81.47    0.2242E-02     134.9    170.1
2021  5  6   126   10 42  0     81.28    0.2383E-02     134.9    169.3
2021  5  6   126   10 43  0     81.10    0.2403E-02     134.9    175.6
2021  5  6   126   10 44  0     80.92    0.2488E-02     134.9    178.6
2021  5  6   126   10 45  0     80.73    0.2550E-02     134.8    182.6
2021  5  6   126   10 46  0     80.55    0.2639E-02     134.7    185.2
2021  5  6   126   10 47  0     80.36    0.2689E-02     134.7    190.1
2021  5  6   126   10 48  0     80.18    0.2806E-02     134.7    191.6
2021  5  6   126   10 49  0     80.00    0.2879E-02     134.7    196.0
2021  5  6   126   10 50  0     79.81    0.2967E-02     134.7    199.2
2021  5  6   126   10 51  0     79.63    0.3054E-02     134.5    202.4
2021  5  6   126   10 52  0     79.44    0.3168E-02     134.5    204.5
2021  5  6   126   10 53  0     79.26    0.3288E-02     134.5    206.5
2021  5  6   126   10 54  0     79.07    0.3367E-02     134.5    210.5
2021  5  6   126   10 55  0     78.89    0.3457E-02     134.4    214.8
2021  5  6   126   10 56  0     78.70    0.3595E-02     134.3    216.2
2021  5  6   126   10 57  0     78.52    0.3680E-02     134.2    220.4
2021  5  6   126   10 58  0     78.33    0.3799E-02     134.1    223.1
2021  5  6   126   10 59  0     78.15    0.3904E-02     134.1    226.5
2021  5  6   126   11  0  0     77.96    0.4063E-02     134.1    227.7
2021  5  6   126   11  1  0     77.78    0.4175E-02     133.9    231.2
2021  5  6   126   11  2  0     77.59    0.4293E-02     133.8    235.2
2021  5  6   126   11  3  0     77.40    0.4460E-02     133.7    236.4
2021  5  6   126   11  4  0     77.22    0.4582E-02     133.7    239.6
2021  5  6   126   11  5  0     77.03    0.4745E-02     133.7    241.3
2021  5  6   126   11  6  0     76.85    0.4895E-02     133.6    243.7
2021  5  6   126   11  7  0     76.66    0.5064E-02     133.3    245.5
2021  5  6   126   11  8  0     76.47    0.5218E-02     133.4    248.0
2021  5  6   126   11  9  0     76.29    0.5381E-02     133.3    250.5
2021  5  6   126   11 10  0     76.10    0.5547E-02     133.3    252.9
2021  5  6   126   11 11  0     75.91    0.5721E-02     133.4    255.9
2021  5  6   126   11 12  0     75.73    0.5869E-02     133.2    259.0
2021  5  6   126   11 13  0     75.54    0.6053E-02     133.2    261.0
2021  5  6   126   11 14  0     75.35    0.6235E-02     133.0    263.1
2021  5  6   126   11 15  0     75.17    0.6433E-02     132.9    264.7
2021  5  6   126   11 16  0     74.98    0.6630E-02     132.9    266.7
2021  5  6   126   11 17  0     74.79    0.6824E-02     132.9    269.2
2021  5  6   126   11 18  0     74.61    0.7035E-02     132.9    271.0
2021  5  6   126   11 19  0     74.42    0.7277E-02     132.9    272.0
2021  5  6   126   11 20  0     74.23    0.7492E-02     132.8    274.0
2021  5  6   126   11 21  0     74.04    0.7736E-02     132.8    275.1
2021  5  6   126   11 22  0     73.86    0.7947E-02     132.8    277.9
2021  5  6   126   11 23  0     73.67    0.8161E-02     132.7    280.3
2021  5  6   126   11 24  0     73.48    0.8402E-02     132.7    282.1
2021  5  6   126   11 25  0     73.29    0.8655E-02     132.7    283.5
2021  5  6   126   11 26  0     73.10    0.8908E-02     132.7    285.1
2021  5  6   126   11 27  0     72.92    0.9193E-02     132.8    285.9
2021  5  6   126   11 28  0     72.73    0.9446E-02     132.8    288.0
2021  5  6   126   11 29  0     72.54    0.9735E-02     132.8    289.2
2021  5  6   126   11 30  0     72.35    0.1004E-01     132.9    290.4
2021  5  6   126   11 31  0     72.16    0.1030E-01     132.9    292.3
2021  5  6   126   11 32  0     71.98    0.1060E-01     132.7    294.4
2021  5  6   126   11 33  0     71.79    0.1090E-01     132.8    295.6
2021  5  6   126   11 34  0     71.60    0.1122E-01     132.8    296.8
2021  5  6   126   11 35  0     71.41    0.1153E-01     132.7    298.2
2021  5  6   126   11 36  0     71.22    0.1185E-01     132.7    299.3
2021  5  6   126   11 37  0     71.03    0.1219E-01     132.8    300.2
2021  5  6   126   11 38  0     70.85    0.1253E-01     132.6    301.4
2021  5  6   126   11 39  0     70.66    0.1286E-01     132.4    302.6
2021  5  6   126   11 40  0     70.47    0.1324E-01     132.6    303.5
2021  5  6   126   11 41  0     70.28    0.1362E-01     132.7    304.4
2021  5  6   126   11 42  0     70.09    0.1400E-01     132.9    305.5
2021  5  6   126   11 43  0     69.90    0.1440E-01     132.8    305.9
2021  5  6   126   11 44  0     69.71    0.1477E-01     132.8    307.3
2021  5  6   126   11 45  0     69.52    0.1516E-01     133.0    308.3
2021  5  6   126   11 46  0     69.34    0.1554E-01     133.1    309.5
2021  5  6   126   11 47  0     69.15    0.1596E-01     133.1    310.3
2021  5  6   126   11 48  0     68.96    0.1637E-01     133.0    312.3
2021  5  6   126   11 49  0     68.77    0.1679E-01     133.1    313.2
2021  5  6   126   11 50  0     68.58    0.1724E-01     132.9    312.7
2021  5  6   126   11 51  0     68.39    0.1764E-01     132.6    313.9
2021  5  6   126   11 52  0     68.20    0.1809E-01     132.8    314.8
2021  5  6   126   11 53  0     68.01    0.1857E-01     132.8    315.3
2021  5  6   126   11 54  0     67.82    0.1903E-01     132.9    317.0
2021  5  6   126   11 55  0     67.63    0.1949E-01     132.8    317.6
2021  5  6   126   11 56  0     67.44    0.1998E-01     132.9    318.2
2021  5  6   126   11 57  0     67.26    0.2050E-01     133.0    318.6
2021  5  6   126   11 58  0     67.07    0.2101E-01     133.1    319.2
2021  5  6   126   11 59  0     66.88    0.2151E-01     133.2    320.1
2021  5  6   126   12  0  0     66.69    0.2202E-01     133.2    321.1
2021  5  6   126   12  1  0     66.50    0.2259E-01     133.3    321.6
2021  5  6   126   12  2  0     66.31    0.2314E-01     133.3    322.1
2021  5  6   126   12  3  0     66.12    0.2366E-01     133.2    323.0
2021  5  6   126   12  4  0     65.93    0.2426E-01     133.3    323.3
2021  5  6   126   12  5  0     65.74    0.2483E-01     133.5    324.1
2021  5  6   126   12  6  0     65.55    0.2539E-01     133.7    324.8
2021  5  6   126   12  7  0     65.36    0.2597E-01     133.8    325.4
2021  5  6   126   12  8  0     65.17    0.2656E-01     133.8    325.8
2021  5  6   126   12  9  0     64.98    0.2720E-01     134.1    326.3
2021  5  6   126   12 10  0     64.79    0.2784E-01     134.2    326.6
2021  5  6   126   12 11  0     64.60    0.2844E-01     134.3    327.6
2021  5  6   126   12 12  0     64.41    0.2906E-01     134.5    328.4
2021  5  6   126   12 13  0     64.22    0.2973E-01     134.7    328.7
2021  5  6   126   12 14  0     64.03    0.3037E-01     134.7    329.1
2021  5  6   126   12 15  0     63.84    0.3103E-01     134.7    329.5
2021  5  6   126   12 16  0     63.66    0.3170E-01     134.7    330.1
2021  5  6   126   12 17  0     63.47    0.3235E-01     134.7    330.7
2021  5  6   126   12 18  0     63.28    0.3305E-01     134.7    331.1
2021  5  6   126   12 19  0     63.09    0.3373E-01     134.8    331.8
2021  5  6   126   12 20  0     62.90    0.3445E-01     134.8    333.3
2021  5  6   126   12 21  0     62.71    0.3515E-01     134.8    332.7
2021  5  6   126   12 22  0     62.52    0.3590E-01     134.8    333.1
2021  5  6   126   12 23  0     62.33    0.3661E-01     134.7    333.4
2021  5  6   126   12 24  0     62.14    0.3736E-01     134.8    333.8
2021  5  6   126   12 25  0     61.95    0.3805E-01     134.8    335.3
2021  5  6   126   12 26  0     61.76    0.3882E-01     134.9    335.7
2021  5  6   126   12 27  0     61.57    0.3962E-01     135.1    336.1
2021  5  6   126   12 28  0     61.38    0.4042E-01     135.1    335.8
2021  5  6   126   12 29  0     61.19    0.4124E-01     135.2    336.1
2021  5  6   126   12 30  0     61.00    0.4197E-01     134.9    336.5
2021  5  6   126   12 31  0     60.81    0.4279E-01     134.9    337.2
2021  5  6   126   12 32  0     60.62    0.4361E-01     134.9    337.7
2021  5  6   126   12 33  0     60.43    0.4444E-01     134.9    337.9
2021  5  6   126   12 34  0     60.24    0.4529E-01     135.0    338.4
2021  5  6   126   12 35  0     60.06    0.4618E-01     135.1    338.4
2021  5  6   126   12 36  0     59.87    0.4708E-01     135.2    339.0
2021  5  6   126   12 37  0     59.68    0.4801E-01     135.3    339.2
2021  5  6   126   12 38  0     59.49    0.4886E-01     135.2    339.5
2021  5  6   126   12 39  0     59.30    0.4977E-01     135.2    339.8
2021  5  6   126   12 40  0     59.11    0.5074E-01     135.4    339.9
2021  5  6   126   12 41  0     58.92    0.5177E-01     135.6    340.1
2021  5  6   126   12 42  0     58.73    0.5273E-01     135.7    340.3
2021  5  6   126   12 43  0     58.54    0.5375E-01     135.8    340.5
2021  5  6   126   12 44  0     58.35    0.5475E-01     135.9    340.7
2021  5  6   126   12 45  0     58.16    0.5610E-01     137.8    341.4
2021  5  6   126   12 46  0     57.98    0.5735E-01     139.0    341.8
2021  5  6   126   12 47  0     57.79    0.5843E-01     138.5    341.6
2021  5  6   126   12 48  0     57.60    0.5941E-01     137.9    341.6
2021  5  6   126   12 49  0     57.41    0.6039E-01     137.2    341.4
2021  5  6   126   12 50  0     57.22    0.6132E-01     136.5    341.3
2021  5  6   126   12 51  0     57.03    0.6227E-01     136.4    341.6
2021  5  6   126   12 52  0     56.85    0.6344E-01     136.7    342.0
2021  5  6   126   12 53  0     56.66    0.6454E-01     136.8    342.2
2021  5  6   126   12 54  0     56.47    0.6562E-01     136.6    342.3
2021  5  6   126   12 55  0     56.28    0.6679E-01     136.8    342.5
2021  5  6   126   12 56  0     56.09    0.6802E-01     137.0    342.4
2021  5  6   126   12 57  0     55.90    0.6920E-01     137.1    342.6
2021  5  6   126   12 58  0     55.72    0.7049E-01     137.3    342.7
2021  5  6   126   12 59  0     55.53    0.7166E-01     137.3    342.9
2021  5  6   126   13  0  0     55.34    0.7285E-01     137.4    343.0
2021  5  6   126   13  1  0     55.15    0.7407E-01     137.5    343.2
2021  5  6   126   13  2  0     54.96    0.7529E-01     137.6    343.3
2021  5  6   126   13  3  0     54.78    0.7640E-01     137.4    343.4
2021  5  6   126   13  4  0     54.59    0.7752E-01     137.4    343.8
2021  5  6   126   13  5  0     54.40    0.7874E-01     137.6    344.2
2021  5  6   126   13  6  0     54.21    0.7999E-01     137.8    344.3
2021  5  6   126   13  7  0     54.03    0.8124E-01     137.8    344.4
2021  5  6   126   13  8  0     53.84    0.8252E-01     137.8    344.5
2021  5  6   126   13  9  0     53.65    0.8386E-01     137.9    344.5
2021  5  6   126   13 10  0     53.47    0.8514E-01     137.9    344.5
2021  5  6   126   13 11  0     53.28    0.8655E-01     138.3    344.8
2021  5  6   126   13 12  0     53.09    0.8783E-01     138.3    345.0
2021  5  6   126   13 13  0     52.91    0.8899E-01     138.0    345.1
2021  5  6   126   13 14  0     52.72    0.9031E-01     138.4    345.2
2021  5  6   126   13 15  0     52.53    0.9186E-01     139.4    345.5
2021  5  6   126   13 16  0     52.35    0.9405E-01     141.9    346.0
2021  5  6   126   13 17  0     52.16    0.9637E-01     144.6    346.6
2021  5  6   126   13 18  0     51.97    0.9938E-01     149.1    347.8
2021  5  6   126   13 19  0     51.79    0.1025E+00     152.5    348.3
2021  5  6   126   13 20  0     51.60    0.1035E+00     149.9    347.6
2021  5  6   126   13 21  0     51.42    0.1037E+00     146.5    346.7
2021  5  6   126   13 22  0     51.23    0.1038E+00     143.8    346.6
2021  5  6   126   13 23  0     51.05    0.1047E+00     142.6    346.3
2021  5  6   126   13 24  0     50.86    0.1058E+00     141.7    346.3
2021  5  6   126   13 25  0     50.68    0.1078E+00     142.5    346.6
2021  5  6   126   13 26  0     50.49    0.1096E+00     143.3    346.7
2021  5  6   126   13 27  0     50.31    0.1104E+00     141.9    346.4
2021  5  6   126   13 28  0     50.12    0.1108E+00     139.9    346.3
2021  5  6   126   13 29  0     49.94    0.1118E+00     139.1    346.4
2021  5  6   126   13 30  0     49.75    0.1137E+00     140.3    346.9
2021  5  6   126   13 31  0     49.57    0.1160E+00     142.0    347.4
2021  5  6   126   13 32  0     49.38    0.1176E+00     142.3    347.6
2021  5  6   126   13 33  0     49.20    0.1181E+00     140.9    347.7
2021  5  6   126   13 34  0     49.02    0.1147E+00     133.9    347.4
2021  5  6   126   13 35  0     48.83    0.9575E-01     102.7    344.3
2021  5  6   126   13 36  0     48.65    0.1115E+00     127.7    348.6
2021  5  6   126   13 37  0     48.47    0.1235E+00     142.5    348.9
2021  5  6   126   13 38  0     48.28    0.1140E+00     125.8    347.8
2021  5  6   126   13 39  0     48.10    0.1289E+00     145.5    349.2
2021  5  6   126   13 40  0     47.92    0.1332E+00     148.9    349.2
2021  5  6   126   13 41  0     47.73    0.1335E+00     146.7    349.1
2021  5  6   126   13 42  0     47.55    0.1353E+00     147.0    349.3
2021  5  6   126   13 43  0     47.37    0.1377E+00     148.6    349.7
2021  5  6   126   13 44  0     47.19    0.1400E+00     149.6    349.7
2021  5  6   126   13 45  0     47.00    0.1411E+00     148.5    349.5
2021  5  6   126   13 46  0     46.82    0.1380E+00     141.3    348.7
2021  5  6   126   13 47  0     46.64    0.1428E+00     145.0    348.7
2021  5  6   126   13 48  0     46.46    0.1449E+00     146.4    349.1
2021  5  6   126   13 49  0     46.28    0.1420E+00     141.1    348.8
2021  5  6   126   13 50  0     46.10    0.1043E+00      94.4    346.6
2021  5  6   126   13 51  0     45.92    0.1084E+00      99.5    348.2
2021  5  6   126   13 52  0     45.74    0.1251E+00     117.3    348.9
2021  5  6   126   13 53  0     45.56    0.1163E+00     106.0    348.8
2021  5  6   126   13 54  0     45.38    0.1510E+00     142.3    348.9
2021  5  6   126   13 55  0     45.20    0.1331E+00     119.2    347.4
2021  5  6   126   13 56  0     45.02    0.1562E+00     144.4    349.1
2021  5  6   126   13 57  0     44.84    0.1511E+00     135.9    348.4
2021  5  6   126   13 58  0     44.66    0.1566E+00     140.9    349.0
2021  5  6   126   13 59  0     44.48    0.1616E+00     145.9    350.1
2021  5  6   126   14  0  0     44.30    0.1646E+00     146.7    349.8
2021  5  6   126   14  1  0     44.13    0.1681E+00     149.0    350.1
2021  5  6   126   14  2  0     43.95    0.1712E+00     150.8    350.3
2021  5  6   126   14  3  0     43.77    0.1734E+00     151.9    350.7
2021  5  6   126   14  4  0     43.59    0.1769E+00     154.0    350.9
2021  5  6   126   14  5  0     43.42    0.1790E+00     154.3    350.9
2021  5  6   126   14  6  0     43.24    0.1774E+00     150.1    350.3
2021  5  6   126   14  7  0     43.06    0.1784E+00     148.7    349.8
2021  5  6   126   14  8  0     42.89    0.1846E+00     152.9    349.9
2021  5  6   126   14  9  0     42.71    0.1889E+00     156.3    350.5
2021  5  6   126   14 10  0     42.53    0.1877E+00     154.4    350.8
2021  5  6   126   14 11  0     42.36    0.1858E+00     151.2    350.8
2021  5  6   126   14 12  0     42.18    0.1772E+00     140.5    350.1
2021  5  6   126   14 13  0     42.01    0.1673E+00     128.0    348.7
2021  5  6   126   14 14  0     41.83    0.1922E+00     150.9    350.3
2021  5  6   126   14 15  0     41.66    0.1954E+00     150.6    349.3
2021  5  6   126   14 16  0     41.49    0.1969E+00     149.8    348.9
2021  5  6   126   14 17  0     41.31    0.2002E+00     150.8    348.8
2021  5  6   126   14 18  0     41.14    0.2050E+00     153.6    349.1
2021  5  6   126   14 19  0     40.97    0.2102E+00     156.8    349.2
2021  5  6   126   14 20  0     40.79    0.2103E+00     154.5    348.5
2021  5  6   126   14 21  0     40.62    0.2115E+00     155.4    349.2
2021  5  6   126   14 22  0     40.45    0.2108E+00     152.4    348.5
2021  5  6   126   14 23  0     40.28    0.1892E+00     136.1    350.5
2021  5  6   126   14 24  0     40.11    0.1921E+00     135.3    348.8
2021  5  6   126   14 25  0     39.94    0.2144E+00     153.7    350.0
2021  5  6   126   14 26  0     39.77    0.1604E+00     105.0    346.7
2021  5  6   126   14 27  0     39.60    0.2116E+00     146.8    349.2
2021  5  6   126   14 28  0     39.43    0.2233E+00     152.3    347.8
2021  5  6   126   14 29  0     39.26    0.2266E+00     152.8    347.7
2021  5  6   126   14 30  0     39.09    0.2264E+00     151.0    347.6
2021  5  6   126   14 31  0     38.92    0.2256E+00     149.2    347.9
2021  5  6   126   14 32  0     38.75    0.2357E+00     156.1    348.1
2021  5  6   126   14 33  0     38.59    0.2382E+00     157.0    348.1
2021  5  6   126   14 34  0     38.42    0.1845E+00     114.8    347.4
2021  5  6   126   14 35  0     38.25    0.2429E+00     157.4    347.8
2021  5  6   126   14 36  0     38.09    0.2474E+00     159.6    348.0
2021  5  6   126   14 37  0     37.92    0.2173E+00     134.7    346.6
2021  5  6   126   14 38  0     37.76    0.2321E+00     148.3    349.3
2021  5  6   126   14 39  0     37.59    0.1917E+00     115.9    347.4
2021  5  6   126   14 40  0     37.43    0.1530E+00      89.0    348.3
2021  5  6   126   14 41  0     37.26    0.1513E+00      87.3    348.7
2021  5  6   126   14 42  0     37.10    0.1930E+00     116.6    349.9
2021  5  6   126   14 43  0     36.94    0.1478E+00      81.4    347.0
2021  5  6   126   14 44  0     36.78    0.1429E+00      77.6    347.8
2021  5  6   126   14 45  0     36.61    0.1575E+00      85.4    347.0
2021  5  6   126   14 46  0     36.45    0.1621E+00      86.8    346.4
2021  5  6   126   14 47  0     36.29    0.1931E+00     108.6    348.7
2021  5  6   126   14 48  0     36.13    0.2179E+00     122.2    347.0
2021  5  6   126   14 49  0     35.97    0.2505E+00     143.0    347.2
2021  5  6   126   14 50  0     35.81    0.2520E+00     142.8    347.4
2021  5  6   126   14 51  0     35.65    0.2539E+00     142.9    347.3
2021  5  6   126   14 52  0     35.49    0.2560E+00     143.2    347.4
2021  5  6   126   14 53  0     35.34    0.2580E+00     143.5    347.5
2021  5  6   126   14 54  0     35.18    0.2586E+00     142.8    347.5
2021  5  6   126   14 55  0     35.02    0.2596E+00     142.3    347.5
2021  5  6   126   14 56  0     34.87    0.2612E+00     142.2    347.5
2021  5  6   126   14 57  0     34.71    0.2629E+00     142.2    347.4
2021  5  6   126   14 58  0     34.56    0.2647E+00     142.2    347.4
2021  5  6   126   14 59  0     34.40    0.2676E+00     142.9    347.3
2021  5  6   126   15  0  0     34.25    0.2696E+00     143.2    347.4
2021  5  6   126   15  1  0     34.10    0.2744E+00     145.1    347.3
2021  5  6   126   15  2  0     33.95    0.2789E+00     146.7    347.2
2021  5  6   126   15  3  0     33.79    0.2716E+00     141.7    347.5
2021  5  6   126   15  4  0     33.64    0.2695E+00     139.9    347.7
2021  5  6   126   15  5  0     33.49    0.2377E+00     118.5    346.4
2021  5  6   126   15  6  0     33.34    0.2517E+00     127.3    347.4
2021  5  6   126   15  7  0     33.20    0.2579E+00     130.4    347.8
2021  5  6   126   15  8  0     33.05    0.2835E+00     144.9    347.9
2021  5  6   126   15  9  0     32.90    0.2936E+00     149.0    347.1
2021  5  6   126   15 10  0     32.75    0.1715E+00      76.1    345.0
2021  5  6   126   15 11  0     32.61    0.2136E+00     101.9    348.0
2021  5  6   126   15 12  0     32.46    0.2337E+00     112.7    347.9
2021  5  6   126   15 13  0     32.32    0.2988E+00     148.1    347.0
2021  5  6   126   15 14  0     32.18    0.2992E+00     147.6    347.2
2021  5  6   126   15 15  0     32.03    0.2933E+00     142.3    346.5
2021  5  6   126   15 16  0     31.89    0.2742E+00     132.6    348.2
2021  5  6   126   15 17  0     31.75    0.3022E+00     146.8    347.4
2021  5  6   126   15 18  0     31.61    0.2347E+00     106.5    345.4
2021  5  6   126   15 19  0     31.47    0.1888E+00      82.5    347.1
2021  5  6   126   15 20  0     31.33    0.2968E+00     141.8    347.7
2021  5  6   126   15 21  0     31.19    0.3015E+00     142.5    346.9
2021  5  6   126   15 22  0     31.06    0.3043E+00     143.0    346.7
2021  5  6   126   15 23  0     30.92    0.3057E+00     143.0    346.7
2021  5  6   126   15 24  0     30.79    0.3067E+00     142.8    346.7
2021  5  6   126   15 25  0     30.65    0.3079E+00     142.5    346.6
2021  5  6   126   15 26  0     30.52    0.3098E+00     142.7    346.5
2021  5  6   126   15 27  0     30.39    0.3117E+00     142.9    346.4
2021  5  6   126   15 28  0     30.25    0.3126E+00     142.6    346.3
2021  5  6   126   15 29  0     30.12    0.3140E+00     142.4    346.3
2021  5  6   126   15 30  0     29.99    0.3155E+00     142.3    346.1
2021  5  6   126   15 31  0     29.87    0.3168E+00     142.3    346.0
2021  5  6   126   15 32  0     29.74    0.3180E+00     142.3    346.1
2021  5  6   126   15 33  0     29.61    0.3183E+00     141.8    346.1
2021  5  6   126   15 34  0     29.49    0.3175E+00     140.7    346.2
2021  5  6   126   15 35  0     29.36    0.3213E+00     142.3    346.4
2021  5  6   126   15 36  0     29.24    0.3133E+00     137.3    346.2
2021  5  6   126   15 37  0     29.12    0.3248E+00     142.7    346.3
2021  5  6   126   15 38  0     28.99    0.3249E+00     142.1    346.4
2021  5  6   126   15 39  0     28.87    0.3254E+00     141.7    346.3
2021  5  6   126   15 40  0     28.76    0.3263E+00     141.7    346.5
2021  5  6   126   15 41  0     28.64    0.3279E+00     141.8    346.4
2021  5  6   126   15 42  0     28.52    0.3294E+00     141.9    346.4
2021  5  6   126   15 43  0     28.40    0.3303E+00     141.7    346.5
2021  5  6   126   15 44  0     28.29    0.3318E+00     142.0    346.5
2021  5  6   126   15 45  0     28.18    0.3336E+00     142.4    346.7
2021  5  6   126   15 46  0     28.06    0.3356E+00     142.8    346.7
2021  5  6   126   15 47  0     27.95    0.3370E+00     143.1    346.8
2021  5  6   126   15 48  0     27.84    0.3370E+00     142.5    346.8
2021  5  6   126   15 49  0     27.73    0.3377E+00     142.2    346.7
2021  5  6   126   15 50  0     27.63    0.3394E+00     142.3    346.5
2021  5  6   126   15 51  0     27.52    0.3408E+00     142.5    346.5
2021  5  6   126   15 52  0     27.42    0.3431E+00     143.2    346.6
2021  5  6   126   15 53  0     27.31    0.3465E+00     144.3    346.4
2021  5  6   126   15 54  0     27.21    0.3479E+00     144.3    346.3
2021  5  6   126   15 55  0     27.11    0.3495E+00     144.4    346.1
2021  5  6   126   15 56  0     27.01    0.3508E+00     144.5    346.0
2021  5  6   126   15 57  0     26.91    0.3522E+00     144.6    345.9
2021  5  6   126   15 58  0     26.81    0.3522E+00     144.1    345.9
2021  5  6   126   15 59  0     26.72    0.3515E+00     143.3    345.9
2021  5  6   126   16  0  0     26.62    0.3524E+00     143.2    345.9
2021  5  6   126   16  1  0     26.53    0.3545E+00     143.6    345.7
2021  5  6   126   16  2  0     26.44    0.3555E+00     143.6    345.6
2021  5  6   126   16  3  0     26.35    0.3556E+00     143.1    345.6
2021  5  6   126   16  4  0     26.26    0.3559E+00     142.8    345.5
2021  5  6   126   16  5  0     26.18    0.3563E+00     142.4    345.4
2021  5  6   126   16  6  0     26.09    0.3572E+00     142.3    345.3
2021  5  6   126   16  7  0     26.01    0.3586E+00     142.6    345.3
2021  5  6   126   16  8  0     25.92    0.3601E+00     143.0    345.4
2021  5  6   126   16  9  0     25.84    0.3636E+00     144.5    345.5
2021  5  6   126   16 10  0     25.76    0.3689E+00     146.6    345.5
2021  5  6   126   16 11  0     25.69    0.3694E+00     145.6    344.7
2021  5  6   126   16 12  0     25.61    0.2251E+00      81.5    346.2
2021  5  6   126   16 13  0     25.54    0.2193E+00      76.9    343.6
2021  5  6   126   16 14  0     25.46    0.2934E+00     113.2    347.8
2021  5  6   126   16 15  0     25.39    0.3707E+00     145.7    345.5
2021  5  6   126   16 16  0     25.32    0.3689E+00     144.4    345.4
2021  5  6   126   16 17  0     25.25    0.3687E+00     144.1    345.5
2021  5  6   126   16 18  0     25.19    0.3681E+00     143.6    345.7
2021  5  6   126   16 19  0     25.12    0.3689E+00     143.6    345.6
2021  5  6   126   16 20  0     25.06    0.3691E+00     143.5    345.7
2021  5  6   126   16 21  0     25.00    0.3696E+00     143.6    345.9
2021  5  6   126   16 22  0     24.94    0.3703E+00     143.6    346.0
2021  5  6   126   16 23  0     24.88    0.3708E+00     143.5    345.9
2021  5  6   126   16 24  0     24.83    0.3713E+00     143.6    345.9
2021  5  6   126   16 25  0     24.77    0.3715E+00     143.5    346.0
2021  5  6   126   16 26  0     24.72    0.3722E+00     143.9    346.3
2021  5  6   126   16 27  0     24.67    0.3727E+00     143.9    346.3
2021  5  6   126   16 28  0     24.62    0.3729E+00     143.7    346.2
2021  5  6   126   16 29  0     24.57    0.3732E+00     143.7    346.3
2021  5  6   126   16 30  0     24.53    0.3732E+00     143.7    346.5
2021  5  6   126   16 31  0     24.49    0.3734E+00     143.6    346.5
2021  5  6   126   16 32  0     24.44    0.3741E+00     143.7    346.4
2021  5  6   126   16 33  0     24.40    0.3745E+00     143.7    346.4
2021  5  6   126   16 34  0     24.37    0.3754E+00     143.9    346.4
2021  5  6   126   16 35  0     24.33    0.3761E+00     143.9    346.2
2021  5  6   126   16 36  0     24.30    0.3767E+00     144.0    346.2
2021  5  6   126   16 37  0     24.26    0.3771E+00     144.1    346.3
2021  5  6   126   16 38  0     24.23    0.3767E+00     143.8    346.3
2021  5  6   126   16 39  0     24.20    0.3772E+00     143.8    346.1
2021  5  6   126   16 40  0     24.18    0.3774E+00     143.8    346.2
2021  5  6   126   16 41  0     24.15    0.3777E+00     143.8    346.2
2021  5  6   126   16 42  0     24.13    0.3778E+00     143.7    346.1
2021  5  6   126   16 43  0     24.11    0.3782E+00     143.7    346.0
2021  5  6   126   16 44  0     24.09    0.3785E+00     143.7    345.9
2021  5  6   126   16 45  0     24.07    0.3792E+00     143.9    345.9
2021  5  6   126   16 46  0     24.06    0.3791E+00     143.8    345.9
2021  5  6   126   16 47  0     24.04    0.3792E+00     143.8    346.0
2021  5  6   126   16 48  0     24.03    0.3795E+00     143.9    346.0
2021  5  6   126   16 49  0     24.02    0.3800E+00     144.2    346.0
2021  5  6   126   16 50  0     24.02    0.3801E+00     144.1    346.0
2021  5  6   126   16 51  0     24.01    0.3805E+00     144.2    346.0
2021  5  6   126   16 52  0     24.01    0.3807E+00     144.4    346.1
2021  5  6   126   16 53  0     24.00    0.3807E+00     144.4    346.1
2021  5  6   126   16 54  0     24.01    0.3802E+00     144.4    346.3
2021  5  6   126   16 55  0     24.01    0.3798E+00     144.2    346.3
2021  5  6   126   16 56  0     24.01    0.3795E+00     144.2    346.4
2021  5  6   126   16 57  0     24.02    0.3796E+00     144.4    346.6
2021  5  6   126   16 58  0     24.03    0.3789E+00     144.3    346.8
2021  5  6   126   16 59  0     24.04    0.3783E+00     144.3    347.0
2021  5  6   126   17  0  0     24.05    0.3777E+00     144.3    347.3
2021  5  6   126   17  1  0     24.06    0.3778E+00     144.4    347.3
2021  5  6   126   17  2  0     24.08    0.3771E+00     144.3    347.3
2021  5  6   126   17  3  0     24.10    0.3768E+00     144.3    347.4
2021  5  6   126   17  4  0     24.12    0.3764E+00     144.2    347.3
2021  5  6   126   17  5  0     24.14    0.3762E+00     144.2    347.4
2021  5  6   126   17  6  0     24.16    0.3759E+00     144.2    347.4
2021  5  6   126   17  7  0     24.19    0.3761E+00     144.4    347.4
2021  5  6   126   17  8  0     24.21    0.3759E+00     144.4    347.4
2021  5  6   126   17  9  0     24.24    0.3758E+00     144.6    347.4
2021  5  6   126   17 10  0     24.27    0.3755E+00     144.5    347.4
2021  5  6   126   17 11  0     24.31    0.3749E+00     144.6    347.6
2021  5  6   126   17 12  0     24.34    0.3745E+00     144.6    347.6
2021  5  6   126   17 13  0     24.38    0.3742E+00     144.7    347.7
2021  5  6   126   17 14  0     24.42    0.3733E+00     144.7    347.9
2021  5  6   126   17 15  0     24.46    0.3730E+00     144.6    347.8
2021  5  6   126   17 16  0     24.50    0.3725E+00     144.6    347.8
2021  5  6   126   17 17  0     24.54    0.3717E+00     144.6    348.1
2021  5  6   126   17 18  0     24.59    0.3711E+00     144.7    348.2
2021  5  6   126   17 19  0     24.64    0.3707E+00     144.7    348.2
2021  5  6   126   17 20  0     24.69    0.3707E+00     144.7    348.0
2021  5  6   126   17 21  0     24.74    0.3702E+00     144.7    348.0
2021  5  6   126   17 22  0     24.79    0.3699E+00     144.9    348.0
2021  5  6   126   17 23  0     24.85    0.3691E+00     144.7    348.0
2021  5  6   126   17 24  0     24.90    0.3681E+00     144.5    347.9
2021  5  6   126   17 25  0     24.96    0.3674E+00     144.4    347.9
2021  5  6   126   17 26  0     25.02    0.3670E+00     144.4    347.8
2021  5  6   126   17 27  0     25.08    0.3666E+00     144.4    347.7
2021  5  6   126   17 28  0     25.15    0.3662E+00     144.4    347.6
2021  5  6   126   17 29  0     25.21    0.3659E+00     144.4    347.5
2021  5  6   126   17 30  0     25.28    0.3653E+00     144.5    347.5
2021  5  6   126   17 31  0     25.35    0.3649E+00     144.6    347.5
2021  5  6   126   17 32  0     25.42    0.3646E+00     144.7    347.4
2021  5  6   126   17 33  0     25.49    0.3640E+00     144.5    347.1
2021  5  6   126   17 34  0     25.56    0.3638E+00     144.6    347.0
2021  5  6   126   17 35  0     25.64    0.3634E+00     144.7    347.0
2021  5  6   126   17 36  0     25.72    0.3629E+00     144.6    346.8
2021  5  6   126   17 37  0     25.79    0.3627E+00     144.6    346.5
2021  5  6   126   17 38  0     25.87    0.3624E+00     144.6    346.3
2021  5  6   126   17 39  0     25.96    0.3616E+00     144.6    346.2
2021  5  6   126   17 40  0     26.04    0.3603E+00     144.4    346.3
2021  5  6   126   17 41  0     26.12    0.3592E+00     144.3    346.3
2021  5  6   126   17 42  0     26.21    0.3587E+00     144.3    346.1
2021  5  6   126   17 43  0     26.30    0.3579E+00     144.2    345.9
2021  5  6   126   17 44  0     26.38    0.3570E+00     144.3    346.1
2021  5  6   126   17 45  0     26.47    0.3564E+00     144.4    346.0
2021  5  6   126   17 46  0     26.57    0.3555E+00     144.4    346.0
2021  5  6   126   17 47  0     26.66    0.3545E+00     144.3    345.9
2021  5  6   126   17 48  0     26.75    0.3533E+00     144.2    345.9
2021  5  6   126   17 49  0     26.85    0.3521E+00     144.1    345.9
2021  5  6   126   17 50  0     26.95    0.3508E+00     144.0    346.0
2021  5  6   126   17 51  0     27.05    0.3494E+00     143.7    345.9
2021  5  6   126   17 52  0     27.15    0.3481E+00     143.6    345.9
2021  5  6   126   17 53  0     27.25    0.3473E+00     143.8    346.0
2021  5  6   126   17 54  0     27.35    0.3464E+00     143.9    346.1
2021  5  6   126   17 55  0     27.45    0.3450E+00     143.7    346.1
2021  5  6   126   17 56  0     27.56    0.3440E+00     143.7    346.0
2021  5  6   126   17 57  0     27.67    0.3431E+00     143.8    346.0
2021  5  6   126   17 58  0     27.77    0.3421E+00     143.6    345.8
2021  5  6   126   17 59  0     27.88    0.3410E+00     143.4    345.5
2021  5  6   126   18  0  0     27.99    0.3400E+00     143.4    345.5
2021  5  6   126   18  1  0     28.10    0.3388E+00     143.5    345.5
2021  5  6   126   18  2  0     28.22    0.3376E+00     143.5    345.6
2021  5  6   126   18  3  0     28.33    0.3363E+00     143.4    345.5
2021  5  6   126   18  4  0     28.44    0.3353E+00     143.6    345.6
2021  5  6   126   18  5  0     28.56    0.3338E+00     143.5    345.7
2021  5  6   126   18  6  0     28.68    0.3327E+00     143.7    345.8
2021  5  6   126   18  7  0     28.80    0.3315E+00     143.6    345.7
2021  5  6   126   18  8  0     28.92    0.3302E+00     143.5    345.5
2021  5  6   126   18  9  0     29.04    0.3288E+00     143.5    345.5
2021  5  6   126   18 10  0     29.16    0.3276E+00     143.5    345.6
2021  5  6   126   18 11  0     29.28    0.3269E+00     143.7    345.5
2021  5  6   126   18 12  0     29.41    0.3260E+00     143.8    345.4
2021  5  6   126   18 13  0     29.53    0.3244E+00     143.8    345.4
2021  5  6   126   18 14  0     29.66    0.3232E+00     143.8    345.4
2021  5  6   126   18 15  0     29.78    0.3219E+00     144.0    345.6
2021  5  6   126   18 16  0     29.91    0.3202E+00     143.9    345.7
2021  5  6   126   18 17  0     30.04    0.3183E+00     143.8    345.8
2021  5  6   126   18 18  0     30.17    0.3162E+00     143.7    346.0
2021  5  6   126   18 19  0     30.30    0.3143E+00     143.7    346.3
2021  5  6   126   18 20  0     30.43    0.3126E+00     143.7    346.4
2021  5  6   126   18 21  0     30.57    0.3072E+00     141.6    346.4
2021  5  6   126   18 22  0     30.70    0.3076E+00     143.2    346.8
2021  5  6   126   18 23  0     30.83    0.3073E+00     143.4    346.6
2021  5  6   126   18 24  0     30.97    0.3071E+00     144.0    346.6
2021  5  6   126   18 25  0     31.11    0.3058E+00     144.1    346.7
2021  5  6   126   18 26  0     31.24    0.3001E+00     141.8    346.6
2021  5  6   126   18 27  0     31.38    0.2939E+00     139.2    346.6
2021  5  6   126   18 28  0     31.52    0.2857E+00     135.6    346.6
2021  5  6   126   18 29  0     31.66    0.2760E+00     131.1    346.6
2021  5  6   126   18 30  0     31.80    0.2816E+00     135.1    346.7
2021  5  6   126   18 31  0     31.94    0.2905E+00     140.8    346.6
2021  5  6   126   18 32  0     32.08    0.2941E+00     143.0    346.0
2021  5  6   126   18 33  0     32.23    0.2929E+00     143.0    345.8
2021  5  6   126   18 34  0     32.37    0.2923E+00     143.7    346.0
2021  5  6   126   18 35  0     32.51    0.2967E+00     147.0    346.0
2021  5  6   126   18 36  0     32.66    0.2927E+00     145.4    345.7
2021  5  6   126   18 37  0     32.81    0.2895E+00     144.5    345.7
2021  5  6   126   18 38  0     32.95    0.2873E+00     144.1    345.7
2021  5  6   126   18 39  0     33.10    0.2818E+00     142.0    345.9
2021  5  6   126   18 40  0     33.25    0.2800E+00     142.2    346.1
2021  5  6   126   18 41  0     33.40    0.2787E+00     142.7    346.4
2021  5  6   126   18 42  0     33.55    0.2782E+00     143.5    346.7
2021  5  6   126   18 43  0     33.70    0.2774E+00     144.3    346.9
2021  5  6   126   18 44  0     33.85    0.2754E+00     144.2    347.1
2021  5  6   126   18 45  0     34.00    0.2633E+00     137.6    346.9
2021  5  6   126   18 46  0     34.15    0.2436E+00     127.2    347.4
2021  5  6   126   18 47  0     34.30    0.2483E+00     131.4    347.7
2021  5  6   126   18 48  0     34.46    0.2566E+00     137.2    347.6
2021  5  6   126   18 49  0     34.61    0.2645E+00     142.9    347.5
2021  5  6   126   18 50  0     34.77    0.2645E+00     143.6    347.3
2021  5  6   126   18 51  0     34.92    0.2599E+00     141.3    346.8
2021  5  6   126   18 52  0     35.08    0.2514E+00     136.8    346.7
2021  5  6   126   18 53  0     35.23    0.2518E+00     138.3    346.8
2021  5  6   126   18 54  0     35.39    0.2549E+00     141.0    346.6
2021  5  6   126   18 55  0     35.55    0.2574E+00     143.4    346.2
2021  5  6   126   18 56  0     35.71    0.2522E+00     141.0    346.1
2021  5  6   126   18 57  0     35.87    0.2507E+00     141.0    345.9
2021  5  6   126   18 58  0     36.02    0.2513E+00     142.6    345.9
2021  5  6   126   18 59  0     36.18    0.2503E+00     142.8    345.7
2021  5  6   126   19  0  0     36.34    0.2449E+00     140.4    345.7
2021  5  6   126   19  1  0     36.51    0.2471E+00     143.1    345.8
2021  5  6   126   19  2  0     36.67    0.2482E+00     144.6    345.4
2021  5  6   126   19  3  0     36.83    0.2435E+00     142.5    345.3
2021  5  6   126   19  4  0     36.99    0.2415E+00     142.4    345.3
2021  5  6   126   19  5  0     37.16    0.2392E+00     141.9    345.2
2021  5  6   126   19  6  0     37.32    0.2366E+00     141.2    345.1
2021  5  6   126   19  7  0     37.48    0.2359E+00     142.0    345.2
2021  5  6   126   19  8  0     37.65    0.2333E+00     141.7    345.3
2021  5  6   126   19  9  0     37.81    0.2335E+00     142.9    345.2
2021  5  6   126   19 10  0     37.98    0.2321E+00     143.1    345.1
2021  5  6   126   19 11  0     38.14    0.2243E+00     138.7    345.0
2021  5  6   126   19 12  0     38.31    0.2193E+00     136.5    345.0
2021  5  6   126   19 13  0     38.48    0.2220E+00     139.9    345.0
2021  5  6   126   19 14  0     38.64    0.2090E+00     131.4    344.9
2021  5  6   126   19 15  0     38.81    0.2161E+00     138.4    345.2
2021  5  6   126   19 16  0     38.98    0.2128E+00     137.3    345.2
2021  5  6   126   19 17  0     39.15    0.2160E+00     141.2    345.4
2021  5  6   126   19 18  0     39.32    0.2049E+00     133.7    345.1
2021  5  6   126   19 19  0     39.48    0.1902E+00     123.7    345.0
2021  5  6   126   19 20  0     39.65    0.1845E+00     120.8    345.2
2021  5  6   126   19 21  0     39.82    0.1825E+00     120.3    345.1
2021  5  6   126   19 22  0     39.99    0.1798E+00     119.2    345.0
2021  5  6   126   19 23  0     40.16    0.1878E+00     127.3    345.4
2021  5  6   126   19 24  0     40.34    0.1849E+00     126.0    345.2
2021  5  6   126   19 25  0     40.51    0.1954E+00     135.8    345.1
2021  5  6   126   19 26  0     40.68    0.1919E+00     133.7    344.7
2021  5  6   126   19 27  0     40.85    0.1826E+00     127.4    344.8
2021  5  6   126   19 28  0     41.02    0.1780E+00     124.4    344.4
2021  5  6   126   19 29  0     41.20    0.1852E+00     132.0    344.5
2021  5  6   126   19 30  0     41.37    0.1879E+00     135.3    344.2
2021  5  6   126   19 31  0     41.54    0.1845E+00     133.8    344.1
2021  5  6   126   19 32  0     41.72    0.1854E+00     136.5    344.5
2021  5  6   126   19 33  0     41.89    0.1882E+00     140.1    344.3
2021  5  6   126   19 34  0     42.07    0.1851E+00     138.7    344.1
2021  5  6   126   19 35  0     42.24    0.1862E+00     141.1    344.1
2021  5  6   126   19 36  0     42.42    0.1804E+00     137.3    344.1
2021  5  6   126   19 37  0     42.59    0.1827E+00     140.7    343.9
2021  5  6   126   19 38  0     42.77    0.1795E+00     139.4    343.9
2021  5  6   126   19 39  0     42.94    0.1814E+00     142.9    344.0
2021  5  6   126   19 40  0     43.12    0.1767E+00     139.8    343.7
2021  5  6   126   19 41  0     43.30    0.1770E+00     142.0    343.9
2021  5  6   126   19 42  0     43.47    0.1766E+00     143.1    343.7
2021  5  6   126   19 43  0     43.65    0.1743E+00     142.4    343.5
2021  5  6   126   19 44  0     43.83    0.1719E+00     141.8    343.5
2021  5  6   126   19 45  0     44.00    0.1707E+00     142.3    343.5
2021  5  6   126   19 46  0     44.18    0.1690E+00     142.5    343.7
2021  5  6   126   19 47  0     44.36    0.1674E+00     142.8    343.8
2021  5  6   126   19 48  0     44.54    0.1658E+00     142.9    343.8
2021  5  6   126   19 49  0     44.72    0.1640E+00     142.9    343.8
2021  5  6   126   19 50  0     44.90    0.1622E+00     142.7    343.7
2021  5  6   126   19 51  0     45.08    0.1603E+00     142.5    343.6
2021  5  6   126   19 52  0     45.25    0.1583E+00     142.1    343.5
2021  5  6   126   19 53  0     45.43    0.1564E+00     141.9    343.4
2021  5  6   126   19 54  0     45.61    0.1525E+00     139.4    343.2
2021  5  6   126   19 55  0     45.79    0.1528E+00     141.6    343.2
2021  5  6   126   19 56  0     45.97    0.1513E+00     141.7    343.0
2021  5  6   126   19 57  0     46.15    0.1494E+00     141.4    342.9
2021  5  6   126   19 58  0     46.34    0.1359E+00     126.2    340.7
2021  5  6   126   20  4  0     47.42   -0.1425E-02      -0.0    340.7
2021  5  6   126   20  5  0     47.61    0.1257E-02      -0.0    -99.9
2021  5  6   126   20  6  0     47.79    0.9026E-03      -0.0    -99.9
2021  5  6   126   20  7  0     47.97    0.7803E-03      -0.0    -99.9
2021  5  6   126   20  8  0     48.15    0.8512E-03      -0.0    -99.9
2021  5  6   126   20  9  0     48.34    0.9346E-03      -0.0    -99.9
2021  5  6   126   20 10  0     48.52    0.1024E-02      -0.0    -99.9
2021  5  6   126   20 11  0     48.70    0.1084E-02      -0.0    -99.9
2021  5  6   126   20 12  0     48.89    0.1099E-02      -0.0    -99.9
2021  5  6   126   20 13  0     49.07    0.1116E-02      -0.0    -99.9
2021  5  6   126   20 14  0     49.25    0.1183E-02      -0.0    -99.9
2021  5  6   126   20 15  0     49.44    0.1187E-02      -0.0    -99.9
2021  5  6   126   20 16  0     49.62    0.1226E-02      -0.0    -99.9
2021  5  6   126   20 17  0     49.81    0.1230E-02      -0.0    -99.9
2021  5  6   126   20 18  0     49.99    0.1220E-02      -0.0    -99.9
2021  5  6   126   20 19  0     50.17    0.2573E-01       1.8     14.1
2021  5  6   126   20 20  0     50.36    0.3697E-01       2.5     12.0
2021  5  6   126   20 21  0     50.54    0.3750E-01       2.5     11.8
2021  5  6   126   20 22  0     50.73    0.3768E-01       2.5     11.7
2021  5  6   126   20 23  0     50.91    0.3783E-01       2.6     11.6
2021  5  6   126   20 24  0     51.10    0.3795E-01       2.6     11.5
2021  5  6   126   20 25  0     51.28    0.1004E-01       0.5      1.3
2021  5  6   126   20 26  0     51.47    0.3156E-01       2.2     12.8
2021  5  6   126   20 27  0     51.66    0.4749E-01       3.3     11.2
2021  5  6   126   20 28  0     51.84    0.4774E-01       3.3     11.1
2021  5  6   126   20 29  0     52.03    0.4787E-01       3.3     11.0
2021  5  6   126   20 30  0     52.21    0.4801E-01       3.3     10.9
2021  5  6   126   20 31  0     52.40    0.4808E-01       3.4     10.8
2021  5  6   126   20 32  0     52.59    0.4280E-01       2.9      9.0
2021  5  6   126   20 33  0     52.77    0.2517E-01       1.8     12.1
2021  5  6   126   20 34  0     52.96    0.5970E-01       4.1      9.8
2021  5  6   126   20 35  0     53.15    0.5885E-01       4.1      9.8
2021  5  6   126   20 36  0     53.33    0.5845E-01       4.1      9.7
2021  5  6   126   20 37  0     53.52    0.5827E-01       4.1      9.7
2021  5  6   126   20 38  0     53.71    0.5825E-01       4.1      9.6
2021  5  6   126   20 39  0     53.89    0.4314E-01       2.9      7.4
2021  5  6   126   20 40  0     54.08    0.1656E-02      -0.0    -99.9
2021  5  6   126   20 41  0     54.27    0.1566E-02      -0.0    -99.9
2021  5  6   126   20 42  0     54.45    0.1553E-02      -0.0    -99.9
2021  5  6   126   20 43  0     54.64    0.1525E-02      -0.0    -99.9
2021  5  6   126   20 44  0     54.83    0.1493E-02      -0.0    -99.9
2021  5  6   126   20 45  0     55.02    0.1469E-02      -0.0    -99.9
2021  5  6   126   20 46  0     55.20    0.1453E-02      -0.0    -99.9
2021  5  6   126   20 47  0     55.39    0.1467E-02      -0.0    -99.9
2021  5  6   126   20 48  0     55.58    0.1458E-02      -0.0    -99.9
2021  5  6   126   20 49  0     55.77    0.1473E-02      -0.0    -99.9
