                            NILUUV 115

Uvpro Version 2.0
Latitude :   40.74 (North)
Longitude:  -74.03  (West)
Calibration file: cf100603a.115
Height above sea level:    40.0  m
CLT derived from channel 4
CLT scale factor used:   1.0
Ozone derived from channel pair ch3/ch1
Ozone scale factor used:   1.0
Drift factors ch1-ch6:   0.337  0.331  0.498  0.505  0.319  0.899
Ozone profile climatology: Mid  Latitude
Dose type:    CLW    Caldwell Plant 1971           

yyyy mm dd   jul   hh mm ss      SZA     dose rate       clt     Ozone
                              [degrees]   [W/m^2]        [%]     [DU]
2021  5  2   122    9 59  0     89.88    0.1098E-02     115.3     25.0
2021  5  2   122   10  0  0     89.70    0.1089E-02     115.2     27.1
2021  5  2   122   10  1  0     89.52    0.1098E-02     115.7     29.1
2021  5  2   122   10  2  0     89.34    0.1117E-02     116.8     31.1
2021  5  2   122   10  3  0     89.17    0.1133E-02     118.2     33.4
2021  5  2   122   10  4  0     88.99    0.1131E-02     120.3     36.5
2021  5  2   122   10  5  0     88.81    0.1162E-02     121.2     39.1
2021  5  2   122   10  6  0     88.63    0.1168E-02     121.8     41.8
2021  5  2   122   10  7  0     88.45    0.1180E-02     122.4     44.3
2021  5  2   122   10  8  0     88.27    0.1214E-02     123.1     46.1
2021  5  2   122   10  9  0     88.09    0.1251E-02     123.9     47.6
2021  5  2   122   10 10  0     87.91    0.1256E-02     124.1     50.4
2021  5  2   122   10 11  0     87.73    0.1252E-02     123.9     53.8
2021  5  2   122   10 12  0     87.55    0.1261E-02     123.9     56.8
2021  5  2   122   10 13  0     87.37    0.1296E-02     124.0     59.0
2021  5  2   122   10 14  0     87.19    0.1317E-02     124.2     61.5
2021  5  2   122   10 15  0     87.01    0.1324E-02     124.5     64.2
2021  5  2   122   10 16  0     86.83    0.1339E-02     124.5     67.1
2021  5  2   122   10 17  0     86.65    0.1338E-02     124.8     70.9
2021  5  2   122   10 18  0     86.47    0.1364E-02     124.9     73.7
2021  5  2   122   10 19  0     86.29    0.1395E-02     125.2     76.4
2021  5  2   122   10 20  0     86.11    0.1424E-02     125.6     79.2
2021  5  2   122   10 21  0     85.93    0.1451E-02     125.7     82.0
2021  5  2   122   10 22  0     85.75    0.1460E-02     125.6     85.4
2021  5  2   122   10 23  0     85.57    0.1513E-02     125.7     87.4
2021  5  2   122   10 24  0     85.38    0.1521E-02     125.8     91.2
2021  5  2   122   10 25  0     85.20    0.1539E-02     125.9     94.6
2021  5  2   122   10 26  0     85.02    0.1590E-02     125.9     96.7
2021  5  2   122   10 27  0     84.84    0.1618E-02     125.8    100.2
2021  5  2   122   10 28  0     84.66    0.1671E-02     125.5    102.4
2021  5  2   122   10 29  0     84.47    0.1713E-02     125.3    105.0
2021  5  2   122   10 30  0     84.29    0.1744E-02     124.9    108.1
2021  5  2   122   10 31  0     84.11    0.1778E-02     124.7    111.2
2021  5  2   122   10 32  0     83.93    0.1798E-02     124.4    114.8
2021  5  2   122   10 33  0     83.74    0.1855E-02     124.1    117.5
2021  5  2   122   10 34  0     83.56    0.1907E-02     123.5    120.2
2021  5  2   122   10 35  0     83.38    0.1946E-02     123.0    123.4
2021  5  2   122   10 36  0     83.19    0.1961E-02     123.2    127.9
2021  5  2   122   10 37  0     83.01    0.2007E-02     123.7    131.3
2021  5  2   122   10 38  0     82.83    0.2076E-02     123.3    134.1
2021  5  2   122   10 39  0     82.64    0.2123E-02     122.9    138.2
2021  5  2   122   10 40  0     82.46    0.2194E-02     122.5    141.3
2021  5  2   122   10 41  0     82.27    0.2256E-02     122.4    145.1
2021  5  2   122   10 42  0     82.09    0.2328E-02     122.1    148.1
2021  5  2   122   10 43  0     81.91    0.2392E-02     121.5    151.3
2021  5  2   122   10 44  0     81.72    0.2431E-02     121.2    156.1
2021  5  2   122   10 45  0     81.54    0.2483E-02     120.6    159.4
2021  5  2   122   10 46  0     81.35    0.2561E-02     119.8    161.3
2021  5  2   122   10 47  0     81.17    0.2612E-02     118.6    164.2
2021  5  2   122   10 48  0     80.98    0.2670E-02     117.5    166.8
2021  5  2   122   10 49  0     80.80    0.2745E-02     117.2    168.9
2021  5  2   122   10 50  0     80.61    0.2743E-02     117.1    174.0
2021  5  2   122   10 51  0     80.43    0.2798E-02     116.3    176.9
2021  5  2   122   10 52  0     80.24    0.2896E-02     116.5    179.8
2021  5  2   122   10 53  0     80.06    0.3029E-02     116.4    182.0
2021  5  2   122   10 54  0     79.87    0.3143E-02     115.8    184.7
2021  5  2   122   10 55  0     79.69    0.3249E-02     116.1    187.9
2021  5  2   122   10 56  0     79.50    0.3324E-02     115.7    190.7
2021  5  2   122   10 57  0     79.31    0.3401E-02     114.8    192.8
2021  5  2   122   10 58  0     79.13    0.3488E-02     114.2    195.3
2021  5  2   122   10 59  0     78.94    0.3578E-02     113.8    199.9
2021  5  2   122   11  0  0     78.76    0.3767E-02     114.1    202.0
2021  5  2   122   11  1  0     78.57    0.4005E-02     115.4    203.6
2021  5  2   122   11  2  0     78.38    0.4185E-02     116.7    206.7
2021  5  2   122   11  3  0     78.20    0.4365E-02     118.0    208.8
2021  5  2   122   11  4  0     78.01    0.4491E-02     119.5    212.7
2021  5  2   122   11  5  0     77.82    0.4611E-02     121.2    217.5
2021  5  2   122   11  6  0     77.64    0.4796E-02     121.8    219.2
2021  5  2   122   11  7  0     77.45    0.4997E-02     121.5    221.5
2021  5  2   122   11  8  0     77.26    0.5250E-02     121.1    222.8
2021  5  2   122   11  9  0     77.08    0.5466E-02     122.1    225.9
2021  5  2   122   11 10  0     76.89    0.5685E-02     121.2    227.1
2021  5  2   122   11 11  0     76.70    0.5863E-02     121.5    230.3
2021  5  2   122   11 12  0     76.52    0.6061E-02     121.4    232.2
2021  5  2   122   11 13  0     76.33    0.6220E-02     121.1    235.2
2021  5  2   122   11 14  0     76.14    0.6406E-02     120.6    237.1
2021  5  2   122   11 15  0     75.95    0.6603E-02     120.9    239.3
2021  5  2   122   11 16  0     75.77    0.6811E-02     121.6    241.4
2021  5  2   122   11 17  0     75.58    0.7035E-02     121.7    242.9
2021  5  2   122   11 18  0     75.39    0.7231E-02     121.4    244.7
2021  5  2   122   11 19  0     75.20    0.7412E-02     121.1    246.1
2021  5  2   122   11 20  0     75.02    0.7560E-02     121.2    248.4
2021  5  2   122   11 21  0     74.83    0.7705E-02     123.0    253.3
2021  5  2   122   11 22  0     74.64    0.7833E-02     124.8    256.3
2021  5  2   122   11 23  0     74.45    0.7914E-02     124.0    258.0
2021  5  2   122   11 24  0     74.26    0.7958E-02     119.2    258.2
2021  5  2   122   11 25  0     74.08    0.8024E-02     112.1    255.9
2021  5  2   122   11 26  0     73.89    0.8089E-02     106.4    256.4
2021  5  2   122   11 27  0     73.70    0.8265E-02     103.9    257.0
2021  5  2   122   11 28  0     73.51    0.8514E-02     103.8    258.3
2021  5  2   122   11 29  0     73.32    0.8730E-02     104.0    259.5
2021  5  2   122   11 30  0     73.13    0.8837E-02     103.4    261.7
2021  5  2   122   11 31  0     72.95    0.8973E-02     102.9    263.1
2021  5  2   122   11 32  0     72.76    0.9141E-02     102.4    264.3
2021  5  2   122   11 33  0     72.57    0.9303E-02     101.6    265.2
2021  5  2   122   11 34  0     72.38    0.9576E-02     105.6    268.0
2021  5  2   122   11 35  0     72.19    0.9363E-02      98.7    267.5
2021  5  2   122   11 36  0     72.00    0.8816E-02      86.5    265.0
2021  5  2   122   11 37  0     71.81    0.8211E-02      75.3    262.7
2021  5  2   122   11 38  0     71.62    0.7809E-02      68.3    262.0
2021  5  2   122   11 39  0     71.44    0.7629E-02      63.8    261.7
2021  5  2   122   11 40  0     71.25    0.7619E-02      60.9    261.2
2021  5  2   122   11 41  0     71.06    0.7641E-02      59.1    261.8
2021  5  2   122   11 42  0     70.87    0.7718E-02      57.7    262.6
2021  5  2   122   11 43  0     70.68    0.7800E-02      56.6    263.3
2021  5  2   122   11 44  0     70.49    0.7940E-02      56.0    264.2
2021  5  2   122   11 45  0     70.30    0.8253E-02      56.5    264.9
2021  5  2   122   11 46  0     70.11    0.8666E-02      57.8    266.7
2021  5  2   122   11 47  0     69.92    0.9128E-02      59.2    267.5
2021  5  2   122   11 48  0     69.73    0.9466E-02      60.0    269.2
2021  5  2   122   11 49  0     69.54    0.9741E-02      60.3    270.8
2021  5  2   122   11 50  0     69.36    0.1002E-01      60.3    271.3
2021  5  2   122   11 51  0     69.17    0.1020E-01      59.9    272.0
2021  5  2   122   11 52  0     68.98    0.1030E-01      59.0    274.0
2021  5  2   122   11 53  0     68.79    0.1037E-01      57.8    274.5
2021  5  2   122   11 54  0     68.60    0.1034E-01      56.2    275.2
2021  5  2   122   11 55  0     68.41    0.1026E-01      54.2    274.1
2021  5  2   122   11 56  0     68.22    0.1009E-01      52.1    275.1
2021  5  2   122   11 57  0     68.03    0.1006E-01      50.6    275.4
2021  5  2   122   11 58  0     67.84    0.1021E-01      50.1    276.6
2021  5  2   122   11 59  0     67.65    0.1045E-01      50.1    277.3
2021  5  2   122   12  0  0     67.46    0.1060E-01      49.7    278.0
2021  5  2   122   12  1  0     67.27    0.1057E-01      48.6    279.0
2021  5  2   122   12  2  0     67.08    0.1050E-01      47.1    278.8
2021  5  2   122   12  3  0     66.89    0.1039E-01      45.7    280.4
2021  5  2   122   12  4  0     66.70    0.1044E-01      44.8    280.2
2021  5  2   122   12  5  0     66.51    0.1056E-01      44.4    281.3
2021  5  2   122   12  6  0     66.32    0.1093E-01      44.9    281.8
2021  5  2   122   12  7  0     66.13    0.1142E-01      46.0    283.3
2021  5  2   122   12  8  0     65.95    0.1205E-01      47.5    284.2
2021  5  2   122   12  9  0     65.75    0.1277E-01      49.3    285.5
2021  5  2   122   12 10  0     65.56    0.1377E-01      52.0    286.2
2021  5  2   122   12 11  0     65.38    0.1513E-01      55.8    287.3
2021  5  2   122   12 12  0     65.19    0.1681E-01      60.0    288.0
2021  5  2   122   12 13  0     65.00    0.1862E-01      63.9    287.3
2021  5  2   122   12 14  0     64.81    0.2049E-01      67.4    286.4
2021  5  2   122   12 15  0     64.62    0.2268E-01      72.2    286.2
2021  5  2   122   12 16  0     64.43    0.2530E-01      79.3    287.0
2021  5  2   122   12 17  0     64.24    0.2819E-01      88.9    289.5
2021  5  2   122   12 18  0     64.05    0.3108E-01      99.7    292.4
2021  5  2   122   12 19  0     63.86    0.3395E-01     113.7    297.2
2021  5  2   122   12 20  0     63.67    0.3641E-01     127.8    301.0
2021  5  2   122   12 21  0     63.48    0.3447E-01     117.4    300.9
2021  5  2   122   12 22  0     63.29    0.3210E-01     105.8    300.6
2021  5  2   122   12 23  0     63.10    0.3046E-01      95.9    299.4
2021  5  2   122   12 24  0     62.91    0.2883E-01      85.1    297.6
2021  5  2   122   12 25  0     62.72    0.2965E-01      85.2    297.4
2021  5  2   122   12 26  0     62.53    0.3038E-01      84.2    296.9
2021  5  2   122   12 27  0     62.34    0.3181E-01      85.9    296.2
2021  5  2   122   12 28  0     62.16    0.3338E-01      87.9    296.2
2021  5  2   122   12 29  0     61.97    0.3493E-01      89.9    296.6
2021  5  2   122   12 30  0     61.78    0.3637E-01      91.8    297.1
2021  5  2   122   12 31  0     61.59    0.3805E-01      94.4    297.4
2021  5  2   122   12 32  0     61.40    0.3918E-01      94.2    296.4
2021  5  2   122   12 33  0     61.21    0.4063E-01      95.5    296.5
2021  5  2   122   12 34  0     61.02    0.4208E-01      96.6    296.4
2021  5  2   122   12 35  0     60.83    0.4363E-01      98.1    296.9
2021  5  2   122   12 36  0     60.64    0.4563E-01     101.0    297.1
2021  5  2   122   12 37  0     60.45    0.4750E-01     103.5    297.3
2021  5  2   122   12 38  0     60.26    0.4881E-01     103.2    296.3
2021  5  2   122   12 39  0     60.08    0.5726E-01     128.9    300.6
2021  5  2   122   12 40  0     59.89    0.5718E-01     123.3    299.6
2021  5  2   122   12 41  0     59.70    0.6099E-01     131.5    300.6
2021  5  2   122   12 42  0     59.51    0.6076E-01     127.5    300.3
2021  5  2   122   12 43  0     59.32    0.5682E-01     109.3    297.1
2021  5  2   122   12 44  0     59.13    0.6001E-01     116.5    299.1
2021  5  2   122   12 45  0     58.94    0.6685E-01     132.7    300.8
2021  5  2   122   12 46  0     58.76    0.6789E-01     132.3    300.9
2021  5  2   122   12 47  0     58.57    0.6838E-01     130.4    300.9
2021  5  2   122   12 48  0     58.38    0.6662E-01     121.3    299.6
2021  5  2   122   12 49  0     58.19    0.6940E-01     126.8    300.9
2021  5  2   122   12 50  0     58.00    0.7233E-01     130.1    301.0
2021  5  2   122   12 51  0     57.81    0.7394E-01     130.8    301.2
2021  5  2   122   12 52  0     57.63    0.7526E-01     130.8    301.3
2021  5  2   122   12 53  0     57.44    0.7655E-01     131.0    301.4
2021  5  2   122   12 54  0     57.25    0.7760E-01     130.6    301.7
2021  5  2   122   12 55  0     57.06    0.7851E-01     129.8    301.7
2021  5  2   122   12 56  0     56.87    0.8002E-01     130.4    302.0
2021  5  2   122   12 57  0     56.69    0.8156E-01     130.8    302.2
2021  5  2   122   12 58  0     56.50    0.8308E-01     131.3    302.3
2021  5  2   122   12 59  0     56.31    0.8457E-01     131.7    302.5
2021  5  2   122   13  0  0     56.12    0.8509E-01     130.2    302.5
2021  5  2   122   13  1  0     55.94    0.8504E-01     127.5    302.3
2021  5  2   122   13  2  0     55.75    0.8189E-01     118.4    301.7
2021  5  2   122   13  3  0     55.56    0.8765E-01     127.4    302.6
2021  5  2   122   13  4  0     55.38    0.8735E-01     123.2    302.1
2021  5  2   122   13  5  0     55.19    0.9032E-01     126.6    302.7
2021  5  2   122   13  6  0     55.00    0.9307E-01     129.0    302.9
2021  5  2   122   13  7  0     54.82    0.9442E-01     128.9    303.0
2021  5  2   122   13  8  0     54.63    0.9585E-01     128.8    303.1
2021  5  2   122   13  9  0     54.44    0.9747E-01     129.1    303.3
2021  5  2   122   13 10  0     54.26    0.9886E-01     128.9    303.3
2021  5  2   122   13 11  0     54.07    0.1004E+00     129.0    303.4
2021  5  2   122   13 12  0     53.88    0.1018E+00     128.8    303.5
2021  5  2   122   13 13  0     53.70    0.1035E+00     129.2    303.6
2021  5  2   122   13 14  0     53.51    0.1053E+00     129.7    303.8
2021  5  2   122   13 15  0     53.33    0.1072E+00     130.2    303.9
2021  5  2   122   13 16  0     53.14    0.1096E+00     131.5    304.1
2021  5  2   122   13 17  0     52.95    0.1117E+00     132.4    304.2
2021  5  2   122   13 18  0     52.77    0.1137E+00     132.9    304.3
2021  5  2   122   13 19  0     52.58    0.1154E+00     133.0    304.4
2021  5  2   122   13 20  0     52.40    0.1178E+00     134.0    304.5
2021  5  2   122   13 21  0     52.21    0.1205E+00     135.6    304.7
2021  5  2   122   13 22  0     52.03    0.1224E+00     135.8    304.7
2021  5  2   122   13 23  0     51.84    0.1235E+00     135.2    304.8
2021  5  2   122   13 24  0     51.66    0.1251E+00     135.4    304.9
2021  5  2   122   13 25  0     51.47    0.1231E+00     129.9    304.4
2021  5  2   122   13 26  0     51.29    0.1191E+00     122.2    304.0
2021  5  2   122   13 27  0     51.11    0.1241E+00     127.2    304.6
2021  5  2   122   13 28  0     50.92    0.1328E+00     136.5    305.0
2021  5  2   122   13 29  0     50.74    0.1342E+00     135.7    304.9
2021  5  2   122   13 30  0     50.56    0.1370E+00     136.8    304.9
2021  5  2   122   13 31  0     50.37    0.1401E+00     138.2    304.9
2021  5  2   122   13 32  0     50.19    0.1428E+00     139.2    305.0
2021  5  2   122   13 33  0     50.01    0.1461E+00     140.8    305.0
2021  5  2   122   13 34  0     49.82    0.1463E+00     139.1    305.1
2021  5  2   122   13 35  0     49.64    0.1475E+00     138.7    305.2
2021  5  2   122   13 36  0     49.46    0.1413E+00     129.3    304.7
2021  5  2   122   13 37  0     49.27    0.1436E+00     129.7    304.7
2021  5  2   122   13 38  0     49.09    0.1510E+00     136.4    305.3
2021  5  2   122   13 39  0     48.91    0.1581E+00     141.9    305.4
2021  5  2   122   13 40  0     48.73    0.1634E+00     145.5    305.5
2021  5  2   122   13 41  0     48.55    0.1680E+00     149.1    306.1
2021  5  2   122   13 42  0     48.37    0.1664E+00     145.5    306.0
2021  5  2   122   13 43  0     48.18    0.1594E+00     138.0    306.8
2021  5  2   122   13 44  0     48.00    0.1539E+00     131.0    306.6
2021  5  2   122   13 45  0     47.82    0.1390E+00     114.6    306.4
2021  5  2   122   13 46  0     47.64    0.1389E+00     113.8    306.8
2021  5  2   122   13 47  0     47.46    0.1418E+00     116.3    307.5
2021  5  2   122   13 48  0     47.28    0.1364E+00     109.3    307.2
2021  5  2   122   13 49  0     47.10    0.1322E+00     104.3    307.5
2021  5  2   122   13 50  0     46.92    0.1319E+00     102.7    307.4
2021  5  2   122   13 51  0     46.74    0.1361E+00     105.2    307.6
2021  5  2   122   13 52  0     46.56    0.1426E+00     108.2    306.6
2021  5  2   122   13 53  0     46.38    0.1486E+00     112.3    306.9
2021  5  2   122   13 54  0     46.21    0.1536E+00     114.7    306.6
2021  5  2   122   13 55  0     46.03    0.1507E+00     110.8    306.7
2021  5  2   122   13 56  0     45.85    0.1574E+00     115.3    306.8
2021  5  2   122   13 57  0     45.67    0.1629E+00     119.2    307.4
2021  5  2   122   13 58  0     45.49    0.1809E+00     135.6    308.9
2021  5  2   122   13 59  0     45.32    0.1834E+00     137.8    309.6
2021  5  2   122   14  0  0     45.14    0.1348E+00      93.5    308.2
2021  5  2   122   14  1  0     44.96    0.1316E+00      90.1    308.4
2021  5  2   122   14  2  0     44.79    0.1321E+00      88.6    307.8
2021  5  2   122   14  3  0     44.61    0.1346E+00      89.0    307.4
2021  5  2   122   14  4  0     44.43    0.1458E+00      96.8    307.5
2021  5  2   122   14  5  0     44.26    0.1491E+00      98.8    308.1
2021  5  2   122   14  6  0     44.08    0.1637E+00     109.8    308.4
2021  5  2   122   14  7  0     43.91    0.1553E+00     102.7    309.0
2021  5  2   122   14  8  0     43.73    0.1814E+00     124.4    310.5
2021  5  2   122   14  9  0     43.56    0.1610E+00     107.2    310.0
2021  5  2   122   14 10  0     43.38    0.1300E+00      83.4    310.7
2021  5  2   122   14 11  0     43.21    0.1232E+00      79.1    312.0
2021  5  2   122   14 12  0     43.04    0.1221E+00      79.5    313.5
2021  5  2   122   14 13  0     42.86    0.1039E+00      66.2    314.4
2021  5  2   122   14 14  0     42.69    0.9581E-01      60.4    315.3
2021  5  2   122   14 15  0     42.52    0.9261E-01      57.9    315.3
2021  5  2   122   14 16  0     42.35    0.8759E-01      54.3    315.8
2021  5  2   122   14 17  0     42.17    0.7959E-01      49.1    317.3
2021  5  2   122   14 18  0     42.00    0.7238E-01      44.5    319.0
2021  5  2   122   14 19  0     41.83    0.6958E-01      42.5    319.7
2021  5  2   122   14 20  0     41.66    0.6860E-01      41.0    319.3
2021  5  2   122   14 21  0     41.49    0.7340E-01      42.8    317.2
2021  5  2   122   14 22  0     41.32    0.8377E-01      47.3    313.9
2021  5  2   122   14 23  0     41.15    0.9911E-01      54.8    311.0
2021  5  2   122   14 24  0     40.98    0.1246E+00      70.3    310.7
2021  5  2   122   14 25  0     40.81    0.1721E+00     102.1    311.3
2021  5  2   122   14 26  0     40.64    0.1275E+00      69.6    309.5
2021  5  2   122   14 27  0     40.47    0.1168E+00      63.9    312.4
2021  5  2   122   14 28  0     40.31    0.1092E+00      60.0    314.6
2021  5  2   122   14 29  0     40.14    0.1004E+00      55.4    317.1
2021  5  2   122   14 30  0     39.97    0.9603E-01      53.1    318.9
2021  5  2   122   14 31  0     39.80    0.9482E-01      52.3    319.6
2021  5  2   122   14 32  0     39.64    0.9380E-01      51.8    320.5
2021  5  2   122   14 33  0     39.47    0.9125E-01      50.6    321.9
2021  5  2   122   14 34  0     39.31    0.8575E-01      47.2    322.8
2021  5  2   122   14 35  0     39.14    0.7931E-01      43.8    325.0
2021  5  2   122   14 36  0     38.98    0.7590E-01      41.9    326.2
2021  5  2   122   14 37  0     38.81    0.7771E-01      42.3    325.5
2021  5  2   122   14 38  0     38.65    0.8299E-01      44.3    323.4
2021  5  2   122   14 39  0     38.49    0.8650E-01      45.5    322.0
2021  5  2   122   14 40  0     38.33    0.8454E-01      44.5    322.6
2021  5  2   122   14 41  0     38.16    0.8212E-01      43.7    324.2
2021  5  2   122   14 42  0     38.00    0.7197E-01      38.3    327.1
2021  5  2   122   14 43  0     37.84    0.6640E-01      35.6    329.4
2021  5  2   122   14 44  0     37.68    0.5981E-01      32.4    333.1
2021  5  2   122   14 45  0     37.52    0.5389E-01      29.5    336.6
2021  5  2   122   14 46  0     37.36    0.5015E-01      27.5    338.7
2021  5  2   122   14 47  0     37.20    0.4944E-01      26.8    338.2
2021  5  2   122   14 48  0     37.05    0.5205E-01      27.6    335.9
2021  5  2   122   14 49  0     36.89    0.5640E-01      29.2    332.8
2021  5  2   122   14 50  0     36.73    0.6016E-01      30.5    330.3
2021  5  2   122   14 51  0     36.57    0.6235E-01      31.1    329.3
2021  5  2   122   14 52  0     36.42    0.6462E-01      31.9    328.6
2021  5  2   122   14 53  0     36.26    0.6886E-01      33.6    327.4
2021  5  2   122   14 54  0     36.11    0.7458E-01      35.9    325.8
2021  5  2   122   14 55  0     35.95    0.7668E-01      36.6    325.6
2021  5  2   122   14 56  0     35.80    0.7315E-01      35.1    327.7
2021  5  2   122   14 57  0     35.65    0.6932E-01      33.5    330.1
2021  5  2   122   14 58  0     35.50    0.6846E-01      33.1    331.0
2021  5  2   122   14 59  0     35.34    0.7096E-01      34.0    330.4
2021  5  2   122   15  0  0     35.19    0.7502E-01      35.4    329.0
2021  5  2   122   15  1  0     35.04    0.7706E-01      36.0    328.2
2021  5  2   122   15  2  0     34.89    0.7361E-01      34.5    329.6
2021  5  2   122   15  3  0     34.74    0.6638E-01      31.5    332.6
2021  5  2   122   15  4  0     34.60    0.5886E-01      28.4    336.8
2021  5  2   122   15  5  0     34.45    0.5188E-01      25.5    341.2
2021  5  2   122   15  6  0     34.30    0.4551E-01      22.8    346.0
2021  5  2   122   15  7  0     34.16    0.4126E-01      21.0    349.4
2021  5  2   122   15  8  0     34.01    0.3986E-01      20.4    350.9
2021  5  2   122   15  9  0     33.86    0.4064E-01      20.6    350.0
2021  5  2   122   15 10  0     33.72    0.4255E-01      21.3    348.8
2021  5  2   122   15 11  0     33.58    0.4621E-01      22.7    346.8
2021  5  2   122   15 12  0     33.43    0.5167E-01      24.9    344.2
2021  5  2   122   15 13  0     33.29    0.5780E-01      27.2    341.6
2021  5  2   122   15 14  0     33.15    0.6450E-01      29.7    338.8
2021  5  2   122   15 15  0     33.01    0.7237E-01      32.7    335.7
2021  5  2   122   15 16  0     32.87    0.8044E-01      35.6    333.1
2021  5  2   122   15 17  0     32.73    0.8786E-01      38.2    331.0
2021  5  2   122   15 18  0     32.60    0.9370E-01      40.3    329.8
2021  5  2   122   15 19  0     32.46    0.9542E-01      40.9    329.9
2021  5  2   122   15 20  0     32.32    0.9184E-01      39.6    331.9
2021  5  2   122   15 21  0     32.19    0.8491E-01      37.1    335.2
2021  5  2   122   15 22  0     32.05    0.7794E-01      34.5    338.7
2021  5  2   122   15 23  0     31.92    0.7177E-01      32.2    342.0
2021  5  2   122   15 24  0     31.79    0.6670E-01      30.1    344.3
2021  5  2   122   15 25  0     31.65    0.6452E-01      29.1    345.1
2021  5  2   122   15 26  0     31.52    0.6594E-01      29.4    343.9
2021  5  2   122   15 27  0     31.39    0.7000E-01      30.8    341.7
2021  5  2   122   15 28  0     31.26    0.7368E-01      32.0    340.3
2021  5  2   122   15 29  0     31.14    0.7438E-01      32.2    340.4
2021  5  2   122   15 30  0     31.01    0.7361E-01      31.8    341.1
2021  5  2   122   15 31  0     30.88    0.7471E-01      32.0    340.8
2021  5  2   122   15 32  0     30.76    0.7807E-01      33.1    339.6
2021  5  2   122   15 33  0     30.63    0.8317E-01      34.8    337.6
2021  5  2   122   15 34  0     30.51    0.9117E-01      37.3    334.6
2021  5  2   122   15 35  0     30.39    0.1004E+00      40.3    331.4
2021  5  2   122   15 36  0     30.27    0.1099E+00      43.4    329.2
2021  5  2   122   15 37  0     30.15    0.1242E+00      48.4    326.8
2021  5  2   122   15 38  0     30.03    0.1392E+00      53.6    324.5
2021  5  2   122   15 39  0     29.91    0.1461E+00      56.5    324.3
2021  5  2   122   15 40  0     29.80    0.1274E+00      49.8    327.9
2021  5  2   122   15 41  0     29.68    0.1043E+00      41.6    333.5
2021  5  2   122   15 42  0     29.57    0.8846E-01      35.8    337.6
2021  5  2   122   15 43  0     29.45    0.7639E-01      31.3    341.0
2021  5  2   122   15 44  0     29.34    0.7138E-01      29.4    342.7
2021  5  2   122   15 45  0     29.23    0.7619E-01      31.0    340.5
2021  5  2   122   15 46  0     29.12    0.8870E-01      35.0    335.2
2021  5  2   122   15 47  0     29.01    0.1041E+00      39.9    330.2
2021  5  2   122   15 48  0     28.90    0.1209E+00      45.2    325.8
2021  5  2   122   15 49  0     28.80    0.1404E+00      51.9    322.9
2021  5  2   122   15 50  0     28.69    0.1416E+00      51.7    322.0
2021  5  2   122   15 51  0     28.59    0.1373E+00      50.2    323.4
2021  5  2   122   15 52  0     28.49    0.1333E+00      48.9    324.8
2021  5  2   122   15 53  0     28.39    0.1257E+00      46.3    326.7
2021  5  2   122   15 54  0     28.29    0.1214E+00      44.8    327.7
2021  5  2   122   15 55  0     28.19    0.1217E+00      44.8    327.6
2021  5  2   122   15 56  0     28.09    0.1364E+00      50.9    326.4
2021  5  2   122   15 57  0     28.00    0.1260E+00      46.5    327.9
2021  5  2   122   15 58  0     27.90    0.1315E+00      48.4    327.6
2021  5  2   122   15 59  0     27.81    0.1349E+00      49.2    326.9
2021  5  2   122   16  0  0     27.72    0.1423E+00      51.3    325.2
2021  5  2   122   16  1  0     27.63    0.1565E+00      56.0    323.3
2021  5  2   122   16  2  0     27.54    0.1596E+00      56.7    322.6
2021  5  2   122   16  3  0     27.45    0.1498E+00      53.5    324.7
2021  5  2   122   16  4  0     27.36    0.1445E+00      51.8    326.0
2021  5  2   122   16  5  0     27.28    0.1421E+00      50.4    326.4
2021  5  2   122   16  6  0     27.20    0.1666E+00      58.1    322.3
2021  5  2   122   16  7  0     27.11    0.2015E+00      68.9    317.9
2021  5  2   122   16  8  0     27.03    0.2451E+00      84.1    315.5
2021  5  2   122   16  9  0     26.95    0.3079E+00     106.5    312.3
2021  5  2   122   16 10  0     26.88    0.2081E+00      69.9    316.6
2021  5  2   122   16 11  0     26.80    0.1725E+00      59.1    322.1
2021  5  2   122   16 12  0     26.73    0.1492E+00      52.1    326.6
2021  5  2   122   16 13  0     26.65    0.1455E+00      51.3    328.2
2021  5  2   122   16 14  0     26.58    0.1622E+00      57.3    326.6
2021  5  2   122   16 15  0     26.51    0.1618E+00      56.3    325.5
2021  5  2   122   16 16  0     26.45    0.1653E+00      57.3    325.7
2021  5  2   122   16 17  0     26.38    0.1777E+00      60.8    323.9
2021  5  2   122   16 18  0     26.32    0.1966E+00      66.2    321.5
2021  5  2   122   16 19  0     26.25    0.2259E+00      74.6    317.8
2021  5  2   122   16 20  0     26.19    0.2942E+00      96.7    313.3
2021  5  2   122   16 21  0     26.13    0.4149E+00     139.0    309.8
2021  5  2   122   16 22  0     26.07    0.4677E+00     155.3    307.4
2021  5  2   122   16 23  0     26.02    0.4717E+00     155.3    306.9
2021  5  2   122   16 24  0     25.96    0.4704E+00     153.7    306.5
2021  5  2   122   16 25  0     25.91    0.3861E+00     121.6    306.7
2021  5  2   122   16 26  0     25.86    0.4277E+00     140.0    309.0
2021  5  2   122   16 27  0     25.81    0.4659E+00     152.0    307.2
2021  5  2   122   16 28  0     25.76    0.3809E+00     119.8    307.5
2021  5  2   122   16 29  0     25.71    0.4612E+00     151.3    308.3
2021  5  2   122   16 30  0     25.67    0.4330E+00     138.8    307.3
2021  5  2   122   16 31  0     25.63    0.3850E+00     123.9    310.1
2021  5  2   122   16 32  0     25.59    0.3327E+00     104.8    310.7
2021  5  2   122   16 33  0     25.55    0.2895E+00      91.1    313.5
2021  5  2   122   16 34  0     25.51    0.3216E+00     103.6    313.7
2021  5  2   122   16 35  0     25.47    0.4024E+00     131.8    311.2
2021  5  2   122   16 36  0     25.44    0.4564E+00     152.3    310.9
2021  5  2   122   16 37  0     25.41    0.3927E+00     129.8    312.3
2021  5  2   122   16 38  0     25.38    0.3236E+00     106.5    315.1
2021  5  2   122   16 39  0     25.35    0.2552E+00      83.5    319.5
2021  5  2   122   16 40  0     25.32    0.2544E+00      84.1    320.2
2021  5  2   122   16 41  0     25.30    0.2324E+00      76.8    322.0
2021  5  2   122   16 42  0     25.28    0.2331E+00      77.1    322.0
2021  5  2   122   16 43  0     25.26    0.2660E+00      89.1    320.7
2021  5  2   122   16 44  0     25.24    0.2536E+00      84.3    321.0
2021  5  2   122   16 45  0     25.22    0.2412E+00      80.1    321.8
2021  5  2   122   16 46  0     25.21    0.2197E+00      72.9    323.7
2021  5  2   122   16 47  0     25.19    0.2167E+00      72.0    324.0
2021  5  2   122   16 48  0     25.18    0.2136E+00      71.1    324.4
2021  5  2   122   16 49  0     25.17    0.2110E+00      70.4    324.9
2021  5  2   122   16 50  0     25.16    0.2108E+00      70.5    325.0
2021  5  2   122   16 51  0     25.16    0.2129E+00      71.1    324.7
2021  5  2   122   16 52  0     25.15    0.2183E+00      72.7    324.0
2021  5  2   122   16 53  0     25.15    0.2260E+00      75.1    323.0
2021  5  2   122   16 54  0     25.15    0.2324E+00      77.0    322.4
2021  5  2   122   16 55  0     25.15    0.2367E+00      78.3    322.0
2021  5  2   122   16 56  0     25.16    0.2488E+00      82.0    320.9
2021  5  2   122   16 57  0     25.16    0.2747E+00      90.1    318.5
2021  5  2   122   16 58  0     25.17    0.2830E+00      92.1    317.4
2021  5  2   122   16 59  0     25.18    0.2958E+00      96.9    317.3
2021  5  2   122   17  0  0     25.19    0.2983E+00      97.0    316.3
2021  5  2   122   17  1  0     25.20    0.2849E+00      92.3    317.0
2021  5  2   122   17  2  0     25.22    0.2759E+00      88.9    317.1
2021  5  2   122   17  3  0     25.23    0.2725E+00      87.1    316.5
2021  5  2   122   17  4  0     25.25    0.2756E+00      87.8    316.0
2021  5  2   122   17  5  0     25.27    0.2930E+00      93.6    315.0
2021  5  2   122   17  6  0     25.29    0.2674E+00      83.9    314.9
2021  5  2   122   17  7  0     25.32    0.2596E+00      81.0    315.1
2021  5  2   122   17  8  0     25.34    0.3004E+00      95.2    313.8
2021  5  2   122   17  9  0     25.37    0.3570E+00     114.6    311.8
2021  5  2   122   17 10  0     25.40    0.3910E+00     124.8    309.4
2021  5  2   122   17 11  0     25.43    0.4209E+00     136.1    309.4
2021  5  2   122   17 12  0     25.46    0.3336E+00     102.7    308.8
2021  5  2   122   17 13  0     25.50    0.3810E+00     121.0    309.5
2021  5  2   122   17 14  0     25.53    0.4083E+00     129.1    307.6
2021  5  2   122   17 15  0     25.57    0.3673E+00     113.8    307.7
2021  5  2   122   17 16  0     25.61    0.4469E+00     144.2    308.0
2021  5  2   122   17 17  0     25.66    0.4573E+00     147.2    307.3
2021  5  2   122   17 18  0     25.70    0.4515E+00     144.8    307.1
2021  5  2   122   17 19  0     25.74    0.4506E+00     144.4    306.8
2021  5  2   122   17 20  0     25.79    0.4489E+00     143.7    306.7
2021  5  2   122   17 21  0     25.84    0.4480E+00     143.4    306.6
2021  5  2   122   17 22  0     25.89    0.4466E+00     143.0    306.4
2021  5  2   122   17 23  0     25.94    0.4444E+00     142.3    306.4
2021  5  2   122   17 24  0     26.00    0.4438E+00     142.3    306.4
2021  5  2   122   17 25  0     26.05    0.4408E+00     141.5    306.5
2021  5  2   122   17 26  0     26.11    0.4367E+00     140.5    306.7
2021  5  2   122   17 27  0     26.17    0.4383E+00     141.5    306.8
2021  5  2   122   17 28  0     26.23    0.4380E+00     141.6    306.7
2021  5  2   122   17 29  0     26.29    0.4349E+00     140.6    306.6
2021  5  2   122   17 30  0     26.36    0.4330E+00     140.3    306.7
2021  5  2   122   17 31  0     26.42    0.4350E+00     141.3    306.7
2021  5  2   122   17 32  0     26.49    0.4296E+00     139.6    306.8
2021  5  2   122   17 33  0     26.56    0.4330E+00     141.2    306.7
2021  5  2   122   17 34  0     26.63    0.4326E+00     141.3    306.7
2021  5  2   122   17 35  0     26.70    0.4335E+00     142.0    306.7
2021  5  2   122   17 36  0     26.77    0.4330E+00     142.2    306.8
2021  5  2   122   17 37  0     26.85    0.4321E+00     142.3    306.8
2021  5  2   122   17 38  0     26.93    0.4311E+00     142.2    306.8
2021  5  2   122   17 39  0     27.00    0.4299E+00     142.1    306.8
2021  5  2   122   17 40  0     27.08    0.4274E+00     141.6    306.8
2021  5  2   122   17 41  0     27.17    0.4270E+00     141.8    306.9
2021  5  2   122   17 42  0     27.25    0.4253E+00     141.5    306.8
2021  5  2   122   17 43  0     27.33    0.4246E+00     141.5    306.7
2021  5  2   122   17 44  0     27.42    0.4230E+00     141.4    306.8
2021  5  2   122   17 45  0     27.51    0.4228E+00     141.6    306.7
2021  5  2   122   17 46  0     27.59    0.4210E+00     141.4    306.8
2021  5  2   122   17 47  0     27.68    0.4195E+00     141.3    306.8
2021  5  2   122   17 48  0     27.78    0.4174E+00     141.0    307.0
2021  5  2   122   17 49  0     27.87    0.4164E+00     141.2    307.1
2021  5  2   122   17 50  0     27.96    0.4146E+00     140.9    307.0
2021  5  2   122   17 51  0     28.06    0.4118E+00     140.3    307.0
2021  5  2   122   17 52  0     28.15    0.4103E+00     140.3    307.1
2021  5  2   122   17 53  0     28.25    0.4096E+00     140.6    307.1
2021  5  2   122   17 54  0     28.35    0.4081E+00     140.4    307.1
2021  5  2   122   17 55  0     28.45    0.4064E+00     140.3    307.1
2021  5  2   122   17 56  0     28.55    0.4061E+00     140.8    307.1
2021  5  2   122   17 57  0     28.66    0.4016E+00     139.5    307.1
2021  5  2   122   17 58  0     28.76    0.4037E+00     140.9    307.1
2021  5  2   122   17 59  0     28.87    0.4033E+00     141.2    307.0
2021  5  2   122   18  0  0     28.97    0.4012E+00     141.1    307.1
2021  5  2   122   18  1  0     29.08    0.3988E+00     140.9    307.3
2021  5  2   122   18  2  0     29.19    0.3829E+00     134.8    307.2
2021  5  2   122   18  3  0     29.30    0.3656E+00     128.5    307.3
2021  5  2   122   18  4  0     29.41    0.3672E+00     130.0    307.6
2021  5  2   122   18  5  0     29.53    0.3562E+00     126.1    307.7
2021  5  2   122   18  6  0     29.64    0.3647E+00     130.4    307.9
2021  5  2   122   18  7  0     29.76    0.3671E+00     131.7    307.7
2021  5  2   122   18  8  0     29.87    0.3700E+00     133.4    307.6
2021  5  2   122   18  9  0     29.99    0.3716E+00     134.6    307.5
2021  5  2   122   18 10  0     30.11    0.3757E+00     136.9    307.5
2021  5  2   122   18 11  0     30.23    0.3742E+00     136.9    307.5
2021  5  2   122   18 12  0     30.35    0.3734E+00     137.2    307.6
2021  5  2   122   18 13  0     30.47    0.3767E+00     139.0    307.4
2021  5  2   122   18 14  0     30.59    0.3803E+00     140.8    307.1
2021  5  2   122   18 15  0     30.71    0.3788E+00     140.7    307.1
2021  5  2   122   18 16  0     30.84    0.3783E+00     141.4    307.2
2021  5  2   122   18 17  0     30.97    0.3774E+00     141.8    307.4
2021  5  2   122   18 18  0     31.09    0.3647E+00     136.7    307.1
2021  5  2   122   18 19  0     31.22    0.3196E+00     117.4    307.0
2021  5  2   122   18 20  0     31.35    0.3500E+00     132.7    307.9
2021  5  2   122   18 21  0     31.48    0.3367E+00     127.0    307.6
2021  5  2   122   18 22  0     31.61    0.3491E+00     133.7    308.0
2021  5  2   122   18 23  0     31.74    0.3399E+00     130.2    307.9
2021  5  2   122   18 24  0     31.87    0.3445E+00     132.9    307.8
2021  5  2   122   18 25  0     32.00    0.3365E+00     130.1    307.8
2021  5  2   122   18 26  0     32.14    0.3310E+00     128.3    307.7
2021  5  2   122   18 27  0     32.27    0.3283E+00     127.9    307.9
2021  5  2   122   18 28  0     32.41    0.3234E+00     126.3    307.8
2021  5  2   122   18 29  0     32.55    0.3283E+00     129.4    307.8
2021  5  2   122   18 30  0     32.68    0.3296E+00     130.6    307.8
2021  5  2   122   18 31  0     32.82    0.3272E+00     130.1    307.6
2021  5  2   122   18 32  0     32.96    0.3240E+00     129.5    307.8
2021  5  2   122   18 33  0     33.10    0.3217E+00     128.8    307.5
2021  5  2   122   18 34  0     33.24    0.3267E+00     132.1    307.6
2021  5  2   122   18 35  0     33.38    0.3311E+00     134.8    307.5
2021  5  2   122   18 36  0     33.52    0.3264E+00     133.4    307.5
2021  5  2   122   18 37  0     33.67    0.3233E+00     133.0    307.7
2021  5  2   122   18 38  0     33.81    0.3189E+00     131.7    307.6
2021  5  2   122   18 39  0     33.96    0.3116E+00     129.3    307.8
2021  5  2   122   18 40  0     34.10    0.2999E+00     124.7    308.0
2021  5  2   122   18 41  0     34.25    0.2892E+00     120.6    308.3
2021  5  2   122   18 42  0     34.39    0.2649E+00     109.3    308.2
2021  5  2   122   18 43  0     34.54    0.2659E+00     111.4    309.0
2021  5  2   122   18 44  0     34.69    0.2825E+00     120.4    308.8
2021  5  2   122   18 45  0     34.84    0.2978E+00     128.9    308.7
2021  5  2   122   18 46  0     34.99    0.3056E+00     133.4    308.6
2021  5  2   122   18 47  0     35.14    0.3098E+00     136.3    308.5
2021  5  2   122   18 48  0     35.29    0.3073E+00     135.6    308.2
2021  5  2   122   18 49  0     35.44    0.3057E+00     135.5    308.1
2021  5  2   122   18 50  0     35.59    0.3083E+00     137.7    308.0
2021  5  2   122   18 51  0     35.74    0.3121E+00     140.3    307.7
2021  5  2   122   18 52  0     35.90    0.3068E+00     138.3    307.5
2021  5  2   122   18 53  0     36.05    0.3002E+00     135.9    307.6
2021  5  2   122   18 54  0     36.21    0.2979E+00     135.9    307.7
2021  5  2   122   18 55  0     36.36    0.2877E+00     131.5    307.6
2021  5  2   122   18 56  0     36.52    0.2862E+00     132.1    307.9
2021  5  2   122   18 57  0     36.67    0.2741E+00     126.7    308.0
2021  5  2   122   18 58  0     36.83    0.2777E+00     130.2    308.4
2021  5  2   122   18 59  0     36.99    0.2781E+00     131.3    308.3
2021  5  2   122   19  0  0     37.15    0.2671E+00     126.1    308.2
2021  5  2   122   19  1  0     37.30    0.2639E+00     125.6    308.4
2021  5  2   122   19  2  0     37.46    0.2612E+00     125.3    308.5
2021  5  2   122   19  3  0     37.62    0.2613E+00     126.5    308.5
2021  5  2   122   19  4  0     37.78    0.2470E+00     119.1    308.3
2021  5  2   122   19  5  0     37.94    0.2400E+00     116.4    308.5
2021  5  2   122   19  6  0     38.10    0.2442E+00     120.1    308.7
2021  5  2   122   19  7  0     38.27    0.2576E+00     128.9    308.6
2021  5  2   122   19  8  0     38.43    0.2512E+00     125.5    308.2
2021  5  2   122   19  9  0     38.59    0.2549E+00     128.9    308.3
2021  5  2   122   19 10  0     38.75    0.2640E+00     135.4    308.3
2021  5  2   122   19 11  0     38.92    0.2630E+00     135.6    308.0
2021  5  2   122   19 12  0     39.08    0.2600E+00     134.9    307.9
2021  5  2   122   19 13  0     39.25    0.2568E+00     134.1    307.9
2021  5  2   122   19 14  0     39.41    0.2527E+00     132.6    307.8
2021  5  2   122   19 15  0     39.58    0.2531E+00     134.2    308.0
2021  5  2   122   19 16  0     39.74    0.2551E+00     136.9    308.1
2021  5  2   122   19 17  0     39.91    0.2490E+00     134.0    307.8
2021  5  2   122   19 18  0     40.07    0.2443E+00     132.5    307.9
2021  5  2   122   19 19  0     40.24    0.2452E+00     134.6    308.1
2021  5  2   122   19 20  0     40.41    0.2403E+00     132.4    307.9
2021  5  2   122   19 21  0     40.58    0.2310E+00     127.5    307.8
2021  5  2   122   19 22  0     40.75    0.2365E+00     133.0    308.3
2021  5  2   122   19 23  0     40.91    0.2359E+00     133.7    308.1
2021  5  2   122   19 24  0     41.08    0.2381E+00     136.5    308.1
2021  5  2   122   19 25  0     41.25    0.2322E+00     133.2    307.7
2021  5  2   122   19 26  0     41.42    0.2230E+00     128.5    307.8
2021  5  2   122   19 27  0     41.59    0.2262E+00     132.6    308.3
2021  5  2   122   19 28  0     41.76    0.2292E+00     135.8    308.1
2021  5  2   122   19 29  0     41.94    0.2249E+00     133.8    307.8
2021  5  2   122   19 30  0     42.11    0.2245E+00     135.0    307.9
2021  5  2   122   19 31  0     42.28    0.2251E+00     136.6    307.7
2021  5  2   122   19 32  0     42.45    0.2256E+00     138.2    307.6
2021  5  2   122   19 33  0     42.62    0.2251E+00     139.2    307.5
2021  5  2   122   19 34  0     42.80    0.2196E+00     136.4    307.3
2021  5  2   122   19 35  0     42.97    0.2208E+00     138.6    307.2
2021  5  2   122   19 36  0     43.14    0.2176E+00     137.7    307.0
2021  5  2   122   19 37  0     43.32    0.2159E+00     138.1    307.1
2021  5  2   122   19 38  0     43.49    0.2142E+00     138.4    307.1
2021  5  2   122   19 39  0     43.66    0.2138E+00     139.5    307.0
2021  5  2   122   19 40  0     43.84    0.2100E+00     138.2    307.0
2021  5  2   122   19 41  0     44.01    0.2086E+00     138.6    306.9
2021  5  2   122   19 42  0     44.19    0.2069E+00     139.0    306.9
2021  5  2   122   19 43  0     44.36    0.2032E+00     137.6    306.8
2021  5  2   122   19 44  0     44.54    0.1996E+00     136.7    306.9
2021  5  2   122   19 45  0     44.72    0.1961E+00     135.4    306.8
2021  5  2   122   19 46  0     44.89    0.1925E+00     134.3    306.9
2021  5  2   122   19 47  0     45.07    0.1909E+00     134.9    307.1
2021  5  2   122   19 48  0     45.25    0.1854E+00     131.9    307.2
2021  5  2   122   19 49  0     45.42    0.1819E+00     130.7    307.1
2021  5  2   122   19 50  0     45.60    0.1786E+00     129.7    307.2
2021  5  2   122   19 51  0     45.78    0.1760E+00     129.3    307.3
2021  5  2   122   19 52  0     45.96    0.1709E+00     126.7    307.4
2021  5  2   122   19 53  0     46.13    0.1626E+00     120.9    307.2
2021  5  2   122   19 54  0     46.31    0.1554E+00     116.1    307.2
2021  5  2   122   19 55  0     46.49    0.1555E+00     118.2    307.5
2021  5  2   122   19 56  0     46.67    0.1554E+00     119.8    307.6
2021  5  2   122   19 57  0     46.85    0.1577E+00     123.6    307.7
2021  5  2   122   19 58  0     47.03    0.1585E+00     125.7    307.5
2021  5  2   122   19 59  0     47.21    0.1534E+00     122.0    307.0
2021  5  2   122   20  0  0     47.39    0.1490E+00     119.7    307.1
2021  5  2   122   20  1  0     47.57    0.1463E+00     118.7    307.0
2021  5  2   122   20  2  0     47.75    0.1450E+00     119.3    307.1
2021  5  2   122   20  3  0     47.93    0.1459E+00     121.8    307.1
2021  5  2   122   20  4  0     48.11    0.1457E+00     123.0    306.9
2021  5  2   122   20  5  0     48.29    0.1431E+00     121.5    306.5
2021  5  2   122   20  6  0     48.47    0.1399E+00     119.8    306.3
2021  5  2   122   20  7  0     48.65    0.1344E+00     115.9    306.1
2021  5  2   122   20  8  0     48.84    0.1323E+00     115.9    306.2
2021  5  2   122   20  9  0     49.02    0.1298E+00     115.3    306.4
2021  5  2   122   20 10  0     49.20    0.1238E+00     109.5    305.5
2021  5  2   122   20 11  0     49.38    0.1214E+00     109.0    306.0
2021  5  2   122   20 12  0     49.56    0.1224E+00     110.4    305.3
2021  5  2   122   20 13  0     49.75    0.1108E+00      96.9    303.7
2021  5  2   122   20 14  0     49.93    0.1241E+00     116.6    306.1
2021  5  2   122   20 15  0     50.11    0.1295E+00     124.3    305.8
2021  5  2   122   20 16  0     50.30    0.1287E+00     126.1    306.1
2021  5  2   122   20 17  0     50.48    0.1124E+00     105.2    303.5
2021  5  2   122   20 18  0     50.66    0.9762E-01      89.2    302.6
2021  5  2   122   20 19  0     50.84    0.9561E-01      89.2    303.1
2021  5  2   122   20 20  0     51.03    0.9409E-01      89.1    303.2
2021  5  2   122   20 21  0     51.21    0.9225E-01      88.8    303.6
2021  5  2   122   20 22  0     51.40    0.1035E+00     107.7    306.2
2021  5  2   122   20 23  0     51.58    0.1132E+00     122.4    306.6
2021  5  2   122   20 24  0     51.77    0.1134E+00     123.5    305.9
2021  5  2   122   20 25  0     51.95    0.1131E+00     125.1    305.9
2021  5  2   122   20 26  0     52.14    0.1111E+00     123.4    305.1
2021  5  2   122   20 27  0     52.32    0.1079E+00     122.2    305.5
2021  5  2   122   20 28  0     52.50    0.1095E+00     127.2    305.8
2021  5  2   122   20 29  0     52.69    0.1077E+00     126.6    305.6
2021  5  2   122   20 30  0     52.87    0.1079E+00     128.7    305.5
2021  5  2   122   20 31  0     53.06    0.1063E+00     127.4    304.8
2021  5  2   122   20 32  0     53.25    0.1036E+00     125.5    304.4
2021  5  2   122   20 33  0     53.43    0.1023E+00     126.6    304.7
2021  5  2   122   20 34  0     53.62    0.1032E+00     131.3    305.1
2021  5  2   122   20 35  0     53.80    0.1018E+00     131.8    305.1
2021  5  2   122   20 36  0     53.99    0.9959E-01     131.3    305.1
2021  5  2   122   20 37  0     54.17    0.9282E-01     121.4    304.1
2021  5  2   122   20 38  0     54.36    0.9019E-01     120.5    304.5
2021  5  2   122   20 39  0     54.55    0.9265E-01     127.1    304.6
2021  5  2   122   20 40  0     54.73    0.8931E-01     123.1    304.2
2021  5  2   122   20 41  0     54.92    0.9237E-01     131.4    304.6
2021  5  2   122   20 42  0     55.11    0.9071E-01     130.1    304.0
2021  5  2   122   20 43  0     55.29    0.8933E-01     129.5    303.7
2021  5  2   122   20 44  0     55.48    0.8785E-01     128.8    303.2
2021  5  2   122   20 45  0     55.67    0.8536E-01     125.9    302.5
2021  5  2   122   20 46  0     55.85    0.8263E-01     122.3    301.7
2021  5  2   122   20 47  0     56.04    0.8030E-01     119.8    301.2
2021  5  2   122   20 48  0     56.23    0.7681E-01     114.2    300.2
2021  5  2   122   20 49  0     56.41    0.6894E-01      98.5    297.9
2021  5  2   122   20 50  0     56.60    0.6955E-01     103.0    298.6
2021  5  2   122   20 51  0     56.79    0.7567E-01     120.3    300.6
2021  5  2   122   20 52  0     56.98    0.7390E-01     118.2    300.0
2021  5  2   122   20 53  0     57.16    0.7564E-01     125.5    300.6
2021  5  2   122   20 54  0     57.35    0.7511E-01     126.9    300.6
2021  5  2   122   20 55  0     57.54    0.7269E-01     123.4    299.7
2021  5  2   122   20 56  0     57.73    0.6881E-01     116.2    298.5
2021  5  2   122   20 57  0     57.92    0.6729E-01     115.9    298.4
2021  5  2   122   20 58  0     58.10    0.6429E-01     110.8    297.2
2021  5  2   122   20 59  0     58.29    0.6418E-01     114.3    298.1
2021  5  2   122   21  0  0     58.48    0.6422E-01     117.7    298.4
2021  5  2   122   21  1  0     58.67    0.6451E-01     121.6    298.7
2021  5  2   122   21  2  0     58.86    0.6433E-01     123.9    298.6
2021  5  2   122   21  3  0     59.05    0.6320E-01     123.2    297.8
2021  5  2   122   21  4  0     59.23    0.6277E-01     124.9    297.6
2021  5  2   122   21  5  0     59.42    0.6129E-01     123.1    297.5
2021  5  2   122   21  6  0     59.61    0.6036E-01     123.5    297.4
2021  5  2   122   21  7  0     59.80    0.5957E-01     123.8    297.1
2021  5  2   122   21  8  0     59.99    0.5889E-01     124.7    296.8
2021  5  2   122   21  9  0     60.18    0.5817E-01     125.3    295.9
2021  5  2   122   21 10  0     60.36    0.5755E-01     126.8    296.1
2021  5  2   122   21 11  0     60.55    0.5753E-01     130.0    296.6
2021  5  2   122   21 12  0     60.74    0.5719E-01     132.2    296.5
2021  5  2   122   21 13  0     60.93    0.5623E-01     132.3    296.2
2021  5  2   122   21 14  0     61.12    0.5591E-01     134.9    295.6
2021  5  2   122   21 15  0     61.31    0.5535E-01     136.4    295.4
2021  5  2   122   21 16  0     61.50    0.5410E-01     135.4    295.0
2021  5  2   122   21 17  0     61.69    0.5295E-01     134.9    295.3
2021  5  2   122   21 18  0     61.88    0.5172E-01     133.9    294.8
2021  5  2   122   21 19  0     62.06    0.5065E-01     133.9    293.8
2021  5  2   122   21 20  0     62.25    0.4966E-01     133.9    293.5
2021  5  2   122   21 21  0     62.44    0.4771E-01     129.7    292.5
2021  5  2   122   21 22  0     62.63    0.4613E-01     127.3    291.9
2021  5  2   122   21 23  0     62.82    0.4482E-01     125.8    291.4
2021  5  2   122   21 24  0     63.01    0.4401E-01     126.6    291.1
2021  5  2   122   21 25  0     63.20    0.4320E-01     127.4    291.1
2021  5  2   122   21 26  0     63.39    0.4233E-01     127.2    290.6
2021  5  2   122   21 27  0     63.58    0.4147E-01     127.5    290.4
2021  5  2   122   21 28  0     63.77    0.4037E-01     126.2    289.8
2021  5  2   122   21 29  0     63.96    0.3922E-01     124.6    289.3
2021  5  2   122   21 30  0     64.15    0.3846E-01     125.4    288.9
2021  5  2   122   21 31  0     64.34    0.3764E-01     125.7    288.7
2021  5  2   122   21 32  0     64.52    0.3645E-01     123.5    288.0
2021  5  2   122   21 33  0     64.71    0.3573E-01     124.2    287.9
2021  5  2   122   21 34  0     64.90    0.3526E-01     126.4    287.9
2021  5  2   122   21 35  0     65.09    0.3448E-01     125.8    287.3
2021  5  2   122   21 36  0     65.28    0.3362E-01     125.1    286.9
2021  5  2   122   21 37  0     65.47    0.3289E-01     124.4    286.0
2021  5  2   122   21 38  0     65.66    0.3212E-01     124.2    285.8
2021  5  2   122   21 39  0     65.85    0.3139E-01     123.6    285.1
2021  5  2   122   21 40  0     66.04    0.3081E-01     124.3    284.7
2021  5  2   122   21 41  0     66.23    0.3023E-01     125.2    284.5
2021  5  2   122   21 42  0     66.42    0.2961E-01     125.7    284.1
2021  5  2   122   21 43  0     66.61    0.2911E-01     126.9    283.6
2021  5  2   122   21 44  0     66.80    0.2840E-01     126.2    282.7
2021  5  2   122   21 45  0     66.98    0.2752E-01     124.5    282.1
2021  5  2   122   21 46  0     67.17    0.2654E-01     121.2    280.8
2021  5  2   122   21 47  0     67.36    0.2577E-01     120.2    280.0
2021  5  2   122   21 48  0     67.55    0.2516E-01     121.1    279.8
2021  5  2   122   21 49  0     67.74    0.2443E-01     120.2    279.0
2021  5  2   122   21 50  0     67.93    0.2372E-01     119.3    278.3
2021  5  2   122   21 51  0     68.12    0.2313E-01     119.2    277.1
2021  5  2   122   21 52  0     68.31    0.2263E-01     120.6    277.6
2021  5  2   122   21 53  0     68.50    0.2207E-01     120.6    277.1
2021  5  2   122   21 54  0     68.69    0.2159E-01     121.0    276.4
2021  5  2   122   21 55  0     68.88    0.2096E-01     119.0    275.2
2021  5  2   122   21 56  0     69.07    0.2059E-01     121.4    274.5
2021  5  2   122   21 57  0     69.25    0.2018E-01     122.2    273.8
2021  5  2   122   21 58  0     69.44    0.1982E-01     124.1    273.3
2021  5  2   122   21 59  0     69.63    0.1934E-01     124.5    272.8
2021  5  2   122   22  0  0     69.82    0.1886E-01     124.4    273.1
2021  5  2   122   22  1  0     70.01    0.1842E-01     124.9    270.8
2021  5  2   122   22  2  0     70.20    0.1792E-01     124.5    270.0
2021  5  2   122   22  3  0     70.39    0.1748E-01     125.1    269.3
2021  5  2   122   22  4  0     70.58    0.1694E-01     123.9    268.3
2021  5  2   122   22  5  0     70.77    0.1648E-01     123.3    267.0
2021  5  2   122   22  6  0     70.95    0.1597E-01     122.3    265.9
2021  5  2   122   22  7  0     71.14    0.1553E-01     122.0    264.7
2021  5  2   122   22  8  0     71.33    0.1501E-01     121.0    264.1
2021  5  2   122   22  9  0     71.52    0.1463E-01     121.6    263.1
2021  5  2   122   22 10  0     71.71    0.1420E-01     121.4    262.1
2021  5  2   122   22 11  0     71.90    0.1382E-01     120.6    260.3
2021  5  2   122   22 12  0     72.09    0.1342E-01     120.1    259.0
2021  5  2   122   22 13  0     72.27    0.1307E-01     120.7    258.4
2021  5  2   122   22 14  0     72.46    0.1268E-01     120.6    257.7
2021  5  2   122   22 15  0     72.65    0.1238E-01     121.5    256.5
2021  5  2   122   22 16  0     72.84    0.1206E-01     122.0    255.4
2021  5  2   122   22 17  0     73.03    0.1174E-01     122.6    253.6
2021  5  2   122   22 18  0     73.22    0.1140E-01     122.4    252.2
2021  5  2   122   22 19  0     73.40    0.1106E-01     122.2    250.9
2021  5  2   122   22 20  0     73.59    0.1077E-01     122.6    249.0
2021  5  2   122   22 21  0     73.78    0.1037E-01     120.7    247.5
2021  5  2   122   22 22  0     73.97    0.1006E-01     120.2    245.3
2021  5  2   122   22 23  0     74.16    0.9705E-02     119.3    244.2
2021  5  2   122   22 24  0     74.34    0.9361E-02     118.5    242.8
2021  5  2   122   22 25  0     74.53    0.9069E-02     118.3    241.1
2021  5  2   122   22 26  0     74.72    0.8802E-02     118.6    239.3
2021  5  2   122   22 27  0     74.91    0.8526E-02     118.9    237.8
2021  5  2   122   22 28  0     75.09    0.8245E-02     118.8    236.0
2021  5  2   122   22 29  0     75.28    0.8021E-02     119.4    233.8
2021  5  2   122   22 30  0     75.47    0.7774E-02     120.1    232.6
2021  5  2   122   22 31  0     75.66    0.7565E-02     120.9    230.6
2021  5  2   122   22 32  0     75.84    0.7337E-02     121.6    229.3
2021  5  2   122   22 33  0     76.03    0.7165E-02     122.7    227.1
2021  5  2   122   22 34  0     76.22    0.6971E-02     124.0    225.7
2021  5  2   122   22 35  0     76.40    0.6796E-02     124.9    223.7
2021  5  2   122   22 36  0     76.59    0.6612E-02     126.4    222.4
2021  5  2   122   22 37  0     76.78    0.6471E-02     127.3    219.7
2021  5  2   122   22 38  0     76.97    0.6278E-02     127.9    218.2
2021  5  2   122   22 39  0     77.15    0.6092E-02     127.9    215.8
2021  5  2   122   22 40  0     77.34    0.5922E-02     127.6    212.9
2021  5  2   122   22 41  0     77.52    0.5729E-02     127.0    210.5
2021  5  2   122   22 42  0     77.71    0.5555E-02     126.3    207.5
2021  5  2   122   22 43  0     77.90    0.5407E-02     126.0    204.0
2021  5  2   122   22 44  0     78.08    0.5206E-02     125.4    202.2
2021  5  2   122   22 45  0     78.27    0.5055E-02     125.1    199.3
2021  5  2   122   22 46  0     78.45    0.4910E-02     124.7    196.5
2021  5  2   122   22 47  0     78.64    0.4755E-02     124.3    193.1
2021  5  2   122   22 48  0     78.83    0.4630E-02     123.9    189.4
2021  5  2   122   22 49  0     79.01    0.4479E-02     123.2    186.5
2021  5  2   122   22 50  0     79.20    0.4330E-02     122.3    183.7
2021  5  2   122   22 51  0     79.38    0.4212E-02     121.5    180.1
2021  5  2   122   22 52  0     79.57    0.4077E-02     120.6    177.2
2021  5  2   122   22 53  0     79.75    0.3957E-02     119.7    173.9
2021  5  2   122   22 54  0     79.94    0.3837E-02     119.2    169.6
2021  5  2   122   22 55  0     80.12    0.3710E-02     118.9    166.9
2021  5  2   122   22 56  0     80.31    0.3618E-02     118.8    163.5
2021  5  2   122   22 57  0     80.49    0.3492E-02     118.9    161.4
2021  5  2   122   22 58  0     80.68    0.3389E-02     119.1    158.7
2021  5  2   122   22 59  0     80.86    0.3328E-02     119.3    154.8
2021  5  2   122   23  0  0     81.05    0.3219E-02     119.4    151.3
2021  5  2   122   23  1  0     81.23    0.3134E-02     119.3    147.9
2021  5  2   122   23  2  0     81.42    0.3032E-02     118.8    145.0
2021  5  2   122   23  3  0     81.60    0.2964E-02     118.4    141.2
2021  5  2   122   23  4  0     81.78    0.2909E-02     117.9    137.0
2021  5  2   122   23  5  0     81.97    0.2817E-02     117.5    134.1
2021  5  2   122   23  6  0     82.15    0.2707E-02     117.0    131.2
2021  5  2   122   23  7  0     82.34    0.2659E-02     116.5    127.1
2021  5  2   122   23  8  0     82.52    0.2597E-02     116.2    123.7
2021  5  2   122   23  9  0     82.70    0.2528E-02     116.2    120.7
2021  5  2   122   23 10  0     82.89    0.2511E-02     116.2    116.4
2021  5  2   122   23 11  0     83.07    0.2431E-02     116.2    113.7
2021  5  2   122   23 12  0     83.25    0.2352E-02     116.1    111.5
2021  5  2   122   23 13  0     83.44    0.2335E-02     115.9    107.6
2021  5  2   122   23 14  0     83.62    0.2244E-02     115.7    105.9
2021  5  2   122   23 15  0     83.80    0.2230E-02     115.4    102.1
2021  5  2   122   23 16  0     83.98    0.2191E-02     115.1     99.2
2021  5  2   122   23 17  0     84.17    0.2145E-02     115.1     96.0
2021  5  2   122   23 18  0     84.35    0.2109E-02     114.9     92.7
2021  5  2   122   23 19  0     84.53    0.2064E-02     114.7     89.9
2021  5  2   122   23 20  0     84.71    0.2006E-02     114.7     87.6
2021  5  2   122   23 21  0     84.89    0.2005E-02     114.8     83.8
2021  5  2   122   23 22  0     85.08    0.1935E-02     114.8     82.1
2021  5  2   122   23 23  0     85.26    0.1898E-02     114.7     79.8
2021  5  2   122   23 24  0     85.44    0.1885E-02     114.6     76.1
2021  5  2   122   23 25  0     85.62    0.1842E-02     114.4     73.5
2021  5  2   122   23 26  0     85.80    0.1852E-02     114.3     69.6
2021  5  2   122   23 27  0     85.98    0.1813E-02     114.1     67.1
2021  5  2   122   23 28  0     86.16    0.1777E-02     113.6     64.8
2021  5  2   122   23 29  0     86.34    0.1773E-02     113.1     61.8
2021  5  2   122   23 30  0     86.52    0.1722E-02     112.7     60.0
2021  5  2   122   23 31  0     86.70    0.1723E-02     112.5     56.5
2021  5  2   122   23 32  0     86.88    0.1690E-02     112.3     53.9
2021  5  2   122   23 33  0     87.06    0.1672E-02     112.0     51.1
2021  5  2   122   23 34  0     87.24    0.1648E-02     111.5     48.8
2021  5  2   122   23 35  0     87.42    0.1635E-02     111.0     46.3
2021  5  2   122   23 36  0     87.60    0.1638E-02     110.8     43.7
2021  5  2   122   23 37  0     87.78    0.1598E-02     110.7     41.9
2021  5  2   122   23 38  0     87.96    0.1591E-02     111.0     39.7
2021  5  2   122   23 39  0     88.14    0.1576E-02     110.8     37.1
2021  5  2   122   23 40  0     88.32    0.1554E-02     110.5     34.9
2021  5  2   122   23 41  0     88.50    0.1537E-02     110.4     32.8
2021  5  2   122   23 42  0     88.67    0.1525E-02     110.6     30.7
2021  5  2   122   23 43  0     88.85    0.1537E-02     110.7     28.3
2021  5  2   122   23 44  0     89.03    0.1489E-02     110.9     27.0
2021  5  2   122   23 45  0     89.21    0.1481E-02     109.8     25.3
2021  5  2   122   23 46  0     89.39    0.1490E-02     108.8     23.3
2021  5  2   122   23 47  0     89.56    0.1474E-02     108.2     21.7
2021  5  2   122   23 48  0     89.74    0.1466E-02     108.0     20.1
2021  5  2   122   23 49  0     89.92    0.1450E-02     108.1     18.2
