                            NILUUV 115

Uvpro Version 2.0
Latitude :   40.74 (North)
Longitude:  -74.03  (West)
Calibration file: cf100603a.115
Height above sea level:    40.0  m
CLT derived from channel 4
CLT scale factor used:   1.0
Ozone derived from channel pair ch3/ch1
Ozone scale factor used:   1.0
Drift factors ch1-ch6:   0.339  0.332  0.499  0.506  0.320  0.899
Ozone profile climatology: Mid  Latitude
Dose type:    CLW    Caldwell Plant 1971           

yyyy mm dd   jul   hh mm ss      SZA     dose rate       clt     Ozone
                              [degrees]   [W/m^2]        [%]     [DU]
2021  4 11   101   10 29  0     89.83    0.9635E-03      63.2     15.6
2021  4 11   101   10 30  0     89.65    0.9698E-03      63.7     17.6
2021  4 11   101   10 31  0     89.46    0.9846E-03      63.5     19.5
2021  4 11   101   10 32  0     89.28    0.9990E-03      64.5     21.0
2021  4 11   101   10 33  0     89.09    0.9909E-03      61.9     21.9
2021  4 11   101   10 34  0     88.90    0.9806E-03      61.5     23.6
2021  4 11   101   10 35  0     88.72    0.9908E-03      60.4     24.9
2021  4 11   101   10 36  0     88.53    0.9750E-03      60.6     27.2
2021  4 11   101   10 37  0     88.34    0.1018E-02      62.7     28.9
2021  4 11   101   10 38  0     88.16    0.1006E-02      63.2     31.3
2021  4 11   101   10 39  0     87.97    0.1034E-02      63.3     32.9
2021  4 11   101   10 40  0     87.78    0.1033E-02      63.1     35.4
2021  4 11   101   10 41  0     87.59    0.1023E-02      63.4     38.9
2021  4 11   101   10 42  0     87.41    0.1031E-02      63.7     41.0
2021  4 11   101   10 43  0     87.22    0.1055E-02      63.4     42.3
2021  4 11   101   10 44  0     87.03    0.1064E-02      65.2     45.0
2021  4 11   101   10 45  0     86.84    0.1061E-02      63.8     47.0
2021  4 11   101   10 46  0     86.66    0.1060E-02      64.0     49.9
2021  4 11   101   10 47  0     86.47    0.1085E-02      63.3     51.6
2021  4 11   101   10 48  0     86.28    0.1096E-02      62.6     53.9
2021  4 11   101   10 49  0     86.09    0.1130E-02      60.3     54.4
2021  4 11   101   10 50  0     85.91    0.1107E-02      59.4     58.6
2021  4 11   101   10 51  0     85.72    0.1123E-02      58.3     60.3
2021  4 11   101   10 52  0     85.53    0.1141E-02      58.5     62.7
2021  4 11   101   10 53  0     85.34    0.1149E-02      60.1     66.5
2021  4 11   101   10 54  0     85.15    0.1195E-02      60.6     68.3
2021  4 11   101   10 55  0     84.97    0.1191E-02      62.5     73.1
2021  4 11   101   10 56  0     84.78    0.1202E-02      58.9     73.7
2021  4 11   101   10 57  0     84.59    0.1208E-02      56.6     75.3
2021  4 11   101   10 58  0     84.40    0.1203E-02      54.7     78.2
2021  4 11   101   10 59  0     84.21    0.1210E-02      54.4     80.7
2021  4 11   101   11  0  0     84.02    0.1230E-02      55.5     83.7
2021  4 11   101   11  1  0     83.83    0.1243E-02      56.5     87.4
2021  4 11   101   11  2  0     83.64    0.1289E-02      59.9     92.0
2021  4 11   101   11  3  0     83.46    0.1320E-02      62.6     97.7
2021  4 11   101   11  4  0     83.27    0.1344E-02      63.6    100.6
2021  4 11   101   11  5  0     83.08    0.1389E-02      64.3    102.6
2021  4 11   101   11  6  0     82.89    0.1402E-02      66.8    107.7
2021  4 11   101   11  7  0     82.70    0.1443E-02      68.2    111.3
2021  4 11   101   11  8  0     82.51    0.1471E-02      69.6    115.5
2021  4 11   101   11  9  0     82.32    0.1499E-02      70.2    119.3
2021  4 11   101   11 10  0     82.13    0.1541E-02      71.7    123.1
2021  4 11   101   11 11  0     81.95    0.1559E-02      71.5    126.7
2021  4 11   101   11 12  0     81.76    0.1568E-02      71.0    130.8
2021  4 11   101   11 13  0     81.57    0.1617E-02      71.5    134.1
2021  4 11   101   11 14  0     81.38    0.1652E-02      71.8    138.6
2021  4 11   101   11 15  0     81.19    0.1691E-02      70.7    140.7
2021  4 11   101   11 16  0     81.00    0.1738E-02      67.8    140.2
2021  4 11   101   11 17  0     80.81    0.1701E-02      65.2    144.3
2021  4 11   101   11 18  0     80.62    0.1762E-02      64.6    146.0
2021  4 11   101   11 19  0     80.43    0.1822E-02      65.4    150.2
2021  4 11   101   11 20  0     80.24    0.1872E-02      66.3    155.1
2021  4 11   101   11 21  0     80.05    0.1932E-02      65.3    156.5
2021  4 11   101   11 22  0     79.86    0.1904E-02      61.1    157.7
2021  4 11   101   11 23  0     79.68    0.1915E-02      60.0    160.8
2021  4 11   101   11 24  0     79.48    0.1945E-02      58.1    162.0
2021  4 11   101   11 25  0     79.30    0.1974E-02      56.9    164.0
2021  4 11   101   11 26  0     79.11    0.2034E-02      57.3    167.2
2021  4 11   101   11 27  0     78.92    0.2060E-02      56.6    170.3
2021  4 11   101   11 28  0     78.73    0.2061E-02      55.5    175.2
2021  4 11   101   11 29  0     78.54    0.2105E-02      53.5    173.9
2021  4 11   101   11 30  0     78.35    0.2066E-02      50.8    176.0
2021  4 11   101   11 31  0     78.16    0.2097E-02      48.5    174.6
2021  4 11   101   11 32  0     77.97    0.2142E-02      48.7    179.0
2021  4 11   101   11 33  0     77.78    0.2177E-02      48.8    182.8
2021  4 11   101   11 34  0     77.59    0.2264E-02      49.3    185.0
2021  4 11   101   11 35  0     77.40    0.2285E-02      48.9    188.7
2021  4 11   101   11 36  0     77.21    0.2329E-02      48.8    191.9
2021  4 11   101   11 37  0     77.02    0.2445E-02      50.8    197.1
2021  4 11   101   11 38  0     76.83    0.2494E-02      50.1    199.6
2021  4 11   101   11 39  0     76.64    0.2499E-02      48.8    201.5
2021  4 11   101   11 40  0     76.45    0.2580E-02      49.4    205.1
2021  4 11   101   11 41  0     76.26    0.2714E-02      51.3    209.8
2021  4 11   101   11 42  0     76.07    0.2759E-02      50.1    210.4
2021  4 11   101   11 43  0     75.88    0.2729E-02      48.4    214.4
2021  4 11   101   11 44  0     75.69    0.2826E-02      48.8    217.0
2021  4 11   101   11 45  0     75.50    0.2859E-02      47.6    218.0
2021  4 11   101   11 46  0     75.31    0.2864E-02      45.7    218.1
2021  4 11   101   11 47  0     75.12    0.2914E-02      45.9    222.3
2021  4 11   101   11 48  0     74.94    0.3002E-02      45.9    224.1
2021  4 11   101   11 49  0     74.75    0.3113E-02      47.0    228.6
2021  4 11   101   11 50  0     74.56    0.3228E-02      47.3    230.5
2021  4 11   101   11 51  0     74.37    0.3318E-02      47.8    234.2
2021  4 11   101   11 52  0     74.18    0.3391E-02      47.6    236.8
2021  4 11   101   11 53  0     73.99    0.3543E-02      48.7    239.9
2021  4 11   101   11 54  0     73.80    0.3477E-02      46.3    241.5
2021  4 11   101   11 55  0     73.61    0.3396E-02      43.4    240.4
2021  4 11   101   11 56  0     73.42    0.3625E-02      45.8    245.2
2021  4 11   101   11 57  0     73.23    0.3618E-02      44.5    247.2
2021  4 11   101   11 58  0     73.04    0.3688E-02      43.9    247.4
2021  4 11   101   11 59  0     72.85    0.3821E-02      44.7    252.7
2021  4 11   101   12  0  0     72.66    0.3949E-02      45.0    254.7
2021  4 11   101   12  1  0     72.47    0.4065E-02      45.5    257.4
2021  4 11   101   12  2  0     72.28    0.4256E-02      47.1    261.5
2021  4 11   101   12  3  0     72.09    0.4340E-02      47.1    264.1
2021  4 11   101   12  4  0     71.90    0.4651E-02      49.5    267.1
2021  4 11   101   12  5  0     71.72    0.4982E-02      52.2    271.1
2021  4 11   101   12  6  0     71.53    0.5414E-02      55.9    276.5
2021  4 11   101   12  7  0     71.34    0.5362E-02      53.7    276.2
2021  4 11   101   12  8  0     71.15    0.5354E-02      51.8    276.6
2021  4 11   101   12  9  0     70.96    0.5188E-02      48.5    276.7
2021  4 11   101   12 10  0     70.77    0.5389E-02      49.4    279.1
2021  4 11   101   12 11  0     70.58    0.5956E-02      54.3    284.6
2021  4 11   101   12 12  0     70.39    0.6205E-02      54.8    285.2
2021  4 11   101   12 13  0     70.21    0.6423E-02      55.6    287.6
2021  4 11   101   12 14  0     70.02    0.6906E-02      58.3    289.6
2021  4 11   101   12 15  0     69.83    0.6938E-02      57.0    292.5
2021  4 11   101   12 16  0     69.64    0.7235E-02      57.9    292.5
2021  4 11   101   12 17  0     69.45    0.7107E-02      55.1    292.5
2021  4 11   101   12 18  0     69.26    0.7186E-02      54.2    293.4
2021  4 11   101   12 19  0     69.08    0.6745E-02      48.6    290.4
2021  4 11   101   12 20  0     68.89    0.7009E-02      49.8    293.8
2021  4 11   101   12 21  0     68.70    0.8089E-02      56.8    298.1
2021  4 11   101   12 22  0     68.51    0.7890E-02      54.0    299.0
2021  4 11   101   12 23  0     68.32    0.7438E-02      48.7    295.7
2021  4 11   101   12 24  0     68.14    0.7325E-02      47.0    296.0
2021  4 11   101   12 25  0     67.95    0.7879E-02      49.5    298.9
2021  4 11   101   12 26  0     67.76    0.8094E-02      49.7    299.8
2021  4 11   101   12 27  0     67.57    0.8379E-02      50.3    301.5
2021  4 11   101   12 28  0     67.38    0.8676E-02      50.8    302.2
2021  4 11   101   12 29  0     67.20    0.8156E-02      46.1    300.5
2021  4 11   101   12 30  0     67.01    0.8035E-02      44.1    300.0
2021  4 11   101   12 31  0     66.82    0.7885E-02      42.2    300.3
2021  4 11   101   12 32  0     66.63    0.8378E-02      44.2    302.7
2021  4 11   101   12 33  0     66.45    0.8877E-02      45.9    304.4
2021  4 11   101   12 34  0     66.26    0.8723E-02      43.7    304.1
2021  4 11   101   12 35  0     66.07    0.8401E-02      40.8    303.4
2021  4 11   101   12 36  0     65.89    0.8132E-02      38.8    303.9
2021  4 11   101   12 37  0     65.70    0.8403E-02      39.1    304.8
2021  4 11   101   12 38  0     65.51    0.8269E-02      37.6    304.9
2021  4 11   101   12 39  0     65.33    0.8247E-02      36.8    305.7
2021  4 11   101   12 40  0     65.14    0.9625E-02      43.0    310.6
2021  4 11   101   12 41  0     64.95    0.9578E-02      41.6    312.0
2021  4 11   101   12 42  0     64.77    0.1024E-01      44.2    314.5
2021  4 11   101   12 43  0     64.58    0.1014E-01      42.5    313.1
2021  4 11   101   12 44  0     64.40    0.1052E-01      43.5    315.0
2021  4 11   101   12 45  0     64.21    0.1054E-01      42.5    315.5
2021  4 11   101   12 46  0     64.02    0.1003E-01      39.6    315.1
2021  4 11   101   12 47  0     63.84    0.9781E-02      37.6    315.0
2021  4 11   101   12 48  0     63.65    0.9704E-02      36.7    316.1
2021  4 11   101   12 49  0     63.47    0.9928E-02      37.1    317.7
2021  4 11   101   12 50  0     63.28    0.1001E-01      36.8    318.8
2021  4 11   101   12 51  0     63.10    0.1022E-01      37.1    320.2
2021  4 11   101   12 52  0     62.91    0.1001E-01      35.7    320.8
2021  4 11   101   12 53  0     62.73    0.1110E-01      39.3    323.3
2021  4 11   101   12 54  0     62.54    0.1111E-01      38.6    324.1
2021  4 11   101   12 55  0     62.36    0.1112E-01      38.0    324.9
2021  4 11   101   12 56  0     62.17    0.1049E-01      35.0    323.7
2021  4 11   101   12 57  0     61.99    0.1027E-01      33.7    324.0
2021  4 11   101   12 58  0     61.81    0.1019E-01      32.8    324.5
2021  4 11   101   12 59  0     61.62    0.1013E-01      32.0    324.8
2021  4 11   101   13  0  0     61.44    0.1082E-01      33.9    327.2
2021  4 11   101   13  1  0     61.25    0.1055E-01      32.6    327.9
2021  4 11   101   13  2  0     61.07    0.9963E-02      30.4    328.5
2021  4 11   101   13  3  0     60.89    0.9388E-02      28.2    328.0
2021  4 11   101   13  4  0     60.70    0.8967E-02      26.5    328.5
2021  4 11   101   13  5  0     60.52    0.8912E-02      26.1    329.8
2021  4 11   101   13  6  0     60.34    0.9572E-02      27.9    332.3
2021  4 11   101   13  7  0     60.15    0.1031E-01      29.7    335.1
2021  4 11   101   13  8  0     59.97    0.1015E-01      28.7    335.5
2021  4 11   101   13  9  0     59.79    0.9937E-02      27.4    335.0
2021  4 11   101   13 10  0     59.61    0.1029E-01      28.0    336.3
2021  4 11   101   13 11  0     59.42    0.1083E-01      28.9    336.9
2021  4 11   101   13 12  0     59.24    0.1087E-01      28.4    336.3
2021  4 11   101   13 13  0     59.06    0.1091E-01      28.0    336.3
2021  4 11   101   13 14  0     58.88    0.1100E-01      27.8    337.1
2021  4 11   101   13 15  0     58.70    0.1142E-01      28.5    338.5
2021  4 11   101   13 16  0     58.52    0.1195E-01      29.5    339.6
2021  4 11   101   13 17  0     58.34    0.1234E-01      30.2    341.2
2021  4 11   101   13 18  0     58.16    0.1329E-01      32.2    342.8
2021  4 11   101   13 19  0     57.98    0.1264E-01      30.1    343.2
2021  4 11   101   13 20  0     57.80    0.1208E-01      28.3    342.9
2021  4 11   101   13 21  0     57.62    0.1119E-01      25.8    342.7
2021  4 11   101   13 22  0     57.44    0.1060E-01      24.1    342.3
2021  4 11   101   13 23  0     57.25    0.1105E-01      24.8    343.5
2021  4 11   101   13 24  0     57.08    0.1133E-01      25.0    344.2
2021  4 11   101   13 25  0     56.90    0.1180E-01      25.7    345.5
2021  4 11   101   13 26  0     56.72    0.1200E-01      25.7    345.6
2021  4 11   101   13 27  0     56.54    0.1261E-01      26.7    346.8
2021  4 11   101   13 28  0     56.36    0.1283E-01      26.6    346.4
2021  4 11   101   13 29  0     56.18    0.1271E-01      25.7    345.5
2021  4 11   101   13 30  0     56.00    0.1408E-01      28.0    346.5
2021  4 11   101   13 31  0     55.83    0.1398E-01      27.1    345.5
2021  4 11   101   13 32  0     55.65    0.1439E-01      27.3    345.1
2021  4 11   101   13 33  0     55.47    0.1444E-01      26.9    344.6
2021  4 11   101   13 34  0     55.29    0.1541E-01      28.3    345.1
2021  4 11   101   13 35  0     55.12    0.1685E-01      30.6    346.2
2021  4 11   101   13 36  0     54.94    0.1880E-01      33.5    346.3
2021  4 11   101   13 37  0     54.76    0.1994E-01      35.0    346.8
2021  4 11   101   13 38  0     54.59    0.2058E-01      35.7    347.1
2021  4 11   101   13 39  0     54.41    0.2224E-01      38.1    348.1
2021  4 11   101   13 40  0     54.24    0.2356E-01      39.7    348.2
2021  4 11   101   13 41  0     54.06    0.2303E-01      38.2    347.9
2021  4 11   101   13 42  0     53.89    0.2207E-01      36.0    347.9
2021  4 11   101   13 43  0     53.71    0.2192E-01      35.6    349.0
2021  4 11   101   13 44  0     53.54    0.2202E-01      35.2    349.1
2021  4 11   101   13 45  0     53.36    0.2258E-01      36.0    350.7
2021  4 11   101   13 46  0     53.19    0.2352E-01      37.2    352.1
2021  4 11   101   13 47  0     53.01    0.2414E-01      37.9    353.3
2021  4 11   101   13 48  0     52.84    0.2422E-01      37.8    355.1
2021  4 11   101   13 49  0     52.67    0.2600E-01      40.0    355.4
2021  4 11   101   13 50  0     52.50    0.2499E-01      38.1    355.5
2021  4 11   101   13 51  0     52.32    0.2756E-01      41.6    356.0
2021  4 11   101   13 52  0     52.15    0.2903E-01      42.9    355.6
2021  4 11   101   13 53  0     51.98    0.2829E-01      41.6    357.0
2021  4 11   101   13 54  0     51.81    0.2766E-01      40.4    357.9
2021  4 11   101   13 55  0     51.64    0.2968E-01      43.2    359.3
2021  4 11   101   13 56  0     51.46    0.3263E-01      47.0    360.2
2021  4 11   101   13 57  0     51.29    0.3322E-01      47.5    360.6
2021  4 11   101   13 58  0     51.12    0.3266E-01      46.0    360.5
2021  4 11   101   13 59  0     50.95    0.3147E-01      43.9    360.8
2021  4 11   101   14  0  0     50.79    0.3083E-01      42.5    361.0
2021  4 11   101   14  1  0     50.62    0.3257E-01      44.6    361.7
2021  4 11   101   14  2  0     50.45    0.3566E-01      48.1    361.5
2021  4 11   101   14  3  0     50.28    0.3467E-01      46.2    361.9
2021  4 11   101   14  4  0     50.11    0.3242E-01      42.9    362.8
2021  4 11   101   14  5  0     49.94    0.3088E-01      40.6    363.6
2021  4 11   101   14  6  0     49.78    0.2909E-01      38.0    364.4
2021  4 11   101   14  7  0     49.61    0.2960E-01      38.3    364.7
2021  4 11   101   14  8  0     49.44    0.2807E-01      35.9    365.0
2021  4 11   101   14  9  0     49.27    0.2534E-01      32.1    365.2
2021  4 11   101   14 10  0     49.11    0.2294E-01      28.7    364.9
2021  4 11   101   14 11  0     48.94    0.2191E-01      27.1    364.5
2021  4 11   101   14 12  0     48.78    0.2208E-01      27.0    364.5
2021  4 11   101   14 13  0     48.61    0.2267E-01      27.4    364.6
2021  4 11   101   14 14  0     48.45    0.2366E-01      28.3    365.1
2021  4 11   101   14 15  0     48.29    0.2484E-01      29.5    365.5
2021  4 11   101   14 16  0     48.12    0.2545E-01      29.9    365.6
2021  4 11   101   14 17  0     47.96    0.2552E-01      29.7    365.7
2021  4 11   101   14 18  0     47.80    0.2685E-01      31.0    366.6
2021  4 11   101   14 19  0     47.63    0.2883E-01      33.0    367.0
2021  4 11   101   14 20  0     47.47    0.3049E-01      34.5    367.1
2021  4 11   101   14 21  0     47.31    0.2943E-01      33.1    367.6
2021  4 11   101   14 22  0     47.15    0.3019E-01      33.7    368.1
2021  4 11   101   14 23  0     46.99    0.3042E-01      33.8    369.2
2021  4 11   101   14 24  0     46.83    0.3011E-01      33.4    370.6
2021  4 11   101   14 25  0     46.67    0.2904E-01      32.1    371.8
2021  4 11   101   14 26  0     46.51    0.2926E-01      32.3    373.2
2021  4 11   101   14 27  0     46.35    0.3043E-01      33.4    374.2
2021  4 11   101   14 28  0     46.20    0.2722E-01      29.5    373.9
2021  4 11   101   14 29  0     46.04    0.2675E-01      28.9    374.6
2021  4 11   101   14 30  0     45.88    0.2570E-01      27.5    375.4
2021  4 11   101   14 31  0     45.72    0.2561E-01      27.3    376.1
2021  4 11   101   14 32  0     45.57    0.2811E-01      29.8    377.0
2021  4 11   101   14 33  0     45.41    0.2863E-01      30.1    376.6
2021  4 11   101   14 34  0     45.26    0.2817E-01      29.3    376.3
2021  4 11   101   14 35  0     45.10    0.2882E-01      29.7    376.7
2021  4 11   101   14 36  0     44.95    0.3100E-01      31.8    377.6
2021  4 11   101   14 37  0     44.79    0.3417E-01      34.6    377.3
2021  4 11   101   14 38  0     44.64    0.3207E-01      32.2    377.3
2021  4 11   101   14 39  0     44.49    0.3248E-01      32.4    377.7
2021  4 11   101   14 40  0     44.34    0.3405E-01      33.7    377.5
2021  4 11   101   14 41  0     44.19    0.3586E-01      35.2    377.8
2021  4 11   101   14 42  0     44.03    0.3545E-01      34.4    377.5
2021  4 11   101   14 43  0     43.88    0.3411E-01      33.1    378.8
2021  4 11   101   14 44  0     43.74    0.3582E-01      34.5    379.3
2021  4 11   101   14 45  0     43.59    0.3464E-01      33.2    380.3
2021  4 11   101   14 46  0     43.44    0.3376E-01      32.3    381.3
2021  4 11   101   14 47  0     43.29    0.3504E-01      33.6    382.6
2021  4 11   101   14 48  0     43.14    0.3681E-01      35.0    382.8
2021  4 11   101   14 49  0     43.00    0.3457E-01      32.7    383.6
2021  4 11   101   14 50  0     42.85    0.3152E-01      29.7    384.3
2021  4 11   101   14 51  0     42.70    0.2929E-01      27.5    384.9
2021  4 11   101   14 52  0     42.56    0.2728E-01      25.6    385.9
2021  4 11   101   14 53  0     42.42    0.2829E-01      26.5    386.9
2021  4 11   101   14 54  0     42.27    0.2792E-01      25.8    386.2
2021  4 11   101   14 55  0     42.13    0.2836E-01      26.0    386.1
2021  4 11   101   14 56  0     41.99    0.3223E-01      29.3    386.3
2021  4 11   101   14 57  0     41.85    0.3391E-01      30.4    385.6
2021  4 11   101   14 58  0     41.71    0.3416E-01      30.4    385.5
2021  4 11   101   14 59  0     41.57    0.3788E-01      33.4    385.6
2021  4 11   101   15  0  0     41.43    0.3851E-01      33.4    384.2
2021  4 11   101   15  1  0     41.29    0.3922E-01      33.7    383.9
2021  4 11   101   15  2  0     41.15    0.4270E-01      35.8    381.4
2021  4 11   101   15  3  0     41.01    0.4076E-01      33.5    379.2
2021  4 11   101   15  4  0     40.87    0.4119E-01      33.3    377.7
2021  4 11   101   15  5  0     40.74    0.4188E-01      33.4    376.6
2021  4 11   101   15  6  0     40.60    0.4310E-01      34.0    375.4
2021  4 11   101   15  7  0     40.47    0.4447E-01      34.8    375.2
2021  4 11   101   15  8  0     40.34    0.4816E-01      37.3    374.7
2021  4 11   101   15  9  0     40.20    0.4921E-01      37.7    374.4
2021  4 11   101   15 10  0     40.07    0.4775E-01      36.5    375.3
2021  4 11   101   15 11  0     39.94    0.4346E-01      33.1    376.4
2021  4 11   101   15 12  0     39.81    0.4186E-01      31.9    377.5
2021  4 11   101   15 13  0     39.68    0.4417E-01      33.5    377.4
2021  4 11   101   15 14  0     39.55    0.4728E-01      35.6    377.6
2021  4 11   101   15 15  0     39.42    0.4763E-01      35.9    378.7
2021  4 11   101   15 16  0     39.29    0.4976E-01      37.4    379.3
2021  4 11   101   15 17  0     39.17    0.5038E-01      37.5    379.0
2021  4 11   101   15 18  0     39.04    0.4741E-01      35.1    378.5
2021  4 11   101   15 19  0     38.91    0.5246E-01      38.3    377.4
2021  4 11   101   15 20  0     38.79    0.5335E-01      38.1    374.8
2021  4 11   101   15 21  0     38.67    0.5207E-01      36.6    372.8
2021  4 11   101   15 22  0     38.54    0.5030E-01      34.9    371.5
2021  4 11   101   15 23  0     38.42    0.5430E-01      37.3    370.6
2021  4 11   101   15 24  0     38.30    0.5601E-01      37.9    369.2
2021  4 11   101   15 25  0     38.18    0.5847E-01      39.5    369.5
2021  4 11   101   15 26  0     38.06    0.6230E-01      41.3    367.4
2021  4 11   101   15 27  0     37.95    0.5996E-01      39.7    368.2
2021  4 11   101   15 28  0     37.83    0.6890E-01      45.2    367.2
2021  4 11   101   15 29  0     37.71    0.6554E-01      42.6    366.8
2021  4 11   101   15 30  0     37.60    0.6157E-01      39.7    366.4
2021  4 11   101   15 31  0     37.48    0.6352E-01      40.8    366.9
2021  4 11   101   15 32  0     37.37    0.6224E-01      39.6    366.9
2021  4 11   101   15 33  0     37.26    0.5973E-01      37.9    367.5
2021  4 11   101   15 34  0     37.15    0.5605E-01      35.8    369.5
2021  4 11   101   15 35  0     37.04    0.5494E-01      35.2    371.2
2021  4 11   101   15 36  0     36.93    0.4780E-01      30.6    372.2
2021  4 11   101   15 37  0     36.82    0.4478E-01      28.9    374.6
2021  4 11   101   15 38  0     36.71    0.3887E-01      25.3    377.0
2021  4 11   101   15 39  0     36.60    0.4102E-01      27.1    379.7
2021  4 11   101   15 40  0     36.50    0.3925E-01      25.8    379.8
2021  4 11   101   15 41  0     36.40    0.3720E-01      24.5    380.8
2021  4 11   101   15 42  0     36.29    0.3492E-01      23.1    381.7
2021  4 11   101   15 43  0     36.19    0.3786E-01      25.3    384.2
2021  4 11   101   15 44  0     36.09    0.4118E-01      27.4    384.8
2021  4 11   101   15 45  0     35.99    0.3845E-01      25.6    385.2
2021  4 11   101   15 46  0     35.89    0.3494E-01      23.4    386.5
2021  4 11   101   15 47  0     35.79    0.3842E-01      25.9    388.8
2021  4 11   101   15 48  0     35.70    0.3955E-01      26.6    389.3
2021  4 11   101   15 49  0     35.60    0.3609E-01      24.3    389.7
2021  4 11   101   15 50  0     35.51    0.3832E-01      25.6    389.3
2021  4 11   101   15 51  0     35.41    0.3862E-01      25.6    388.4
2021  4 11   101   15 52  0     35.32    0.4374E-01      28.9    388.6
2021  4 11   101   15 53  0     35.23    0.4655E-01      30.5    387.7
2021  4 11   101   15 54  0     35.14    0.4411E-01      28.7    387.1
2021  4 11   101   15 55  0     35.05    0.4449E-01      29.0    388.4
2021  4 11   101   15 56  0     34.96    0.4866E-01      31.8    389.2
2021  4 11   101   15 57  0     34.88    0.4774E-01      31.2    390.0
2021  4 11   101   15 58  0     34.79    0.4695E-01      30.7    391.2
2021  4 11   101   15 59  0     34.71    0.5018E-01      33.0    392.3
2021  4 11   101   16  0  0     34.62    0.4869E-01      31.9    392.9
2021  4 11   101   16  1  0     34.54    0.4200E-01      27.7    395.1
2021  4 11   101   16  2  0     34.46    0.3855E-01      26.0    399.3
2021  4 11   101   16  3  0     34.38    0.3556E-01      24.3    402.0
2021  4 11   101   16  4  0     34.31    0.3813E-01      26.3    404.4
2021  4 11   101   16  5  0     34.23    0.3396E-01      23.3    403.9
2021  4 11   101   16  6  0     34.15    0.3668E-01      25.1    403.8
2021  4 11   101   16  7  0     34.08    0.3628E-01      24.4    401.8
2021  4 11   101   16  8  0     34.01    0.3203E-01      21.5    401.6
2021  4 11   101   16  9  0     33.94    0.3281E-01      22.2    403.3
2021  4 11   101   16 10  0     33.87    0.2850E-01      19.3    404.0
2021  4 11   101   16 11  0     33.80    0.2525E-01      17.3    406.3
2021  4 11   101   16 12  0     33.73    0.2469E-01      17.1    408.6
2021  4 11   101   16 13  0     33.66    0.2156E-01      15.0    409.8
2021  4 11   101   16 14  0     33.60    0.2103E-01      14.8    412.6
2021  4 11   101   16 15  0     33.54    0.2199E-01      15.7    414.8
2021  4 11   101   16 16  0     33.47    0.2316E-01      16.5    415.2
2021  4 11   101   16 17  0     33.41    0.2377E-01      16.9    416.0
2021  4 11   101   16 18  0     33.35    0.2380E-01      16.9    415.7
2021  4 11   101   16 19  0     33.29    0.2425E-01      17.1    415.9
2021  4 11   101   16 20  0     33.24    0.2320E-01      16.4    415.4
2021  4 11   101   16 21  0     33.18    0.2356E-01      16.7    416.4
2021  4 11   101   16 22  0     33.13    0.2332E-01      16.5    417.2
2021  4 11   101   16 23  0     33.07    0.2273E-01      16.1    417.2
2021  4 11   101   16 24  0     33.02    0.2303E-01      16.2    417.0
2021  4 11   101   16 25  0     32.97    0.2363E-01      16.4    414.1
2021  4 11   101   16 26  0     32.93    0.2537E-01      17.3    411.6
2021  4 11   101   16 27  0     32.88    0.2617E-01      17.5    408.7
2021  4 11   101   16 28  0     32.83    0.2792E-01      18.7    408.5
2021  4 11   101   16 29  0     32.79    0.2931E-01      19.4    407.4
2021  4 11   101   16 30  0     32.75    0.3303E-01      21.8    406.7
2021  4 11   101   16 31  0     32.71    0.3672E-01      24.0    405.3
2021  4 11   101   16 32  0     32.67    0.3448E-01      22.3    403.9
2021  4 11   101   16 33  0     32.63    0.3313E-01      21.3    403.6
2021  4 11   101   16 34  0     32.59    0.2888E-01      18.6    403.7
2021  4 11   101   16 35  0     32.56    0.2553E-01      16.5    404.2
2021  4 11   101   16 36  0     32.52    0.2820E-01      18.2    404.6
2021  4 11   101   16 37  0     32.49    0.3185E-01      20.4    403.7
2021  4 11   101   16 38  0     32.46    0.3260E-01      20.8    402.9
2021  4 11   101   16 39  0     32.43    0.3355E-01      21.6    404.6
2021  4 11   101   16 40  0     32.40    0.3937E-01      25.6    406.8
2021  4 11   101   16 41  0     32.38    0.3752E-01      24.4    407.6
2021  4 11   101   16 42  0     32.35    0.3131E-01      20.8    410.8
2021  4 11   101   16 43  0     32.33    0.3546E-01      23.8    412.7
2021  4 11   101   16 44  0     32.31    0.3903E-01      25.8    410.6
2021  4 11   101   16 45  0     32.29    0.3712E-01      24.5    410.1
2021  4 11   101   16 46  0     32.27    0.3925E-01      25.9    410.5
2021  4 11   101   16 47  0     32.25    0.4138E-01      27.6    411.9
2021  4 11   101   16 48  0     32.24    0.4030E-01      26.9    412.5
2021  4 11   101   16 49  0     32.22    0.3610E-01      24.4    415.0
2021  4 11   101   16 50  0     32.21    0.3138E-01      21.5    417.9
2021  4 11   101   16 51  0     32.20    0.2603E-01      18.1    420.4
2021  4 11   101   16 52  0     32.19    0.2498E-01      17.8    424.1
2021  4 11   101   16 53  0     32.18    0.2454E-01      17.8    427.4
2021  4 11   101   16 54  0     32.18    0.2484E-01      18.1    429.0
2021  4 11   101   16 55  0     32.17    0.2420E-01      17.9    431.4
2021  4 11   101   16 56  0     32.17    0.2473E-01      18.5    433.7
2021  4 11   101   16 57  0     32.16    0.2534E-01      19.0    434.1
2021  4 11   101   16 58  0     32.16    0.2557E-01      19.0    432.4
2021  4 11   101   16 59  0     32.17    0.2567E-01      18.8    429.6
2021  4 11   101   17  0  0     32.17    0.2557E-01      18.4    426.4
2021  4 11   101   17  1  0     32.17    0.2560E-01      18.6    427.3
2021  4 11   101   17  2  0     32.18    0.2811E-01      20.6    429.2
2021  4 11   101   17  3  0     32.19    0.2915E-01      21.4    429.6
2021  4 11   101   17  4  0     32.19    0.2728E-01      20.0    429.4
2021  4 11   101   17  5  0     32.21    0.2364E-01      17.3    429.3
2021  4 11   101   17  6  0     32.22    0.2185E-01      16.2    431.2
2021  4 11   101   17  7  0     32.23    0.2195E-01      16.4    432.8
2021  4 11   101   17  8  0     32.25    0.2088E-01      15.6    432.5
2021  4 11   101   17  9  0     32.26    0.2209E-01      16.4    431.8
2021  4 11   101   17 10  0     32.28    0.2391E-01      17.3    426.1
2021  4 11   101   17 11  0     32.30    0.2915E-01      20.7    423.1
2021  4 11   101   17 12  0     32.32    0.3439E-01      24.2    421.1
2021  4 11   101   17 13  0     32.34    0.3756E-01      26.2    419.4
2021  4 11   101   17 14  0     32.37    0.4929E-01      34.5    419.2
2021  4 11   101   17 15  0     32.39    0.6030E-01      41.6    416.3
2021  4 11   101   17 16  0     32.42    0.6603E-01      44.9    413.2
2021  4 11   101   17 17  0     32.45    0.6783E-01      45.6    410.5
2021  4 11   101   17 18  0     32.48    0.7386E-01      49.2    408.4
2021  4 11   101   17 19  0     32.51    0.7749E-01      50.8    405.6
2021  4 11   101   17 20  0     32.54    0.7229E-01      46.8    403.2
2021  4 11   101   17 21  0     32.58    0.6949E-01      44.7    401.9
2021  4 11   101   17 22  0     32.61    0.7102E-01      45.3    399.8
2021  4 11   101   17 23  0     32.65    0.7995E-01      50.5    397.7
2021  4 11   101   17 24  0     32.69    0.7591E-01      46.8    394.2
2021  4 11   101   17 25  0     32.73    0.6129E-01      37.9    394.4
2021  4 11   101   17 26  0     32.77    0.5506E-01      34.4    396.0
2021  4 11   101   17 27  0     32.82    0.5656E-01      35.3    395.7
2021  4 11   101   17 28  0     32.86    0.5724E-01      35.3    393.4
2021  4 11   101   17 29  0     32.91    0.5582E-01      34.5    393.6
2021  4 11   101   17 30  0     32.95    0.6474E-01      40.5    395.0
2021  4 11   101   17 31  0     33.00    0.7634E-01      47.5    393.7
2021  4 11   101   17 32  0     33.05    0.6764E-01      41.6    392.1
2021  4 11   101   17 33  0     33.11    0.6926E-01      42.9    392.5
2021  4 11   101   17 34  0     33.16    0.7533E-01      46.5    391.3
2021  4 11   101   17 35  0     33.21    0.6909E-01      42.2    389.4
2021  4 11   101   17 36  0     33.27    0.7213E-01      44.4    389.6
2021  4 11   101   17 37  0     33.33    0.7533E-01      46.2    388.6
2021  4 11   101   17 38  0     33.39    0.7544E-01      46.2    387.8
2021  4 11   101   17 39  0     33.45    0.7658E-01      46.7    386.9
2021  4 11   101   17 40  0     33.51    0.7358E-01      44.8    386.2
2021  4 11   101   17 41  0     33.57    0.7140E-01      43.6    386.6
2021  4 11   101   17 42  0     33.64    0.6873E-01      41.8    385.9
2021  4 11   101   17 43  0     33.70    0.5484E-01      33.5    386.3
2021  4 11   101   17 44  0     33.77    0.5322E-01      32.7    386.9
2021  4 11   101   17 45  0     33.84    0.4850E-01      29.9    387.1
2021  4 11   101   17 46  0     33.91    0.4882E-01      30.1    386.5
2021  4 11   101   17 47  0     33.98    0.4813E-01      29.9    387.7
2021  4 11   101   17 48  0     34.05    0.4668E-01      29.3    389.6
2021  4 11   101   17 49  0     34.12    0.3747E-01      23.8    391.4
2021  4 11   101   17 50  0     34.20    0.3401E-01      22.0    394.0
2021  4 11   101   17 51  0     34.27    0.3232E-01      21.1    394.8
2021  4 11   101   17 52  0     34.35    0.3244E-01      21.3    394.8
2021  4 11   101   17 53  0     34.43    0.3453E-01      22.7    394.1
2021  4 11   101   17 54  0     34.51    0.4050E-01      26.5    392.2
2021  4 11   101   17 55  0     34.59    0.4363E-01      28.2    389.5
2021  4 11   101   17 56  0     34.67    0.4678E-01      29.9    386.8
2021  4 11   101   17 57  0     34.76    0.4781E-01      30.3    384.9
2021  4 11   101   17 58  0     34.84    0.4765E-01      30.4    385.7
2021  4 11   101   17 59  0     34.93    0.4310E-01      27.6    386.1
2021  4 11   101   18  0  0     35.01    0.4065E-01      26.3    387.4
2021  4 11   101   18  1  0     35.10    0.4329E-01      28.1    387.8
2021  4 11   101   18  2  0     35.19    0.3963E-01      25.6    386.5
2021  4 11   101   18  3  0     35.28    0.3834E-01      24.9    386.3
2021  4 11   101   18  4  0     35.37    0.3849E-01      25.0    385.6
2021  4 11   101   18  5  0     35.47    0.4138E-01      26.8    383.9
2021  4 11   101   18  6  0     35.56    0.4423E-01      28.4    381.4
2021  4 11   101   18  7  0     35.66    0.4556E-01      29.1    379.7
2021  4 11   101   18  8  0     35.75    0.4786E-01      30.8    380.1
2021  4 11   101   18  9  0     35.85    0.5023E-01      32.2    379.1
2021  4 11   101   18 10  0     35.95    0.5105E-01      32.5    377.8
2021  4 11   101   18 11  0     36.05    0.4113E-01      26.2    377.5
2021  4 11   101   18 12  0     36.15    0.4180E-01      27.4    381.2
2021  4 11   101   18 13  0     36.25    0.3988E-01      26.6    384.3
2021  4 11   101   18 14  0     36.35    0.3713E-01      25.8    389.6
2021  4 11   101   18 15  0     36.46    0.3576E-01      25.6    394.2
2021  4 11   101   18 16  0     36.56    0.2883E-01      20.8    394.9
2021  4 11   101   18 17  0     36.67    0.2977E-01      21.8    396.0
2021  4 11   101   18 18  0     36.77    0.3134E-01      22.9    395.2
2021  4 11   101   18 19  0     36.88    0.2849E-01      20.7    393.0
2021  4 11   101   18 20  0     36.99    0.3039E-01      22.1    392.2
2021  4 11   101   18 21  0     37.10    0.3012E-01      21.7    390.7
2021  4 11   101   18 22  0     37.21    0.2685E-01      19.2    388.5
2021  4 11   101   18 23  0     37.32    0.2504E-01      17.9    387.9
2021  4 11   101   18 24  0     37.44    0.2421E-01      17.6    390.0
2021  4 11   101   18 25  0     37.55    0.2693E-01      20.1    393.0
2021  4 11   101   18 26  0     37.66    0.2557E-01      19.2    393.5
2021  4 11   101   18 27  0     37.78    0.2520E-01      19.1    393.6
2021  4 11   101   18 28  0     37.90    0.2847E-01      21.5    392.3
2021  4 11   101   18 29  0     38.01    0.3244E-01      24.6    392.0
2021  4 11   101   18 30  0     38.13    0.3563E-01      27.3    392.4
2021  4 11   101   18 31  0     38.25    0.3808E-01      29.4    393.0
2021  4 11   101   18 32  0     38.37    0.3421E-01      26.2    391.7
2021  4 11   101   18 33  0     38.49    0.2969E-01      22.8    390.3
2021  4 11   101   18 34  0     38.62    0.3503E-01      27.0    388.5
2021  4 11   101   18 35  0     38.74    0.4433E-01      33.6    384.8
2021  4 11   101   18 36  0     38.86    0.5311E-01      39.9    382.6
2021  4 11   101   18 37  0     38.99    0.6048E-01      44.9    380.2
2021  4 11   101   18 38  0     39.11    0.6528E-01      47.7    376.0
2021  4 11   101   18 39  0     39.24    0.5772E-01      41.8    374.0
2021  4 11   101   18 40  0     39.37    0.5150E-01      37.6    374.5
2021  4 11   101   18 41  0     39.49    0.4999E-01      36.4    373.2
2021  4 11   101   18 42  0     39.62    0.4688E-01      34.0    371.5
2021  4 11   101   18 43  0     39.75    0.4338E-01      31.7    371.2
2021  4 11   101   18 44  0     39.88    0.4060E-01      29.8    371.4
2021  4 11   101   18 45  0     40.01    0.3526E-01      26.3    372.5
2021  4 11   101   18 46  0     40.15    0.3881E-01      29.3    373.2
2021  4 11   101   18 47  0     40.28    0.4374E-01      32.7    370.6
2021  4 11   101   18 48  0     40.41    0.4417E-01      32.7    368.2
2021  4 11   101   18 49  0     40.55    0.4344E-01      32.2    366.9
2021  4 11   101   18 50  0     40.68    0.4335E-01      32.5    367.3
2021  4 11   101   18 51  0     40.82    0.6407E-01      48.3    366.6
2021  4 11   101   18 52  0     40.95    0.7335E-01      55.1    364.8
2021  4 11   101   18 53  0     41.09    0.8525E-01      63.9    362.4
2021  4 11   101   18 54  0     41.23    0.8736E-01      65.7    362.0
2021  4 11   101   18 55  0     41.37    0.8669E-01      65.6    361.8
2021  4 11   101   18 56  0     41.51    0.8367E-01      63.7    361.5
2021  4 11   101   18 57  0     41.65    0.7937E-01      60.8    361.2
2021  4 11   101   18 58  0     41.79    0.7828E-01      60.2    360.4
2021  4 11   101   18 59  0     41.93    0.7694E-01      59.6    360.3
2021  4 11   101   19  0  0     42.07    0.7668E-01      59.7    360.3
2021  4 11   101   19  1  0     42.21    0.7267E-01      57.2    361.1
2021  4 11   101   19  2  0     42.35    0.7291E-01      58.1    361.6
2021  4 11   101   19  3  0     42.50    0.7246E-01      58.0    361.1
2021  4 11   101   19  4  0     42.64    0.6870E-01      55.4    360.9
2021  4 11   101   19  5  0     42.79    0.6789E-01      54.9    360.4
2021  4 11   101   19  6  0     42.93    0.6508E-01      53.0    360.5
2021  4 11   101   19  7  0     43.08    0.6161E-01      50.7    361.1
2021  4 11   101   19  8  0     43.23    0.5567E-01      46.2    361.5
2021  4 11   101   19  9  0     43.37    0.5364E-01      45.1    361.8
2021  4 11   101   19 10  0     43.52    0.5966E-01      50.5    361.3
2021  4 11   101   19 11  0     43.67    0.5212E-01      44.3    360.7
2021  4 11   101   19 12  0     43.82    0.4797E-01      41.7    362.1
2021  4 11   101   19 13  0     43.97    0.6006E-01      53.0    362.9
2021  4 11   101   19 14  0     44.12    0.6034E-01      53.7    363.1
2021  4 11   101   19 15  0     44.27    0.5891E-01      52.9    363.3
2021  4 11   101   19 16  0     44.42    0.5208E-01      47.2    363.3
2021  4 11   101   19 17  0     44.58    0.5306E-01      48.4    362.9
2021  4 11   101   19 18  0     44.73    0.5126E-01      46.9    362.2
2021  4 11   101   19 19  0     44.88    0.5247E-01      48.0    360.9
2021  4 11   101   19 20  0     45.04    0.4729E-01      43.3    360.0
2021  4 11   101   19 21  0     45.19    0.3778E-01      34.7    359.3
2021  4 11   101   19 22  0     45.34    0.3267E-01      30.4    359.6
2021  4 11   101   19 23  0     45.50    0.3244E-01      30.5    360.2
2021  4 11   101   19 24  0     45.65    0.2972E-01      28.2    360.0
2021  4 11   101   19 25  0     45.81    0.2654E-01      25.7    361.5
2021  4 11   101   19 26  0     45.97    0.2242E-01      22.0    361.9
2021  4 11   101   19 27  0     46.13    0.2034E-01      20.6    364.5
2021  4 11   101   19 28  0     46.28    0.2074E-01      21.6    367.0
2021  4 11   101   19 29  0     46.44    0.2154E-01      22.7    367.7
2021  4 11   101   19 30  0     46.60    0.2145E-01      22.8    367.8
2021  4 11   101   19 31  0     46.76    0.2053E-01      22.1    367.5
2021  4 11   101   19 32  0     46.92    0.1676E-01      18.2    366.8
2021  4 11   101   19 33  0     47.08    0.1467E-01      16.1    366.2
2021  4 11   101   19 34  0     47.24    0.1721E-01      19.3    368.1
2021  4 11   101   19 35  0     47.40    0.1948E-01      21.6    365.6
2021  4 11   101   19 36  0     47.56    0.2202E-01      24.4    363.3
2021  4 11   101   19 37  0     47.72    0.2983E-01      32.7    361.0
2021  4 11   101   19 38  0     47.89    0.2743E-01      30.0    358.9
2021  4 11   101   19 39  0     48.05    0.2748E-01      30.2    357.3
2021  4 11   101   19 40  0     48.21    0.2866E-01      31.8    357.2
2021  4 11   101   19 41  0     48.38    0.3452E-01      39.0    358.5
2021  4 11   101   19 42  0     48.54    0.3428E-01      39.4    359.2
2021  4 11   101   19 43  0     48.71    0.3858E-01      44.9    359.7
2021  4 11   101   19 44  0     48.87    0.3488E-01      40.9    359.7
2021  4 11   101   19 45  0     49.03    0.2876E-01      34.1    358.9
2021  4 11   101   19 46  0     49.20    0.2838E-01      34.3    359.9
2021  4 11   101   19 47  0     49.37    0.2938E-01      36.0    360.7
2021  4 11   101   19 48  0     49.53    0.2511E-01      31.1    360.7
2021  4 11   101   19 49  0     49.70    0.1893E-01      23.8    360.4
2021  4 11   101   19 50  0     49.87    0.1629E-01      21.0    361.8
2021  4 11   101   19 51  0     50.03    0.1784E-01      23.6    363.7
2021  4 11   101   19 52  0     50.20    0.2215E-01      29.7    364.1
2021  4 11   101   19 53  0     50.37    0.2461E-01      33.0    362.8
2021  4 11   101   19 54  0     50.54    0.2432E-01      32.5    360.1
2021  4 11   101   19 55  0     50.71    0.2475E-01      33.3    358.8
2021  4 11   101   19 56  0     50.88    0.2562E-01      34.5    357.4
2021  4 11   101   19 57  0     51.05    0.2561E-01      34.9    356.7
2021  4 11   101   19 58  0     51.22    0.3042E-01      42.4    358.6
2021  4 11   101   19 59  0     51.39    0.2798E-01      39.5    358.3
2021  4 11   101   20  0  0     51.56    0.2772E-01      39.5    357.8
2021  4 11   101   20  1  0     51.73    0.2891E-01      41.9    358.1
2021  4 11   101   20  2  0     51.90    0.3212E-01      47.0    357.6
2021  4 11   101   20  3  0     52.07    0.3202E-01      47.4    357.1
2021  4 11   101   20  4  0     52.24    0.2994E-01      44.8    356.8
2021  4 11   101   20  5  0     52.42    0.2824E-01      43.0    357.4
2021  4 11   101   20  6  0     52.59    0.2746E-01      42.0    356.1
2021  4 11   101   20  7  0     52.76    0.2718E-01      42.2    356.0
2021  4 11   101   20  8  0     52.93    0.2761E-01      43.6    356.3
2021  4 11   101   20  9  0     53.11    0.2675E-01      42.9    356.1
2021  4 11   101   20 10  0     53.28    0.2687E-01      43.8    356.3
2021  4 11   101   20 11  0     53.45    0.2702E-01      44.5    355.6
2021  4 11   101   20 12  0     53.63    0.2787E-01      46.3    355.6
2021  4 11   101   20 13  0     53.80    0.2417E-01      40.3    353.0
2021  4 11   101   20 14  0     53.98    0.2284E-01      38.5    351.4
2021  4 11   101   20 15  0     54.15    0.2648E-01      44.8    350.3
2021  4 11   101   20 16  0     54.33    0.2882E-01      49.0    349.1
2021  4 11   101   20 17  0     54.50    0.2979E-01      50.7    347.5
2021  4 11   101   20 18  0     54.68    0.2532E-01      43.6    347.1
2021  4 11   101   20 19  0     54.86    0.2688E-01      47.4    348.0
2021  4 11   101   20 20  0     55.03    0.2657E-01      47.3    347.2
2021  4 11   101   20 21  0     55.21    0.2287E-01      41.3    346.5
2021  4 11   101   20 22  0     55.39    0.2269E-01      41.9    347.1
2021  4 11   101   20 23  0     55.56    0.2075E-01      38.6    346.1
2021  4 11   101   20 24  0     55.74    0.1823E-01      34.5    345.7
2021  4 11   101   20 25  0     55.92    0.1705E-01      33.0    346.2
2021  4 11   101   20 26  0     56.10    0.1564E-01      31.0    346.6
2021  4 11   101   20 27  0     56.28    0.1663E-01      33.5    346.8
2021  4 11   101   20 28  0     56.45    0.1522E-01      31.5    347.5
2021  4 11   101   20 29  0     56.63    0.1793E-01      37.8    348.5
2021  4 11   101   20 30  0     56.81    0.1671E-01      35.6    347.3
2021  4 11   101   20 31  0     56.99    0.1566E-01      34.1    347.6
2021  4 11   101   20 32  0     57.17    0.1686E-01      37.2    347.5
2021  4 11   101   20 33  0     57.35    0.1756E-01      39.0    346.4
2021  4 11   101   20 34  0     57.53    0.1650E-01      36.8    344.8
2021  4 11   101   20 35  0     57.71    0.1593E-01      36.2    345.1
2021  4 11   101   20 36  0     57.89    0.1498E-01      34.7    344.8
2021  4 11   101   20 37  0     58.07    0.1529E-01      36.5    346.3
2021  4 11   101   20 38  0     58.25    0.1527E-01      37.0    345.9
2021  4 11   101   20 39  0     58.43    0.1326E-01      32.6    344.1
2021  4 11   101   20 40  0     58.61    0.1158E-01      28.9    342.3
2021  4 11   101   20 41  0     58.79    0.1017E-01      25.7    339.9
2021  4 11   101   20 42  0     58.97    0.1011E-01      26.1    339.8
2021  4 11   101   20 43  0     59.15    0.1090E-01      28.7    340.3
2021  4 11   101   20 44  0     59.33    0.1287E-01      34.5    341.2
2021  4 11   101   20 45  0     59.52    0.1384E-01      37.7    340.8
2021  4 11   101   20 46  0     59.70    0.1458E-01      40.4    340.6
2021  4 11   101   20 47  0     59.88    0.1558E-01      43.9    340.5
2021  4 11   101   20 48  0     60.06    0.1599E-01      45.8    340.0
2021  4 11   101   20 49  0     60.25    0.1510E-01      44.0    339.3
2021  4 11   101   20 50  0     60.43    0.1385E-01      40.8    337.5
2021  4 11   101   20 51  0     60.61    0.1430E-01      43.0    337.4
2021  4 11   101   20 52  0     60.79    0.1420E-01      43.3    337.2
2021  4 11   101   20 53  0     60.98    0.1486E-01      46.9    337.9
2021  4 11   101   20 54  0     61.16    0.1642E-01      52.9    338.0
2021  4 11   101   20 55  0     61.34    0.1585E-01      51.5    336.0
2021  4 11   101   20 56  0     61.53    0.1681E-01      55.9    336.7
2021  4 11   101   20 57  0     61.71    0.1857E-01      62.8    336.7
2021  4 11   101   20 58  0     61.89    0.1912E-01      66.1    336.8
2021  4 11   101   20 59  0     62.08    0.2181E-01      76.2    335.8
2021  4 11   101   21  0  0     62.26    0.2073E-01      73.1    334.4
2021  4 11   101   21  1  0     62.45    0.1958E-01      71.2    334.6
2021  4 11   101   21  2  0     62.63    0.1648E-01      60.9    332.3
2021  4 11   101   21  3  0     62.82    0.1543E-01      58.6    333.0
2021  4 11   101   21  4  0     63.00    0.1435E-01      55.1    330.1
2021  4 11   101   21  5  0     63.19    0.1396E-01      54.1    328.8
2021  4 11   101   21  6  0     63.37    0.1327E-01      51.5    326.8
2021  4 11   101   21  7  0     63.56    0.1422E-01      55.3    326.0
2021  4 11   101   21  8  0     63.74    0.1461E-01      56.5    324.6
2021  4 11   101   21  9  0     63.93    0.1463E-01      57.1    323.4
2021  4 11   101   21 10  0     64.11    0.1368E-01      54.4    321.9
2021  4 11   101   21 11  0     64.30    0.1289E-01      52.7    321.6
2021  4 11   101   21 12  0     64.48    0.1170E-01      48.8    319.6
2021  4 11   101   21 13  0     64.67    0.1294E-01      56.1    321.7
2021  4 11   101   21 14  0     64.86    0.1425E-01      62.6    321.9
2021  4 11   101   21 15  0     65.04    0.1251E-01      55.5    319.1
2021  4 11   101   21 16  0     65.23    0.1115E-01      49.5    315.3
2021  4 11   101   21 17  0     65.41    0.1003E-01      45.1    312.6
2021  4 11   101   21 18  0     65.60    0.9730E-02      45.2    312.5
2021  4 11   101   21 19  0     65.79    0.1076E-01      52.2    316.2
2021  4 11   101   21 20  0     65.97    0.9134E-02      45.1    313.4
2021  4 11   101   21 21  0     66.16    0.8937E-02      46.2    312.6
2021  4 11   101   21 22  0     66.35    0.1030E-01      55.2    315.8
2021  4 11   101   21 23  0     66.53    0.9815E-02      53.1    312.6
2021  4 11   101   21 24  0     66.72    0.9785E-02      54.1    311.9
2021  4 11   101   21 25  0     66.91    0.8753E-02      49.8    310.0
2021  4 11   101   21 26  0     67.10    0.8910E-02      51.8    309.2
2021  4 11   101   21 27  0     67.28    0.8474E-02      50.3    307.9
2021  4 11   101   21 28  0     67.47    0.1005E-01      62.0    311.5
2021  4 11   101   21 29  0     67.66    0.9234E-02      57.3    308.4
2021  4 11   101   21 30  0     67.85    0.9090E-02      57.2    307.2
2021  4 11   101   21 31  0     68.03    0.8281E-02      53.0    304.3
2021  4 11   101   21 32  0     68.22    0.8361E-02      55.5    305.2
2021  4 11   101   21 33  0     68.41    0.7999E-02      54.0    302.4
2021  4 11   101   21 34  0     68.59    0.7018E-02      48.7    300.4
2021  4 11   101   21 35  0     68.78    0.6880E-02      49.1    298.8
2021  4 11   101   21 36  0     68.97    0.6838E-02      49.8    297.4
2021  4 11   101   21 37  0     69.16    0.6607E-02      48.9    294.2
2021  4 11   101   21 38  0     69.35    0.6579E-02      49.7    294.0
2021  4 11   101   21 39  0     69.53    0.6713E-02      52.6    295.0
2021  4 11   101   21 40  0     69.72    0.6619E-02      53.3    294.7
2021  4 11   101   21 41  0     69.91    0.6619E-02      54.6    293.6
2021  4 11   101   21 42  0     70.10    0.6274E-02      52.2    289.2
2021  4 11   101   21 43  0     70.29    0.5537E-02      46.4    283.8
2021  4 11   101   21 44  0     70.48    0.6390E-02      56.4    288.3
2021  4 11   101   21 45  0     70.66    0.6937E-02      63.3    290.2
2021  4 11   101   21 46  0     70.85    0.6386E-02      58.7    285.5
2021  4 11   101   21 47  0     71.04    0.5272E-02      48.6    277.5
2021  4 11   101   21 48  0     71.23    0.5455E-02      53.2    280.6
2021  4 11   101   21 49  0     71.42    0.4828E-02      48.1    277.0
2021  4 11   101   21 50  0     71.61    0.4476E-02      45.7    271.3
2021  4 11   101   21 51  0     71.80    0.4312E-02      45.7    270.0
2021  4 11   101   21 52  0     71.99    0.4038E-02      43.7    266.9
2021  4 11   101   21 53  0     72.17    0.3908E-02      43.3    263.9
2021  4 11   101   21 54  0     72.36    0.3799E-02      42.5    260.5
2021  4 11   101   21 55  0     72.55    0.3868E-02      44.4    260.2
2021  4 11   101   21 56  0     72.74    0.4011E-02      46.7    258.3
2021  4 11   101   21 57  0     72.93    0.3770E-02      44.8    255.2
2021  4 11   101   21 58  0     73.12    0.4463E-02      56.4    261.2
2021  4 11   101   21 59  0     73.31    0.4500E-02      57.4    259.4
2021  4 11   101   22  0  0     73.50    0.3814E-02      48.7    252.0
2021  4 11   101   22  1  0     73.69    0.3556E-02      45.7    246.0
2021  4 11   101   22  2  0     73.87    0.3154E-02      40.8    240.0
2021  4 11   101   22  3  0     74.06    0.3115E-02      41.9    237.9
2021  4 11   101   22  4  0     74.25    0.2861E-02      38.6    231.0
2021  4 11   101   22  5  0     74.44    0.2618E-02      34.9    223.2
2021  4 11   101   22  6  0     74.63    0.2440E-02      33.6    220.7
2021  4 11   101   22  7  0     74.82    0.2932E-02      44.7    230.9
2021  4 11   101   22  8  0     75.01    0.2765E-02      42.1    224.6
2021  4 11   101   22  9  0     75.20    0.2623E-02      40.4    219.9
2021  4 11   101   22 10  0     75.39    0.2459E-02      38.9    216.9
2021  4 11   101   22 11  0     75.58    0.2437E-02      39.8    214.1
2021  4 11   101   22 12  0     75.77    0.2029E-02      31.7    201.7
2021  4 11   101   22 13  0     75.96    0.1957E-02      31.3    197.6
2021  4 11   101   22 14  0     76.15    0.2102E-02      37.4    203.1
2021  4 11   101   22 15  0     76.34    0.2011E-02      36.1    198.1
2021  4 11   101   22 16  0     76.53    0.1970E-02      36.6    196.5
2021  4 11   101   22 17  0     76.71    0.1862E-02      35.5    194.4
2021  4 11   101   22 18  0     76.90    0.1811E-02      34.3    187.3
2021  4 11   101   22 19  0     77.09    0.1890E-02      37.4    187.3
2021  4 11   101   22 20  0     77.28    0.1983E-02      43.0    194.0
2021  4 11   101   22 21  0     77.47    0.1902E-02      41.3    189.0
2021  4 11   101   22 22  0     77.66    0.1797E-02      37.8    180.2
2021  4 11   101   22 23  0     77.85    0.1797E-02      40.0    180.2
2021  4 11   101   22 24  0     78.04    0.1727E-02      38.3    174.4
2021  4 11   101   22 25  0     78.23    0.1647E-02      36.2    168.5
2021  4 11   101   22 26  0     78.42    0.1633E-02      37.0    166.9
2021  4 11   101   22 27  0     78.61    0.1515E-02      32.2    156.6
2021  4 11   101   22 28  0     78.80    0.1480E-02      32.3    154.4
2021  4 11   101   22 29  0     78.99    0.1429E-02      31.2    148.3
2021  4 11   101   22 30  0     79.17    0.1345E-02      29.0    142.6
2021  4 11   101   22 31  0     79.36    0.1307E-02      28.5    139.2
2021  4 11   101   22 32  0     79.55    0.1315E-02      28.6    134.0
2021  4 11   101   22 33  0     79.74    0.1317E-02      29.6    131.4
2021  4 11   101   22 34  0     79.93    0.1375E-02      36.4    140.2
2021  4 11   101   22 35  0     80.12    0.1362E-02      37.2    138.0
2021  4 11   101   22 36  0     80.31    0.1298E-02      33.7    128.9
2021  4 11   101   22 37  0     80.50    0.1203E-02      29.8    121.2
2021  4 11   101   22 38  0     80.69    0.1121E-02      25.0    109.8
2021  4 11   101   22 39  0     80.87    0.1128E-02      23.7    103.0
2021  4 11   101   22 40  0     81.06    0.1065E-02      21.5     97.5
2021  4 11   101   22 41  0     81.25    0.1098E-02      24.5    100.0
2021  4 11   101   22 42  0     81.44    0.1056E-02      23.9     97.9
2021  4 11   101   22 43  0     81.63    0.1040E-02      23.1     92.3
2021  4 11   101   22 44  0     81.82    0.1021E-02      22.3     88.1
2021  4 11   101   22 45  0     82.01    0.1060E-02      24.5     87.3
2021  4 11   101   22 46  0     82.20    0.1043E-02      26.6     88.8
2021  4 11   101   22 47  0     82.39    0.1030E-02      28.8     89.6
2021  4 11   101   22 48  0     82.57    0.1061E-02      31.5     89.2
2021  4 11   101   22 49  0     82.76    0.1035E-02      31.2     86.2
2021  4 11   101   22 50  0     82.95    0.1051E-02      31.6     82.8
2021  4 11   101   22 51  0     83.14    0.9804E-03      29.2     79.7
2021  4 11   101   22 52  0     83.33    0.9834E-03      29.7     76.9
2021  4 11   101   22 53  0     83.52    0.9944E-03      33.0     78.7
2021  4 11   101   22 54  0     83.70    0.9726E-03      32.2     74.8
2021  4 11   101   22 55  0     83.89    0.9934E-03      32.9     71.5
2021  4 11   101   22 56  0     84.08    0.9568E-03      33.0     70.2
2021  4 11   101   22 57  0     84.27    0.9793E-03      32.9     66.3
2021  4 11   101   22 58  0     84.46    0.9806E-03      33.5     64.2
2021  4 11   101   22 59  0     84.64    0.9378E-03      33.0     62.4
2021  4 11   101   23  0  0     84.83    0.9420E-03      31.7     58.5
2021  4 11   101   23  1  0     85.02    0.9150E-03      29.6     52.9
2021  4 11   101   23  2  0     85.21    0.9292E-03      28.5     48.6
2021  4 11   101   23  3  0     85.40    0.9146E-03      32.1     50.2
2021  4 11   101   23  4  0     85.58    0.8768E-03      31.8     48.8
2021  4 11   101   23  5  0     85.77    0.8783E-03      31.4     45.9
2021  4 11   101   23  6  0     85.96    0.8885E-03      31.9     43.7
2021  4 11   101   23  7  0     86.15    0.8793E-03      31.6     41.7
2021  4 11   101   23  8  0     86.33    0.8696E-03      28.4     36.8
2021  4 11   101   23  9  0     86.52    0.8542E-03      29.5     35.7
2021  4 11   101   23 10  0     86.71    0.8670E-03      29.7     33.1
2021  4 11   101   23 11  0     86.90    0.8612E-03      27.7     29.3
2021  4 11   101   23 12  0     87.08    0.8293E-03      23.7     25.3
2021  4 11   101   23 13  0     87.27    0.8375E-03      24.1     23.8
2021  4 11   101   23 14  0     87.46    0.8238E-03      24.5     22.9
2021  4 11   101   23 15  0     87.64    0.8122E-03      20.7     19.7
2021  4 11   101   23 16  0     87.83    0.8601E-03      21.1     16.4
2021  4 11   101   23 17  0     88.02    0.8015E-03      23.4     18.0
2021  4 11   101   23 18  0     88.20    0.8219E-03      21.3     14.2
2021  4 11   101   23 19  0     88.39    0.8018E-03      21.1     13.0
2021  4 11   101   23 20  0     88.58    0.7872E-03      20.2     11.4
2021  4 11   101   23 21  0     88.76    0.7932E-03      20.1     10.1
2021  4 11   101   23 22  0     88.95    0.7866E-03      21.4      9.7
2021  4 11   101   23 23  0     89.13    0.8141E-03      21.2      8.1
2021  4 11   101   23 24  0     89.32    0.7900E-03      20.8      7.5
2021  4 11   101   23 25  0     89.51    0.7773E-03      19.7      6.4
2021  4 11   101   23 26  0     89.69    0.7875E-03      20.6      5.9
2021  4 11   101   23 27  0     89.88    0.7981E-03      21.0      5.2
