                            NILUUV 115

Uvpro Version 2.0
Latitude :   40.74 (North)
Longitude:  -74.03  (West)
Calibration file: cf100603a.115
Height above sea level:    40.0  m
CLT derived from channel 4
CLT scale factor used:   1.0
Ozone derived from channel pair ch3/ch1
Ozone scale factor used:   1.0
Drift factors ch1-ch6:   0.308  0.336  0.465  0.514  0.360  0.927
Ozone profile climatology: Mid  Latitude
Dose type:    CLW    Caldwell Plant 1971           

yyyy mm dd   jul   hh mm ss      SZA     dose rate       clt     Ozone
                              [degrees]   [W/m^2]        [%]     [DU]
2023  2  5    36   13 18  0     78.13    0.1447E-02      61.6    380.4
2023  2  5    36   13 19  0     77.97    0.1542E-02      62.5    372.7
2023  2  5    36   13 20  0     77.81    0.1645E-02      63.6    366.2
2023  2  5    36   13 21  0     77.65    0.1744E-02      64.7    363.9
2023  2  5    36   13 22  0     77.50    0.1877E-02      65.2    344.3
2023  2  5    36   13 23  0     77.34    0.1938E-02      65.3    349.7
2023  2  5    36   13 24  0     77.18    0.2041E-02      65.7    343.5
2023  2  5    36   13 25  0     77.03    0.2138E-02      66.3    344.3
2023  2  5    36   13 26  0     76.87    0.2272E-02      67.2    338.9
2023  2  5    36   13 27  0     76.72    0.2416E-02      67.9    331.9
2023  2  5    36   13 28  0     76.56    0.2539E-02      68.5    331.1
2023  2  5    36   13 29  0     76.41    0.2695E-02      69.3    325.7
2023  2  5    36   13 30  0     76.25    0.2868E-02      70.6    321.8
2023  2  5    36   13 31  0     76.10    0.3066E-02      72.0    316.8
2023  2  5    36   13 32  0     75.94    0.3225E-02      73.6    320.0
2023  2  5    36   13 33  0     75.79    0.3430E-02      75.2    316.7
2023  2  5    36   13 34  0     75.64    0.3589E-02      76.9    320.1
2023  2  5    36   13 35  0     75.49    0.3808E-02      78.5    316.4
2023  2  5    36   13 36  0     75.33    0.3994E-02      80.2    317.6
2023  2  5    36   13 37  0     75.18    0.4216E-02      81.9    314.6
2023  2  5    36   13 38  0     75.03    0.4407E-02      83.4    315.0
2023  2  5    36   13 39  0     74.88    0.4567E-02      84.6    317.7
2023  2  5    36   13 40  0     74.73    0.4768E-02      85.7    316.4
2023  2  5    36   13 41  0     74.58    0.4948E-02      86.6    316.9
2023  2  5    36   13 42  0     74.43    0.5170E-02      87.1    312.7
2023  2  5    36   13 43  0     74.28    0.5325E-02      87.3    313.2
2023  2  5    36   13 44  0     74.13    0.5469E-02      87.3    313.7
2023  2  5    36   13 45  0     73.98    0.5618E-02      87.2    313.9
2023  2  5    36   13 46  0     73.84    0.5754E-02      87.0    314.1
2023  2  5    36   13 47  0     73.69    0.5885E-02      86.7    315.0
2023  2  5    36   13 48  0     73.54    0.6032E-02      86.5    315.2
2023  2  5    36   13 49  0     73.39    0.6252E-02      86.5    312.4
2023  2  5    36   13 50  0     73.25    0.6465E-02      87.1    313.0
2023  2  5    36   13 51  0     73.10    0.6740E-02      88.0    312.2
2023  2  5    36   13 52  0     72.96    0.7036E-02      89.3    312.9
2023  2  5    36   13 53  0     72.81    0.7358E-02      90.7    312.6
2023  2  5    36   13 54  0     72.67    0.7704E-02      92.1    310.7
2023  2  5    36   13 55  0     72.52    0.8053E-02      93.7    310.0
2023  2  5    36   13 56  0     72.38    0.8398E-02      95.0    309.5
2023  2  5    36   13 57  0     72.23    0.8742E-02      96.2    308.7
2023  2  5    36   13 58  0     72.09    0.9035E-02      97.0    309.4
2023  2  5    36   13 59  0     71.95    0.9353E-02      97.9    310.2
2023  2  5    36   14  0  0     71.81    0.9663E-02      98.6    309.0
2023  2  5    36   14  1  0     71.67    0.9934E-02      99.4    310.1
2023  2  5    36   14  2  0     71.52    0.1025E-01     100.3    310.1
2023  2  5    36   14  3  0     71.38    0.1055E-01     100.7    309.5
2023  2  5    36   14  4  0     71.24    0.1074E-01     100.4    310.7
2023  2  5    36   14  5  0     71.10    0.1098E-01      99.6    309.7
2023  2  5    36   14  6  0     70.96    0.1118E-01      99.3    311.6
2023  2  5    36   14  7  0     70.83    0.1136E-01      97.7    309.6
2023  2  5    36   14  8  0     70.69    0.1156E-01      96.4    308.8
2023  2  5    36   14  9  0     70.55    0.1176E-01      94.7    307.5
2023  2  5    36   14 10  0     70.41    0.1194E-01      93.6    307.9
2023  2  5    36   14 11  0     70.27    0.1223E-01      93.5    307.5
2023  2  5    36   14 12  0     70.14    0.1250E-01      92.7    306.7
2023  2  5    36   14 13  0     70.00    0.1278E-01      92.6    306.7
2023  2  5    36   14 14  0     69.87    0.1315E-01      92.7    306.1
2023  2  5    36   14 15  0     69.73    0.1354E-01      93.6    306.5
2023  2  5    36   14 16  0     69.60    0.1395E-01      93.7    305.6
2023  2  5    36   14 17  0     69.46    0.1426E-01      93.5    306.2
2023  2  5    36   14 18  0     69.33    0.1471E-01      94.3    306.1
2023  2  5    36   14 19  0     69.19    0.1516E-01      95.4    306.2
2023  2  5    36   14 20  0     69.06    0.1569E-01      97.3    306.7
2023  2  5    36   14 21  0     68.93    0.1646E-01     102.1    307.8
2023  2  5    36   14 22  0     68.80    0.1727E-01     107.6    309.0
2023  2  5    36   14 23  0     68.67    0.1793E-01     110.9    309.8
2023  2  5    36   14 24  0     68.54    0.1856E-01     113.9    310.6
2023  2  5    36   14 25  0     68.41    0.1928E-01     117.3    311.1
2023  2  5    36   14 26  0     68.28    0.1997E-01     120.4    311.8
2023  2  5    36   14 27  0     68.15    0.2077E-01     124.9    312.7
2023  2  5    36   14 28  0     68.02    0.2120E-01     125.2    313.0
2023  2  5    36   14 29  0     67.89    0.2141E-01     122.9    313.6
2023  2  5    36   14 30  0     67.76    0.2213E-01     126.0    314.0
2023  2  5    36   14 31  0     67.64    0.2273E-01     127.7    314.2
2023  2  5    36   14 32  0     67.51    0.2311E-01     127.4    313.6
2023  2  5    36   14 33  0     67.39    0.2356E-01     127.3    313.4
2023  2  5    36   14 34  0     67.26    0.2416E-01     129.3    314.0
2023  2  5    36   14 35  0     67.14    0.2464E-01     130.0    314.4
2023  2  5    36   14 36  0     67.01    0.2504E-01     130.1    314.8
2023  2  5    36   14 37  0     66.89    0.2554E-01     130.7    315.7
2023  2  5    36   14 38  0     66.77    0.2599E-01     130.7    315.4
2023  2  5    36   14 39  0     66.64    0.2639E-01     130.4    315.4
2023  2  5    36   14 40  0     66.52    0.2677E-01     130.1    315.4
2023  2  5    36   14 41  0     66.40    0.2716E-01     129.9    314.8
2023  2  5    36   14 42  0     66.28    0.2755E-01     129.7    314.9
2023  2  5    36   14 43  0     66.16    0.2738E-01     125.0    314.4
2023  2  5    36   14 44  0     66.04    0.2757E-01     123.2    314.3
2023  2  5    36   14 45  0     65.92    0.2837E-01     125.8    315.3
2023  2  5    36   14 46  0     65.80    0.2912E-01     127.9    315.6
2023  2  5    36   14 47  0     65.68    0.2936E-01     126.1    315.6
2023  2  5    36   14 48  0     65.57    0.2987E-01     126.6    315.7
2023  2  5    36   14 49  0     65.45    0.3064E-01     128.7    315.1
2023  2  5    36   14 50  0     65.33    0.3131E-01     130.0    315.4
2023  2  5    36   14 51  0     65.22    0.3171E-01     129.7    315.5
2023  2  5    36   14 52  0     65.11    0.3221E-01     129.6    315.3
2023  2  5    36   14 53  0     64.99    0.3269E-01     129.8    315.9
2023  2  5    36   14 54  0     64.88    0.3313E-01     129.5    316.0
2023  2  5    36   14 55  0     64.77    0.3358E-01     129.5    316.0
2023  2  5    36   14 56  0     64.65    0.3371E-01     127.3    315.8
2023  2  5    36   14 57  0     64.54    0.3445E-01     128.8    315.9
2023  2  5    36   14 58  0     64.43    0.3459E-01     126.9    315.0
2023  2  5    36   14 59  0     64.32    0.3414E-01     121.1    314.0
2023  2  5    36   15  0  0     64.21    0.3485E-01     122.9    314.4
2023  2  5    36   15  1  0     64.10    0.3590E-01     126.6    315.1
2023  2  5    36   15  2  0     63.99    0.3616E-01     125.1    315.5
2023  2  5    36   15  3  0     63.89    0.3654E-01     124.8    315.7
2023  2  5    36   15  4  0     63.78    0.3703E-01     124.7    315.6
2023  2  5    36   15  5  0     63.67    0.3761E-01     125.4    315.8
2023  2  5    36   15  6  0     63.57    0.3833E-01     126.5    316.0
2023  2  5    36   15  7  0     63.46    0.3883E-01     126.6    315.4
2023  2  5    36   15  8  0     63.36    0.3909E-01     125.8    315.6
2023  2  5    36   15  9  0     63.25    0.3947E-01     125.5    315.6
2023  2  5    36   15 10  0     63.15    0.3939E-01     122.8    315.3
2023  2  5    36   15 11  0     63.05    0.3997E-01     123.9    315.7
2023  2  5    36   15 12  0     62.95    0.4076E-01     125.4    316.5
2023  2  5    36   15 13  0     62.84    0.4138E-01     125.8    316.4
2023  2  5    36   15 14  0     62.74    0.4247E-01     128.5    316.8
2023  2  5    36   15 15  0     62.64    0.4301E-01     128.5    316.9
2023  2  5    36   15 16  0     62.55    0.4394E-01     130.4    317.1
2023  2  5    36   15 17  0     62.45    0.4480E-01     132.0    317.5
2023  2  5    36   15 18  0     62.35    0.4617E-01     136.3    318.2
2023  2  5    36   15 19  0     62.25    0.4684E-01     137.5    318.5
2023  2  5    36   15 20  0     62.16    0.4718E-01     137.5    318.9
2023  2  5    36   15 21  0     62.06    0.4714E-01     136.0    318.8
2023  2  5    36   15 22  0     61.97    0.4642E-01     132.0    318.9
2023  2  5    36   15 23  0     61.87    0.4633E-01     130.5    319.0
2023  2  5    36   15 24  0     61.78    0.4630E-01     128.6    318.9
2023  2  5    36   15 25  0     61.69    0.4660E-01     127.8    318.9
2023  2  5    36   15 26  0     61.59    0.4713E-01     127.9    318.8
2023  2  5    36   15 27  0     61.50    0.4774E-01     128.7    319.1
2023  2  5    36   15 28  0     61.41    0.4866E-01     130.3    319.3
2023  2  5    36   15 29  0     61.32    0.4996E-01     133.1    319.4
2023  2  5    36   15 30  0     61.23    0.5004E-01     131.2    319.1
2023  2  5    36   15 31  0     61.15    0.5000E-01     129.4    319.0
2023  2  5    36   15 32  0     61.06    0.4941E-01     125.2    318.3
2023  2  5    36   15 33  0     60.97    0.4973E-01     124.8    318.7
2023  2  5    36   15 34  0     60.88    0.5128E-01     128.5    319.2
2023  2  5    36   15 35  0     60.80    0.5325E-01     133.5    319.7
2023  2  5    36   15 36  0     60.72    0.5438E-01     135.5    319.9
2023  2  5    36   15 37  0     60.63    0.5508E-01     136.1    320.1
2023  2  5    36   15 38  0     60.55    0.5555E-01     135.8    320.0
2023  2  5    36   15 39  0     60.47    0.5529E-01     133.1    319.7
2023  2  5    36   15 40  0     60.39    0.5455E-01     129.0    319.3
2023  2  5    36   15 41  0     60.31    0.5468E-01     128.2    319.3
2023  2  5    36   15 42  0     60.23    0.5437E-01     125.9    319.1
2023  2  5    36   15 43  0     60.15    0.5419E-01     124.1    319.1
2023  2  5    36   15 44  0     60.07    0.5408E-01     122.6    318.8
2023  2  5    36   15 45  0     59.99    0.5418E-01     121.8    319.1
2023  2  5    36   15 46  0     59.91    0.5490E-01     123.0    319.5
2023  2  5    36   15 47  0     59.84    0.5617E-01     125.5    319.6
2023  2  5    36   15 48  0     59.76    0.5628E-01     124.2    319.4
2023  2  5    36   15 49  0     59.69    0.5611E-01     122.6    319.5
2023  2  5    36   15 50  0     59.62    0.5651E-01     122.5    319.5
2023  2  5    36   15 51  0     59.54    0.5779E-01     125.1    319.7
2023  2  5    36   15 52  0     59.47    0.5805E-01     124.6    319.7
2023  2  5    36   15 53  0     59.40    0.5832E-01     124.2    319.7
2023  2  5    36   15 54  0     59.33    0.5875E-01     124.2    319.7
2023  2  5    36   15 55  0     59.26    0.5904E-01     123.9    319.7
2023  2  5    36   15 56  0     59.19    0.5920E-01     123.0    319.7
2023  2  5    36   15 57  0     59.13    0.5907E-01     121.5    319.6
2023  2  5    36   15 58  0     59.06    0.5932E-01     121.4    319.8
2023  2  5    36   15 59  0     58.99    0.5916E-01     119.8    319.6
2023  2  5    36   16  0  0     58.93    0.5934E-01     119.4    319.7
2023  2  5    36   16  1  0     58.86    0.5944E-01     118.9    319.7
2023  2  5    36   16  2  0     58.80    0.6077E-01     121.6    320.0
2023  2  5    36   16  3  0     58.74    0.6048E-01     119.7    320.0
2023  2  5    36   16  4  0     58.68    0.6047E-01     118.5    319.9
2023  2  5    36   16  5  0     58.62    0.6036E-01     117.3    320.0
2023  2  5    36   16  6  0     58.55    0.6441E-01     127.2    320.8
2023  2  5    36   16  7  0     58.50    0.6624E-01     130.8    321.0
2023  2  5    36   16  8  0     58.44    0.6611E-01     128.9    320.8
2023  2  5    36   16  9  0     58.38    0.6547E-01     126.1    320.5
2023  2  5    36   16 10  0     58.32    0.6923E-01     135.2    321.2
2023  2  5    36   16 11  0     58.27    0.6812E-01     130.8    320.8
2023  2  5    36   16 12  0     58.21    0.6726E-01     127.9    320.7
2023  2  5    36   16 13  0     58.16    0.7001E-01     134.6    321.4
2023  2  5    36   16 14  0     58.11    0.7060E-01     135.0    321.4
2023  2  5    36   16 15  0     58.05    0.7066E-01     134.5    321.5
2023  2  5    36   16 16  0     58.00    0.7091E-01     134.3    321.5
2023  2  5    36   16 17  0     57.95    0.7122E-01     134.4    321.7
2023  2  5    36   16 18  0     57.90    0.7206E-01     135.9    322.0
2023  2  5    36   16 19  0     57.85    0.7230E-01     135.7    322.1
2023  2  5    36   16 20  0     57.81    0.7285E-01     136.6    322.5
2023  2  5    36   16 21  0     57.76    0.7447E-01     139.9    322.8
2023  2  5    36   16 22  0     57.71    0.7562E-01     142.1    323.2
2023  2  5    36   16 23  0     57.67    0.7773E-01     146.6    323.5
2023  2  5    36   16 24  0     57.62    0.7834E-01     147.4    323.5
2023  2  5    36   16 25  0     57.58    0.7673E-01     143.1    323.4
2023  2  5    36   16 26  0     57.54    0.7358E-01     135.3    323.1
2023  2  5    36   16 27  0     57.50    0.7076E-01     129.2    323.3
2023  2  5    36   16 28  0     57.45    0.7002E-01     128.3    323.9
2023  2  5    36   16 29  0     57.42    0.6733E-01     122.3    323.9
2023  2  5    36   16 30  0     57.38    0.6401E-01     114.8    323.8
2023  2  5    36   16 31  0     57.34    0.6271E-01     112.0    324.1
2023  2  5    36   16 32  0     57.30    0.6201E-01     110.6    324.3
2023  2  5    36   16 33  0     57.27    0.6103E-01     108.1    324.3
2023  2  5    36   16 34  0     57.23    0.6019E-01     106.1    324.3
2023  2  5    36   16 35  0     57.19    0.5919E-01     103.7    324.3
2023  2  5    36   16 36  0     57.16    0.5757E-01      99.7    324.1
2023  2  5    36   16 37  0     57.13    0.5658E-01      97.5    324.2
2023  2  5    36   16 38  0     57.10    0.5645E-01      97.0    324.2
2023  2  5    36   16 39  0     57.07    0.5649E-01      96.7    324.1
2023  2  5    36   16 40  0     57.04    0.5650E-01      96.6    324.3
2023  2  5    36   16 41  0     57.01    0.5658E-01      96.6    324.5
2023  2  5    36   16 42  0     56.98    0.5680E-01      97.1    324.7
2023  2  5    36   16 43  0     56.96    0.5685E-01      97.0    325.0
2023  2  5    36   16 44  0     56.93    0.5727E-01      98.0    325.4
2023  2  5    36   16 45  0     56.90    0.5824E-01     100.1    325.5
2023  2  5    36   16 46  0     56.88    0.5813E-01      99.7    325.8
2023  2  5    36   16 47  0     56.86    0.5793E-01      98.9    325.8
2023  2  5    36   16 48  0     56.84    0.5778E-01      98.3    325.7
2023  2  5    36   16 49  0     56.81    0.5767E-01      97.3    325.3
2023  2  5    36   16 50  0     56.79    0.5830E-01      98.3    325.3
2023  2  5    36   16 51  0     56.77    0.5927E-01     100.0    325.2
2023  2  5    36   16 52  0     56.76    0.6035E-01     101.9    325.3
2023  2  5    36   16 53  0     56.74    0.6043E-01     101.6    325.1
2023  2  5    36   16 54  0     56.72    0.6063E-01     101.8    325.1
2023  2  5    36   16 55  0     56.71    0.6024E-01     100.7    325.0
2023  2  5    36   16 56  0     56.69    0.5939E-01      98.7    325.0
2023  2  5    36   16 57  0     56.68    0.5873E-01      97.3    324.9
2023  2  5    36   16 58  0     56.67    0.5851E-01      96.8    324.9
2023  2  5    36   16 59  0     56.65    0.5793E-01      95.7    324.9
2023  2  5    36   17  0  0     56.64    0.5729E-01      94.5    325.0
2023  2  5    36   17  1  0     56.63    0.5728E-01      95.0    325.5
2023  2  5    36   17  2  0     56.62    0.5590E-01      92.0    325.4
2023  2  5    36   17  3  0     56.62    0.5524E-01      90.8    325.4
2023  2  5    36   17  4  0     56.61    0.5560E-01      91.8    325.8
2023  2  5    36   17  5  0     56.60    0.5532E-01      91.0    325.6
2023  2  5    36   17  6  0     56.60    0.5536E-01      90.8    325.6
2023  2  5    36   17  7  0     56.60    0.5601E-01      91.9    325.5
2023  2  5    36   17  8  0     56.59    0.5766E-01      94.9    325.4
2023  2  5    36   17  9  0     56.59    0.5915E-01      97.5    325.3
2023  2  5    36   17 10  0     56.59    0.6133E-01     101.5    325.2
2023  2  5    36   17 11  0     56.59    0.6444E-01     107.5    325.1
2023  2  5    36   17 12  0     56.59    0.6482E-01     107.4    324.6
2023  2  5    36   17 13  0     56.59    0.6496E-01     107.1    324.3
2023  2  5    36   17 14  0     56.59    0.6700E-01     111.4    324.5
2023  2  5    36   17 15  0     56.60    0.6792E-01     112.8    324.2
2023  2  5    36   17 16  0     56.60    0.6896E-01     115.1    324.4
2023  2  5    36   17 17  0     56.61    0.6929E-01     115.7    324.5
2023  2  5    36   17 18  0     56.61    0.7030E-01     118.0    324.7
2023  2  5    36   17 19  0     56.62    0.7051E-01     118.6    324.7
2023  2  5    36   17 20  0     56.63    0.7409E-01     126.8    325.3
2023  2  5    36   17 21  0     56.64    0.7455E-01     127.4    325.1
2023  2  5    36   17 22  0     56.65    0.7373E-01     125.3    324.9
2023  2  5    36   17 23  0     56.66    0.7346E-01     124.5    324.7
2023  2  5    36   17 24  0     56.67    0.7335E-01     123.8    324.3
2023  2  5    36   17 25  0     56.68    0.7180E-01     120.2    323.9
2023  2  5    36   17 26  0     56.70    0.7145E-01     119.5    323.7
2023  2  5    36   17 27  0     56.71    0.7046E-01     117.3    323.3
2023  2  5    36   17 28  0     56.73    0.6996E-01     116.2    323.2
2023  2  5    36   17 29  0     56.74    0.6816E-01     111.9    322.5
2023  2  5    36   17 30  0     56.76    0.6766E-01     110.7    322.1
2023  2  5    36   17 31  0     56.78    0.6852E-01     113.1    322.3
2023  2  5    36   17 32  0     56.80    0.7062E-01     118.0    322.7
2023  2  5    36   17 33  0     56.82    0.7429E-01     126.6    323.3
2023  2  5    36   17 34  0     56.84    0.7555E-01     129.4    323.3
2023  2  5    36   17 35  0     56.87    0.7367E-01     125.0    322.8
2023  2  5    36   17 36  0     56.89    0.7207E-01     121.8    322.7
2023  2  5    36   17 37  0     56.91    0.7215E-01     123.0    323.0
2023  2  5    36   17 38  0     56.94    0.7270E-01     124.6    323.1
2023  2  5    36   17 39  0     56.97    0.7104E-01     121.4    323.0
2023  2  5    36   17 40  0     56.99    0.7267E-01     125.7    323.3
2023  2  5    36   17 41  0     57.02    0.7526E-01     131.7    323.6
2023  2  5    36   17 42  0     57.05    0.7476E-01     130.4    323.2
2023  2  5    36   17 43  0     57.08    0.7522E-01     131.8    323.2
2023  2  5    36   17 44  0     57.11    0.7414E-01     129.7    323.0
2023  2  5    36   17 45  0     57.14    0.7225E-01     125.9    322.7
2023  2  5    36   17 46  0     57.17    0.6986E-01     121.3    322.7
2023  2  5    36   17 47  0     57.21    0.6854E-01     118.9    322.6
2023  2  5    36   17 48  0     57.24    0.6846E-01     119.3    322.6
2023  2  5    36   17 49  0     57.28    0.6876E-01     120.2    322.5
2023  2  5    36   17 50  0     57.31    0.6970E-01     122.8    322.7
2023  2  5    36   17 51  0     57.35    0.7050E-01     125.0    322.7
2023  2  5    36   17 52  0     57.39    0.6886E-01     121.3    322.2
2023  2  5    36   17 53  0     57.43    0.6914E-01     123.3    322.6
2023  2  5    36   17 54  0     57.47    0.6747E-01     119.6    322.1
2023  2  5    36   17 55  0     57.51    0.6453E-01     113.7    321.8
2023  2  5    36   17 56  0     57.55    0.6436E-01     114.6    322.1
2023  2  5    36   17 57  0     57.59    0.6503E-01     116.9    322.3
2023  2  5    36   17 58  0     57.64    0.6653E-01     121.3    322.7
2023  2  5    36   17 59  0     57.68    0.6598E-01     120.5    322.6
2023  2  5    36   18  0  0     57.73    0.6498E-01     118.4    322.2
2023  2  5    36   18  1  0     57.77    0.6639E-01     122.8    322.7
2023  2  5    36   18  2  0     57.82    0.6767E-01     126.3    322.7
2023  2  5    36   18  3  0     57.87    0.6785E-01     127.2    322.7
2023  2  5    36   18  4  0     57.92    0.6713E-01     126.0    322.6
2023  2  5    36   18  5  0     57.97    0.6596E-01     123.7    322.3
2023  2  5    36   18  6  0     58.02    0.6433E-01     120.1    322.0
2023  2  5    36   18  7  0     58.07    0.6246E-01     116.3    321.7
2023  2  5    36   18  8  0     58.12    0.6235E-01     117.3    322.0
2023  2  5    36   18  9  0     58.17    0.6358E-01     121.2    322.2
2023  2  5    36   18 10  0     58.23    0.6450E-01     124.3    322.4
2023  2  5    36   18 11  0     58.28    0.6359E-01     122.7    322.1
2023  2  5    36   18 12  0     58.34    0.6286E-01     121.9    322.2
2023  2  5    36   18 13  0     58.40    0.6026E-01     115.8    321.4
2023  2  5    36   18 14  0     58.46    0.5910E-01     114.2    321.5
2023  2  5    36   18 15  0     58.51    0.5829E-01     113.2    321.5
2023  2  5    36   18 16  0     58.57    0.5707E-01     111.0    321.4
2023  2  5    36   18 17  0     58.63    0.5669E-01     111.4    321.7
2023  2  5    36   18 18  0     58.70    0.5693E-01     113.0    321.7
2023  2  5    36   18 19  0     58.76    0.5661E-01     113.1    321.7
2023  2  5    36   18 20  0     58.82    0.5597E-01     112.4    321.6
2023  2  5    36   18 21  0     58.88    0.5359E-01     106.6    321.0
2023  2  5    36   18 22  0     58.95    0.5182E-01     102.7    320.6
2023  2  5    36   18 23  0     59.01    0.4995E-01      98.6    320.2
2023  2  5    36   18 24  0     59.08    0.4851E-01      96.1    320.3
2023  2  5    36   18 25  0     59.15    0.4852E-01      97.7    320.6
2023  2  5    36   18 26  0     59.21    0.4626E-01      92.2    320.1
2023  2  5    36   18 27  0     59.28    0.4413E-01      88.0    320.2
2023  2  5    36   18 28  0     59.35    0.4713E-01      98.4    321.7
2023  2  5    36   18 29  0     59.42    0.4788E-01     101.1    321.7
2023  2  5    36   18 30  0     59.49    0.4901E-01     105.3    322.1
2023  2  5    36   18 31  0     59.57    0.4850E-01     104.2    321.6
2023  2  5    36   18 32  0     59.64    0.4832E-01     104.5    321.5
2023  2  5    36   18 33  0     59.71    0.4761E-01     103.1    321.2
2023  2  5    36   18 34  0     59.79    0.4738E-01     103.1    321.1
2023  2  5    36   18 35  0     59.86    0.4825E-01     107.1    321.6
2023  2  5    36   18 36  0     59.94    0.4854E-01     108.6    321.5
2023  2  5    36   18 37  0     60.02    0.4861E-01     109.7    321.4
2023  2  5    36   18 38  0     60.09    0.4880E-01     111.4    321.5
2023  2  5    36   18 39  0     60.17    0.4913E-01     113.5    321.7
2023  2  5    36   18 40  0     60.25    0.4958E-01     115.9    321.7
2023  2  5    36   18 41  0     60.33    0.4876E-01     114.1    321.3
2023  2  5    36   18 42  0     60.41    0.4783E-01     112.3    321.1
2023  2  5    36   18 43  0     60.49    0.4799E-01     114.3    321.3
2023  2  5    36   18 44  0     60.58    0.4776E-01     114.7    321.1
2023  2  5    36   18 45  0     60.66    0.4624E-01     110.9    320.7
2023  2  5    36   18 46  0     60.74    0.4483E-01     107.3    320.3
2023  2  5    36   18 47  0     60.83    0.4502E-01     110.0    320.7
2023  2  5    36   18 48  0     60.91    0.4602E-01     115.4    321.3
2023  2  5    36   18 49  0     61.00    0.4541E-01     114.4    320.8
2023  2  5    36   18 50  0     61.09    0.4375E-01     109.7    320.2
2023  2  5    36   18 51  0     61.17    0.4438E-01     114.1    320.9
2023  2  5    36   18 52  0     61.26    0.4554E-01     119.7    321.3
2023  2  5    36   18 53  0     61.35    0.4619E-01     123.2    321.4
2023  2  5    36   18 54  0     61.44    0.4596E-01     123.0    321.0
2023  2  5    36   18 55  0     61.53    0.4495E-01     119.9    320.5
2023  2  5    36   18 56  0     61.62    0.4468E-01     120.3    320.4
2023  2  5    36   18 57  0     61.71    0.4528E-01     124.1    320.5
2023  2  5    36   18 58  0     61.81    0.4504E-01     124.8    320.3
2023  2  5    36   18 59  0     61.90    0.4292E-01     117.2    319.2
2023  2  5    36   19  0  0     61.99    0.4155E-01     113.7    318.8
2023  2  5    36   19  1  0     62.09    0.4237E-01     119.9    319.6
2023  2  5    36   19  2  0     62.19    0.4196E-01     120.7    319.8
2023  2  5    36   19  3  0     62.28    0.4145E-01     120.6    319.7
2023  2  5    36   19  4  0     62.38    0.4033E-01     118.0    319.5
2023  2  5    36   19  5  0     62.48    0.3911E-01     114.4    319.0
2023  2  5    36   19  6  0     62.58    0.3812E-01     111.7    318.5
2023  2  5    36   19  7  0     62.67    0.3769E-01     111.7    318.4
2023  2  5    36   19  8  0     62.77    0.3727E-01     111.5    318.1
2023  2  5    36   19  9  0     62.88    0.3595E-01     107.4    317.5
2023  2  5    36   19 10  0     62.98    0.3503E-01     105.3    317.1
2023  2  5    36   19 11  0     63.08    0.3433E-01     104.5    316.7
2023  2  5    36   19 12  0     63.18    0.3391E-01     105.1    316.9
2023  2  5    36   19 13  0     63.28    0.3348E-01     105.4    317.0
2023  2  5    36   19 14  0     63.39    0.3323E-01     106.3    317.6
2023  2  5    36   19 15  0     63.49    0.3323E-01     108.3    317.8
2023  2  5    36   19 16  0     63.60    0.3329E-01     110.2    317.9
2023  2  5    36   19 17  0     63.70    0.3260E-01     108.2    317.4
2023  2  5    36   19 18  0     63.81    0.3218E-01     107.7    316.8
2023  2  5    36   19 19  0     63.92    0.3144E-01     106.1    316.5
2023  2  5    36   19 20  0     64.03    0.3081E-01     105.5    315.9
2023  2  5    36   19 21  0     64.14    0.3012E-01     104.6    316.1
2023  2  5    36   19 22  0     64.24    0.2942E-01     103.4    316.0
2023  2  5    36   19 23  0     64.35    0.2890E-01     102.7    315.4
2023  2  5    36   19 24  0     64.47    0.2850E-01     102.9    316.2
2023  2  5    36   19 25  0     64.58    0.2793E-01     101.7    316.0
2023  2  5    36   19 26  0     64.69    0.2731E-01     100.5    316.0
2023  2  5    36   19 27  0     64.80    0.2701E-01     101.0    315.9
2023  2  5    36   19 28  0     64.91    0.2662E-01     100.9    315.5
2023  2  5    36   19 29  0     65.03    0.2639E-01     102.2    315.4
2023  2  5    36   19 30  0     65.14    0.2590E-01     101.5    315.3
2023  2  5    36   19 31  0     65.26    0.2539E-01     100.9    315.6
2023  2  5    36   19 32  0     65.37    0.2521E-01     102.4    316.7
2023  2  5    36   19 33  0     65.49    0.2507E-01     103.6    316.5
2023  2  5    36   19 34  0     65.60    0.2472E-01     103.5    316.3
2023  2  5    36   19 35  0     65.72    0.2437E-01     103.6    316.5
2023  2  5    36   19 36  0     65.84    0.2412E-01     104.5    316.8
2023  2  5    36   19 37  0     65.96    0.2399E-01     106.0    316.6
2023  2  5    36   19 38  0     66.08    0.2369E-01     106.5    316.0
2023  2  5    36   19 39  0     66.20    0.2339E-01     107.0    315.9
2023  2  5    36   19 40  0     66.32    0.2301E-01     107.2    315.9
2023  2  5    36   19 41  0     66.44    0.2239E-01     105.7    316.3
2023  2  5    36   19 42  0     66.56    0.2168E-01     103.4    316.0
2023  2  5    36   19 43  0     66.68    0.2114E-01     102.2    315.7
2023  2  5    36   19 44  0     66.80    0.2094E-01     103.9    316.2
2023  2  5    36   19 45  0     66.93    0.2084E-01     106.0    316.4
2023  2  5    36   19 46  0     67.05    0.2090E-01     109.5    316.8
2023  2  5    36   19 47  0     67.17    0.2082E-01     111.3    316.8
2023  2  5    36   19 48  0     67.30    0.2076E-01     113.6    317.8
2023  2  5    36   19 49  0     67.42    0.2102E-01     118.8    318.1
2023  2  5    36   19 50  0     67.55    0.2127E-01     123.8    318.6
2023  2  5    36   19 51  0     67.68    0.2100E-01     123.5    318.2
2023  2  5    36   19 52  0     67.80    0.2077E-01     123.8    317.8
2023  2  5    36   19 53  0     67.93    0.2046E-01     123.7    317.2
2023  2  5    36   19 54  0     68.06    0.1995E-01     121.7    316.1
2023  2  5    36   19 55  0     68.19    0.1952E-01     121.2    315.7
2023  2  5    36   19 56  0     68.32    0.1903E-01     120.2    315.2
2023  2  5    36   19 57  0     68.45    0.1824E-01     116.2    314.9
2023  2  5    36   19 58  0     68.58    0.1755E-01     112.8    314.9
2023  2  5    36   19 59  0     68.71    0.1711E-01     112.2    314.8
2023  2  5    36   20  0  0     68.84    0.1683E-01     113.0    315.1
2023  2  5    36   20  1  0     68.97    0.1649E-01     112.3    314.9
2023  2  5    36   20  2  0     69.10    0.1629E-01     112.9    313.6
2023  2  5    36   20  3  0     69.23    0.1602E-01     113.0    313.6
2023  2  5    36   20  4  0     69.37    0.1595E-01     117.0    314.7
2023  2  5    36   20  5  0     69.50    0.1587E-01     120.0    315.4
2023  2  5    36   20  6  0     69.64    0.1537E-01     116.7    314.1
2023  2  5    36   20  7  0     69.77    0.1476E-01     112.8    313.4
2023  2  5    36   20  8  0     69.91    0.1439E-01     110.9    311.6
2023  2  5    36   20  9  0     70.04    0.1397E-01     109.5    310.4
2023  2  5    36   20 10  0     70.18    0.1366E-01     109.2    310.2
2023  2  5    36   20 11  0     70.31    0.1325E-01     107.7    310.0
2023  2  5    36   20 12  0     70.45    0.1293E-01     107.5    309.9
2023  2  5    36   20 13  0     70.59    0.1255E-01     106.5    309.9
2023  2  5    36   20 14  0     70.73    0.1220E-01     105.5    309.2
2023  2  5    36   20 15  0     70.87    0.1189E-01     105.1    309.0
2023  2  5    36   20 16  0     71.01    0.1158E-01     105.0    309.4
2023  2  5    36   20 17  0     71.15    0.1132E-01     104.8    309.0
2023  2  5    36   20 18  0     71.29    0.1106E-01     105.4    309.5
2023  2  5    36   20 19  0     71.43    0.1081E-01     105.8    309.7
2023  2  5    36   20 20  0     71.57    0.1051E-01     105.0    309.3
2023  2  5    36   20 21  0     71.71    0.1021E-01     104.2    309.5
2023  2  5    36   20 22  0     71.85    0.9955E-02     103.6    307.9
2023  2  5    36   20 23  0     71.99    0.9659E-02     103.4    309.8
2023  2  5    36   20 24  0     72.13    0.9418E-02     103.5    308.1
2023  2  5    36   20 25  0     72.28    0.9164E-02     103.6    308.4
2023  2  5    36   20 26  0     72.42    0.8945E-02     104.2    308.8
2023  2  5    36   20 27  0     72.57    0.8797E-02     105.5    307.9
2023  2  5    36   20 28  0     72.71    0.8581E-02     105.7    308.2
2023  2  5    36   20 29  0     72.86    0.8364E-02     105.9    308.2
2023  2  5    36   20 30  0     73.00    0.8118E-02     105.2    308.1
2023  2  5    36   20 31  0     73.15    0.7916E-02     105.1    307.2
2023  2  5    36   20 32  0     73.29    0.7700E-02     105.1    307.7
2023  2  5    36   20 33  0     73.44    0.7526E-02     105.6    307.3
2023  2  5    36   20 34  0     73.59    0.7357E-02     106.4    307.1
2023  2  5    36   20 35  0     73.73    0.7166E-02     106.4    306.6
2023  2  5    36   20 36  0     73.88    0.6969E-02     106.3    306.6
2023  2  5    36   20 37  0     74.03    0.6809E-02     106.6    305.9
2023  2  5    36   20 38  0     74.18    0.6642E-02     107.5    307.3
2023  2  5    36   20 39  0     74.33    0.6502E-02     108.1    307.0
2023  2  5    36   20 40  0     74.48    0.6377E-02     109.2    306.5
2023  2  5    36   20 41  0     74.63    0.6236E-02     109.6    305.5
2023  2  5    36   20 42  0     74.78    0.6069E-02     109.5    304.7
2023  2  5    36   20 43  0     74.93    0.5870E-02     109.0    304.7
2023  2  5    36   20 44  0     75.08    0.5684E-02     108.4    303.5
2023  2  5    36   20 45  0     75.23    0.5464E-02     107.4    304.5
2023  2  5    36   20 46  0     75.38    0.5257E-02     105.9    303.5
2023  2  5    36   20 47  0     75.53    0.5041E-02     104.3    302.6
2023  2  5    36   20 48  0     75.68    0.4844E-02     103.0    302.1
2023  2  5    36   20 49  0     75.84    0.4685E-02     102.4    300.6
2023  2  5    36   20 50  0     75.99    0.4504E-02     102.3    302.3
2023  2  5    36   20 51  0     76.14    0.4408E-02     102.4    297.8
2023  2  5    36   20 52  0     76.30    0.4279E-02     102.8    296.9
2023  2  5    36   20 53  0     76.45    0.4105E-02     103.5    301.4
2023  2  5    36   20 54  0     76.61    0.3998E-02     104.4    300.0
2023  2  5    36   20 55  0     76.76    0.3860E-02     105.1    301.9
2023  2  5    36   20 56  0     76.92    0.3750E-02     105.7    300.4
2023  2  5    36   20 57  0     77.07    0.3605E-02     106.2    302.7
2023  2  5    36   20 58  0     77.23    0.3523E-02     107.0    299.4
2023  2  5    36   20 59  0     77.39    0.3407E-02     107.8    300.9
2023  2  5    36   21  0  0     77.54    0.3342E-02     109.3    297.7
2023  2  5    36   21  1  0     77.70    0.3233E-02     111.3    302.1
2023  2  5    36   21  2  0     77.86    0.3161E-02     112.6    299.5
2023  2  5    36   21  3  0     78.02    0.3077E-02     112.8    297.3
2023  2  5    36   21  4  0     78.17    0.2960E-02     113.1    300.2
2023  2  5    36   21  5  0     78.33    0.2890E-02     114.1    298.2
2023  2  5    36   21  6  0     78.49    0.2817E-02     115.7    297.2
2023  2  5    36   21  7  0     78.65    0.2735E-02     116.8    296.6
2023  2  5    36   21  8  0     78.81    0.2635E-02     116.5    296.1
2023  2  5    36   21  9  0     78.97    0.2554E-02     115.8    292.5
2023  2  5    36   21 10  0     79.13    0.2471E-02     115.6    290.8
2023  2  5    36   21 11  0     79.29    0.2393E-02     115.4    288.2
2023  2  5    36   21 12  0     79.45    0.2293E-02     115.7    291.6
2023  2  5    36   21 13  0     79.61    0.2207E-02     116.0    292.2
2023  2  5    36   21 14  0     79.77    0.2120E-02     116.2    293.6
2023  2  5    36   21 15  0     79.93    0.2069E-02     116.3    286.6
2023  2  5    36   21 16  0     80.10    0.2003E-02     116.1    283.7
2023  2  5    36   21 17  0     80.26    0.1886E-02     115.7    292.5
2023  2  5    36   21 18  0     80.42    0.1819E-02     115.1    289.2
2023  2  5    36   21 19  0     80.59    0.1752E-02     114.5    286.3
2023  2  5    36   21 20  0     80.75    0.1694E-02     113.6    279.8
2023  2  5    36   21 21  0     80.91    0.1575E-02     113.0    292.2
2023  2  5    36   21 22  0     81.08    0.1532E-02     113.0    283.5
2023  2  5    36   21 23  0     81.24    0.1458E-02     113.7    287.5
2023  2  5    36   21 24  0     81.40    0.1367E-02     114.9    300.1
2023  2  5    36   21 25  0     81.57    0.1331E-02     116.5    293.1
2023  2  5    36   21 26  0     81.73    0.1274E-02     118.4    297.1
2023  2  5    36   21 27  0     81.90    0.1212E-02     120.4    305.3
2023  2  5    36   21 28  0     82.07    0.1156E-02     121.7    311.2
2023  2  5    36   21 29  0     82.23    0.1141E-02     122.4    296.7
2023  2  5    36   21 30  0     82.40    0.1071E-02     122.8    310.2
2023  2  5    36   21 31  0     82.56    0.1030E-02     123.1    309.9
2023  2  5    36   21 32  0     82.73    0.9956E-03     123.0    306.3
2023  2  5    36   21 33  0     82.90    0.9555E-03     122.6    306.1
2023  2  5    36   21 34  0     83.06    0.9221E-03     121.8    301.7
2023  2  5    36   21 35  0     83.23    0.8987E-03     120.7    292.2
2023  2  5    36   21 36  0     83.40    0.8403E-03     119.7    305.6
2023  2  5    36   21 37  0     83.57    0.7843E-03     119.2    319.9
2023  2  5    36   21 38  0     83.74    0.7429E-03     119.2    326.9
2023  2  5    36   21 39  0     83.90    0.7115E-03     119.4    326.0
2023  2  5    36   21 40  0     84.07    0.7189E-03     119.8    295.8
2023  2  5    36   21 41  0     84.24    0.6833E-03     120.2    300.6
2023  2  5    36   21 42  0     84.41    0.6593E-03     120.5    296.5
2023  2  5    36   21 43  0     84.58    0.5869E-03     120.8    335.8
2023  2  5    36   21 44  0     84.75    0.5489E-03     121.0    348.0
2023  2  5    36   21 45  0     84.92    0.5292E-03     121.2    341.7
2023  2  5    36   21 46  0     85.09    0.5178E-03     121.2    326.4
2023  2  5    36   21 47  0     85.26    0.4826E-03     121.0    339.6
2023  2  5    36   21 48  0     85.43    0.4734E-03     120.9    324.6
2023  2  5    36   21 49  0     85.60    0.4114E-03     120.9    375.9
2023  2  5    36   21 50  0     85.78    0.4175E-03     121.0    342.6
2023  2  5    36   21 51  0     85.95    0.3671E-03     121.0    385.3
2023  2  5    36   21 52  0     86.12    0.3229E-03     120.6    428.7
2023  2  5    36   21 53  0     86.29    0.3172E-03     120.1    406.7
2023  2  5    36   21 54  0     86.46    0.3049E-03     119.8    398.8
2023  2  5    36   21 55  0     86.63    0.2645E-03     119.9    449.8
2023  2  5    36   21 56  0     86.81    0.2523E-03     120.2    445.2
2023  2  5    36   21 57  0     86.98    0.2328E-03     120.7    455.4
2023  2  5    36   21 58  0     87.15    0.1892E-03     120.8    552.7
2023  2  5    36   21 59  0     87.33    0.1678E-03     120.9    595.9
2023  2  5    36   22  0  0     87.50    0.1582E-03     120.8    590.6
2023  2  5    36   22  1  0     87.67    0.1556E-03     120.6    544.4
2023  2  5    36   22  2  0     87.85    0.1460E-03     120.7    538.3
2023  2  5    36   22  3  0     88.02    0.1328E-03     120.8    550.0
2023  2  5    36   22  4  0     88.20    0.8933E-04     120.5    -99.9
2023  2  5    36   22  5  0     88.37    0.1190E-03     120.3    515.8
2023  2  5    36   22  6  0     88.55    0.7637E-04     120.3    -99.9
2023  2  5    36   22  7  0     88.72    0.6410E-04     120.5    -99.9
2023  2  5    36   22  8  0     88.90    0.7037E-04     120.9    666.8
2023  2  5    36   22  9  0     89.07    0.5458E-04     120.9    -99.9
2023  2  5    36   22 10  0     89.25    0.6411E-04     120.3    571.0
2023  2  5    36   22 11  0     89.42    0.1423E-04     120.0    571.0
2023  2  5    36   22 12  0     89.60    0.1877E-04     119.9    571.0
2023  2  5    36   22 13  0     89.78   -0.1928E-04     120.2    571.0
2023  2  5    36   22 14  0     89.95   -0.1072E-04     120.9    571.0
