                            NILUUV 115

Uvpro Version 2.0
Latitude :   40.74 (North)
Longitude:  -74.03  (West)
Calibration file: cf100603a.115
Height above sea level:    40.0  m
CLT derived from channel 5
CLT scale factor used:   1.0
Ozone derived from channel pair ch3/ch1
Ozone scale factor used:   1.0
Drift factors ch1-ch6:   0.485  0.515  0.594  0.649  0.492  0.875
Ozone profile climatology: Mid  Latitude
Dose type:    CLW    Caldwell Plant 1971           

yyyy mm dd   jul   hh mm ss      SZA     dose rate       clt     Ozone
                              [degrees]   [W/m^2]        [%]     [DU]
2015  5 27   147    0  0  0     88.02    0.1112E-02     105.8     48.0
2015  5 27   147    0  1  0     88.19    0.1113E-02     105.0     45.4
2015  5 27   147    0  2  0     88.36    0.1103E-02     104.3     43.1
2015  5 27   147    0  3  0     88.53    0.1077E-02     103.7     41.4
2015  5 27   147    0  4  0     88.70    0.1079E-02     103.2     38.6
2015  5 27   147    0  5  0     88.87    0.1057E-02     102.8     36.5
2015  5 27   147    0  6  0     89.04    0.1044E-02     102.3     34.2
2015  5 27   147    0  7  0     89.20    0.1009E-02     101.2     33.1
2015  5 27   147    0  8  0     89.37    0.1015E-02     100.3     30.7
2015  5 27   147    0  9  0     89.54    0.9997E-03      99.5     29.0
2015  5 27   147    0 10  0     89.70    0.9832E-03      99.0     27.3
2015  5 27   147    0 11  0     89.87    0.9888E-03      98.7     25.0
2015  5 27   147    9 36  0     89.90    0.9156E-03     101.7     29.5
2015  5 27   147    9 37  0     89.73    0.9323E-03     101.6     31.2
2015  5 27   147    9 38  0     89.56    0.9438E-03     102.0     33.0
2015  5 27   147    9 39  0     89.39    0.9454E-03     103.0     35.3
2015  5 27   147    9 40  0     89.23    0.9632E-03     104.2     36.9
2015  5 27   147    9 41  0     89.06    0.9492E-03     105.3     39.9
2015  5 27   147    9 42  0     88.89    0.9597E-03     105.4     41.9
2015  5 27   147    9 43  0     88.72    0.9707E-03     105.1     44.1
2015  5 27   147    9 44  0     88.56    0.9882E-03     105.1     46.1
2015  5 27   147    9 45  0     88.39    0.9855E-03     105.4     49.1
2015  5 27   147    9 46  0     88.22    0.1010E-02     106.2     50.9
2015  5 27   147    9 47  0     88.05    0.1034E-02     107.4     52.8
2015  5 27   147    9 48  0     87.88    0.1037E-02     107.9     56.0
2015  5 27   147    9 49  0     87.71    0.1060E-02     108.2     58.4
2015  5 27   147    9 50  0     87.54    0.1073E-02     108.4     61.0
2015  5 27   147    9 51  0     87.37    0.1062E-02     108.4     64.6
2015  5 27   147    9 52  0     87.20    0.1093E-02     108.2     66.2
2015  5 27   147    9 53  0     87.03    0.1094E-02     108.0     69.2
2015  5 27   147    9 54  0     86.86    0.1111E-02     107.7     71.9
2015  5 27   147    9 55  0     86.69    0.1125E-02     107.6     75.0
2015  5 27   147    9 56  0     86.52    0.1136E-02     107.5     78.5
2015  5 27   147    9 57  0     86.34    0.1179E-02     107.4     80.3
2015  5 27   147    9 58  0     86.17    0.1180E-02     107.5     83.9
2015  5 27   147    9 59  0     86.00    0.1212E-02     108.0     86.1
2015  5 27   147   10  0  0     85.83    0.1219E-02     108.2     90.0
2015  5 27   147   10  1  0     85.66    0.1252E-02     108.7     92.6
2015  5 27   147   10  2  0     85.48    0.1273E-02     109.1     95.8
2015  5 27   147   10  3  0     85.31    0.1301E-02     109.4     98.8
2015  5 27   147   10  4  0     85.14    0.1310E-02     109.9    102.5
2015  5 27   147   10  5  0     84.97    0.1355E-02     110.3    104.4
2015  5 27   147   10  6  0     84.79    0.1373E-02     110.2    108.0
2015  5 27   147   10  7  0     84.62    0.1414E-02     110.0    110.3
2015  5 27   147   10  8  0     84.44    0.1439E-02     109.6    113.3
2015  5 27   147   10  9  0     84.27    0.1449E-02     109.4    117.4
2015  5 27   147   10 10  0     84.10    0.1485E-02     109.7    120.6
2015  5 27   147   10 11  0     83.92    0.1515E-02     110.1    124.7
2015  5 27   147   10 12  0     83.75    0.1551E-02     110.0    128.3
2015  5 27   147   10 13  0     83.57    0.1591E-02     109.8    131.8
2015  5 27   147   10 14  0     83.40    0.1635E-02     109.6    134.8
2015  5 27   147   10 15  0     83.22    0.1670E-02     109.4    138.5
2015  5 27   147   10 16  0     83.05    0.1712E-02     109.1    141.8
2015  5 27   147   10 17  0     82.87    0.1745E-02     108.2    146.2
2015  5 27   147   10 18  0     82.70    0.1805E-02     107.1    148.4
2015  5 27   147   10 19  0     82.52    0.1833E-02     106.0    152.5
2015  5 27   147   10 20  0     82.34    0.1891E-02     104.7    156.0
2015  5 27   147   10 21  0     82.17    0.1961E-02     105.3    160.8
2015  5 27   147   10 22  0     81.99    0.2033E-02     105.9    163.8
2015  5 27   147   10 23  0     81.81    0.2108E-02     105.7    166.4
2015  5 27   147   10 24  0     81.64    0.2171E-02     105.9    170.7
2015  5 27   147   10 25  0     81.46    0.2233E-02     105.7    173.4
2015  5 27   147   10 26  0     81.28    0.2277E-02     104.0    175.8
2015  5 27   147   10 27  0     81.11    0.2325E-02     103.9    180.5
2015  5 27   147   10 28  0     80.93    0.2420E-02     104.1    183.2
2015  5 27   147   10 29  0     80.75    0.2507E-02     104.6    185.4
2015  5 27   147   10 30  0     80.57    0.2597E-02     105.6    189.1
2015  5 27   147   10 31  0     80.39    0.2674E-02     105.7    193.2
2015  5 27   147   10 32  0     80.22    0.2741E-02     105.4    195.7
2015  5 27   147   10 33  0     80.04    0.2800E-02     105.7    198.0
2015  5 27   147   10 34  0     79.86    0.2855E-02     103.4    200.8
2015  5 27   147   10 35  0     79.68    0.2920E-02     103.9    204.4
2015  5 27   147   10 36  0     79.50    0.3036E-02     105.5    207.1
2015  5 27   147   10 37  0     79.32    0.3104E-02     108.1    212.0
2015  5 27   147   10 38  0     79.14    0.3210E-02     109.8    214.5
2015  5 27   147   10 39  0     78.96    0.3371E-02     111.2    216.4
2015  5 27   147   10 40  0     78.78    0.3495E-02     112.1    219.6
2015  5 27   147   10 41  0     78.60    0.3605E-02     113.2    223.5
2015  5 27   147   10 42  0     78.42    0.3750E-02     114.5    225.9
2015  5 27   147   10 43  0     78.24    0.3880E-02     116.2    228.6
2015  5 27   147   10 44  0     78.06    0.4005E-02     116.8    231.7
2015  5 27   147   10 45  0     77.88    0.4133E-02     117.1    235.2
2015  5 27   147   10 46  0     77.70    0.4245E-02     117.4    237.8
2015  5 27   147   10 47  0     77.52    0.4366E-02     116.1    239.2
2015  5 27   147   10 48  0     77.34    0.4548E-02     115.9    241.0
2015  5 27   147   10 49  0     77.16    0.4710E-02     116.2    243.1
2015  5 27   147   10 50  0     76.98    0.4877E-02     116.6    244.6
2015  5 27   147   10 51  0     76.80    0.5042E-02     116.6    246.6
2015  5 27   147   10 52  0     76.62    0.5210E-02     116.5    248.4
2015  5 27   147   10 53  0     76.44    0.5396E-02     115.8    249.4
2015  5 27   147   10 54  0     76.25    0.5572E-02     113.8    250.7
2015  5 27   147   10 55  0     76.07    0.5742E-02     112.1    252.8
2015  5 27   147   10 56  0     75.89    0.5925E-02     113.8    255.3
2015  5 27   147   10 57  0     75.71    0.6141E-02     115.4    257.1
2015  5 27   147   10 58  0     75.53    0.6356E-02     119.1    258.7
2015  5 27   147   10 59  0     75.34    0.6536E-02     120.5    260.5
2015  5 27   147   11  0  0     75.16    0.6692E-02     119.5    262.0
2015  5 27   147   11  1  0     74.98    0.6733E-02     116.4    263.8
2015  5 27   147   11  2  0     74.79    0.6725E-02     107.6    262.8
2015  5 27   147   11  3  0     74.61    0.6840E-02     102.4    263.9
2015  5 27   147   11  4  0     74.43    0.7045E-02      99.6    264.2
2015  5 27   147   11  5  0     74.25    0.7186E-02      97.0    264.6
2015  5 27   147   11  6  0     74.06    0.7308E-02      95.5    266.0
2015  5 27   147   11  7  0     73.88    0.7559E-02      93.1    266.2
2015  5 27   147   11  8  0     73.70    0.7761E-02      89.3    266.3
2015  5 27   147   11  9  0     73.51    0.7694E-02      85.8    266.6
2015  5 27   147   11 10  0     73.33    0.7894E-02      83.4    267.7
2015  5 27   147   11 11  0     73.14    0.7858E-02      81.3    268.1
2015  5 27   147   11 12  0     72.96    0.7717E-02      78.8    269.2
2015  5 27   147   11 13  0     72.78    0.7930E-02      78.8    271.0
2015  5 27   147   11 14  0     72.59    0.8118E-02      78.8    272.0
2015  5 27   147   11 15  0     72.41    0.8377E-02      79.4    273.5
2015  5 27   147   11 16  0     72.22    0.8687E-02      81.0    275.3
2015  5 27   147   11 17  0     72.04    0.8832E-02      81.5    277.2
2015  5 27   147   11 18  0     71.85    0.9174E-02      82.6    278.6
2015  5 27   147   11 19  0     71.67    0.9392E-02      81.4    279.6
2015  5 27   147   11 20  0     71.48    0.1009E-01      83.2    280.9
2015  5 27   147   11 21  0     71.30    0.1029E-01      82.5    281.2
2015  5 27   147   11 22  0     71.11    0.1000E-01      77.8    280.7
2015  5 27   147   11 23  0     70.93    0.9870E-02      73.9    280.9
2015  5 27   147   11 24  0     70.74    0.1013E-01      73.9    281.2
2015  5 27   147   11 25  0     70.56    0.1026E-01      73.5    282.0
2015  5 27   147   11 26  0     70.37    0.1044E-01      74.5    282.5
2015  5 27   147   11 27  0     70.19    0.1068E-01      75.5    283.6
2015  5 27   147   11 28  0     70.00    0.1053E-01      69.9    282.7
2015  5 27   147   11 29  0     69.81    0.1058E-01      64.0    282.1
2015  5 27   147   11 30  0     69.63    0.1085E-01      62.9    282.5
2015  5 27   147   11 31  0     69.44    0.1063E-01      59.5    282.5
2015  5 27   147   11 32  0     69.26    0.1045E-01      58.5    283.1
2015  5 27   147   11 33  0     69.07    0.1094E-01      63.1    284.9
2015  5 27   147   11 34  0     68.88    0.1126E-01      63.3    285.7
2015  5 27   147   11 35  0     68.70    0.1178E-01      64.9    286.9
2015  5 27   147   11 36  0     68.51    0.1161E-01      62.4    286.7
2015  5 27   147   11 37  0     68.32    0.1157E-01      60.8    287.7
2015  5 27   147   11 38  0     68.14    0.1258E-01      64.6    289.2
2015  5 27   147   11 39  0     67.95    0.1400E-01      71.1    292.5
2015  5 27   147   11 40  0     67.76    0.1477E-01      74.5    293.7
2015  5 27   147   11 41  0     67.58    0.1514E-01      75.3    293.5
2015  5 27   147   11 42  0     67.39    0.1462E-01      71.0    293.8
2015  5 27   147   11 43  0     67.20    0.1503E-01      71.3    294.6
2015  5 27   147   11 44  0     67.02    0.1574E-01      73.8    295.6
2015  5 27   147   11 45  0     66.83    0.1593E-01      74.2    297.1
2015  5 27   147   11 46  0     66.64    0.1596E-01      72.6    297.4
2015  5 27   147   11 47  0     66.45    0.1579E-01      69.6    297.7
2015  5 27   147   11 48  0     66.27    0.1529E-01      64.3    296.5
2015  5 27   147   11 49  0     66.08    0.1554E-01      62.2    296.4
2015  5 27   147   11 50  0     65.89    0.1597E-01      61.9    297.2
2015  5 27   147   11 51  0     65.70    0.1608E-01      58.3    296.5
2015  5 27   147   11 52  0     65.52    0.1619E-01      57.2    296.5
2015  5 27   147   11 53  0     65.33    0.1637E-01      57.3    296.4
2015  5 27   147   11 54  0     65.14    0.1748E-01      57.3    296.4
2015  5 27   147   11 55  0     64.95    0.1802E-01      54.9    296.5
2015  5 27   147   11 56  0     64.77    0.1823E-01      52.4    296.2
2015  5 27   147   11 57  0     64.58    0.1791E-01      49.6    295.9
2015  5 27   147   11 58  0     64.39    0.1710E-01      46.6    294.8
2015  5 27   147   11 59  0     64.20    0.1667E-01      45.4    295.3
2015  5 27   147   12  0  0     64.01    0.1667E-01      44.8    295.7
2015  5 27   147   12  1  0     63.82    0.1807E-01      48.4    297.8
2015  5 27   147   12  2  0     63.64    0.1961E-01      53.3    298.6
2015  5 27   147   12  3  0     63.45    0.1964E-01      54.8    299.3
2015  5 27   147   12  4  0     63.26    0.1867E-01      51.6    299.6
2015  5 27   147   12  5  0     63.07    0.1919E-01      51.4    299.8
2015  5 27   147   12  6  0     62.88    0.1956E-01      51.2    300.2
2015  5 27   147   12  7  0     62.69    0.1996E-01      51.1    300.5
2015  5 27   147   12  8  0     62.50    0.2038E-01      51.5    300.9
2015  5 27   147   12  9  0     62.32    0.2066E-01      51.3    301.0
2015  5 27   147   12 10  0     62.13    0.2111E-01      50.9    301.5
2015  5 27   147   12 11  0     61.94    0.2330E-01      55.6    302.4
2015  5 27   147   12 12  0     61.75    0.2326E-01      54.6    302.3
2015  5 27   147   12 13  0     61.56    0.2262E-01      51.8    302.3
2015  5 27   147   12 14  0     61.37    0.2237E-01      50.4    302.3
2015  5 27   147   12 15  0     61.18    0.2204E-01      48.4    302.7
2015  5 27   147   12 16  0     60.99    0.2364E-01      51.1    303.0
2015  5 27   147   12 17  0     60.80    0.2438E-01      52.2    303.5
2015  5 27   147   12 18  0     60.62    0.2526E-01      53.1    303.9
2015  5 27   147   12 19  0     60.43    0.2633E-01      53.9    304.5
2015  5 27   147   12 20  0     60.24    0.2926E-01      59.3    305.1
2015  5 27   147   12 21  0     60.05    0.3079E-01      62.9    305.7
2015  5 27   147   12 22  0     59.86    0.2955E-01      59.5    305.8
2015  5 27   147   12 23  0     59.67    0.2981E-01      58.1    306.0
2015  5 27   147   12 24  0     59.48    0.3207E-01      61.4    306.4
2015  5 27   147   12 25  0     59.29    0.3510E-01      66.9    307.0
2015  5 27   147   12 26  0     59.10    0.3546E-01      66.9    307.1
2015  5 27   147   12 27  0     58.91    0.3519E-01      65.0    307.3
2015  5 27   147   12 28  0     58.72    0.3488E-01      62.6    307.6
2015  5 27   147   12 29  0     58.53    0.3530E-01      61.8    307.7
2015  5 27   147   12 30  0     58.34    0.3496E-01      60.3    307.6
2015  5 27   147   12 31  0     58.16    0.3441E-01      57.7    307.9
2015  5 27   147   12 32  0     57.97    0.3487E-01      57.1    308.0
2015  5 27   147   12 33  0     57.78    0.3627E-01      59.0    308.2
2015  5 27   147   12 34  0     57.59    0.3614E-01      59.1    308.5
2015  5 27   147   12 35  0     57.40    0.3385E-01      54.0    308.6
2015  5 27   147   12 36  0     57.21    0.3490E-01      54.1    308.7
2015  5 27   147   12 37  0     57.02    0.3529E-01      53.8    308.8
2015  5 27   147   12 38  0     56.83    0.3331E-01      49.3    308.6
2015  5 27   147   12 39  0     56.64    0.3340E-01      48.4    309.2
2015  5 27   147   12 40  0     56.45    0.3462E-01      49.6    309.7
2015  5 27   147   12 41  0     56.26    0.3510E-01      50.0    309.8
2015  5 27   147   12 42  0     56.07    0.3466E-01      47.9    310.2
2015  5 27   147   12 43  0     55.88    0.3847E-01      52.4    310.7
2015  5 27   147   12 44  0     55.69    0.4000E-01      54.9    310.7
2015  5 27   147   12 45  0     55.50    0.3862E-01      51.9    311.0
2015  5 27   147   12 46  0     55.31    0.3825E-01      50.7    311.3
2015  5 27   147   12 47  0     55.12    0.3880E-01      50.5    311.8
2015  5 27   147   12 48  0     54.93    0.3914E-01      49.8    312.0
2015  5 27   147   12 49  0     54.75    0.4171E-01      52.2    312.4
2015  5 27   147   12 50  0     54.56    0.4426E-01      55.0    312.8
2015  5 27   147   12 51  0     54.37    0.4598E-01      56.6    313.2
2015  5 27   147   12 52  0     54.18    0.4791E-01      58.5    313.6
2015  5 27   147   12 53  0     53.99    0.5043E-01      61.4    314.8
2015  5 27   147   12 54  0     53.80    0.5314E-01      64.6    315.0
2015  5 27   147   12 55  0     53.61    0.5069E-01      60.5    314.1
2015  5 27   147   12 56  0     53.42    0.4749E-01      54.7    314.1
2015  5 27   147   12 57  0     53.23    0.4696E-01      53.1    314.2
2015  5 27   147   12 58  0     53.04    0.4825E-01      54.4    314.4
2015  5 27   147   12 59  0     52.85    0.4954E-01      54.8    315.4
2015  5 27   147   13  0  0     52.66    0.5314E-01      58.1    315.1
2015  5 27   147   13  1  0     52.47    0.5317E-01      57.8    315.2
2015  5 27   147   13  2  0     52.28    0.4945E-01      53.0    315.2
2015  5 27   147   13  3  0     52.10    0.4709E-01      49.5    315.5
2015  5 27   147   13  4  0     51.91    0.4780E-01      49.4    316.1
2015  5 27   147   13  5  0     51.72    0.4810E-01      48.4    316.3
2015  5 27   147   13  6  0     51.53    0.5312E-01      52.8    316.3
2015  5 27   147   13  7  0     51.34    0.5731E-01      57.2    316.6
2015  5 27   147   13  8  0     51.15    0.5930E-01      57.7    316.8
2015  5 27   147   13  9  0     50.96    0.6303E-01      60.0    317.4
2015  5 27   147   13 10  0     50.77    0.6690E-01      63.5    317.6
2015  5 27   147   13 11  0     50.58    0.7240E-01      68.8    317.9
2015  5 27   147   13 12  0     50.39    0.7406E-01      71.4    318.0
2015  5 27   147   13 13  0     50.21    0.6759E-01      64.7    317.7
2015  5 27   147   13 14  0     50.02    0.6145E-01      56.8    317.8
2015  5 27   147   13 15  0     49.83    0.6140E-01      55.3    318.0
2015  5 27   147   13 16  0     49.64    0.6115E-01      54.8    318.1
2015  5 27   147   13 17  0     49.45    0.5965E-01      52.3    318.3
2015  5 27   147   13 18  0     49.26    0.5901E-01      50.4    318.1
2015  5 27   147   13 19  0     49.08    0.6380E-01      54.3    318.7
2015  5 27   147   13 20  0     48.89    0.7140E-01      60.7    319.1
2015  5 27   147   13 21  0     48.70    0.7839E-01      66.2    319.1
2015  5 27   147   13 22  0     48.51    0.8153E-01      66.9    319.0
2015  5 27   147   13 23  0     48.32    0.8663E-01      70.3    319.0
2015  5 27   147   13 24  0     48.13    0.9461E-01      79.4    319.1
2015  5 27   147   13 25  0     47.95    0.9622E-01      81.7    319.2
2015  5 27   147   13 26  0     47.76    0.9022E-01      73.6    319.4
2015  5 27   147   13 27  0     47.57    0.9259E-01      73.7    319.6
2015  5 27   147   13 28  0     47.38    0.1011E+00      80.5    320.0
2015  5 27   147   13 29  0     47.20    0.1098E+00      86.3    319.9
2015  5 27   147   13 30  0     47.01    0.1171E+00      88.1    319.5
2015  5 27   147   13 31  0     46.82    0.1301E+00      96.2    318.9
2015  5 27   147   13 32  0     46.63    0.1337E+00      95.2    318.6
2015  5 27   147   13 33  0     46.45    0.1526E+00     118.0    319.6
2015  5 27   147   13 34  0     46.26    0.1449E+00     108.3    319.4
2015  5 27   147   13 35  0     46.07    0.1624E+00     131.1    320.1
2015  5 27   147   13 36  0     45.89    0.1655E+00     132.6    319.6
2015  5 27   147   13 37  0     45.70    0.1378E+00      98.8    319.5
2015  5 27   147   13 38  0     45.51    0.1412E+00     102.1    319.3
2015  5 27   147   13 39  0     45.33    0.1348E+00      93.8    318.6
2015  5 27   147   13 40  0     45.14    0.1358E+00      95.9    318.9
2015  5 27   147   13 41  0     44.95    0.1392E+00     101.1    319.1
2015  5 27   147   13 42  0     44.77    0.1266E+00      87.5    319.5
2015  5 27   147   13 43  0     44.58    0.1319E+00      90.2    319.6
2015  5 27   147   13 44  0     44.40    0.1381E+00      93.8    319.3
2015  5 27   147   13 45  0     44.21    0.1333E+00      88.7    319.2
2015  5 27   147   13 46  0     44.02    0.1276E+00      83.4    319.0
2015  5 27   147   13 47  0     43.84    0.1260E+00      81.1    319.2
2015  5 27   147   13 48  0     43.65    0.1262E+00      80.9    319.1
2015  5 27   147   13 49  0     43.47    0.1195E+00      75.0    318.8
2015  5 27   147   13 50  0     43.28    0.1170E+00      72.7    318.8
2015  5 27   147   13 51  0     43.10    0.1164E+00      69.6    319.2
2015  5 27   147   13 52  0     42.91    0.1321E+00      77.9    318.8
2015  5 27   147   13 53  0     42.73    0.1442E+00      86.1    318.8
2015  5 27   147   13 54  0     42.54    0.1365E+00      77.6    319.1
2015  5 27   147   13 55  0     42.36    0.1455E+00      83.2    319.1
2015  5 27   147   13 56  0     42.17    0.1568E+00      91.9    319.3
2015  5 27   147   13 57  0     41.99    0.1570E+00      90.3    319.2
2015  5 27   147   13 58  0     41.81    0.1550E+00      87.7    319.5
2015  5 27   147   13 59  0     41.62    0.1506E+00      84.5    319.5
2015  5 27   147   14  0  0     41.44    0.1344E+00      70.1    319.4
2015  5 27   147   14  1  0     41.26    0.1382E+00      70.2    319.0
2015  5 27   147   14  2  0     41.07    0.1525E+00      78.2    318.4
2015  5 27   147   14  3  0     40.89    0.1783E+00      96.6    318.3
2015  5 27   147   14  4  0     40.71    0.1672E+00      85.8    319.1
2015  5 27   147   14  5  0     40.53    0.1920E+00     105.5    319.0
2015  5 27   147   14  6  0     40.34    0.1732E+00      87.7    317.9
2015  5 27   147   14  7  0     40.16    0.1706E+00      86.0    318.3
2015  5 27   147   14  8  0     39.98    0.1765E+00      92.5    318.5
2015  5 27   147   14  9  0     39.80    0.1529E+00      78.6    319.7
2015  5 27   147   14 10  0     39.62    0.1398E+00      69.1    320.2
2015  5 27   147   14 11  0     39.43    0.1470E+00      71.6    319.7
2015  5 27   147   14 12  0     39.25    0.1586E+00      78.4    319.6
2015  5 27   147   14 13  0     39.07    0.1581E+00      77.3    319.8
2015  5 27   147   14 14  0     38.89    0.1743E+00      88.6    320.0
2015  5 27   147   14 15  0     38.71    0.1722E+00      84.0    318.8
2015  5 27   147   14 16  0     38.53    0.1608E+00      74.3    319.0
2015  5 27   147   14 17  0     38.35    0.1902E+00      96.5    319.5
2015  5 27   147   14 18  0     38.17    0.1759E+00      83.6    318.9
2015  5 27   147   14 19  0     37.99    0.2200E+00     115.6    319.5
2015  5 27   147   14 20  0     37.81    0.2134E+00     109.8    318.1
2015  5 27   147   14 21  0     37.63    0.1570E+00      71.1    319.8
2015  5 27   147   14 22  0     37.46    0.1734E+00      80.9    320.5
2015  5 27   147   14 23  0     37.28    0.2129E+00     103.7    319.8
2015  5 27   147   14 24  0     37.10    0.2621E+00     134.5    318.0
2015  5 27   147   14 25  0     36.92    0.2234E+00     108.5    318.8
2015  5 27   147   14 26  0     36.74    0.1859E+00      86.2    319.1
2015  5 27   147   14 27  0     36.57    0.1732E+00      80.3    320.6
2015  5 27   147   14 28  0     36.39    0.2174E+00     108.5    319.4
2015  5 27   147   14 29  0     36.21    0.1734E+00      77.6    319.7
2015  5 27   147   14 30  0     36.04    0.1690E+00      75.6    320.3
2015  5 27   147   14 31  0     35.86    0.1854E+00      87.6    319.7
2015  5 27   147   14 32  0     35.69    0.1447E+00      61.0    321.0
2015  5 27   147   14 33  0     35.51    0.2067E+00      96.9    320.2
2015  5 27   147   14 34  0     35.34    0.1721E+00      73.6    319.7
2015  5 27   147   14 35  0     35.16    0.1587E+00      65.4    320.4
2015  5 27   147   14 36  0     34.99    0.1671E+00      67.9    320.1
2015  5 27   147   14 37  0     34.81    0.1668E+00      67.6    320.6
2015  5 27   147   14 38  0     34.64    0.1706E+00      69.2    320.3
2015  5 27   147   14 39  0     34.47    0.1626E+00      66.4    319.8
2015  5 27   147   14 40  0     34.29    0.1376E+00      55.6    320.7
2015  5 27   147   14 41  0     34.12    0.1443E+00      58.2    321.4
2015  5 27   147   14 42  0     33.95    0.1627E+00      65.5    320.7
2015  5 27   147   14 43  0     33.78    0.1705E+00      68.5    320.9
2015  5 27   147   14 44  0     33.60    0.1873E+00      76.0    320.2
2015  5 27   147   14 45  0     33.43    0.1721E+00      69.0    320.7
2015  5 27   147   14 46  0     33.26    0.1884E+00      79.6    320.8
2015  5 27   147   14 47  0     33.09    0.1720E+00      68.7    320.7
2015  5 27   147   14 48  0     32.92    0.1612E+00      63.0    320.4
2015  5 27   147   14 49  0     32.75    0.1521E+00      60.4    321.6
2015  5 27   147   14 50  0     32.59    0.1478E+00      58.0    321.1
2015  5 27   147   14 51  0     32.42    0.1427E+00      54.8    321.8
2015  5 27   147   14 52  0     32.25    0.1482E+00      56.5    321.7
2015  5 27   147   14 53  0     32.08    0.1578E+00      59.4    322.0
2015  5 27   147   14 54  0     31.91    0.1778E+00      66.4    321.4
2015  5 27   147   14 55  0     31.75    0.1844E+00      68.4    320.7
2015  5 27   147   14 56  0     31.58    0.1611E+00      59.5    321.7
2015  5 27   147   14 57  0     31.42    0.1536E+00      57.3    322.5
2015  5 27   147   14 58  0     31.25    0.1651E+00      61.8    322.5
2015  5 27   147   14 59  0     31.09    0.1718E+00      63.7    322.4
2015  5 27   147   15  0  0     30.92    0.1718E+00      62.2    322.9
2015  5 27   147   15  1  0     30.76    0.1868E+00      66.8    322.4
2015  5 27   147   15  2  0     30.60    0.1938E+00      68.2    322.5
2015  5 27   147   15  3  0     30.44    0.2089E+00      73.6    321.7
2015  5 27   147   15  4  0     30.27    0.2001E+00      70.0    321.6
2015  5 27   147   15  5  0     30.11    0.1862E+00      65.3    321.8
2015  5 27   147   15  6  0     29.95    0.1702E+00      59.8    321.9
2015  5 27   147   15  7  0     29.79    0.1591E+00      55.7    322.2
2015  5 27   147   15  8  0     29.63    0.1609E+00      55.9    323.0
2015  5 27   147   15  9  0     29.47    0.1797E+00      61.8    322.8
2015  5 27   147   15 10  0     29.32    0.2038E+00      70.3    322.5
2015  5 27   147   15 11  0     29.16    0.2193E+00      75.9    322.1
2015  5 27   147   15 12  0     29.00    0.2192E+00      75.1    321.8
2015  5 27   147   15 13  0     28.85    0.2236E+00      76.9    322.1
2015  5 27   147   15 14  0     28.69    0.2336E+00      80.8    321.8
2015  5 27   147   15 15  0     28.54    0.2445E+00      84.9    321.8
2015  5 27   147   15 16  0     28.38    0.2426E+00      82.0    321.3
2015  5 27   147   15 17  0     28.23    0.2191E+00      71.6    321.5
2015  5 27   147   15 18  0     28.08    0.1892E+00      61.5    322.1
2015  5 27   147   15 19  0     27.92    0.1687E+00      54.8    323.1
2015  5 27   147   15 20  0     27.77    0.1680E+00      54.6    323.7
2015  5 27   147   15 21  0     27.62    0.1799E+00      58.8    323.8
2015  5 27   147   15 22  0     27.47    0.1917E+00      62.2    323.7
2015  5 27   147   15 23  0     27.32    0.1929E+00      61.8    323.8
2015  5 27   147   15 24  0     27.18    0.2179E+00      72.5    323.4
2015  5 27   147   15 25  0     27.03    0.2051E+00      64.3    323.2
2015  5 27   147   15 26  0     26.88    0.2090E+00      64.2    322.9
2015  5 27   147   15 27  0     26.74    0.2209E+00      69.4    323.2
2015  5 27   147   15 28  0     26.59    0.2585E+00      85.4    322.5
2015  5 27   147   15 29  0     26.45    0.2470E+00      79.0    321.8
2015  5 27   147   15 30  0     26.31    0.2367E+00      75.6    322.9
2015  5 27   147   15 31  0     26.16    0.2658E+00      87.6    321.7
2015  5 27   147   15 32  0     26.02    0.2359E+00      75.1    321.5
2015  5 27   147   15 33  0     25.88    0.1923E+00      59.3    323.3
2015  5 27   147   15 34  0     25.74    0.1946E+00      60.3    323.6
2015  5 27   147   15 35  0     25.61    0.2086E+00      65.4    323.1
2015  5 27   147   15 36  0     25.47    0.1860E+00      57.4    323.0
2015  5 27   147   15 37  0     25.33    0.1733E+00      54.0    324.5
2015  5 27   147   15 38  0     25.20    0.1937E+00      61.1    324.4
2015  5 27   147   15 39  0     25.06    0.2104E+00      66.2    323.1
2015  5 27   147   15 40  0     24.93    0.1931E+00      59.8    323.5
2015  5 27   147   15 41  0     24.80    0.1781E+00      54.7    324.5
2015  5 27   147   15 42  0     24.67    0.1765E+00      54.0    325.0
2015  5 27   147   15 43  0     24.54    0.1791E+00      54.7    325.0
2015  5 27   147   15 44  0     24.41    0.1788E+00      54.6    324.8
2015  5 27   147   15 45  0     24.28    0.1757E+00      53.6    324.9
2015  5 27   147   15 46  0     24.15    0.1881E+00      57.9    325.2
2015  5 27   147   15 47  0     24.03    0.2144E+00      65.6    324.5
2015  5 27   147   15 48  0     23.91    0.2408E+00      73.2    323.8
2015  5 27   147   15 49  0     23.78    0.2415E+00      72.3    323.1
2015  5 27   147   15 50  0     23.66    0.2068E+00      60.8    324.4
2015  5 27   147   15 51  0     23.54    0.1936E+00      57.2    324.8
2015  5 27   147   15 52  0     23.42    0.1899E+00      56.0    324.7
2015  5 27   147   15 53  0     23.30    0.1959E+00      58.0    324.8
2015  5 27   147   15 54  0     23.19    0.2353E+00      71.8    324.1
2015  5 27   147   15 55  0     23.07    0.2482E+00      74.7    322.6
2015  5 27   147   15 56  0     22.96    0.2103E+00      60.9    323.6
2015  5 27   147   15 57  0     22.85    0.1957E+00      57.1    324.5
2015  5 27   147   15 58  0     22.74    0.1960E+00      57.3    324.7
2015  5 27   147   15 59  0     22.63    0.2128E+00      62.6    324.5
2015  5 27   147   16  0  0     22.52    0.2233E+00      65.4    324.2
2015  5 27   147   16  1  0     22.41    0.2226E+00      65.0    324.6
2015  5 27   147   16  2  0     22.31    0.2324E+00      68.4    324.5
2015  5 27   147   16  3  0     22.20    0.2556E+00      76.1    323.9
2015  5 27   147   16  4  0     22.10    0.2650E+00      78.5    323.7
2015  5 27   147   16  5  0     22.00    0.2803E+00      83.1    323.4
2015  5 27   147   16  6  0     21.90    0.2967E+00      88.2    323.0
2015  5 27   147   16  7  0     21.81    0.2914E+00      84.9    323.6
2015  5 27   147   16  8  0     21.71    0.3532E+00     106.8    322.8
2015  5 27   147   16  9  0     21.62    0.4304E+00     135.5    321.4
2015  5 27   147   16 10  0     21.52    0.4213E+00     129.9    321.2
2015  5 27   147   16 11  0     21.43    0.4502E+00     141.3    321.6
2015  5 27   147   16 12  0     21.35    0.4265E+00     129.1    321.7
2015  5 27   147   16 13  0     21.26    0.4626E+00     142.3    320.5
2015  5 27   147   16 14  0     21.17    0.4621E+00     141.2    320.4
2015  5 27   147   16 15  0     21.09    0.4532E+00     137.4    320.4
2015  5 27   147   16 16  0     21.01    0.4454E+00     134.4    320.4
2015  5 27   147   16 17  0     20.93    0.4254E+00     127.2    320.8
2015  5 27   147   16 18  0     20.85    0.4192E+00     123.6    319.7
2015  5 27   147   16 19  0     20.77    0.3532E+00      98.2    320.9
2015  5 27   147   16 20  0     20.70    0.3420E+00      94.7    321.2
2015  5 27   147   16 21  0     20.63    0.3383E+00      95.0    322.2
2015  5 27   147   16 22  0     20.56    0.3299E+00      91.7    321.8
2015  5 27   147   16 23  0     20.49    0.4083E+00     121.8    320.1
2015  5 27   147   16 24  0     20.42    0.2969E+00      77.8    321.2
2015  5 27   147   16 25  0     20.36    0.3718E+00     107.7    321.2
2015  5 27   147   16 26  0     20.29    0.3292E+00      88.9    320.2
2015  5 27   147   16 27  0     20.23    0.3424E+00      94.5    321.4
2015  5 27   147   16 28  0     20.17    0.4351E+00     131.1    321.1
2015  5 27   147   16 29  0     20.12    0.4548E+00     135.3    319.4
2015  5 27   147   16 30  0     20.06    0.4586E+00     136.1    319.3
2015  5 27   147   16 31  0     20.01    0.4473E+00     131.0    319.5
2015  5 27   147   16 32  0     19.96    0.4499E+00     132.1    319.6
2015  5 27   147   16 33  0     19.91    0.4170E+00     118.4    319.8
2015  5 27   147   16 34  0     19.87    0.4339E+00     125.2    319.6
2015  5 27   147   16 35  0     19.82    0.4410E+00     128.3    319.6
2015  5 27   147   16 36  0     19.78    0.4505E+00     132.5    319.7
2015  5 27   147   16 37  0     19.74    0.4452E+00     130.0    319.8
2015  5 27   147   16 38  0     19.71    0.4491E+00     131.1    319.6
2015  5 27   147   16 39  0     19.67    0.4477E+00     130.6    319.7
2015  5 27   147   16 40  0     19.64    0.4480E+00     129.8    319.3
2015  5 27   147   16 41  0     19.61    0.4482E+00     129.3    319.2
2015  5 27   147   16 42  0     19.58    0.4272E+00     121.4    319.9
2015  5 27   147   16 43  0     19.55    0.4553E+00     132.4    319.7
2015  5 27   147   16 44  0     19.53    0.4554E+00     131.8    319.4
2015  5 27   147   16 45  0     19.51    0.4576E+00     132.7    319.4
2015  5 27   147   16 46  0     19.49    0.4543E+00     131.4    319.4
2015  5 27   147   16 47  0     19.47    0.4564E+00     132.0    319.4
2015  5 27   147   16 48  0     19.46    0.4556E+00     131.9    319.5
2015  5 27   147   16 49  0     19.44    0.4539E+00     131.0    319.3
2015  5 27   147   16 50  0     19.43    0.4543E+00     130.9    319.0
2015  5 27   147   16 51  0     19.43    0.4578E+00     131.9    318.8
2015  5 27   147   16 52  0     19.42    0.4555E+00     131.1    318.9
2015  5 27   147   16 53  0     19.42    0.4550E+00     131.2    319.3
2015  5 27   147   16 54  0     19.42    0.4541E+00     131.0    319.3
2015  5 27   147   16 55  0     19.42    0.4499E+00     129.4    319.3
2015  5 27   147   16 56  0     19.42    0.4508E+00     130.0    319.4
2015  5 27   147   16 57  0     19.43    0.4536E+00     131.1    319.4
2015  5 27   147   16 58  0     19.44    0.4519E+00     130.5    319.3
2015  5 27   147   16 59  0     19.45    0.4470E+00     128.4    319.3
2015  5 27   147   17  0  0     19.46    0.4499E+00     129.9    319.4
2015  5 27   147   17  1  0     19.48    0.4492E+00     129.7    319.5
2015  5 27   147   17  2  0     19.49    0.4504E+00     130.2    319.5
2015  5 27   147   17  3  0     19.51    0.4500E+00     130.2    319.5
2015  5 27   147   17  4  0     19.54    0.4499E+00     130.2    319.4
2015  5 27   147   17  5  0     19.56    0.4478E+00     129.5    319.3
2015  5 27   147   17  6  0     19.59    0.4465E+00     129.4    319.5
2015  5 27   147   17  7  0     19.62    0.4448E+00     129.1    319.7
2015  5 27   147   17  8  0     19.65    0.4442E+00     129.5    319.8
2015  5 27   147   17  9  0     19.68    0.4425E+00     129.0    319.7
2015  5 27   147   17 10  0     19.72    0.4434E+00     129.2    319.4
2015  5 27   147   17 11  0     19.76    0.4413E+00     128.0    319.2
2015  5 27   147   17 12  0     19.80    0.4434E+00     129.1    319.2
2015  5 27   147   17 13  0     19.84    0.4447E+00     129.9    319.3
2015  5 27   147   17 14  0     19.88    0.4450E+00     129.9    319.2
2015  5 27   147   17 15  0     19.93    0.4461E+00     130.1    318.9
2015  5 27   147   17 16  0     19.98    0.4442E+00     129.4    318.6
2015  5 27   147   17 17  0     20.03    0.4425E+00     129.0    318.4
2015  5 27   147   17 18  0     20.08    0.4428E+00     129.5    318.6
2015  5 27   147   17 19  0     20.14    0.4441E+00     130.3    318.5
2015  5 27   147   17 20  0     20.19    0.4396E+00     128.8    318.4
2015  5 27   147   17 21  0     20.25    0.4308E+00     125.4    318.5
2015  5 27   147   17 22  0     20.32    0.4341E+00     127.3    318.6
2015  5 27   147   17 23  0     20.38    0.3960E+00     111.7    318.8
2015  5 27   147   17 24  0     20.44    0.4079E+00     117.2    318.9
2015  5 27   147   17 25  0     20.51    0.4398E+00     130.3    318.4
2015  5 27   147   17 26  0     20.58    0.4410E+00     130.6    318.0
2015  5 27   147   17 27  0     20.65    0.4337E+00     127.5    318.0
2015  5 27   147   17 28  0     20.73    0.4391E+00     130.7    318.6
2015  5 27   147   17 29  0     20.80    0.4309E+00     126.9    318.1
2015  5 27   147   17 30  0     20.88    0.4369E+00     129.7    317.9
2015  5 27   147   17 31  0     20.96    0.4391E+00     130.7    317.6
2015  5 27   147   17 32  0     21.04    0.4367E+00     130.0    317.6
2015  5 27   147   17 33  0     21.12    0.4317E+00     128.5    317.9
2015  5 27   147   17 34  0     21.20    0.4292E+00     128.0    318.1
2015  5 27   147   17 35  0     21.29    0.4348E+00     130.6    317.9
2015  5 27   147   17 36  0     21.38    0.4390E+00     132.2    317.7
2015  5 27   147   17 37  0     21.47    0.4353E+00     130.8    317.6
2015  5 27   147   17 38  0     21.56    0.4344E+00     130.8    317.8
2015  5 27   147   17 39  0     21.65    0.4329E+00     130.5    317.7
2015  5 27   147   17 40  0     21.74    0.4306E+00     130.0    317.7
2015  5 27   147   17 41  0     21.84    0.4340E+00     131.8    317.8
2015  5 27   147   17 42  0     21.94    0.4325E+00     131.5    317.7
2015  5 27   147   17 43  0     22.04    0.4297E+00     130.6    317.7
2015  5 27   147   17 44  0     22.14    0.4305E+00     131.3    317.5
2015  5 27   147   17 45  0     22.24    0.4250E+00     129.4    317.4
2015  5 27   147   17 46  0     22.34    0.4239E+00     129.4    317.4
2015  5 27   147   17 47  0     22.45    0.4229E+00     129.4    317.3
2015  5 27   147   17 48  0     22.56    0.4217E+00     129.2    317.2
2015  5 27   147   17 49  0     22.67    0.4203E+00     128.8    316.9
2015  5 27   147   17 50  0     22.78    0.4183E+00     128.6    316.9
2015  5 27   147   17 51  0     22.89    0.4161E+00     128.6    317.1
2015  5 27   147   17 52  0     23.00    0.4121E+00     127.7    317.3
2015  5 27   147   17 53  0     23.11    0.4075E+00     126.7    317.4
2015  5 27   147   17 54  0     23.23    0.4033E+00     125.7    317.5
2015  5 27   147   17 55  0     23.35    0.4060E+00     127.2    317.4
2015  5 27   147   17 56  0     23.46    0.4107E+00     129.7    317.3
2015  5 27   147   17 57  0     23.58    0.4114E+00     130.0    317.1
2015  5 27   147   17 58  0     23.70    0.4122E+00     130.4    317.0
2015  5 27   147   17 59  0     23.83    0.4090E+00     129.0    316.8
2015  5 27   147   18  0  0     23.95    0.4066E+00     128.3    316.6
2015  5 27   147   18  1  0     24.07    0.4109E+00     130.3    316.4
2015  5 27   147   18  2  0     24.20    0.4064E+00     128.7    316.1
2015  5 27   147   18  3  0     24.33    0.4072E+00     129.7    316.2
2015  5 27   147   18  4  0     24.45    0.4067E+00     130.0    316.0
2015  5 27   147   18  5  0     24.58    0.4056E+00     130.1    316.0
2015  5 27   147   18  6  0     24.71    0.4037E+00     130.1    316.0
2015  5 27   147   18  7  0     24.84    0.4012E+00     129.7    316.0
2015  5 27   147   18  8  0     24.98    0.3434E+00     103.9    316.3
2015  5 27   147   18  9  0     25.11    0.3996E+00     131.4    316.9
2015  5 27   147   18 10  0     25.24    0.4007E+00     131.9    316.6
2015  5 27   147   18 11  0     25.38    0.4000E+00     132.0    316.2
2015  5 27   147   18 12  0     25.52    0.3895E+00     128.6    316.3
2015  5 27   147   18 13  0     25.65    0.3722E+00     121.7    316.6
2015  5 27   147   18 14  0     25.79    0.3949E+00     132.3    316.6
2015  5 27   147   18 15  0     25.93    0.3960E+00     132.6    316.0
2015  5 27   147   18 16  0     26.07    0.3918E+00     131.3    315.9
2015  5 27   147   18 17  0     26.21    0.3866E+00     130.0    316.0
2015  5 27   147   18 18  0     26.36    0.3427E+00     108.9    315.2
2015  5 27   147   18 19  0     26.50    0.2438E+00      64.2    315.6
2015  5 27   147   18 20  0     26.64    0.3149E+00     101.4    318.7
2015  5 27   147   18 21  0     26.79    0.3754E+00     128.7    316.5
2015  5 27   147   18 22  0     26.93    0.3218E+00     101.9    315.8
2015  5 27   147   18 23  0     27.08    0.3620E+00     123.4    316.5
2015  5 27   147   18 24  0     27.23    0.3727E+00     129.2    316.5
2015  5 27   147   18 25  0     27.38    0.3784E+00     132.3    316.3
2015  5 27   147   18 26  0     27.52    0.3737E+00     130.4    315.9
2015  5 27   147   18 27  0     27.67    0.3707E+00     129.9    316.0
2015  5 27   147   18 28  0     27.83    0.3762E+00     132.9    316.0
2015  5 27   147   18 29  0     27.98    0.3706E+00     130.8    316.0
2015  5 27   147   18 30  0     28.13    0.3667E+00     129.5    315.9
2015  5 27   147   18 31  0     28.28    0.3651E+00     129.3    315.7
2015  5 27   147   18 32  0     28.44    0.3606E+00     127.9    315.6
2015  5 27   147   18 33  0     28.59    0.3571E+00     127.2    315.8
2015  5 27   147   18 34  0     28.74    0.3582E+00     128.4    315.7
2015  5 27   147   18 35  0     28.90    0.3586E+00     129.2    315.5
2015  5 27   147   18 36  0     29.06    0.3588E+00     130.1    315.4
2015  5 27   147   18 37  0     29.21    0.3563E+00     129.8    315.4
2015  5 27   147   18 38  0     29.37    0.3537E+00     129.4    315.4
2015  5 27   147   18 39  0     29.53    0.3517E+00     129.3    315.4
2015  5 27   147   18 40  0     29.69    0.3503E+00     129.5    315.3
2015  5 27   147   18 41  0     29.85    0.3484E+00     129.4    315.3
2015  5 27   147   18 42  0     30.01    0.3475E+00     129.7    315.4
2015  5 27   147   18 43  0     30.17    0.3440E+00     129.1    315.6
2015  5 27   147   18 44  0     30.33    0.3436E+00     129.9    315.8
2015  5 27   147   18 45  0     30.49    0.3435E+00     130.6    315.5
2015  5 27   147   18 46  0     30.65    0.3402E+00     129.8    315.3
2015  5 27   147   18 47  0     30.82    0.3374E+00     129.5    315.3
2015  5 27   147   18 48  0     30.98    0.3350E+00     129.3    315.5
2015  5 27   147   18 49  0     31.14    0.3331E+00     129.3    315.7
2015  5 27   147   18 50  0     31.31    0.3302E+00     128.8    315.8
2015  5 27   147   18 51  0     31.47    0.3268E+00     128.0    315.7
2015  5 27   147   18 52  0     31.64    0.3251E+00     128.0    315.6
2015  5 27   147   18 53  0     31.81    0.3238E+00     128.3    315.5
2015  5 27   147   18 54  0     31.97    0.3207E+00     127.8    315.7
2015  5 27   147   18 55  0     32.14    0.3181E+00     127.6    315.8
2015  5 27   147   18 56  0     32.31    0.3161E+00     127.3    315.7
2015  5 27   147   18 57  0     32.47    0.3140E+00     127.3    315.7
2015  5 27   147   18 58  0     32.64    0.3145E+00     128.6    315.7
2015  5 27   147   18 59  0     32.81    0.3128E+00     128.5    315.6
2015  5 27   147   19  0  0     32.98    0.3121E+00     129.1    315.5
2015  5 27   147   19  1  0     33.15    0.3086E+00     128.3    315.4
2015  5 27   147   19  2  0     33.32    0.3042E+00     127.0    315.6
2015  5 27   147   19  3  0     33.49    0.3047E+00     128.7    315.7
2015  5 27   147   19  4  0     33.66    0.3030E+00     128.8    315.5
2015  5 27   147   19  5  0     33.83    0.3007E+00     128.0    315.2
2015  5 27   147   19  6  0     34.01    0.2996E+00     128.7    315.3
2015  5 27   147   19  7  0     34.18    0.2972E+00     128.6    315.4
2015  5 27   147   19  8  0     34.35    0.2928E+00     127.4    315.5
2015  5 27   147   19  9  0     34.52    0.2901E+00     127.0    315.4
2015  5 27   147   19 10  0     34.70    0.2877E+00     126.7    315.4
2015  5 27   147   19 11  0     34.87    0.2882E+00     128.3    315.4
2015  5 27   147   19 12  0     35.04    0.2860E+00     128.1    315.4
2015  5 27   147   19 13  0     35.22    0.2806E+00     125.9    315.2
2015  5 27   147   19 14  0     35.39    0.2796E+00     126.8    315.5
2015  5 27   147   19 15  0     35.57    0.2802E+00     128.5    315.7
2015  5 27   147   19 16  0     35.74    0.2788E+00     128.6    315.5
2015  5 27   147   19 17  0     35.92    0.2747E+00     127.2    315.4
2015  5 27   147   19 18  0     36.10    0.2716E+00     126.3    315.4
2015  5 27   147   19 19  0     36.27    0.2697E+00     126.6    315.5
2015  5 27   147   19 20  0     36.45    0.2679E+00     126.9    315.6
2015  5 27   147   19 21  0     36.63    0.2650E+00     126.6    315.9
2015  5 27   147   19 22  0     36.80    0.2615E+00     125.5    315.8
2015  5 27   147   19 23  0     36.98    0.2597E+00     125.9    316.3
2015  5 27   147   19 24  0     37.16    0.2607E+00     127.8    316.0
2015  5 27   147   19 25  0     37.34    0.2590E+00     128.1    316.0
2015  5 27   147   19 26  0     37.51    0.2560E+00     127.5    315.9
2015  5 27   147   19 27  0     37.69    0.2544E+00     127.8    316.0
2015  5 27   147   19 28  0     37.87    0.2534E+00     128.3    315.9
2015  5 27   147   19 29  0     38.05    0.2501E+00     127.5    315.8
2015  5 27   147   19 30  0     38.23    0.2473E+00     127.1    315.9
2015  5 27   147   19 31  0     38.41    0.2440E+00     126.3    315.9
2015  5 27   147   19 32  0     38.59    0.2438E+00     127.8    316.1
2015  5 27   147   19 33  0     38.77    0.2432E+00     128.6    315.9
2015  5 27   147   19 34  0     38.95    0.2407E+00     128.0    316.1
2015  5 27   147   19 35  0     39.13    0.2380E+00     127.4    315.5
2015  5 27   147   19 36  0     39.31    0.2364E+00     127.9    315.4
2015  5 27   147   19 37  0     39.49    0.2332E+00     127.3    315.6
2015  5 27   147   19 38  0     39.68    0.2288E+00     125.6    315.6
2015  5 27   147   19 39  0     39.86    0.2251E+00     124.2    315.4
2015  5 27   147   19 40  0     40.04    0.2241E+00     125.3    315.5
2015  5 27   147   19 41  0     40.22    0.2200E+00     123.5    315.5
2015  5 27   147   19 42  0     40.40    0.2202E+00     125.5    315.6
2015  5 27   147   19 43  0     40.58    0.2177E+00     124.8    315.5
2015  5 27   147   19 44  0     40.77    0.2153E+00     124.0    315.1
2015  5 27   147   19 45  0     40.95    0.2139E+00     124.3    315.1
2015  5 27   147   19 46  0     41.13    0.2129E+00     125.1    315.1
2015  5 27   147   19 47  0     41.32    0.2126E+00     126.5    315.3
2015  5 27   147   19 48  0     41.50    0.2108E+00     126.4    315.1
2015  5 27   147   19 49  0     41.68    0.2091E+00     126.6    314.9
2015  5 27   147   19 50  0     41.87    0.2049E+00     124.7    314.8
2015  5 27   147   19 51  0     42.05    0.2022E+00     124.5    315.0
2015  5 27   147   19 52  0     42.23    0.2005E+00     125.6    315.3
2015  5 27   147   19 53  0     42.42    0.1991E+00     126.5    315.2
2015  5 27   147   19 54  0     42.60    0.1988E+00     128.2    315.2
2015  5 27   147   19 55  0     42.79    0.1982E+00     128.3    314.9
2015  5 27   147   19 56  0     42.97    0.1970E+00     128.4    314.8
2015  5 27   147   19 57  0     43.16    0.1934E+00     126.5    314.8
2015  5 27   147   19 58  0     43.34    0.1895E+00     124.6    314.7
2015  5 27   147   19 59  0     43.53    0.1875E+00     124.4    314.6
2015  5 27   147   20  0  0     43.71    0.1860E+00     124.9    314.7
2015  5 27   147   20  1  0     43.90    0.1830E+00     123.9    314.6
2015  5 27   147   20  2  0     44.08    0.1815E+00     124.3    314.6
2015  5 27   147   20  3  0     44.27    0.1812E+00     125.9    314.6
2015  5 27   147   20  4  0     44.45    0.1784E+00     124.8    314.4
2015  5 27   147   20  5  0     44.64    0.1751E+00     123.3    314.3
2015  5 27   147   20  6  0     44.83    0.1737E+00     124.0    314.3
2015  5 27   147   20  7  0     45.01    0.1715E+00     123.7    314.2
2015  5 27   147   20  8  0     45.20    0.1691E+00     123.3    314.1
2015  5 27   147   20  9  0     45.38    0.1674E+00     124.2    314.2
2015  5 27   147   20 10  0     45.57    0.1643E+00     122.2    314.0
2015  5 27   147   20 11  0     45.76    0.1605E+00     120.5    314.5
2015  5 27   147   20 12  0     45.94    0.1627E+00     125.3    314.4
2015  5 27   147   20 13  0     46.13    0.1617E+00     125.6    314.1
2015  5 27   147   20 14  0     46.32    0.1591E+00     124.4    313.8
2015  5 27   147   20 15  0     46.51    0.1580E+00     125.8    314.0
2015  5 27   147   20 16  0     46.69    0.1555E+00     125.1    314.0
2015  5 27   147   20 17  0     46.88    0.1500E+00     119.6    313.5
2015  5 27   147   20 18  0     47.07    0.1505E+00     122.8    313.5
2015  5 27   147   20 19  0     47.25    0.1478E+00     121.0    313.3
2015  5 27   147   20 20  0     47.44    0.1462E+00     121.2    313.3
2015  5 27   147   20 21  0     47.63    0.1446E+00     121.2    313.1
2015  5 27   147   20 22  0     47.82    0.1429E+00     121.2    313.0
2015  5 27   147   20 23  0     48.00    0.1414E+00     121.4    312.8
2015  5 27   147   20 24  0     48.19    0.1393E+00     121.0    312.8
2015  5 27   147   20 25  0     48.38    0.1375E+00     121.0    312.8
2015  5 27   147   20 26  0     48.57    0.1360E+00     121.1    312.6
2015  5 27   147   20 27  0     48.76    0.1343E+00     121.3    312.5
2015  5 27   147   20 28  0     48.94    0.1335E+00     122.6    312.5
2015  5 27   147   20 29  0     49.13    0.1313E+00     121.5    312.3
2015  5 27   147   20 30  0     49.32    0.1279E+00     118.9    312.3
2015  5 27   147   20 31  0     49.51    0.1274E+00     120.9    312.4
2015  5 27   147   20 32  0     49.70    0.1251E+00     119.9    312.2
2015  5 27   147   20 33  0     49.89    0.1227E+00     118.4    312.0
2015  5 27   147   20 34  0     50.07    0.1223E+00     120.5    312.1
2015  5 27   147   20 35  0     50.26    0.1207E+00     120.6    312.0
2015  5 27   147   20 36  0     50.45    0.1166E+00     115.8    311.6
2015  5 27   147   20 37  0     50.64    0.1166E+00     119.4    311.9
2015  5 27   147   20 38  0     50.83    0.1145E+00     118.7    311.8
2015  5 27   147   20 39  0     51.02    0.1142E+00     121.1    311.9
2015  5 27   147   20 40  0     51.21    0.1123E+00     120.2    311.7
2015  5 27   147   20 41  0     51.39    0.1105E+00     119.7    311.5
2015  5 27   147   20 42  0     51.58    0.1073E+00     116.4    311.2
2015  5 27   147   20 43  0     51.77    0.1050E+00     114.4    311.1
2015  5 27   147   20 44  0     51.96    0.9461E-01      93.3    308.6
2015  5 27   147   20 45  0     52.15    0.7951E-01      66.5    306.8
2015  5 27   147   20 46  0     52.34    0.9818E-01     111.4    311.4
2015  5 27   147   20 47  0     52.53    0.1009E+00     118.4    311.4
2015  5 27   147   20 48  0     52.72    0.9881E-01     116.7    311.0
2015  5 27   147   20 49  0     52.91    0.9534E-01     112.6    310.4
2015  5 27   147   20 50  0     53.10    0.8863E-01     102.6    309.9
2015  5 27   147   20 51  0     53.29    0.8272E-01      92.4    309.6
2015  5 27   147   20 52  0     53.47    0.8498E-01      99.9    309.7
2015  5 27   147   20 53  0     53.66    0.8544E-01     103.7    309.8
2015  5 27   147   20 54  0     53.85    0.8125E-01      95.6    309.3
2015  5 27   147   20 55  0     54.04    0.8744E-01     113.8    310.5
2015  5 27   147   20 56  0     54.23    0.8691E-01     115.6    310.5
2015  5 27   147   20 57  0     54.42    0.8525E-01     114.4    310.2
2015  5 27   147   20 58  0     54.61    0.8244E-01     110.9    309.8
2015  5 27   147   20 59  0     54.80    0.8092E-01     110.3    309.6
2015  5 27   147   21  0  0     54.99    0.7965E-01     110.1    309.3
2015  5 27   147   21  1  0     55.18    0.7849E-01     110.4    309.2
2015  5 27   147   21  2  0     55.37    0.7276E-01      95.6    307.1
2015  5 27   147   21  3  0     55.56    0.6600E-01      82.0    306.6
2015  5 27   147   21  4  0     55.75    0.7392E-01     110.1    309.1
2015  5 27   147   21  5  0     55.93    0.7240E-01     109.5    308.9
2015  5 27   147   21  6  0     56.12    0.7079E-01     108.8    308.7
2015  5 27   147   21  7  0     56.31    0.6502E-01      92.7    306.8
2015  5 27   147   21  8  0     56.50    0.5889E-01      75.3    304.4
2015  5 27   147   21  9  0     56.69    0.5985E-01      86.7    306.8
2015  5 27   147   21 10  0     56.88    0.6044E-01      89.9    306.4
2015  5 27   147   21 11  0     57.07    0.5747E-01      83.5    305.8
2015  5 27   147   21 12  0     57.26    0.5155E-01      63.6    302.9
2015  5 27   147   21 13  0     57.45    0.5371E-01      76.5    305.3
2015  5 27   147   21 14  0     57.64    0.6245E-01     111.3    308.4
2015  5 27   147   21 15  0     57.83    0.6265E-01     112.5    308.1
2015  5 27   147   21 16  0     58.02    0.6185E-01     112.9    307.9
2015  5 27   147   21 17  0     58.21    0.6145E-01     115.0    308.0
2015  5 27   147   21 18  0     58.40    0.6066E-01     115.8    308.0
2015  5 27   147   21 19  0     58.59    0.5961E-01     115.2    307.7
2015  5 27   147   21 20  0     58.77    0.5914E-01     117.3    307.6
2015  5 27   147   21 21  0     58.96    0.5858E-01     118.7    307.4
2015  5 27   147   21 22  0     59.15    0.5763E-01     118.7    307.3
2015  5 27   147   21 23  0     59.34    0.5650E-01     118.3    307.1
2015  5 27   147   21 24  0     59.53    0.5552E-01     118.5    307.0
2015  5 27   147   21 25  0     59.72    0.5423E-01     116.6    306.6
2015  5 27   147   21 26  0     59.91    0.5335E-01     117.5    306.5
2015  5 27   147   21 27  0     60.10    0.5245E-01     117.7    306.3
2015  5 27   147   21 28  0     60.29    0.5124E-01     116.4    306.0
2015  5 27   147   21 29  0     60.48    0.4968E-01     113.6    305.6
2015  5 27   147   21 30  0     60.66    0.4859E-01     112.9    305.3
2015  5 27   147   21 31  0     60.85    0.4753E-01     112.2    305.0
2015  5 27   147   21 32  0     61.04    0.4676E-01     113.6    305.0
2015  5 27   147   21 33  0     61.23    0.4646E-01     117.3    305.1
2015  5 27   147   21 34  0     61.42    0.4541E-01     116.4    304.8
2015  5 27   147   21 35  0     61.61    0.4458E-01     116.7    304.6
2015  5 27   147   21 36  0     61.80    0.4372E-01     117.0    304.4
2015  5 27   147   21 37  0     61.99    0.4270E-01     116.0    304.0
2015  5 27   147   21 38  0     62.18    0.4183E-01     116.2    303.9
2015  5 27   147   21 39  0     62.36    0.4093E-01     115.7    303.6
2015  5 27   147   21 40  0     62.55    0.3990E-01     114.4    303.2
2015  5 27   147   21 41  0     62.74    0.3899E-01     113.7    302.6
2015  5 27   147   21 42  0     62.93    0.3801E-01     112.6    302.3
2015  5 27   147   21 43  0     63.12    0.3717E-01     112.5    302.0
2015  5 27   147   21 44  0     63.31    0.3638E-01     112.5    301.8
2015  5 27   147   21 45  0     63.49    0.3537E-01     110.7    301.3
2015  5 27   147   21 46  0     63.68    0.3472E-01     111.9    301.2
2015  5 27   147   21 47  0     63.87    0.3399E-01     112.4    300.9
2015  5 27   147   21 48  0     64.06    0.3307E-01     110.8    300.4
2015  5 27   147   21 49  0     64.25    0.3221E-01     109.8    300.0
2015  5 27   147   21 50  0     64.43    0.3153E-01     110.7    299.9
2015  5 27   147   21 51  0     64.62    0.3075E-01     110.0    299.5
2015  5 27   147   21 52  0     64.81    0.2993E-01     109.0    299.0
2015  5 27   147   21 53  0     65.00    0.2920E-01     108.2    298.5
2015  5 27   147   21 54  0     65.19    0.2817E-01     104.3    297.3
2015  5 27   147   21 55  0     65.37    0.2733E-01     102.7    297.2
2015  5 27   147   21 56  0     65.56    0.2643E-01     100.5    296.6
2015  5 27   147   21 57  0     65.75    0.2477E-01      86.1    294.2
2015  5 27   147   21 58  0     65.94    0.2282E-01      69.8    290.0
2015  5 27   147   21 59  0     66.12    0.2180E-01      66.0    289.0
2015  5 27   147   22  0  0     66.31    0.2092E-01      63.8    288.5
2015  5 27   147   22  1  0     66.50    0.2013E-01      62.3    287.8
2015  5 27   147   22  2  0     66.69    0.1932E-01      61.1    287.4
2015  5 27   147   22  3  0     66.87    0.1846E-01      59.8    286.8
2015  5 27   147   22  4  0     67.06    0.1765E-01      58.5    286.0
2015  5 27   147   22  5  0     67.25    0.1695E-01      57.0    284.9
2015  5 27   147   22  6  0     67.43    0.1624E-01      55.3    284.2
2015  5 27   147   22  7  0     67.62    0.1563E-01      53.7    282.7
2015  5 27   147   22  8  0     67.81    0.1506E-01      52.5    281.9
2015  5 27   147   22  9  0     67.99    0.1453E-01      51.3    280.6
2015  5 27   147   22 10  0     68.18    0.1401E-01      50.4    279.7
2015  5 27   147   22 11  0     68.37    0.1362E-01      51.6    279.4
2015  5 27   147   22 12  0     68.55    0.1334E-01      53.6    278.9
2015  5 27   147   22 13  0     68.74    0.1280E-01      49.3    277.4
2015  5 27   147   22 14  0     68.92    0.1240E-01      48.9    276.9
2015  5 27   147   22 15  0     69.11    0.1208E-01      49.0    275.0
2015  5 27   147   22 16  0     69.30    0.1178E-01      49.4    274.2
2015  5 27   147   22 17  0     69.48    0.1138E-01      48.8    273.7
2015  5 27   147   22 18  0     69.67    0.1093E-01      47.3    272.1
2015  5 27   147   22 19  0     69.85    0.1047E-01      45.8    270.4
2015  5 27   147   22 20  0     70.04    0.1001E-01      44.4    268.9
2015  5 27   147   22 21  0     70.23    0.9581E-02      43.4    267.4
2015  5 27   147   22 22  0     70.41    0.9157E-02      42.4    266.3
2015  5 27   147   22 23  0     70.60    0.8755E-02      41.6    264.9
2015  5 27   147   22 24  0     70.78    0.8354E-02      40.7    263.4
2015  5 27   147   22 25  0     70.97    0.7939E-02      39.7    262.0
2015  5 27   147   22 26  0     71.15    0.7530E-02      38.6    260.6
2015  5 27   147   22 27  0     71.34    0.7111E-02      37.7    259.8
2015  5 27   147   22 28  0     71.52    0.6759E-02      37.0    258.7
2015  5 27   147   22 29  0     71.71    0.6435E-02      36.6    257.9
2015  5 27   147   22 30  0     71.89    0.6102E-02      36.2    257.1
2015  5 27   147   22 31  0     72.07    0.5768E-02      35.6    254.8
2015  5 27   147   22 32  0     72.26    0.5427E-02      35.1    254.0
2015  5 27   147   22 33  0     72.44    0.5056E-02      34.5    254.3
2015  5 27   147   22 34  0     72.63    0.4718E-02      33.9    252.8
2015  5 27   147   22 35  0     72.81    0.4365E-02      33.2    253.2
2015  5 27   147   22 36  0     73.00    0.4049E-02      32.5    252.2
2015  5 27   147   22 37  0     73.18    0.3839E-02      32.0    248.2
2015  5 27   147   22 38  0     73.36    0.3643E-02      31.3    245.7
2015  5 27   147   22 39  0     73.55    0.3453E-02      30.7    243.4
2015  5 27   147   22 40  0     73.73    0.3273E-02      30.1    240.5
2015  5 27   147   22 41  0     73.91    0.3049E-02      28.7    236.7
2015  5 27   147   22 42  0     74.10    0.2661E-02      25.0    228.3
2015  5 27   147   22 43  0     74.28    0.2184E-02      19.4    212.8
2015  5 27   147   22 44  0     74.46    0.1804E-02      14.5    194.1
2015  5 27   147   22 45  0     74.65    0.1437E-02       9.6    167.6
2015  5 27   147   22 46  0     74.83    0.1176E-02       6.4    141.9
2015  5 27   147   22 47  0     75.01    0.1102E-02       5.9    131.8
2015  5 27   147   22 48  0     75.19    0.1101E-02       6.6    134.3
2015  5 27   147   22 49  0     75.38    0.1129E-02       7.6    138.6
2015  5 27   147   22 50  0     75.56    0.1159E-02       8.4    139.4
2015  5 27   147   22 51  0     75.74    0.1128E-02       9.1    141.6
2015  5 27   147   22 52  0     75.92    0.1144E-02      10.2    143.9
2015  5 27   147   22 53  0     76.10    0.1179E-02      11.6    147.2
2015  5 27   147   22 54  0     76.28    0.1229E-02      14.2    156.0
2015  5 27   147   22 55  0     76.47    0.1307E-02      17.3    163.4
2015  5 27   147   22 56  0     76.65    0.1285E-02      17.1    160.3
2015  5 27   147   22 57  0     76.83    0.1205E-02      15.2    150.9
2015  5 27   147   22 58  0     77.01    0.1176E-02      14.9    147.3
2015  5 27   147   22 59  0     77.19    0.1221E-02      16.4    147.3
2015  5 27   147   23  0  0     77.37    0.1219E-02      17.8    149.1
2015  5 27   147   23  1  0     77.55    0.1195E-02      18.0    147.0
2015  5 27   147   23  2  0     77.73    0.1242E-02      20.1    147.5
2015  5 27   147   23  3  0     77.91    0.1299E-02      24.6    156.8
2015  5 27   147   23  4  0     78.09    0.1329E-02      27.4    158.7
2015  5 27   147   23  5  0     78.27    0.1318E-02      29.2    160.8
2015  5 27   147   23  6  0     78.45    0.1310E-02      29.1    156.8
2015  5 27   147   23  7  0     78.63    0.1259E-02      27.2    149.5
2015  5 27   147   23  8  0     78.81    0.1208E-02      25.1    142.8
2015  5 27   147   23  9  0     78.99    0.1162E-02      23.2    136.9
2015  5 27   147   23 10  0     79.17    0.1117E-02      21.5    130.1
2015  5 27   147   23 11  0     79.35    0.1109E-02      20.3    123.8
2015  5 27   147   23 12  0     79.53    0.1082E-02      19.6    120.4
2015  5 27   147   23 13  0     79.71    0.1063E-02      19.1    117.7
2015  5 27   147   23 14  0     79.88    0.1048E-02      18.8    115.2
2015  5 27   147   23 15  0     80.06    0.1042E-02      18.6    110.7
2015  5 27   147   23 16  0     80.24    0.1017E-02      18.4    108.9
2015  5 27   147   23 17  0     80.42    0.9941E-03      18.3    107.5
2015  5 27   147   23 18  0     80.60    0.9948E-03      18.6    105.6
2015  5 27   147   23 19  0     80.77    0.9958E-03      18.9    103.9
2015  5 27   147   23 20  0     80.95    0.9841E-03      19.4    103.4
2015  5 27   147   23 21  0     81.13    0.9974E-03      20.3    102.4
2015  5 27   147   23 22  0     81.31    0.9955E-03      19.7     99.3
2015  5 27   147   23 23  0     81.48    0.9631E-03      17.0     90.6
2015  5 27   147   23 24  0     81.66    0.9152E-03      13.4     80.6
2015  5 27   147   23 25  0     81.84    0.9014E-03      11.5     72.0
2015  5 27   147   23 26  0     82.01    0.8675E-03      10.4     67.5
2015  5 27   147   23 27  0     82.19    0.8841E-03      11.2     67.3
2015  5 27   147   23 28  0     82.36    0.9076E-03      13.1     70.1
2015  5 27   147   23 29  0     82.54    0.9270E-03      15.7     74.0
2015  5 27   147   23 30  0     82.72    0.9549E-03      18.8     78.5
2015  5 27   147   23 31  0     82.89    0.9564E-03      21.5     80.9
2015  5 27   147   23 32  0     83.07    0.9691E-03      21.5     77.2
2015  5 27   147   23 33  0     83.24    0.9515E-03      19.8     71.3
2015  5 27   147   23 34  0     83.42    0.9205E-03      17.1     64.6
2015  5 27   147   23 35  0     83.59    0.8916E-03      14.2     58.0
2015  5 27   147   23 36  0     83.77    0.8679E-03      12.2     50.0
2015  5 27   147   23 37  0     83.94    0.8721E-03      11.3     45.5
2015  5 27   147   23 38  0     84.11    0.8746E-03      10.9     42.5
2015  5 27   147   23 39  0     84.29    0.8662E-03      10.4     40.0
2015  5 27   147   23 40  0     84.46    0.8579E-03       9.8     35.8
2015  5 27   147   23 41  0     84.64    0.8341E-03       9.1     32.3
2015  5 27   147   23 42  0     84.81    0.8138E-03       8.5     29.3
2015  5 27   147   23 43  0     84.98    0.8201E-03       8.1     26.4
2015  5 27   147   23 44  0     85.15    0.8268E-03       7.9     24.2
2015  5 27   147   23 45  0     85.33    0.8163E-03       7.8     22.9
2015  5 27   147   23 46  0     85.50    0.8031E-03       7.5     21.5
2015  5 27   147   23 47  0     85.67    0.8059E-03       7.1     19.6
2015  5 27   147   23 48  0     85.84    0.7916E-03       6.6     16.3
2015  5 27   147   23 49  0     86.02    0.7956E-03       6.0     13.0
2015  5 27   147   23 50  0     86.19    0.8025E-03       5.5     10.0
2015  5 27   147   23 51  0     86.36    0.7800E-03       4.9      8.1
2015  5 27   147   23 52  0     86.53    0.7897E-03       4.4      5.8
2015  5 27   147   23 53  0     86.70    0.7718E-03       4.1      4.8
2015  5 27   147   23 54  0     86.87    0.7782E-03       4.0      3.8
2015  5 27   147   23 55  0     87.04    0.7631E-03       4.0      3.4
2015  5 27   147   23 56  0     87.21    0.7698E-03       4.1      2.9
2015  5 27   147   23 57  0     87.38    0.7744E-03       4.4      2.7
2015  5 27   147   23 58  0     87.55    0.7867E-03       4.7      2.5
2015  5 27   147   23 59  0     87.72    0.7709E-03       5.2      2.8
