                            NILUUV 115

Uvpro Version 2.0
Latitude :   40.74 (North)
Longitude:  -74.03  (West)
Calibration file: cf100603a.115
Height above sea level:    40.0  m
CLT derived from channel 5
CLT scale factor used:   1.0
Ozone derived from channel pair ch3/ch1
Ozone scale factor used:   1.0
Drift factors ch1-ch6:   0.502  0.524  0.593  0.649  0.498  0.878
Ozone profile climatology: Mid  Latitude
Dose type:    CLW    Caldwell Plant 1971           

yyyy mm dd   jul   hh mm ss      SZA     dose rate       clt     Ozone
                              [degrees]   [W/m^2]        [%]     [DU]
2015  3 12    71   11 19  0     89.81    0.5424E-03     107.8     53.4
2015  3 12    71   11 20  0     89.62    0.5774E-03     108.3     53.9
2015  3 12    71   11 21  0     89.43    0.5908E-03     109.3     56.9
2015  3 12    71   11 22  0     89.24    0.5944E-03     110.4     60.5
2015  3 12    71   11 23  0     89.06    0.6133E-03     111.7     62.4
2015  3 12    71   11 24  0     88.86    0.6293E-03     112.3     65.3
2015  3 12    71   11 25  0     88.68    0.6260E-03     112.5     70.7
2015  3 12    71   11 26  0     88.49    0.6417E-03     113.0     73.7
2015  3 12    71   11 27  0     88.30    0.6508E-03     113.7     77.3
2015  3 12    71   11 28  0     88.11    0.6525E-03     114.5     81.4
2015  3 12    71   11 29  0     87.92    0.6678E-03     114.9     84.1
2015  3 12    71   11 30  0     87.73    0.7230E-03     115.1     82.9
2015  3 12    71   11 31  0     87.54    0.6923E-03     115.4     91.8
2015  3 12    71   11 32  0     87.36    0.7068E-03     115.7     94.9
2015  3 12    71   11 33  0     87.17    0.7227E-03     116.1     97.7
2015  3 12    71   11 34  0     86.98    0.7485E-03     116.6     99.2
2015  3 12    71   11 35  0     86.79    0.7897E-03     116.5    100.0
2015  3 12    71   11 36  0     86.60    0.7908E-03     116.5    105.2
2015  3 12    71   11 37  0     86.42    0.8245E-03     116.6    106.6
2015  3 12    71   11 38  0     86.23    0.8304E-03     117.0    111.3
2015  3 12    71   11 39  0     86.04    0.8525E-03     117.4    113.9
2015  3 12    71   11 40  0     85.85    0.8491E-03     117.4    120.3
2015  3 12    71   11 41  0     85.66    0.8669E-03     117.4    125.5
2015  3 12    71   11 42  0     85.48    0.8953E-03     117.3    128.9
2015  3 12    71   11 43  0     85.29    0.9390E-03     117.4    130.0
2015  3 12    71   11 44  0     85.10    0.9518E-03     117.3    135.4
2015  3 12    71   11 45  0     84.91    0.9873E-03     117.2    137.8
2015  3 12    71   11 46  0     84.73    0.1011E-02     116.9    143.3
2015  3 12    71   11 47  0     84.54    0.1050E-02     116.9    146.3
2015  3 12    71   11 48  0     84.35    0.1064E-02     117.3    153.5
2015  3 12    71   11 49  0     84.16    0.1101E-02     117.2    156.7
2015  3 12    71   11 50  0     83.98    0.1133E-02     117.0    160.8
2015  3 12    71   11 51  0     83.79    0.1170E-02     117.1    165.1
2015  3 12    71   11 52  0     83.60    0.1222E-02     117.1    167.1
2015  3 12    71   11 53  0     83.42    0.1243E-02     117.3    173.9
2015  3 12    71   11 54  0     83.23    0.1285E-02     117.4    177.5
2015  3 12    71   11 55  0     83.05    0.1327E-02     117.5    181.3
2015  3 12    71   11 56  0     82.86    0.1374E-02     117.6    185.0
2015  3 12    71   11 57  0     82.67    0.1434E-02     117.5    187.1
2015  3 12    71   11 58  0     82.49    0.1494E-02     117.3    189.5
2015  3 12    71   11 59  0     82.30    0.1536E-02     117.1    194.2
2015  3 12    71   12  0  0     82.11    0.1593E-02     117.0    197.0
2015  3 12    71   12  1  0     81.93    0.1652E-02     116.9    200.1
2015  3 12    71   12  2  0     81.74    0.1710E-02     116.7    203.8
2015  3 12    71   12  3  0     81.56    0.1782E-02     116.7    206.0
2015  3 12    71   12  4  0     81.37    0.1845E-02     116.5    209.5
2015  3 12    71   12  5  0     81.19    0.1913E-02     116.6    212.8
2015  3 12    71   12  6  0     81.00    0.1976E-02     116.7    216.7
2015  3 12    71   12  7  0     80.82    0.2039E-02     116.5    221.2
2015  3 12    71   12  8  0     80.63    0.2119E-02     116.2    223.6
2015  3 12    71   12  9  0     80.45    0.2214E-02     116.3    224.9
2015  3 12    71   12 10  0     80.26    0.2305E-02     116.2    226.9
2015  3 12    71   12 11  0     80.08    0.2370E-02     116.1    232.0
2015  3 12    71   12 12  0     79.89    0.2467E-02     116.0    234.1
2015  3 12    71   12 13  0     79.71    0.2568E-02     115.9    236.3
2015  3 12    71   12 14  0     79.52    0.2661E-02     115.8    239.0
2015  3 12    71   12 15  0     79.34    0.2767E-02     115.7    241.0
2015  3 12    71   12 16  0     79.15    0.2872E-02     115.7    243.5
2015  3 12    71   12 17  0     78.97    0.2979E-02     115.7    245.7
2015  3 12    71   12 18  0     78.79    0.3100E-02     115.6    247.3
2015  3 12    71   12 19  0     78.60    0.3213E-02     115.6    249.8
2015  3 12    71   12 20  0     78.42    0.3322E-02     115.4    253.0
2015  3 12    71   12 21  0     78.24    0.3436E-02     115.4    255.8
2015  3 12    71   12 22  0     78.05    0.3573E-02     115.4    257.2
2015  3 12    71   12 23  0     77.87    0.3695E-02     115.8    260.6
2015  3 12    71   12 24  0     77.69    0.3841E-02     115.6    261.8
2015  3 12    71   12 25  0     77.51    0.3962E-02     115.6    265.0
2015  3 12    71   12 26  0     77.32    0.4110E-02     115.5    266.5
2015  3 12    71   12 27  0     77.14    0.4250E-02     115.5    268.8
2015  3 12    71   12 28  0     76.96    0.4426E-02     115.4    268.9
2015  3 12    71   12 29  0     76.77    0.4583E-02     115.7    270.9
2015  3 12    71   12 30  0     76.59    0.4726E-02     115.6    274.3
2015  3 12    71   12 31  0     76.41    0.4888E-02     115.4    275.4
2015  3 12    71   12 32  0     76.23    0.5082E-02     115.2    275.3
2015  3 12    71   12 33  0     76.05    0.5237E-02     115.5    278.5
2015  3 12    71   12 34  0     75.87    0.5431E-02     115.7    279.4
2015  3 12    71   12 35  0     75.69    0.5603E-02     115.6    281.8
2015  3 12    71   12 36  0     75.51    0.5809E-02     115.5    282.0
2015  3 12    71   12 37  0     75.32    0.6003E-02     115.7    283.5
2015  3 12    71   12 38  0     75.14    0.6186E-02     115.5    285.7
2015  3 12    71   12 39  0     74.96    0.6385E-02     115.6    287.4
2015  3 12    71   12 40  0     74.78    0.6610E-02     115.7    288.1
2015  3 12    71   12 41  0     74.60    0.6829E-02     115.8    289.4
2015  3 12    71   12 42  0     74.42    0.7056E-02     115.9    290.6
2015  3 12    71   12 43  0     74.24    0.7301E-02     115.9    290.9
2015  3 12    71   12 44  0     74.06    0.7521E-02     116.1    292.6
2015  3 12    71   12 45  0     73.88    0.7773E-02     116.1    294.0
2015  3 12    71   12 46  0     73.71    0.8016E-02     116.1    295.0
2015  3 12    71   12 47  0     73.53    0.8266E-02     116.0    295.7
2015  3 12    71   12 48  0     73.35    0.8511E-02     116.1    296.8
2015  3 12    71   12 49  0     73.17    0.8753E-02     116.2    297.7
2015  3 12    71   12 50  0     72.99    0.9029E-02     116.4    298.9
2015  3 12    71   12 51  0     72.81    0.9336E-02     116.5    298.8
2015  3 12    71   12 52  0     72.64    0.9594E-02     116.5    300.4
2015  3 12    71   12 53  0     72.46    0.9904E-02     116.9    300.8
2015  3 12    71   12 54  0     72.28    0.1019E-01     117.0    301.7
2015  3 12    71   12 55  0     72.10    0.1050E-01     116.9    302.2
2015  3 12    71   12 56  0     71.93    0.1082E-01     117.1    302.5
2015  3 12    71   12 57  0     71.75    0.1112E-01     117.1    303.7
2015  3 12    71   12 58  0     71.58    0.1142E-01     117.1    304.7
2015  3 12    71   12 59  0     71.40    0.1176E-01     117.0    304.7
2015  3 12    71   13  0  0     71.22    0.1211E-01     117.0    305.1
2015  3 12    71   13  1  0     71.05    0.1246E-01     117.5    305.8
2015  3 12    71   13  2  0     70.87    0.1280E-01     117.4    306.5
2015  3 12    71   13  3  0     70.70    0.1316E-01     117.5    307.1
2015  3 12    71   13  4  0     70.52    0.1352E-01     117.7    307.8
2015  3 12    71   13  5  0     70.35    0.1388E-01     117.5    308.2
2015  3 12    71   13  6  0     70.17    0.1428E-01     117.5    308.3
2015  3 12    71   13  7  0     70.00    0.1466E-01     117.6    310.4
2015  3 12    71   13  8  0     69.82    0.1504E-01     117.7    309.6
2015  3 12    71   13  9  0     69.65    0.1540E-01     117.6    310.3
2015  3 12    71   13 10  0     69.48    0.1582E-01     117.3    310.2
2015  3 12    71   13 11  0     69.30    0.1621E-01     117.2    310.7
2015  3 12    71   13 12  0     69.13    0.1663E-01     117.4    311.1
2015  3 12    71   13 13  0     68.96    0.1704E-01     117.6    312.9
2015  3 12    71   13 14  0     68.78    0.1746E-01     117.5    313.1
2015  3 12    71   13 15  0     68.61    0.1789E-01     117.5    312.8
2015  3 12    71   13 16  0     68.44    0.1837E-01     118.0    312.9
2015  3 12    71   13 17  0     68.27    0.1879E-01     117.5    313.2
2015  3 12    71   13 18  0     68.10    0.1923E-01     117.5    313.7
2015  3 12    71   13 19  0     67.92    0.1970E-01     117.3    314.7
2015  3 12    71   13 20  0     67.75    0.2018E-01     117.6    315.0
2015  3 12    71   13 21  0     67.58    0.2063E-01     117.5    315.5
2015  3 12    71   13 22  0     67.41    0.2111E-01     117.8    315.4
2015  3 12    71   13 23  0     67.24    0.2161E-01     117.9    315.6
2015  3 12    71   13 24  0     67.07    0.2213E-01     117.9    315.7
2015  3 12    71   13 25  0     66.90    0.2263E-01     117.8    316.6
2015  3 12    71   13 26  0     66.73    0.2313E-01     117.9    317.1
2015  3 12    71   13 27  0     66.57    0.2370E-01     118.1    317.3
2015  3 12    71   13 28  0     66.39    0.2428E-01     118.4    317.5
2015  3 12    71   13 29  0     66.23    0.2480E-01     118.1    317.2
2015  3 12    71   13 30  0     66.06    0.2533E-01     117.7    317.3
2015  3 12    71   13 31  0     65.89    0.2585E-01     117.4    318.0
2015  3 12    71   13 32  0     65.72    0.2642E-01     118.0    318.4
2015  3 12    71   13 33  0     65.56    0.2703E-01     118.4    318.6
2015  3 12    71   13 34  0     65.39    0.2759E-01     118.6    319.0
2015  3 12    71   13 35  0     65.22    0.2822E-01     119.0    318.9
2015  3 12    71   13 36  0     65.06    0.2882E-01     119.2    319.0
2015  3 12    71   13 37  0     64.89    0.2941E-01     119.1    319.2
2015  3 12    71   13 38  0     64.73    0.2996E-01     118.9    319.4
2015  3 12    71   13 39  0     64.56    0.3059E-01     118.9    319.6
2015  3 12    71   13 40  0     64.40    0.3123E-01     119.1    319.8
2015  3 12    71   13 41  0     64.23    0.3187E-01     119.2    319.9
2015  3 12    71   13 42  0     64.07    0.3254E-01     119.5    320.1
2015  3 12    71   13 43  0     63.91    0.3315E-01     119.3    320.2
2015  3 12    71   13 44  0     63.74    0.3384E-01     119.5    320.3
2015  3 12    71   13 45  0     63.58    0.3447E-01     119.5    320.6
2015  3 12    71   13 46  0     63.42    0.3508E-01     119.3    320.8
2015  3 12    71   13 47  0     63.25    0.3570E-01     119.3    320.9
2015  3 12    71   13 48  0     63.09    0.3633E-01     119.4    321.1
2015  3 12    71   13 49  0     62.93    0.3696E-01     119.2    321.5
2015  3 12    71   13 50  0     62.77    0.3769E-01     119.3    321.4
2015  3 12    71   13 51  0     62.61    0.3842E-01     119.6    321.7
2015  3 12    71   13 52  0     62.45    0.3919E-01     119.9    321.7
2015  3 12    71   13 53  0     62.29    0.3987E-01     120.1    322.0
2015  3 12    71   13 54  0     62.13    0.4062E-01     120.1    322.1
2015  3 12    71   13 55  0     61.97    0.4133E-01     120.2    322.4
2015  3 12    71   13 56  0     61.81    0.4211E-01     120.4    322.4
2015  3 12    71   13 57  0     61.65    0.4289E-01     120.6    322.5
2015  3 12    71   13 58  0     61.49    0.4357E-01     120.3    322.7
2015  3 12    71   13 59  0     61.34    0.4437E-01     120.6    322.9
2015  3 12    71   14  0  0     61.18    0.4512E-01     120.3    322.7
2015  3 12    71   14  1  0     61.02    0.4594E-01     120.7    322.8
2015  3 12    71   14  2  0     60.86    0.4667E-01     120.5    323.1
2015  3 12    71   14  3  0     60.71    0.4740E-01     120.3    323.1
2015  3 12    71   14  4  0     60.55    0.4816E-01     120.2    323.2
2015  3 12    71   14  5  0     60.40    0.4895E-01     120.3    323.4
2015  3 12    71   14  6  0     60.24    0.4976E-01     120.3    323.4
2015  3 12    71   14  7  0     60.09    0.5064E-01     120.5    323.3
2015  3 12    71   14  8  0     59.93    0.5134E-01     120.1    323.3
2015  3 12    71   14  9  0     59.78    0.5222E-01     120.6    323.6
2015  3 12    71   14 10  0     59.63    0.5315E-01     120.9    323.7
2015  3 12    71   14 11  0     59.48    0.5395E-01     120.8    323.7
2015  3 12    71   14 12  0     59.32    0.5478E-01     120.7    323.7
2015  3 12    71   14 13  0     59.17    0.5563E-01     120.9    323.9
2015  3 12    71   14 14  0     59.02    0.5644E-01     120.7    323.9
2015  3 12    71   14 15  0     58.87    0.5725E-01     120.7    324.1
2015  3 12    71   14 16  0     58.72    0.5820E-01     121.0    324.1
2015  3 12    71   14 17  0     58.57    0.5914E-01     121.4    324.2
2015  3 12    71   14 18  0     58.42    0.5996E-01     121.2    324.2
2015  3 12    71   14 19  0     58.27    0.6094E-01     121.4    324.2
2015  3 12    71   14 20  0     58.12    0.6187E-01     121.5    324.2
2015  3 12    71   14 21  0     57.98    0.6276E-01     121.5    324.3
2015  3 12    71   14 22  0     57.83    0.6359E-01     121.2    324.2
2015  3 12    71   14 23  0     57.68    0.6444E-01     121.1    324.3
2015  3 12    71   14 24  0     57.53    0.6537E-01     121.2    324.4
2015  3 12    71   14 25  0     57.39    0.6628E-01     121.0    324.4
2015  3 12    71   14 26  0     57.24    0.6723E-01     121.4    324.5
2015  3 12    71   14 27  0     57.10    0.6805E-01     120.9    324.4
2015  3 12    71   14 28  0     56.96    0.6896E-01     121.2    324.6
2015  3 12    71   14 29  0     56.81    0.6986E-01     121.3    324.7
2015  3 12    71   14 30  0     56.67    0.7077E-01     121.2    324.8
2015  3 12    71   14 31  0     56.52    0.7165E-01     121.0    324.8
2015  3 12    71   14 32  0     56.38    0.7259E-01     121.4    325.0
2015  3 12    71   14 33  0     56.24    0.7354E-01     121.4    325.2
2015  3 12    71   14 34  0     56.10    0.7459E-01     121.8    325.2
2015  3 12    71   14 35  0     55.96    0.7565E-01     122.2    325.2
2015  3 12    71   14 36  0     55.82    0.7658E-01     122.1    325.2
2015  3 12    71   14 37  0     55.68    0.7760E-01     122.2    325.2
2015  3 12    71   14 38  0     55.54    0.7873E-01     122.5    325.1
2015  3 12    71   14 39  0     55.40    0.7969E-01     122.5    325.2
2015  3 12    71   14 40  0     55.27    0.8052E-01     122.2    325.1
2015  3 12    71   14 41  0     55.13    0.8145E-01     122.1    325.2
2015  3 12    71   14 42  0     54.99    0.8233E-01     122.0    325.3
2015  3 12    71   14 43  0     54.86    0.8327E-01     122.0    325.3
2015  3 12    71   14 44  0     54.72    0.8433E-01     122.1    325.3
2015  3 12    71   14 45  0     54.59    0.8523E-01     122.2    325.5
2015  3 12    71   14 46  0     54.45    0.8612E-01     122.3    325.7
2015  3 12    71   14 47  0     54.32    0.8714E-01     122.5    325.7
2015  3 12    71   14 48  0     54.18    0.8803E-01     122.2    325.7
2015  3 12    71   14 49  0     54.05    0.8888E-01     122.2    325.9
2015  3 12    71   14 50  0     53.92    0.8978E-01     122.1    325.9
2015  3 12    71   14 51  0     53.79    0.9081E-01     122.1    325.9
2015  3 12    71   14 52  0     53.66    0.9197E-01     122.4    325.8
2015  3 12    71   14 53  0     53.53    0.9292E-01     122.3    325.8
2015  3 12    71   14 54  0     53.40    0.9401E-01     122.8    326.1
2015  3 12    71   14 55  0     53.27    0.9503E-01     122.9    326.2
2015  3 12    71   14 56  0     53.14    0.9593E-01     122.8    326.1
2015  3 12    71   14 57  0     53.02    0.9677E-01     122.7    326.3
2015  3 12    71   14 58  0     52.89    0.9759E-01     122.5    326.4
2015  3 12    71   14 59  0     52.76    0.9857E-01     122.8    326.6
2015  3 12    71   15  0  0     52.64    0.9957E-01     122.8    326.7
2015  3 12    71   15  1  0     52.51    0.1005E+00     122.9    326.8
2015  3 12    71   15  2  0     52.39    0.1015E+00     123.0    326.8
2015  3 12    71   15  3  0     52.27    0.1024E+00     123.0    327.0
2015  3 12    71   15  4  0     52.14    0.1032E+00     122.7    327.1
2015  3 12    71   15  5  0     52.02    0.1042E+00     123.1    327.2
2015  3 12    71   15  6  0     51.90    0.1052E+00     123.1    327.3
2015  3 12    71   15  7  0     51.78    0.1061E+00     123.1    327.4
2015  3 12    71   15  8  0     51.66    0.1070E+00     123.2    327.6
2015  3 12    71   15  9  0     51.54    0.1079E+00     123.1    327.5
2015  3 12    71   15 10  0     51.42    0.1088E+00     122.9    327.5
2015  3 12    71   15 11  0     51.31    0.1098E+00     122.9    327.5
2015  3 12    71   15 12  0     51.19    0.1105E+00     122.6    327.6
2015  3 12    71   15 13  0     51.07    0.1114E+00     122.4    327.6
2015  3 12    71   15 14  0     50.96    0.1124E+00     122.6    327.6
2015  3 12    71   15 15  0     50.84    0.1135E+00     122.6    327.5
2015  3 12    71   15 16  0     50.73    0.1143E+00     122.3    327.5
2015  3 12    71   15 17  0     50.62    0.1153E+00     122.6    327.6
2015  3 12    71   15 18  0     50.50    0.1164E+00     122.6    327.5
2015  3 12    71   15 19  0     50.39    0.1175E+00     123.1    327.5
2015  3 12    71   15 20  0     50.28    0.1184E+00     122.9    327.5
2015  3 12    71   15 21  0     50.17    0.1198E+00     123.4    327.5
2015  3 12    71   15 22  0     50.06    0.1208E+00     123.7    327.5
2015  3 12    71   15 23  0     49.95    0.1217E+00     123.9    327.7
2015  3 12    71   15 24  0     49.85    0.1228E+00     124.0    327.7
2015  3 12    71   15 25  0     49.74    0.1238E+00     124.2    327.8
2015  3 12    71   15 26  0     49.63    0.1247E+00     124.3    327.9
2015  3 12    71   15 27  0     49.53    0.1255E+00     124.2    327.9
2015  3 12    71   15 28  0     49.42    0.1263E+00     124.0    327.9
2015  3 12    71   15 29  0     49.32    0.1271E+00     123.7    328.0
2015  3 12    71   15 30  0     49.22    0.1280E+00     123.8    327.9
2015  3 12    71   15 31  0     49.12    0.1287E+00     123.7    328.1
2015  3 12    71   15 32  0     49.02    0.1296E+00     123.8    328.1
2015  3 12    71   15 33  0     48.92    0.1305E+00     123.9    328.2
2015  3 12    71   15 34  0     48.82    0.1317E+00     124.3    328.2
2015  3 12    71   15 35  0     48.72    0.1326E+00     124.3    328.2
2015  3 12    71   15 36  0     48.62    0.1333E+00     124.2    328.3
2015  3 12    71   15 37  0     48.53    0.1342E+00     124.1    328.2
2015  3 12    71   15 38  0     48.43    0.1347E+00     123.9    328.4
2015  3 12    71   15 39  0     48.33    0.1359E+00     124.4    328.5
2015  3 12    71   15 40  0     48.24    0.1369E+00     124.7    328.7
2015  3 12    71   15 41  0     48.15    0.1377E+00     124.6    328.7
2015  3 12    71   15 42  0     48.05    0.1384E+00     124.4    328.6
2015  3 12    71   15 43  0     47.96    0.1390E+00     124.2    328.7
2015  3 12    71   15 44  0     47.87    0.1397E+00     124.6    329.1
2015  3 12    71   15 45  0     47.78    0.1406E+00     124.8    329.2
2015  3 12    71   15 46  0     47.69    0.1415E+00     124.8    329.3
2015  3 12    71   15 47  0     47.61    0.1422E+00     124.7    329.2
2015  3 12    71   15 48  0     47.52    0.1428E+00     124.6    329.3
2015  3 12    71   15 49  0     47.43    0.1433E+00     124.5    329.6
2015  3 12    71   15 50  0     47.35    0.1440E+00     124.4    329.7
2015  3 12    71   15 51  0     47.26    0.1448E+00     124.3    329.6
2015  3 12    71   15 52  0     47.18    0.1456E+00     124.6    329.7
2015  3 12    71   15 53  0     47.10    0.1463E+00     124.7    329.9
2015  3 12    71   15 54  0     47.02    0.1471E+00     124.8    329.9
2015  3 12    71   15 55  0     46.94    0.1479E+00     124.9    330.0
2015  3 12    71   15 56  0     46.86    0.1484E+00     124.8    330.2
2015  3 12    71   15 57  0     46.78    0.1493E+00     125.2    330.4
2015  3 12    71   15 58  0     46.70    0.1502E+00     125.2    330.2
2015  3 12    71   15 59  0     46.63    0.1504E+00     125.0    330.5
2015  3 12    71   16  0  0     46.55    0.1509E+00     124.9    330.8
2015  3 12    71   16  1  0     46.48    0.1515E+00     124.8    330.7
2015  3 12    71   16  2  0     46.41    0.1522E+00     124.8    330.7
2015  3 12    71   16  3  0     46.33    0.1527E+00     124.8    331.0
2015  3 12    71   16  4  0     46.26    0.1532E+00     125.0    331.3
2015  3 12    71   16  5  0     46.19    0.1538E+00     124.9    331.3
2015  3 12    71   16  6  0     46.12    0.1546E+00     124.8    331.1
2015  3 12    71   16  7  0     46.05    0.1550E+00     124.6    331.2
2015  3 12    71   16  8  0     45.99    0.1557E+00     125.0    331.4
2015  3 12    71   16  9  0     45.92    0.1564E+00     125.2    331.5
2015  3 12    71   16 10  0     45.86    0.1570E+00     125.0    331.5
2015  3 12    71   16 11  0     45.79    0.1576E+00     125.1    331.5
2015  3 12    71   16 12  0     45.73    0.1583E+00     125.2    331.6
2015  3 12    71   16 13  0     45.67    0.1589E+00     125.0    331.4
2015  3 12    71   16 14  0     45.61    0.1595E+00     125.1    331.4
2015  3 12    71   16 15  0     45.55    0.1603E+00     125.1    331.3
2015  3 12    71   16 16  0     45.49    0.1608E+00     124.9    331.1
2015  3 12    71   16 17  0     45.43    0.1615E+00     125.1    331.1
2015  3 12    71   16 18  0     45.37    0.1616E+00     124.7    331.3
2015  3 12    71   16 19  0     45.32    0.1619E+00     124.5    331.4
2015  3 12    71   16 20  0     45.27    0.1626E+00     124.9    331.4
2015  3 12    71   16 21  0     45.21    0.1632E+00     124.9    331.3
2015  3 12    71   16 22  0     45.16    0.1636E+00     124.6    331.2
2015  3 12    71   16 23  0     45.11    0.1640E+00     124.5    331.2
2015  3 12    71   16 24  0     45.06    0.1650E+00     125.1    331.2
2015  3 12    71   16 25  0     45.01    0.1659E+00     125.4    331.1
2015  3 12    71   16 26  0     44.96    0.1666E+00     125.7    331.1
2015  3 12    71   16 27  0     44.92    0.1671E+00     125.7    331.0
2015  3 12    71   16 28  0     44.87    0.1675E+00     125.4    330.9
2015  3 12    71   16 29  0     44.83    0.1681E+00     125.5    330.8
2015  3 12    71   16 30  0     44.78    0.1687E+00     125.7    330.9
2015  3 12    71   16 31  0     44.74    0.1691E+00     125.6    330.8
2015  3 12    71   16 32  0     44.70    0.1695E+00     125.4    330.6
2015  3 12    71   16 33  0     44.66    0.1702E+00     125.4    330.3
2015  3 12    71   16 34  0     44.62    0.1706E+00     125.2    330.2
2015  3 12    71   16 35  0     44.58    0.1711E+00     125.3    330.1
2015  3 12    71   16 36  0     44.55    0.1716E+00     125.3    330.0
2015  3 12    71   16 37  0     44.51    0.1721E+00     125.4    329.9
2015  3 12    71   16 38  0     44.48    0.1728E+00     125.7    329.8
2015  3 12    71   16 39  0     44.44    0.1730E+00     125.4    329.7
2015  3 12    71   16 40  0     44.41    0.1732E+00     125.3    329.8
2015  3 12    71   16 41  0     44.38    0.1737E+00     125.3    329.6
2015  3 12    71   16 42  0     44.35    0.1741E+00     125.3    329.4
2015  3 12    71   16 43  0     44.33    0.1744E+00     125.4    329.6
2015  3 12    71   16 44  0     44.30    0.1746E+00     125.4    329.6
2015  3 12    71   16 45  0     44.27    0.1750E+00     125.4    329.5
2015  3 12    71   16 46  0     44.24    0.1753E+00     125.2    329.3
2015  3 12    71   16 47  0     44.22    0.1757E+00     125.3    329.2
2015  3 12    71   16 48  0     44.20    0.1759E+00     125.1    329.1
2015  3 12    71   16 49  0     44.18    0.1764E+00     125.3    329.0
2015  3 12    71   16 50  0     44.16    0.1767E+00     125.2    328.8
2015  3 12    71   16 51  0     44.14    0.1771E+00     125.3    328.7
2015  3 12    71   16 52  0     44.12    0.1772E+00     125.1    328.5
2015  3 12    71   16 53  0     44.10    0.1775E+00     125.1    328.4
2015  3 12    71   16 54  0     44.09    0.1776E+00     125.1    328.3
2015  3 12    71   16 55  0     44.07    0.1779E+00     125.1    328.3
2015  3 12    71   16 56  0     44.06    0.1780E+00     125.1    328.4
2015  3 12    71   16 57  0     44.05    0.1783E+00     125.1    328.2
2015  3 12    71   16 58  0     44.04    0.1786E+00     125.2    328.0
2015  3 12    71   16 59  0     44.03    0.1787E+00     125.1    328.0
2015  3 12    71   17  0  0     44.02    0.1788E+00     125.3    328.0
2015  3 12    71   17  1  0     44.01    0.1791E+00     125.5    328.1
2015  3 12    71   17  2  0     44.01    0.1793E+00     125.7    328.1
2015  3 12    71   17  3  0     44.00    0.1795E+00     125.6    327.9
2015  3 12    71   17  4  0     44.00    0.1796E+00     125.5    327.8
2015  3 12    71   17  5  0     44.00    0.1795E+00     125.4    327.7
2015  3 12    71   17  6  0     43.99    0.1795E+00     125.4    327.7
2015  3 12    71   17  7  0     43.99    0.1793E+00     124.8    327.4
2015  3 12    71   17  8  0     43.99    0.1793E+00     124.8    327.4
2015  3 12    71   17  9  0     44.00    0.1795E+00     124.9    327.3
2015  3 12    71   17 10  0     44.00    0.1801E+00     125.3    327.2
2015  3 12    71   17 11  0     44.01    0.1804E+00     125.7    327.2
2015  3 12    71   17 12  0     44.01    0.1807E+00     125.8    327.0
2015  3 12    71   17 13  0     44.02    0.1808E+00     125.9    326.9
2015  3 12    71   17 14  0     44.03    0.1809E+00     126.0    326.8
2015  3 12    71   17 15  0     44.04    0.1805E+00     125.9    327.0
2015  3 12    71   17 16  0     44.05    0.1804E+00     126.0    327.1
2015  3 12    71   17 17  0     44.06    0.1804E+00     126.2    327.0
2015  3 12    71   17 18  0     44.07    0.1802E+00     126.0    327.0
2015  3 12    71   17 19  0     44.09    0.1800E+00     125.6    326.7
2015  3 12    71   17 20  0     44.10    0.1797E+00     125.5    326.7
2015  3 12    71   17 21  0     44.12    0.1800E+00     125.9    326.6
2015  3 12    71   17 22  0     44.14    0.1802E+00     126.2    326.6
2015  3 12    71   17 23  0     44.16    0.1798E+00     126.1    326.7
2015  3 12    71   17 24  0     44.17    0.1800E+00     126.2    326.5
2015  3 12    71   17 25  0     44.20    0.1798E+00     126.2    326.4
2015  3 12    71   17 26  0     44.22    0.1794E+00     125.9    326.3
2015  3 12    71   17 27  0     44.24    0.1795E+00     126.1    326.3
2015  3 12    71   17 28  0     44.27    0.1792E+00     126.1    326.2
2015  3 12    71   17 29  0     44.29    0.1791E+00     126.2    326.1
2015  3 12    71   17 30  0     44.32    0.1790E+00     126.3    326.0
2015  3 12    71   17 31  0     44.35    0.1787E+00     126.3    326.0
2015  3 12    71   17 32  0     44.38    0.1785E+00     126.2    325.9
2015  3 12    71   17 33  0     44.41    0.1783E+00     126.2    325.8
2015  3 12    71   17 34  0     44.44    0.1783E+00     126.5    325.7
2015  3 12    71   17 35  0     44.47    0.1782E+00     126.4    325.4
2015  3 12    71   17 36  0     44.51    0.1777E+00     126.1    325.3
2015  3 12    71   17 37  0     44.54    0.1776E+00     126.2    325.2
2015  3 12    71   17 38  0     44.58    0.1775E+00     126.4    325.1
2015  3 12    71   17 39  0     44.61    0.1772E+00     126.5    325.1
2015  3 12    71   17 40  0     44.65    0.1770E+00     126.6    325.0
2015  3 12    71   17 41  0     44.69    0.1766E+00     126.6    325.0
2015  3 12    71   17 42  0     44.73    0.1762E+00     126.5    325.0
2015  3 12    71   17 43  0     44.78    0.1759E+00     126.4    324.8
2015  3 12    71   17 44  0     44.82    0.1754E+00     126.3    324.8
2015  3 12    71   17 45  0     44.86    0.1748E+00     126.2    324.8
2015  3 12    71   17 46  0     44.91    0.1743E+00     126.0    324.6
2015  3 12    71   17 47  0     44.95    0.1741E+00     126.1    324.4
2015  3 12    71   17 48  0     45.00    0.1739E+00     126.3    324.3
2015  3 12    71   17 49  0     45.05    0.1731E+00     126.0    324.3
2015  3 12    71   17 50  0     45.10    0.1725E+00     125.7    324.1
2015  3 12    71   17 51  0     45.15    0.1722E+00     125.8    324.0
2015  3 12    71   17 52  0     45.20    0.1716E+00     125.5    323.9
2015  3 12    71   17 53  0     45.25    0.1713E+00     125.8    323.9
2015  3 12    71   17 54  0     45.31    0.1709E+00     126.0    323.9
2015  3 12    71   17 55  0     45.36    0.1701E+00     125.8    323.9
2015  3 12    71   17 56  0     45.42    0.1696E+00     125.9    323.9
2015  3 12    71   17 57  0     45.48    0.1690E+00     125.9    324.0
2015  3 12    71   17 58  0     45.53    0.1682E+00     125.6    323.9
2015  3 12    71   17 59  0     45.59    0.1673E+00     125.3    324.0
2015  3 12    71   18  0  0     45.66    0.1668E+00     125.6    324.1
2015  3 12    71   18  1  0     45.72    0.1664E+00     125.7    324.0
2015  3 12    71   18  2  0     45.78    0.1660E+00     125.7    323.8
2015  3 12    71   18  3  0     45.84    0.1655E+00     125.7    323.7
2015  3 12    71   18  4  0     45.91    0.1650E+00     125.9    323.7
2015  3 12    71   18  5  0     45.97    0.1642E+00     125.9    323.9
2015  3 12    71   18  6  0     46.04    0.1636E+00     126.2    324.0
2015  3 12    71   18  7  0     46.11    0.1628E+00     126.1    324.0
2015  3 12    71   18  8  0     46.18    0.1618E+00     125.7    324.1
2015  3 12    71   18  9  0     46.25    0.1609E+00     125.7    324.2
2015  3 12    71   18 10  0     46.32    0.1600E+00     125.7    324.3
2015  3 12    71   18 11  0     46.39    0.1593E+00     125.8    324.5
2015  3 12    71   18 12  0     46.46    0.1584E+00     125.5    324.5
2015  3 12    71   18 13  0     46.54    0.1579E+00     125.9    324.5
2015  3 12    71   18 14  0     46.61    0.1573E+00     126.1    324.6
2015  3 12    71   18 15  0     46.69    0.1564E+00     125.9    324.6
2015  3 12    71   18 16  0     46.77    0.1555E+00     125.9    324.7
2015  3 12    71   18 17  0     46.84    0.1548E+00     126.0    324.7
2015  3 12    71   18 18  0     46.92    0.1540E+00     125.8    324.4
2015  3 12    71   18 19  0     47.00    0.1531E+00     125.7    324.4
2015  3 12    71   18 20  0     47.08    0.1523E+00     125.8    324.5
2015  3 12    71   18 21  0     47.17    0.1515E+00     125.7    324.6
2015  3 12    71   18 22  0     47.25    0.1504E+00     125.6    324.6
2015  3 12    71   18 23  0     47.33    0.1495E+00     125.4    324.7
2015  3 12    71   18 24  0     47.42    0.1489E+00     125.7    324.7
2015  3 12    71   18 25  0     47.50    0.1482E+00     125.6    324.5
2015  3 12    71   18 26  0     47.59    0.1471E+00     125.3    324.4
2015  3 12    71   18 27  0     47.68    0.1463E+00     125.3    324.5
2015  3 12    71   18 28  0     47.77    0.1455E+00     125.5    324.5
2015  3 12    71   18 29  0     47.85    0.1445E+00     125.5    324.6
2015  3 12    71   18 30  0     47.95    0.1435E+00     125.5    324.7
2015  3 12    71   18 31  0     48.04    0.1425E+00     125.4    324.8
2015  3 12    71   18 32  0     48.13    0.1415E+00     125.3    324.9
2015  3 12    71   18 33  0     48.22    0.1406E+00     125.3    324.9
2015  3 12    71   18 34  0     48.31    0.1398E+00     125.4    325.1
2015  3 12    71   18 35  0     48.41    0.1392E+00     125.8    325.0
2015  3 12    71   18 36  0     48.51    0.1386E+00     126.0    324.9
2015  3 12    71   18 37  0     48.60    0.1379E+00     126.0    324.6
2015  3 12    71   18 38  0     48.70    0.1367E+00     125.8    324.7
2015  3 12    71   18 39  0     48.80    0.1357E+00     125.6    324.7
2015  3 12    71   18 40  0     48.90    0.1348E+00     125.7    324.7
2015  3 12    71   18 41  0     49.00    0.1338E+00     125.6    324.8
2015  3 12    71   18 42  0     49.10    0.1329E+00     125.7    324.8
2015  3 12    71   18 43  0     49.20    0.1321E+00     125.8    324.7
2015  3 12    71   18 44  0     49.30    0.1313E+00     125.8    324.6
2015  3 12    71   18 45  0     49.40    0.1303E+00     125.9    324.7
2015  3 12    71   18 46  0     49.51    0.1293E+00     125.8    324.6
2015  3 12    71   18 47  0     49.61    0.1283E+00     125.8    324.6
2015  3 12    71   18 48  0     49.72    0.1274E+00     125.8    324.6
2015  3 12    71   18 49  0     49.82    0.1265E+00     125.7    324.5
2015  3 12    71   18 50  0     49.93    0.1256E+00     125.7    324.4
2015  3 12    71   18 51  0     50.04    0.1249E+00     125.9    324.3
2015  3 12    71   18 52  0     50.15    0.1240E+00     125.9    324.2
2015  3 12    71   18 53  0     50.26    0.1229E+00     125.7    324.2
2015  3 12    71   18 54  0     50.37    0.1220E+00     125.7    324.1
2015  3 12    71   18 55  0     50.48    0.1208E+00     125.4    324.1
2015  3 12    71   18 56  0     50.59    0.1197E+00     125.3    324.1
2015  3 12    71   18 57  0     50.71    0.1186E+00     124.9    324.0
2015  3 12    71   18 58  0     50.82    0.1176E+00     124.8    323.9
2015  3 12    71   18 59  0     50.93    0.1166E+00     124.7    323.9
2015  3 12    71   19  0  0     51.05    0.1156E+00     124.7    323.8
2015  3 12    71   19  1  0     51.16    0.1148E+00     125.0    323.8
2015  3 12    71   19  2  0     51.28    0.1140E+00     125.5    323.9
2015  3 12    71   19  3  0     51.40    0.1132E+00     125.6    323.8
2015  3 12    71   19  4  0     51.52    0.1122E+00     125.7    323.7
2015  3 12    71   19  5  0     51.64    0.1112E+00     125.7    323.7
2015  3 12    71   19  6  0     51.75    0.1101E+00     125.5    323.7
2015  3 12    71   19  7  0     51.87    0.1091E+00     125.3    323.6
2015  3 12    71   19  8  0     52.00    0.1082E+00     125.3    323.5
2015  3 12    71   19  9  0     52.12    0.1072E+00     125.3    323.4
2015  3 12    71   19 10  0     52.24    0.1060E+00     125.1    323.5
2015  3 12    71   19 11  0     52.36    0.1051E+00     125.2    323.5
2015  3 12    71   19 12  0     52.49    0.1041E+00     125.2    323.4
2015  3 12    71   19 13  0     52.61    0.1032E+00     125.2    323.3
2015  3 12    71   19 14  0     52.74    0.1021E+00     125.2    323.2
2015  3 12    71   19 15  0     52.86    0.1011E+00     125.1    323.2
2015  3 12    71   19 16  0     52.99    0.1001E+00     125.0    323.1
2015  3 12    71   19 17  0     53.12    0.9896E-01     124.7    323.1
2015  3 12    71   19 18  0     53.24    0.9789E-01     124.7    323.2
2015  3 12    71   19 19  0     53.37    0.9689E-01     124.8    323.2
2015  3 12    71   19 20  0     53.50    0.9592E-01     124.9    323.2
2015  3 12    71   19 21  0     53.63    0.9475E-01     124.6    323.2
2015  3 12    71   19 22  0     53.76    0.9377E-01     124.7    323.2
2015  3 12    71   19 23  0     53.89    0.9282E-01     124.8    323.1
2015  3 12    71   19 24  0     54.02    0.9192E-01     124.8    323.0
2015  3 12    71   19 25  0     54.16    0.9092E-01     124.7    322.9
2015  3 12    71   19 26  0     54.29    0.8987E-01     124.4    322.8
2015  3 12    71   19 27  0     54.42    0.8884E-01     124.3    322.8
2015  3 12    71   19 28  0     54.56    0.8787E-01     124.4    322.8
2015  3 12    71   19 29  0     54.69    0.8691E-01     124.4    322.7
2015  3 12    71   19 30  0     54.83    0.8587E-01     124.3    322.6
2015  3 12    71   19 31  0     54.96    0.8494E-01     124.3    322.5
2015  3 12    71   19 32  0     55.10    0.8391E-01     124.0    322.4
2015  3 12    71   19 33  0     55.24    0.8300E-01     124.0    322.3
2015  3 12    71   19 34  0     55.37    0.8209E-01     124.1    322.2
2015  3 12    71   19 35  0     55.51    0.8107E-01     124.1    322.2
2015  3 12    71   19 36  0     55.65    0.8002E-01     124.1    322.2
2015  3 12    71   19 37  0     55.79    0.7896E-01     124.1    322.3
2015  3 12    71   19 38  0     55.93    0.7789E-01     123.9    322.4
2015  3 12    71   19 39  0     56.07    0.7698E-01     123.9    322.2
2015  3 12    71   19 40  0     56.21    0.7620E-01     124.3    322.1
2015  3 12    71   19 41  0     56.35    0.7524E-01     124.3    322.1
2015  3 12    71   19 42  0     56.49    0.7424E-01     124.3    322.2
2015  3 12    71   19 43  0     56.64    0.7327E-01     124.3    322.2
2015  3 12    71   19 44  0     56.78    0.7236E-01     124.5    322.2
2015  3 12    71   19 45  0     56.92    0.7134E-01     124.4    322.2
2015  3 12    71   19 46  0     57.07    0.7034E-01     124.3    322.1
2015  3 12    71   19 47  0     57.21    0.6944E-01     124.2    322.0
2015  3 12    71   19 48  0     57.36    0.6858E-01     124.2    321.8
2015  3 12    71   19 49  0     57.50    0.6779E-01     124.3    321.5
2015  3 12    71   19 50  0     57.65    0.6684E-01     124.4    321.6
2015  3 12    71   19 51  0     57.79    0.6599E-01     124.5    321.5
2015  3 12    71   19 52  0     57.94    0.6512E-01     124.4    321.3
2015  3 12    71   19 53  0     58.09    0.6415E-01     124.4    321.3
2015  3 12    71   19 54  0     58.24    0.6327E-01     124.2    321.1
2015  3 12    71   19 55  0     58.39    0.6246E-01     124.4    321.0
2015  3 12    71   19 56  0     58.53    0.6158E-01     124.3    320.8
2015  3 12    71   19 57  0     58.68    0.6065E-01     124.1    320.8
2015  3 12    71   19 58  0     58.83    0.5979E-01     124.2    320.7
2015  3 12    71   19 59  0     58.99    0.5885E-01     124.0    320.7
2015  3 12    71   20  0  0     59.14    0.5798E-01     124.1    320.6
2015  3 12    71   20  1  0     59.29    0.5705E-01     123.9    320.5
2015  3 12    71   20  2  0     59.44    0.5614E-01     123.8    320.6
2015  3 12    71   20  3  0     59.59    0.5534E-01     124.0    320.5
2015  3 12    71   20  4  0     59.75    0.5451E-01     124.1    320.5
2015  3 12    71   20  5  0     59.90    0.5364E-01     123.9    320.4
2015  3 12    71   20  6  0     60.05    0.5281E-01     124.0    320.3
2015  3 12    71   20  7  0     60.21    0.5194E-01     123.8    320.2
2015  3 12    71   20  8  0     60.36    0.5113E-01     123.7    320.1
2015  3 12    71   20  9  0     60.52    0.5030E-01     123.7    320.0
2015  3 12    71   20 10  0     60.67    0.4947E-01     123.9    320.0
2015  3 12    71   20 11  0     60.83    0.4865E-01     123.8    319.8
2015  3 12    71   20 12  0     60.98    0.4783E-01     123.7    319.6
2015  3 12    71   20 13  0     61.14    0.4703E-01     123.5    319.5
2015  3 12    71   20 14  0     61.30    0.4627E-01     123.5    319.3
2015  3 12    71   20 15  0     61.46    0.4547E-01     123.3    319.2
2015  3 12    71   20 16  0     61.61    0.4463E-01     123.1    319.2
2015  3 12    71   20 17  0     61.77    0.4381E-01     122.9    319.1
2015  3 12    71   20 18  0     61.93    0.4309E-01     122.9    318.8
2015  3 12    71   20 19  0     62.09    0.4238E-01     122.9    318.5
2015  3 12    71   20 20  0     62.25    0.4167E-01     123.0    318.6
2015  3 12    71   20 21  0     62.41    0.4097E-01     123.2    318.6
2015  3 12    71   20 22  0     62.57    0.4020E-01     123.0    318.5
2015  3 12    71   20 23  0     62.73    0.3947E-01     122.9    318.2
2015  3 12    71   20 24  0     62.89    0.3871E-01     122.7    318.1
2015  3 12    71   20 25  0     63.05    0.3800E-01     122.7    317.6
2015  3 12    71   20 26  0     63.21    0.3727E-01     122.6    317.6
2015  3 12    71   20 27  0     63.38    0.3661E-01     122.7    317.7
2015  3 12    71   20 28  0     63.54    0.3591E-01     122.7    317.6
2015  3 12    71   20 29  0     63.70    0.3521E-01     122.6    317.4
2015  3 12    71   20 30  0     63.86    0.3455E-01     122.6    317.3
2015  3 12    71   20 31  0     64.03    0.3386E-01     122.6    316.7
2015  3 12    71   20 32  0     64.19    0.3323E-01     122.7    316.6
2015  3 12    71   20 33  0     64.36    0.3261E-01     122.6    316.2
2015  3 12    71   20 34  0     64.52    0.3198E-01     122.4    316.3
2015  3 12    71   20 35  0     64.69    0.3131E-01     122.1    316.2
2015  3 12    71   20 36  0     64.85    0.3067E-01     121.8    315.9
2015  3 12    71   20 37  0     65.02    0.3004E-01     121.7    315.0
2015  3 12    71   20 38  0     65.18    0.2942E-01     121.6    314.8
2015  3 12    71   20 39  0     65.35    0.2878E-01     121.3    314.7
2015  3 12    71   20 40  0     65.52    0.2820E-01     121.1    314.4
2015  3 12    71   20 41  0     65.68    0.2759E-01     120.8    314.9
2015  3 12    71   20 42  0     65.85    0.2700E-01     120.5    314.7
2015  3 12    71   20 43  0     66.02    0.2643E-01     120.4    313.6
2015  3 12    71   20 44  0     66.18    0.2587E-01     120.5    313.3
2015  3 12    71   20 45  0     66.35    0.2532E-01     120.6    313.1
2015  3 12    71   20 46  0     66.52    0.2476E-01     120.7    312.8
2015  3 12    71   20 47  0     66.69    0.2423E-01     120.8    312.5
2015  3 12    71   20 48  0     66.86    0.2371E-01     120.8    313.2
2015  3 12    71   20 49  0     67.03    0.2320E-01     121.2    311.6
2015  3 12    71   20 50  0     67.20    0.2269E-01     121.2    311.4
2015  3 12    71   20 51  0     67.37    0.2215E-01     121.2    311.4
2015  3 12    71   20 52  0     67.54    0.2165E-01     121.1    311.0
2015  3 12    71   20 53  0     67.71    0.2117E-01     121.2    310.7
2015  3 12    71   20 54  0     67.88    0.2068E-01     121.0    310.2
2015  3 12    71   20 55  0     68.05    0.2020E-01     121.2    310.0
2015  3 12    71   20 56  0     68.22    0.1976E-01     121.2    309.6
2015  3 12    71   20 57  0     68.39    0.1931E-01     121.0    308.9
2015  3 12    71   20 58  0     68.56    0.1883E-01     120.8    308.6
2015  3 12    71   20 59  0     68.74    0.1839E-01     120.8    308.1
2015  3 12    71   21  0  0     68.91    0.1796E-01     121.0    307.7
2015  3 12    71   21  1  0     69.08    0.1753E-01     121.0    307.3
2015  3 12    71   21  2  0     69.26    0.1711E-01     121.1    307.0
2015  3 12    71   21  3  0     69.43    0.1669E-01     121.2    306.6
2015  3 12    71   21  4  0     69.60    0.1628E-01     121.1    305.9
2015  3 12    71   21  5  0     69.78    0.1586E-01     120.9    305.5
2015  3 12    71   21  6  0     69.95    0.1548E-01     120.8    304.6
2015  3 12    71   21  7  0     70.12    0.1506E-01     120.7    304.4
2015  3 12    71   21  8  0     70.30    0.1467E-01     120.5    304.0
2015  3 12    71   21  9  0     70.47    0.1425E-01     120.2    304.0
2015  3 12    71   21 10  0     70.65    0.1391E-01     119.9    302.9
2015  3 12    71   21 11  0     70.82    0.1355E-01     120.3    302.5
2015  3 12    71   21 12  0     71.00    0.1321E-01     120.2    301.4
2015  3 12    71   21 13  0     71.17    0.1287E-01     120.5    300.8
2015  3 12    71   21 14  0     71.35    0.1253E-01     120.5    300.5
2015  3 12    71   21 15  0     71.53    0.1221E-01     120.6    299.5
2015  3 12    71   21 16  0     71.70    0.1190E-01     120.6    298.5
2015  3 12    71   21 17  0     71.88    0.1154E-01     120.5    298.3
2015  3 12    71   21 18  0     72.06    0.1123E-01     120.4    297.1
2015  3 12    71   21 19  0     72.23    0.1089E-01     120.0    296.9
2015  3 12    71   21 20  0     72.41    0.1059E-01     119.9    296.3
2015  3 12    71   21 21  0     72.59    0.1030E-01     120.0    295.4
2015  3 12    71   21 22  0     72.76    0.1000E-01     119.8    294.8
2015  3 12    71   21 23  0     72.94    0.9699E-02     119.7    294.3
2015  3 12    71   21 24  0     73.12    0.9422E-02     119.5    292.4
2015  3 12    71   21 25  0     73.30    0.9165E-02     119.6    291.2
2015  3 12    71   21 26  0     73.48    0.8902E-02     119.5    290.3
2015  3 12    71   21 27  0     73.65    0.8669E-02     119.5    288.6
2015  3 12    71   21 28  0     73.83    0.8409E-02     119.6    288.1
2015  3 12    71   21 29  0     74.01    0.8154E-02     119.6    287.3
2015  3 12    71   21 30  0     74.19    0.7927E-02     119.6    285.7
2015  3 12    71   21 31  0     74.37    0.7682E-02     119.6    285.0
2015  3 12    71   21 32  0     74.55    0.7445E-02     119.7    284.0
2015  3 12    71   21 33  0     74.73    0.7224E-02     119.8    282.7
2015  3 12    71   21 34  0     74.91    0.7007E-02     119.8    281.1
2015  3 12    71   21 35  0     75.09    0.6790E-02     119.6    279.7
2015  3 12    71   21 36  0     75.27    0.6565E-02     119.5    278.8
2015  3 12    71   21 37  0     75.45    0.6348E-02     119.5    277.8
2015  3 12    71   21 38  0     75.63    0.6159E-02     119.3    275.8
2015  3 12    71   21 39  0     75.81    0.5983E-02     119.2    273.3
2015  3 12    71   21 40  0     75.99    0.5771E-02     118.9    272.5
2015  3 12    71   21 41  0     76.18    0.5572E-02     119.1    271.0
2015  3 12    71   21 42  0     76.36    0.5404E-02     119.3    269.0
2015  3 12    71   21 43  0     76.54    0.5237E-02     119.5    266.8
2015  3 12    71   21 44  0     76.72    0.5071E-02     119.7    264.9
2015  3 12    71   21 45  0     76.90    0.4900E-02     119.7    263.4
2015  3 12    71   21 46  0     77.08    0.4728E-02     119.7    262.0
2015  3 12    71   21 47  0     77.27    0.4576E-02     119.6    259.8
2015  3 12    71   21 48  0     77.45    0.4409E-02     119.5    258.7
2015  3 12    71   21 49  0     77.63    0.4269E-02     119.6    256.2
2015  3 12    71   21 50  0     77.81    0.4104E-02     119.6    255.5
2015  3 12    71   21 51  0     78.00    0.3980E-02     119.7    252.5
2015  3 12    71   21 52  0     78.18    0.3833E-02     119.7    250.5
2015  3 12    71   21 53  0     78.36    0.3704E-02     119.7    247.9
2015  3 12    71   21 54  0     78.55    0.3562E-02     119.5    246.5
2015  3 12    71   21 55  0     78.73    0.3436E-02     119.4    244.2
2015  3 12    71   21 56  0     78.91    0.3340E-02     119.6    240.0
2015  3 12    71   21 57  0     79.10    0.3226E-02     119.6    237.3
2015  3 12    71   21 58  0     79.28    0.3097E-02     119.6    236.1
2015  3 12    71   21 59  0     79.47    0.3013E-02     119.6    231.3
2015  3 12    71   22  0  0     79.65    0.2891E-02     119.7    230.0
2015  3 12    71   22  1  0     79.83    0.2803E-02     119.7    226.1
2015  3 12    71   22  2  0     80.02    0.2700E-02     119.6    223.3
2015  3 12    71   22  3  0     80.20    0.2604E-02     119.6    220.7
2015  3 12    71   22  4  0     80.39    0.2500E-02     119.6    219.0
2015  3 12    71   22  5  0     80.57    0.2416E-02     119.7    215.7
2015  3 12    71   22  6  0     80.75    0.2326E-02     119.9    213.1
2015  3 12    71   22  7  0     80.94    0.2240E-02     120.0    210.5
2015  3 12    71   22  8  0     81.13    0.2163E-02     120.1    207.5
2015  3 12    71   22  9  0     81.31    0.2104E-02     120.0    202.8
2015  3 12    71   22 10  0     81.50    0.2026E-02     120.0    200.2
2015  3 12    71   22 11  0     81.68    0.1944E-02     120.3    198.2
2015  3 12    71   22 12  0     81.87    0.1885E-02     120.6    194.0
2015  3 12    71   22 13  0     82.05    0.1820E-02     120.7    190.6
2015  3 12    71   22 14  0     82.24    0.1752E-02     120.6    187.8
2015  3 12    71   22 15  0     82.42    0.1696E-02     120.5    184.1
2015  3 12    71   22 16  0     82.61    0.1640E-02     120.6    180.5
2015  3 12    71   22 17  0     82.80    0.1583E-02     120.8    177.3
2015  3 12    71   22 18  0     82.98    0.1531E-02     121.0    173.3
2015  3 12    71   22 19  0     83.17    0.1459E-02     120.9    172.5
2015  3 12    71   22 20  0     83.35    0.1416E-02     120.7    168.3
2015  3 12    71   22 21  0     83.54    0.1378E-02     120.6    163.7
2015  3 12    71   22 22  0     83.73    0.1345E-02     120.5    158.4
2015  3 12    71   22 23  0     83.91    0.1302E-02     120.4    154.3
2015  3 12    71   22 24  0     84.10    0.1259E-02     120.4    150.8
2015  3 12    71   22 25  0     84.29    0.1220E-02     120.6    147.3
2015  3 12    71   22 26  0     84.47    0.1166E-02     120.9    145.8
2015  3 12    71   22 27  0     84.66    0.1153E-02     121.3    138.8
2015  3 12    71   22 28  0     84.85    0.1132E-02     121.7    133.6
2015  3 12    71   22 29  0     85.04    0.1103E-02     122.1    129.4
2015  3 12    71   22 30  0     85.22    0.1079E-02     121.9    125.3
2015  3 12    71   22 31  0     85.41    0.1032E-02     121.8    123.8
2015  3 12    71   22 32  0     85.60    0.1018E-02     121.8    118.6
2015  3 12    71   22 33  0     85.79    0.9985E-03     121.7    114.5
2015  3 12    71   22 34  0     85.97    0.9710E-03     121.8    111.3
2015  3 12    71   22 35  0     86.16    0.9340E-03     121.5    109.9
2015  3 12    71   22 36  0     86.35    0.9201E-03     121.3    106.3
2015  3 12    71   22 37  0     86.54    0.8995E-03     121.2    103.2
2015  3 12    71   22 38  0     86.72    0.8787E-03     121.3    100.1
2015  3 12    71   22 39  0     86.91    0.8549E-03     121.3     97.0
2015  3 12    71   22 40  0     87.10    0.8342E-03     121.3     94.3
2015  3 12    71   22 41  0     87.29    0.8178E-03     121.3     91.6
2015  3 12    71   22 42  0     87.48    0.8113E-03     121.2     87.6
2015  3 12    71   22 43  0     87.66    0.8007E-03     121.3     83.9
2015  3 12    71   22 44  0     87.85    0.7947E-03     121.3     79.6
2015  3 12    71   22 45  0     88.04    0.7811E-03     121.3     76.1
2015  3 12    71   22 46  0     88.23    0.7456E-03     120.8     75.7
2015  3 12    71   22 47  0     88.42    0.7261E-03     120.3     73.5
2015  3 12    71   22 48  0     88.60    0.7145E-03     120.0     70.1
2015  3 12    71   22 49  0     88.79    0.7126E-03     120.0     65.6
2015  3 12    71   22 50  0     88.98    0.7086E-03     120.2     61.0
2015  3 12    71   22 51  0     89.17    0.6873E-03     119.3     59.6
2015  3 12    71   22 52  0     89.36    0.6838E-03     118.5     56.1
2015  3 12    71   22 53  0     89.55    0.6665E-03     118.0     53.8
2015  3 12    71   22 54  0     89.74    0.6574E-03     117.7     50.5
2015  3 12    71   22 55  0     89.93    0.6376E-03     117.8     47.9
