                            NILUUV 115

Uvpro Version 2.0
Latitude :   40.74 (North)
Longitude:  -74.03  (West)
Calibration file: cf100603a.115
Height above sea level:    40.0  m
CLT derived from channel 5
CLT scale factor used:   1.0
Ozone derived from channel pair ch3/ch1
Ozone scale factor used:   1.0
Drift factors ch1-ch6:   0.485  0.510  0.597  0.648  0.490  0.878
Ozone profile climatology: Mid  Latitude
Dose type:    CLW    Caldwell Plant 1971           

yyyy mm dd   jul   hh mm ss      SZA     dose rate       clt     Ozone
                              [degrees]   [W/m^2]        [%]     [DU]
2015  9  6   249   10 33  0     89.94    0.8151E-03      25.6      7.8
2015  9  6   249   10 34  0     89.76    0.8205E-03      27.7      9.4
2015  9  6   249   10 35  0     89.57    0.8303E-03      29.8     11.2
2015  9  6   249   10 36  0     89.38    0.8363E-03      32.0     13.3
2015  9  6   249   10 37  0     89.19    0.8646E-03      34.3     15.1
2015  9  6   249   10 38  0     89.01    0.8513E-03      36.6     18.1
2015  9  6   249   10 39  0     88.82    0.8672E-03      38.6     20.5
2015  9  6   249   10 40  0     88.63    0.8768E-03      40.6     22.4
2015  9  6   249   10 41  0     88.44    0.8841E-03      42.7     24.5
2015  9  6   249   10 42  0     88.26    0.9174E-03      44.7     26.1
2015  9  6   249   10 43  0     88.07    0.9359E-03      46.9     28.1
2015  9  6   249   10 44  0     87.88    0.9361E-03      48.7     30.9
2015  9  6   249   10 45  0     87.69    0.9495E-03      50.6     33.7
2015  9  6   249   10 46  0     87.50    0.9643E-03      52.4     36.6
2015  9  6   249   10 47  0     87.32    0.9731E-03      54.2     40.0
2015  9  6   249   10 48  0     87.13    0.9796E-03      56.0     42.6
2015  9  6   249   10 49  0     86.94    0.9748E-03      57.7     45.9
2015  9  6   249   10 50  0     86.75    0.1007E-02      59.2     48.1
2015  9  6   249   10 51  0     86.56    0.1027E-02      60.8     51.0
2015  9  6   249   10 52  0     86.37    0.1044E-02      62.3     54.2
2015  9  6   249   10 53  0     86.18    0.1060E-02      63.8     57.6
2015  9  6   249   10 54  0     86.00    0.1063E-02      65.3     61.4
2015  9  6   249   10 55  0     85.81    0.1095E-02      66.5     63.9
2015  9  6   249   10 56  0     85.62    0.1098E-02      67.8     67.7
2015  9  6   249   10 57  0     85.43    0.1119E-02      69.0     71.0
2015  9  6   249   10 58  0     85.24    0.1145E-02      70.2     74.1
2015  9  6   249   10 59  0     85.05    0.1170E-02      71.4     77.6
2015  9  6   249   11  0  0     84.86    0.1178E-02      72.3     81.7
2015  9  6   249   11  1  0     84.67    0.1191E-02      73.2     85.4
2015  9  6   249   11  2  0     84.49    0.1216E-02      74.0     88.7
2015  9  6   249   11  3  0     84.30    0.1238E-02      74.9     92.5
2015  9  6   249   11  4  0     84.11    0.1280E-02      75.7     95.4
2015  9  6   249   11  5  0     83.92    0.1310E-02      76.6     99.4
2015  9  6   249   11  6  0     83.73    0.1336E-02      77.4    102.8
2015  9  6   249   11  7  0     83.54    0.1364E-02      78.2    106.2
2015  9  6   249   11  8  0     83.35    0.1383E-02      79.0    110.4
2015  9  6   249   11  9  0     83.16    0.1433E-02      79.8    113.2
2015  9  6   249   11 10  0     82.97    0.1461E-02      80.6    117.6
2015  9  6   249   11 11  0     82.78    0.1500E-02      81.1    121.3
2015  9  6   249   11 12  0     82.60    0.1545E-02      81.6    124.9
2015  9  6   249   11 13  0     82.41    0.1573E-02      82.4    129.7
2015  9  6   249   11 14  0     82.22    0.1627E-02      83.1    133.2
2015  9  6   249   11 15  0     82.03    0.1653E-02      83.8    138.6
2015  9  6   249   11 16  0     81.84    0.1713E-02      84.2    142.0
2015  9  6   249   11 17  0     81.65    0.1759E-02      84.6    146.4
2015  9  6   249   11 18  0     81.46    0.1790E-02      85.0    151.9
2015  9  6   249   11 19  0     81.27    0.1868E-02      85.4    154.6
2015  9  6   249   11 20  0     81.08    0.1926E-02      85.8    158.9
2015  9  6   249   11 21  0     80.89    0.1992E-02      86.2    162.5
2015  9  6   249   11 22  0     80.70    0.2052E-02      86.6    166.7
2015  9  6   249   11 23  0     80.51    0.2119E-02      86.9    170.6
2015  9  6   249   11 24  0     80.33    0.2208E-02      87.3    173.5
2015  9  6   249   11 25  0     80.14    0.2277E-02      87.7    177.7
2015  9  6   249   11 26  0     79.95    0.2346E-02      88.1    182.0
2015  9  6   249   11 27  0     79.76    0.2411E-02      88.3    186.4
2015  9  6   249   11 28  0     79.57    0.2532E-02      88.6    188.0
2015  9  6   249   11 29  0     79.38    0.2615E-02      88.9    192.0
2015  9  6   249   11 30  0     79.19    0.2692E-02      89.3    196.4
2015  9  6   249   11 31  0     79.00    0.2795E-02      89.6    199.6
2015  9  6   249   11 32  0     78.81    0.2881E-02      89.8    203.6
2015  9  6   249   11 33  0     78.62    0.3001E-02      90.1    206.1
2015  9  6   249   11 34  0     78.43    0.3108E-02      90.4    209.5
2015  9  6   249   11 35  0     78.24    0.3232E-02      90.8    212.1
2015  9  6   249   11 36  0     78.05    0.3354E-02      91.1    215.0
2015  9  6   249   11 37  0     77.87    0.3472E-02      91.2    218.6
2015  9  6   249   11 38  0     77.68    0.3597E-02      91.4    221.7
2015  9  6   249   11 39  0     77.49    0.3734E-02      91.6    224.4
2015  9  6   249   11 40  0     77.30    0.3868E-02      91.9    227.4
2015  9  6   249   11 41  0     77.11    0.4018E-02      92.3    229.7
2015  9  6   249   11 42  0     76.92    0.4191E-02      92.4    232.3
2015  9  6   249   11 43  0     76.73    0.4321E-02      92.6    235.8
2015  9  6   249   11 44  0     76.54    0.4490E-02      92.8    237.7
2015  9  6   249   11 45  0     76.35    0.4663E-02      93.0    239.8
2015  9  6   249   11 46  0     76.16    0.4833E-02      93.2    242.0
2015  9  6   249   11 47  0     75.97    0.5009E-02      93.6    244.3
2015  9  6   249   11 48  0     75.79    0.5188E-02      93.9    246.9
2015  9  6   249   11 49  0     75.60    0.5382E-02      94.1    249.0
2015  9  6   249   11 50  0     75.41    0.5580E-02      94.4    251.0
2015  9  6   249   11 51  0     75.22    0.5776E-02      94.7    253.3
2015  9  6   249   11 52  0     75.03    0.6002E-02      94.9    254.5
2015  9  6   249   11 53  0     74.84    0.6202E-02      94.9    257.4
2015  9  6   249   11 54  0     74.65    0.6413E-02      95.0    259.4
2015  9  6   249   11 55  0     74.46    0.6657E-02      95.2    260.5
2015  9  6   249   11 56  0     74.27    0.6901E-02      95.6    261.8
2015  9  6   249   11 57  0     74.09    0.7136E-02      95.8    263.5
2015  9  6   249   11 58  0     73.90    0.7402E-02      96.1    264.4
2015  9  6   249   11 59  0     73.71    0.7633E-02      96.3    266.7
2015  9  6   249   12  0  0     73.52    0.7900E-02      96.6    267.9
2015  9  6   249   12  1  0     73.33    0.8165E-02      96.9    269.5
2015  9  6   249   12  2  0     73.14    0.8444E-02      97.1    270.7
2015  9  6   249   12  3  0     72.96    0.8734E-02      97.3    272.9
2015  9  6   249   12  4  0     72.77    0.9027E-02      97.5    274.0
2015  9  6   249   12  5  0     72.58    0.9326E-02      97.7    275.2
2015  9  6   249   12  6  0     72.39    0.9628E-02      98.0    276.3
2015  9  6   249   12  7  0     72.20    0.9948E-02      98.2    276.4
2015  9  6   249   12  8  0     72.02    0.1028E-01      98.5    277.2
2015  9  6   249   12  9  0     71.83    0.1063E-01      98.6    278.4
2015  9  6   249   12 10  0     71.64    0.1095E-01      98.8    279.5
2015  9  6   249   12 11  0     71.45    0.1130E-01      99.0    280.5
2015  9  6   249   12 12  0     71.27    0.1168E-01      99.3    280.9
2015  9  6   249   12 13  0     71.08    0.1204E-01      99.5    281.8
2015  9  6   249   12 14  0     70.89    0.1243E-01      99.8    282.4
2015  9  6   249   12 15  0     70.70    0.1282E-01     100.1    283.2
2015  9  6   249   12 16  0     70.52    0.1322E-01     100.3    283.8
2015  9  6   249   12 17  0     70.33    0.1364E-01     100.6    284.4
2015  9  6   249   12 18  0     70.14    0.1407E-01     100.9    284.7
2015  9  6   249   12 19  0     69.96    0.1447E-01     101.1    285.8
2015  9  6   249   12 20  0     69.77    0.1491E-01     101.3    286.4
2015  9  6   249   12 21  0     69.58    0.1537E-01     101.5    286.8
2015  9  6   249   12 22  0     69.40    0.1582E-01     101.8    287.6
2015  9  6   249   12 23  0     69.21    0.1630E-01     102.1    287.9
2015  9  6   249   12 24  0     69.02    0.1678E-01     102.4    288.3
2015  9  6   249   12 25  0     68.84    0.1728E-01     102.6    288.7
2015  9  6   249   12 26  0     68.65    0.1776E-01     102.8    289.3
2015  9  6   249   12 27  0     68.46    0.1826E-01     102.9    289.7
2015  9  6   249   12 28  0     68.28    0.1878E-01     103.1    290.2
2015  9  6   249   12 29  0     68.09    0.1931E-01     103.3    290.5
2015  9  6   249   12 30  0     67.90    0.1987E-01     103.5    292.0
2015  9  6   249   12 31  0     67.72    0.2041E-01     103.7    291.2
2015  9  6   249   12 32  0     67.53    0.2099E-01     103.9    291.4
2015  9  6   249   12 33  0     67.35    0.2154E-01     104.0    291.9
2015  9  6   249   12 34  0     67.16    0.2214E-01     104.3    292.0
2015  9  6   249   12 35  0     66.98    0.2276E-01     104.5    293.4
2015  9  6   249   12 36  0     66.79    0.2335E-01     104.6    293.8
2015  9  6   249   12 37  0     66.61    0.2397E-01     104.6    293.0
2015  9  6   249   12 38  0     66.42    0.2458E-01     104.6    293.3
2015  9  6   249   12 39  0     66.24    0.2524E-01     104.5    293.4
2015  9  6   249   12 40  0     66.05    0.2590E-01     104.5    293.5
2015  9  6   249   12 41  0     65.87    0.2656E-01     104.9    294.8
2015  9  6   249   12 42  0     65.68    0.2724E-01     105.2    295.1
2015  9  6   249   12 43  0     65.50    0.2793E-01     105.6    294.3
2015  9  6   249   12 44  0     65.31    0.2862E-01     105.8    294.5
2015  9  6   249   12 45  0     65.13    0.2933E-01     105.9    294.6
2015  9  6   249   12 46  0     64.95    0.3006E-01     106.2    295.5
2015  9  6   249   12 47  0     64.76    0.3076E-01     106.4    295.8
2015  9  6   249   12 48  0     64.58    0.3153E-01     106.6    295.9
2015  9  6   249   12 49  0     64.40    0.3229E-01     106.8    295.3
2015  9  6   249   12 50  0     64.21    0.3308E-01     106.9    295.4
2015  9  6   249   12 51  0     64.03    0.3385E-01     107.1    295.7
2015  9  6   249   12 52  0     63.85    0.3466E-01     107.2    296.3
2015  9  6   249   12 53  0     63.66    0.3545E-01     107.4    296.6
2015  9  6   249   12 54  0     63.48    0.3629E-01     107.6    296.6
2015  9  6   249   12 55  0     63.30    0.3710E-01     107.8    296.3
2015  9  6   249   12 56  0     63.12    0.3797E-01     108.0    296.3
2015  9  6   249   12 57  0     62.93    0.3884E-01     108.2    296.9
2015  9  6   249   12 58  0     62.75    0.3972E-01     108.4    297.0
2015  9  6   249   12 59  0     62.57    0.4062E-01     108.6    297.1
2015  9  6   249   13  0  0     62.39    0.4149E-01     108.7    297.1
2015  9  6   249   13  1  0     62.21    0.4238E-01     108.7    296.8
2015  9  6   249   13  2  0     62.03    0.4328E-01     108.9    296.9
2015  9  6   249   13  3  0     61.85    0.4425E-01     109.1    297.3
2015  9  6   249   13  4  0     61.66    0.4521E-01     109.2    297.4
2015  9  6   249   13  5  0     61.48    0.4616E-01     109.3    297.5
2015  9  6   249   13  6  0     61.30    0.4714E-01     109.5    297.1
2015  9  6   249   13  7  0     61.12    0.4812E-01     109.6    297.0
2015  9  6   249   13  8  0     60.94    0.4913E-01     109.7    297.5
2015  9  6   249   13  9  0     60.76    0.5018E-01     110.0    297.6
2015  9  6   249   13 10  0     60.58    0.5125E-01     110.3    297.7
2015  9  6   249   13 11  0     60.40    0.5229E-01     110.5    297.8
2015  9  6   249   13 12  0     60.22    0.5331E-01     110.6    297.5
2015  9  6   249   13 13  0     60.05    0.5437E-01     110.8    297.5
2015  9  6   249   13 14  0     59.87    0.5544E-01     111.0    297.9
2015  9  6   249   13 15  0     59.69    0.5653E-01     111.1    298.0
2015  9  6   249   13 16  0     59.51    0.5765E-01     111.1    297.8
2015  9  6   249   13 17  0     59.33    0.5876E-01     111.3    297.9
2015  9  6   249   13 18  0     59.15    0.5991E-01     111.5    297.5
2015  9  6   249   13 19  0     58.98    0.6102E-01     111.6    297.9
2015  9  6   249   13 20  0     58.80    0.6216E-01     111.7    297.9
2015  9  6   249   13 21  0     58.62    0.6337E-01     111.9    297.9
2015  9  6   249   13 22  0     58.44    0.6457E-01     112.0    297.9
2015  9  6   249   13 23  0     58.27    0.6573E-01     112.1    297.6
2015  9  6   249   13 24  0     58.09    0.6691E-01     112.1    297.5
2015  9  6   249   13 25  0     57.92    0.6818E-01     112.3    297.8
2015  9  6   249   13 26  0     57.74    0.6942E-01     112.5    297.8
2015  9  6   249   13 27  0     57.56    0.7063E-01     112.7    297.9
2015  9  6   249   13 28  0     57.39    0.7183E-01     112.7    297.9
2015  9  6   249   13 29  0     57.21    0.7304E-01     112.7    297.6
2015  9  6   249   13 30  0     57.04    0.7429E-01     112.7    297.6
2015  9  6   249   13 31  0     56.86    0.7549E-01     112.7    298.0
2015  9  6   249   13 32  0     56.69    0.7683E-01     112.8    298.0
2015  9  6   249   13 33  0     56.51    0.7818E-01     113.0    298.0
2015  9  6   249   13 34  0     56.34    0.7951E-01     113.1    297.9
2015  9  6   249   13 35  0     56.17    0.8083E-01     113.4    297.7
2015  9  6   249   13 36  0     55.99    0.8213E-01     113.5    298.0
2015  9  6   249   13 37  0     55.82    0.8350E-01     113.7    298.0
2015  9  6   249   13 38  0     55.65    0.8490E-01     113.9    298.0
2015  9  6   249   13 39  0     55.47    0.8629E-01     114.0    298.0
2015  9  6   249   13 40  0     55.30    0.8768E-01     114.0    297.7
2015  9  6   249   13 41  0     55.13    0.8907E-01     114.1    297.7
2015  9  6   249   13 42  0     54.96    0.9046E-01     114.1    297.9
2015  9  6   249   13 43  0     54.79    0.9185E-01     114.2    297.9
2015  9  6   249   13 44  0     54.62    0.9323E-01     114.3    297.9
2015  9  6   249   13 45  0     54.45    0.9464E-01     114.4    298.0
2015  9  6   249   13 46  0     54.28    0.9609E-01     114.5    297.6
2015  9  6   249   13 47  0     54.11    0.9750E-01     114.6    297.5
2015  9  6   249   13 48  0     53.94    0.9894E-01     114.6    297.8
2015  9  6   249   13 49  0     53.77    0.1004E+00     114.7    297.8
2015  9  6   249   13 50  0     53.60    0.1019E+00     114.8    297.8
2015  9  6   249   13 51  0     53.43    0.1033E+00     114.8    297.8
2015  9  6   249   13 52  0     53.26    0.1048E+00     115.0    297.5
2015  9  6   249   13 53  0     53.09    0.1063E+00     115.0    297.5
2015  9  6   249   13 54  0     52.92    0.1078E+00     115.0    297.7
2015  9  6   249   13 55  0     52.76    0.1093E+00     115.2    297.8
2015  9  6   249   13 56  0     52.59    0.1108E+00     115.3    297.8
2015  9  6   249   13 57  0     52.42    0.1122E+00     115.4    297.9
2015  9  6   249   13 58  0     52.26    0.1137E+00     115.4    297.6
2015  9  6   249   13 59  0     52.09    0.1152E+00     115.5    297.6
2015  9  6   249   14  0  0     51.93    0.1168E+00     115.6    297.8
2015  9  6   249   14  1  0     51.76    0.1185E+00     115.8    297.8
2015  9  6   249   14  2  0     51.60    0.1201E+00     116.0    297.7
2015  9  6   249   14  3  0     51.43    0.1216E+00     116.0    297.8
2015  9  6   249   14  4  0     51.27    0.1232E+00     116.2    297.5
2015  9  6   249   14  5  0     51.10    0.1249E+00     116.3    297.4
2015  9  6   249   14  6  0     50.94    0.1266E+00     116.5    297.7
2015  9  6   249   14  7  0     50.78    0.1282E+00     116.6    297.7
2015  9  6   249   14  8  0     50.62    0.1297E+00     116.5    297.7
2015  9  6   249   14  9  0     50.46    0.1314E+00     116.6    297.6
2015  9  6   249   14 10  0     50.29    0.1330E+00     116.7    297.2
2015  9  6   249   14 11  0     50.13    0.1345E+00     116.7    297.2
2015  9  6   249   14 12  0     49.97    0.1362E+00     116.9    297.5
2015  9  6   249   14 13  0     49.81    0.1378E+00     116.8    297.5
2015  9  6   249   14 14  0     49.65    0.1395E+00     116.9    297.4
2015  9  6   249   14 15  0     49.49    0.1411E+00     117.0    297.4
2015  9  6   249   14 16  0     49.33    0.1427E+00     117.0    297.1
2015  9  6   249   14 17  0     49.18    0.1443E+00     117.1    297.2
2015  9  6   249   14 18  0     49.02    0.1460E+00     117.2    297.1
2015  9  6   249   14 19  0     48.86    0.1479E+00     117.3    297.2
2015  9  6   249   14 20  0     48.70    0.1495E+00     117.4    297.2
2015  9  6   249   14 21  0     48.55    0.1511E+00     117.4    297.3
2015  9  6   249   14 22  0     48.39    0.1527E+00     117.5    297.0
2015  9  6   249   14 23  0     48.24    0.1544E+00     117.7    297.0
2015  9  6   249   14 24  0     48.08    0.1561E+00     117.7    296.7
2015  9  6   249   14 25  0     47.93    0.1580E+00     117.9    297.1
2015  9  6   249   14 26  0     47.77    0.1590E+00     117.5    297.1
2015  9  6   249   14 27  0     47.62    0.1612E+00     118.0    297.1
2015  9  6   249   14 28  0     47.46    0.1627E+00     118.0    296.7
2015  9  6   249   14 29  0     47.31    0.1643E+00     118.1    296.8
2015  9  6   249   14 30  0     47.16    0.1664E+00     118.3    296.7
2015  9  6   249   14 31  0     47.01    0.1684E+00     118.6    296.6
2015  9  6   249   14 32  0     46.86    0.1703E+00     118.7    296.9
2015  9  6   249   14 33  0     46.71    0.1721E+00     118.8    296.8
2015  9  6   249   14 34  0     46.56    0.1738E+00     118.9    296.4
2015  9  6   249   14 35  0     46.41    0.1754E+00     119.0    296.5
2015  9  6   249   14 36  0     46.26    0.1772E+00     119.1    296.4
2015  9  6   249   14 37  0     46.11    0.1788E+00     119.1    296.4
2015  9  6   249   14 38  0     45.97    0.1807E+00     119.2    296.7
2015  9  6   249   14 39  0     45.82    0.1823E+00     119.0    296.6
2015  9  6   249   14 40  0     45.67    0.1840E+00     119.0    296.0
2015  9  6   249   14 41  0     45.53    0.1859E+00     119.1    295.9
2015  9  6   249   14 42  0     45.38    0.1875E+00     119.1    295.9
2015  9  6   249   14 43  0     45.24    0.1892E+00     119.1    295.9
2015  9  6   249   14 44  0     45.09    0.1908E+00     119.1    295.9
2015  9  6   249   14 45  0     44.95    0.1926E+00     119.3    296.4
2015  9  6   249   14 46  0     44.81    0.1944E+00     119.3    296.3
2015  9  6   249   14 47  0     44.66    0.1964E+00     119.5    295.7
2015  9  6   249   14 48  0     44.52    0.1981E+00     119.6    295.6
2015  9  6   249   14 49  0     44.38    0.1999E+00     119.8    295.7
2015  9  6   249   14 50  0     44.24    0.2018E+00     120.0    295.7
2015  9  6   249   14 51  0     44.10    0.2036E+00     120.1    295.6
2015  9  6   249   14 52  0     43.96    0.2054E+00     120.1    296.0
2015  9  6   249   14 53  0     43.83    0.2073E+00     120.1    295.3
2015  9  6   249   14 54  0     43.69    0.2090E+00     120.2    295.3
2015  9  6   249   14 55  0     43.55    0.2107E+00     120.2    295.2
2015  9  6   249   14 56  0     43.41    0.2123E+00     120.2    295.2
2015  9  6   249   14 57  0     43.28    0.2141E+00     120.3    295.1
2015  9  6   249   14 58  0     43.15    0.2154E+00     120.1    295.1
2015  9  6   249   14 59  0     43.01    0.2174E+00     120.3    295.1
2015  9  6   249   15  0  0     42.88    0.2192E+00     120.4    295.0
2015  9  6   249   15  1  0     42.74    0.2208E+00     120.4    295.0
2015  9  6   249   15  2  0     42.61    0.2225E+00     120.5    295.0
2015  9  6   249   15  3  0     42.48    0.2238E+00     120.3    295.0
2015  9  6   249   15  4  0     42.35    0.2253E+00     120.3    295.0
2015  9  6   249   15  5  0     42.22    0.2270E+00     120.3    294.9
2015  9  6   249   15  6  0     42.09    0.2286E+00     120.3    294.8
2015  9  6   249   15  7  0     41.96    0.2301E+00     120.4    294.7
2015  9  6   249   15  8  0     41.84    0.2320E+00     120.6    294.8
2015  9  6   249   15  9  0     41.71    0.2337E+00     120.6    294.7
2015  9  6   249   15 10  0     41.59    0.2355E+00     120.7    294.6
2015  9  6   249   15 11  0     41.46    0.2373E+00     120.8    294.6
2015  9  6   249   15 12  0     41.34    0.2387E+00     120.8    294.6
2015  9  6   249   15 13  0     41.21    0.2402E+00     120.7    294.5
2015  9  6   249   15 14  0     41.09    0.2419E+00     120.9    294.5
2015  9  6   249   15 15  0     40.97    0.2431E+00     120.6    294.4
2015  9  6   249   15 16  0     40.85    0.2427E+00     119.5    293.6
2015  9  6   249   15 17  0     40.73    0.2471E+00     121.2    294.4
2015  9  6   249   15 18  0     40.61    0.2486E+00     121.3    294.4
2015  9  6   249   15 19  0     40.49    0.2505E+00     121.5    294.3
2015  9  6   249   15 20  0     40.37    0.2517E+00     121.4    294.3
2015  9  6   249   15 21  0     40.26    0.2529E+00     121.3    294.3
2015  9  6   249   15 22  0     40.14    0.2541E+00     121.2    294.4
2015  9  6   249   15 23  0     40.03    0.2559E+00     121.4    294.4
2015  9  6   249   15 24  0     39.91    0.2565E+00     121.0    294.3
2015  9  6   249   15 25  0     39.80    0.2591E+00     121.7    294.4
2015  9  6   249   15 26  0     39.69    0.2601E+00     121.7    294.4
2015  9  6   249   15 27  0     39.58    0.2619E+00     122.0    294.4
2015  9  6   249   15 28  0     39.47    0.2640E+00     122.2    294.4
2015  9  6   249   15 29  0     39.36    0.2658E+00     122.6    294.5
2015  9  6   249   15 30  0     39.25    0.2675E+00     122.8    294.5
2015  9  6   249   15 31  0     39.14    0.2690E+00     122.8    294.4
2015  9  6   249   15 32  0     39.04    0.2707E+00     123.2    294.5
2015  9  6   249   15 33  0     38.93    0.2717E+00     123.1    294.5
2015  9  6   249   15 34  0     38.83    0.2738E+00     123.4    294.5
2015  9  6   249   15 35  0     38.72    0.2751E+00     123.2    294.4
2015  9  6   249   15 36  0     38.62    0.2761E+00     122.9    294.3
2015  9  6   249   15 37  0     38.52    0.2761E+00     122.4    294.4
2015  9  6   249   15 38  0     38.42    0.2764E+00     121.9    294.0
2015  9  6   249   15 39  0     38.32    0.2789E+00     122.5    294.3
2015  9  6   249   15 40  0     38.22    0.2810E+00     122.8    294.2
2015  9  6   249   15 41  0     38.13    0.2828E+00     123.0    294.1
2015  9  6   249   15 42  0     38.03    0.2845E+00     123.2    294.0
2015  9  6   249   15 43  0     37.94    0.2858E+00     123.2    294.0
2015  9  6   249   15 44  0     37.84    0.2868E+00     123.0    294.0
2015  9  6   249   15 45  0     37.75    0.2878E+00     123.0    293.9
2015  9  6   249   15 46  0     37.66    0.2852E+00     121.3    293.9
2015  9  6   249   15 47  0     37.57    0.2901E+00     122.8    293.7
2015  9  6   249   15 48  0     37.48    0.2921E+00     123.0    293.6
2015  9  6   249   15 49  0     37.39    0.2934E+00     123.1    293.6
2015  9  6   249   15 50  0     37.30    0.2944E+00     122.9    293.5
2015  9  6   249   15 51  0     37.21    0.2949E+00     122.6    293.4
2015  9  6   249   15 52  0     37.13    0.2961E+00     122.6    293.4
2015  9  6   249   15 53  0     37.04    0.2972E+00     122.6    293.4
2015  9  6   249   15 54  0     36.96    0.2982E+00     122.5    293.3
2015  9  6   249   15 55  0     36.88    0.3000E+00     122.8    293.1
2015  9  6   249   15 56  0     36.80    0.3008E+00     122.5    293.0
2015  9  6   249   15 57  0     36.72    0.3013E+00     122.2    293.0
2015  9  6   249   15 58  0     36.64    0.3024E+00     122.3    293.0
2015  9  6   249   15 59  0     36.57    0.3029E+00     122.1    292.9
2015  9  6   249   16  0  0     36.49    0.3039E+00     122.0    292.6
2015  9  6   249   16  1  0     36.42    0.3061E+00     122.3    292.6
2015  9  6   249   16  2  0     36.34    0.3065E+00     122.2    292.6
2015  9  6   249   16  3  0     36.27    0.3082E+00     122.5    292.5
2015  9  6   249   16  4  0     36.20    0.3092E+00     122.3    292.4
2015  9  6   249   16  5  0     36.13    0.3103E+00     122.2    292.2
2015  9  6   249   16  6  0     36.06    0.3113E+00     122.2    292.1
2015  9  6   249   16  7  0     36.00    0.3103E+00     121.5    292.2
2015  9  6   249   16  8  0     35.93    0.3127E+00     122.4    292.3
2015  9  6   249   16  9  0     35.86    0.3145E+00     122.8    292.2
2015  9  6   249   16 10  0     35.80    0.3156E+00     122.8    292.1
2015  9  6   249   16 11  0     35.74    0.3161E+00     122.5    292.0
2015  9  6   249   16 12  0     35.68    0.3148E+00     121.6    291.9
2015  9  6   249   16 13  0     35.62    0.3166E+00     122.2    292.1
2015  9  6   249   16 14  0     35.56    0.3178E+00     122.3    291.9
2015  9  6   249   16 15  0     35.50    0.3194E+00     122.7    291.8
2015  9  6   249   16 16  0     35.45    0.3207E+00     122.9    291.8
2015  9  6   249   16 17  0     35.39    0.3216E+00     122.9    291.8
2015  9  6   249   16 18  0     35.34    0.3135E+00     119.2    289.8
2015  9  6   249   16 19  0     35.29    0.3230E+00     122.9    291.7
2015  9  6   249   16 20  0     35.24    0.3230E+00     122.5    291.6
2015  9  6   249   16 21  0     35.19    0.3252E+00     123.0    291.5
2015  9  6   249   16 22  0     35.14    0.3255E+00     122.9    291.5
2015  9  6   249   16 23  0     35.10    0.3253E+00     122.7    291.6
2015  9  6   249   16 24  0     35.05    0.3260E+00     122.6    291.4
2015  9  6   249   16 25  0     35.01    0.3269E+00     122.6    291.3
2015  9  6   249   16 26  0     34.97    0.3273E+00     122.6    291.1
2015  9  6   249   16 27  0     34.93    0.3283E+00     122.7    291.1
2015  9  6   249   16 28  0     34.89    0.3284E+00     122.6    291.1
2015  9  6   249   16 29  0     34.85    0.3303E+00     123.1    291.2
2015  9  6   249   16 30  0     34.81    0.3300E+00     122.9    291.2
2015  9  6   249   16 31  0     34.78    0.3299E+00     122.5    291.0
2015  9  6   249   16 32  0     34.74    0.3325E+00     123.4    291.1
2015  9  6   249   16 33  0     34.71    0.3333E+00     123.7    291.1
2015  9  6   249   16 34  0     34.68    0.3348E+00     124.2    291.2
2015  9  6   249   16 35  0     34.65    0.3353E+00     124.1    291.1
2015  9  6   249   16 36  0     34.63    0.3346E+00     123.5    291.0
2015  9  6   249   16 37  0     34.60    0.3358E+00     123.8    290.9
2015  9  6   249   16 38  0     34.57    0.3358E+00     123.7    290.9
2015  9  6   249   16 39  0     34.55    0.3300E+00     121.5    291.0
2015  9  6   249   16 40  0     34.53    0.3345E+00     122.8    290.9
2015  9  6   249   16 41  0     34.51    0.3344E+00     122.2    290.3
2015  9  6   249   16 42  0     34.49    0.3316E+00     121.5    290.9
2015  9  6   249   16 43  0     34.47    0.3357E+00     123.0    290.7
2015  9  6   249   16 44  0     34.45    0.3381E+00     123.8    290.7
2015  9  6   249   16 45  0     34.44    0.3386E+00     124.0    290.7
2015  9  6   249   16 46  0     34.43    0.3394E+00     124.2    290.6
2015  9  6   249   16 47  0     34.41    0.3397E+00     124.2    290.5
2015  9  6   249   16 48  0     34.40    0.3395E+00     123.9    290.5
2015  9  6   249   16 49  0     34.39    0.3377E+00     123.1    290.4
2015  9  6   249   16 50  0     34.39    0.3372E+00     122.8    290.5
2015  9  6   249   16 51  0     34.38    0.3378E+00     123.2    290.5
2015  9  6   249   16 52  0     34.38    0.3388E+00     123.5    290.5
2015  9  6   249   16 53  0     34.37    0.3396E+00     123.9    290.5
2015  9  6   249   16 54  0     34.37    0.3380E+00     123.3    290.3
2015  9  6   249   16 55  0     34.37    0.3402E+00     124.2    290.5
2015  9  6   249   16 56  0     34.37    0.3394E+00     123.6    290.4
2015  9  6   249   16 57  0     34.37    0.3390E+00     123.4    290.3
2015  9  6   249   16 58  0     34.38    0.3392E+00     123.5    290.3
2015  9  6   249   16 59  0     34.38    0.3398E+00     123.9    290.4
2015  9  6   249   17  0  0     34.39    0.3383E+00     123.4    290.2
2015  9  6   249   17  1  0     34.40    0.3381E+00     123.3    290.3
2015  9  6   249   17  2  0     34.41    0.3389E+00     123.5    290.1
2015  9  6   249   17  3  0     34.42    0.3387E+00     123.4    290.0
2015  9  6   249   17  4  0     34.43    0.3386E+00     123.5    290.1
2015  9  6   249   17  5  0     34.44    0.3372E+00     122.9    290.1
2015  9  6   249   17  6  0     34.46    0.3353E+00     122.3    290.1
2015  9  6   249   17  7  0     34.48    0.3362E+00     122.7    290.0
2015  9  6   249   17  8  0     34.50    0.3383E+00     123.6    290.0
2015  9  6   249   17  9  0     34.51    0.3380E+00     123.5    289.9
2015  9  6   249   17 10  0     34.54    0.3381E+00     123.8    290.1
2015  9  6   249   17 11  0     34.56    0.3382E+00     124.1    290.1
2015  9  6   249   17 12  0     34.58    0.3380E+00     124.0    290.0
2015  9  6   249   17 13  0     34.61    0.3376E+00     123.9    289.9
2015  9  6   249   17 14  0     34.63    0.3373E+00     123.9    289.9
2015  9  6   249   17 15  0     34.66    0.3370E+00     123.9    289.9
2015  9  6   249   17 16  0     34.69    0.3366E+00     124.0    289.9
2015  9  6   249   17 17  0     34.72    0.3365E+00     124.0    289.9
2015  9  6   249   17 18  0     34.75    0.3342E+00     123.5    289.9
2015  9  6   249   17 19  0     34.79    0.3351E+00     123.9    289.8
2015  9  6   249   17 20  0     34.83    0.3357E+00     124.2    289.8
2015  9  6   249   17 21  0     34.86    0.3358E+00     124.4    289.7
2015  9  6   249   17 22  0     34.90    0.3331E+00     123.7    290.0
2015  9  6   249   17 23  0     34.94    0.3352E+00     124.3    289.6
2015  9  6   249   17 24  0     34.98    0.3353E+00     124.5    289.5
2015  9  6   249   17 25  0     35.02    0.3346E+00     124.5    289.4
2015  9  6   249   17 26  0     35.07    0.3345E+00     124.6    289.4
2015  9  6   249   17 27  0     35.11    0.3332E+00     124.3    289.4
2015  9  6   249   17 28  0     35.16    0.3315E+00     123.8    289.4
2015  9  6   249   17 29  0     35.21    0.3298E+00     123.3    289.4
2015  9  6   249   17 30  0     35.26    0.3293E+00     123.3    289.2
2015  9  6   249   17 31  0     35.31    0.3288E+00     123.2    289.2
2015  9  6   249   17 32  0     35.36    0.3288E+00     123.5    289.1
2015  9  6   249   17 33  0     35.41    0.3291E+00     123.9    289.1
2015  9  6   249   17 34  0     35.47    0.3287E+00     124.1    289.1
2015  9  6   249   17 35  0     35.52    0.3288E+00     124.4    289.0
2015  9  6   249   17 36  0     35.58    0.3290E+00     124.8    289.0
2015  9  6   249   17 37  0     35.64    0.3276E+00     124.6    289.1
2015  9  6   249   17 38  0     35.70    0.3266E+00     124.5    289.1
2015  9  6   249   17 39  0     35.76    0.3266E+00     124.8    289.0
2015  9  6   249   17 40  0     35.82    0.3259E+00     124.8    289.0
2015  9  6   249   17 41  0     35.89    0.3250E+00     124.8    289.0
2015  9  6   249   17 42  0     35.95    0.3244E+00     124.8    289.0
2015  9  6   249   17 43  0     36.02    0.3240E+00     125.1    288.9
2015  9  6   249   17 44  0     36.08    0.3235E+00     125.2    288.9
2015  9  6   249   17 45  0     36.15    0.3232E+00     125.3    288.8
2015  9  6   249   17 46  0     36.22    0.3229E+00     125.6    288.8
2015  9  6   249   17 47  0     36.29    0.3211E+00     125.1    288.7
2015  9  6   249   17 48  0     36.37    0.3196E+00     124.9    288.7
2015  9  6   249   17 49  0     36.44    0.3188E+00     125.0    288.7
2015  9  6   249   17 50  0     36.51    0.3179E+00     125.0    288.6
2015  9  6   249   17 51  0     36.59    0.3176E+00     125.2    288.5
2015  9  6   249   17 52  0     36.67    0.3163E+00     125.0    288.5
2015  9  6   249   17 53  0     36.75    0.3153E+00     125.0    288.5
2015  9  6   249   17 54  0     36.83    0.3141E+00     124.9    288.5
2015  9  6   249   17 55  0     36.91    0.3131E+00     125.0    288.5
2015  9  6   249   17 56  0     36.99    0.3127E+00     125.2    288.5
2015  9  6   249   17 57  0     37.07    0.3123E+00     125.5    288.4
2015  9  6   249   17 58  0     37.16    0.3122E+00     125.8    288.3
2015  9  6   249   17 59  0     37.24    0.3109E+00     125.7    288.4
2015  9  6   249   18  0  0     37.33    0.3100E+00     125.9    288.4
2015  9  6   249   18  1  0     37.42    0.3080E+00     125.5    288.3
2015  9  6   249   18  2  0     37.50    0.3071E+00     125.5    288.3
2015  9  6   249   18  3  0     37.59    0.3055E+00     125.3    288.3
2015  9  6   249   18  4  0     37.68    0.3058E+00     126.0    288.3
2015  9  6   249   18  5  0     37.78    0.3061E+00     126.7    288.2
2015  9  6   249   18  6  0     37.87    0.3034E+00     125.8    288.0
2015  9  6   249   18  7  0     37.96    0.3042E+00     126.9    288.0
2015  9  6   249   18  8  0     38.06    0.3023E+00     126.4    288.0
2015  9  6   249   18  9  0     38.16    0.3006E+00     126.4    288.1
2015  9  6   249   18 10  0     38.25    0.2992E+00     126.2    288.1
2015  9  6   249   18 11  0     38.35    0.2999E+00     127.2    288.0
2015  9  6   249   18 12  0     38.45    0.3024E+00     129.0    287.8
2015  9  6   249   18 13  0     38.55    0.3001E+00     128.4    287.7
2015  9  6   249   18 14  0     38.65    0.2995E+00     128.9    287.8
2015  9  6   249   18 15  0     38.76    0.2974E+00     128.5    287.8
2015  9  6   249   18 16  0     38.86    0.2971E+00     129.0    287.7
2015  9  6   249   18 17  0     38.96    0.2966E+00     129.5    287.6
2015  9  6   249   18 18  0     39.07    0.2959E+00     129.6    287.5
2015  9  6   249   18 19  0     39.18    0.2939E+00     129.2    287.4
2015  9  6   249   18 20  0     39.28    0.2919E+00     129.0    287.5
2015  9  6   249   18 21  0     39.39    0.2903E+00     128.8    287.4
2015  9  6   249   18 22  0     39.50    0.2898E+00     129.3    287.4
2015  9  6   249   18 23  0     39.61    0.2889E+00     129.4    287.2
2015  9  6   249   18 24  0     39.72    0.2865E+00     128.8    287.1
2015  9  6   249   18 25  0     39.84    0.2854E+00     129.0    287.1
2015  9  6   249   18 26  0     39.95    0.2838E+00     128.8    287.0
2015  9  6   249   18 27  0     40.06    0.2835E+00     129.3    286.9
2015  9  6   249   18 28  0     40.18    0.2833E+00     130.1    286.9
2015  9  6   249   18 29  0     40.29    0.2810E+00     129.7    286.9
2015  9  6   249   18 30  0     40.41    0.2804E+00     130.4    286.9
2015  9  6   249   18 31  0     40.53    0.2794E+00     130.5    286.8
2015  9  6   249   18 32  0     40.65    0.2776E+00     130.3    286.7
2015  9  6   249   18 33  0     40.77    0.2760E+00     130.3    286.7
2015  9  6   249   18 34  0     40.89    0.2742E+00     130.1    286.7
2015  9  6   249   18 35  0     41.01    0.2736E+00     130.8    286.6
2015  9  6   249   18 36  0     41.13    0.2728E+00     131.2    286.5
2015  9  6   249   18 37  0     41.25    0.2712E+00     131.1    286.5
2015  9  6   249   18 38  0     41.38    0.2659E+00     128.5    286.4
2015  9  6   249   18 39  0     41.50    0.2678E+00     131.2    286.5
2015  9  6   249   18 40  0     41.63    0.2671E+00     131.8    286.3
2015  9  6   249   18 41  0     41.75    0.2655E+00     131.8    286.3
2015  9  6   249   18 42  0     41.88    0.2645E+00     132.0    286.2
2015  9  6   249   18 43  0     42.01    0.2617E+00     131.2    286.2
2015  9  6   249   18 44  0     42.14    0.2594E+00     130.8    286.1
2015  9  6   249   18 45  0     42.27    0.2546E+00     128.3    286.0
2015  9  6   249   18 46  0     42.39    0.2496E+00     125.8    286.0
2015  9  6   249   18 47  0     42.53    0.2504E+00     128.3    286.2
2015  9  6   249   18 48  0     42.66    0.2512E+00     130.3    286.2
2015  9  6   249   18 49  0     42.79    0.2456E+00     127.1    286.2
2015  9  6   249   18 50  0     42.92    0.2438E+00     127.3    286.2
2015  9  6   249   18 51  0     43.06    0.2403E+00     125.5    285.9
2015  9  6   249   18 52  0     43.19    0.2409E+00     128.0    286.1
2015  9  6   249   18 53  0     43.32    0.2399E+00     128.6    286.2
2015  9  6   249   18 54  0     43.46    0.2381E+00     128.7    286.2
2015  9  6   249   18 55  0     43.60    0.2355E+00     127.8    286.1
2015  9  6   249   18 56  0     43.73    0.2367E+00     130.2    286.1
2015  9  6   249   18 57  0     43.87    0.2351E+00     130.3    286.0
2015  9  6   249   18 58  0     44.01    0.2323E+00     129.6    286.1
2015  9  6   249   18 59  0     44.15    0.2291E+00     128.6    286.1
2015  9  6   249   19  0  0     44.29    0.2243E+00     125.9    285.9
2015  9  6   249   19  1  0     44.43    0.2163E+00     120.2    285.5
2015  9  6   249   19  2  0     44.57    0.2096E+00     116.0    285.5
2015  9  6   249   19  3  0     44.71    0.2056E+00     114.1    285.6
2015  9  6   249   19  4  0     44.85    0.2029E+00     113.1    285.6
2015  9  6   249   19  5  0     45.00    0.2042E+00     115.8    285.5
2015  9  6   249   19  6  0     45.14    0.2087E+00     121.8    285.7
2015  9  6   249   19  7  0     45.28    0.2093E+00     124.0    285.8
2015  9  6   249   19  8  0     45.43    0.2099E+00     126.5    286.0
2015  9  6   249   19  9  0     45.57    0.2116E+00     129.6    286.0
2015  9  6   249   19 10  0     45.72    0.2116E+00     130.8    285.8
2015  9  6   249   19 11  0     45.87    0.2107E+00     131.3    285.6
2015  9  6   249   19 12  0     46.02    0.2099E+00     132.3    285.6
2015  9  6   249   19 13  0     46.16    0.2090E+00     133.1    285.6
2015  9  6   249   19 14  0     46.31    0.2080E+00     133.7    285.5
2015  9  6   249   19 15  0     46.46    0.2020E+00     128.4    284.9
2015  9  6   249   19 16  0     46.61    0.1895E+00     118.1    284.8
2015  9  6   249   19 17  0     46.76    0.1852E+00     115.9    284.7
2015  9  6   249   19 18  0     46.91    0.1786E+00     111.2    284.7
2015  9  6   249   19 19  0     47.06    0.1817E+00     116.9    284.9
2015  9  6   249   19 20  0     47.21    0.1834E+00     120.7    285.1
2015  9  6   249   19 21  0     47.36    0.1832E+00     121.9    285.0
2015  9  6   249   19 22  0     47.52    0.1822E+00     122.3    284.9
2015  9  6   249   19 23  0     47.67    0.1786E+00     120.4    284.9
2015  9  6   249   19 24  0     47.83    0.1782E+00     122.1    284.9
2015  9  6   249   19 25  0     47.98    0.1790E+00     124.5    284.8
2015  9  6   249   19 26  0     48.13    0.1777E+00     124.5    284.7
2015  9  6   249   19 27  0     48.29    0.1768E+00     125.2    284.6
2015  9  6   249   19 28  0     48.45    0.1751E+00     125.0    284.5
2015  9  6   249   19 29  0     48.60    0.1738E+00     125.2    284.5
2015  9  6   249   19 30  0     48.76    0.1745E+00     128.0    284.5
2015  9  6   249   19 31  0     48.92    0.1736E+00     128.7    284.3
2015  9  6   249   19 32  0     49.07    0.1721E+00     128.3    284.1
2015  9  6   249   19 33  0     49.23    0.1699E+00     127.9    284.1
2015  9  6   249   19 34  0     49.39    0.1679E+00     127.6    284.1
2015  9  6   249   19 35  0     49.55    0.1672E+00     129.0    284.2
2015  9  6   249   19 36  0     49.71    0.1671E+00     130.7    284.0
2015  9  6   249   19 37  0     49.87    0.1649E+00     129.8    283.9
2015  9  6   249   19 38  0     50.03    0.1627E+00     128.7    283.6
2015  9  6   249   19 39  0     50.19    0.1604E+00     127.6    283.3
2015  9  6   249   19 40  0     50.35    0.1589E+00     128.0    283.3
2015  9  6   249   19 41  0     50.51    0.1573E+00     128.1    283.4
2015  9  6   249   19 42  0     50.68    0.1542E+00     126.0    283.2
2015  9  6   249   19 43  0     50.84    0.1511E+00     124.0    283.0
2015  9  6   249   19 44  0     51.00    0.1475E+00     121.2    282.7
2015  9  6   249   19 45  0     51.17    0.1458E+00     121.5    282.7
2015  9  6   249   19 46  0     51.33    0.1407E+00     116.1    282.4
2015  9  6   249   19 47  0     51.49    0.1369E+00     112.7    282.1
2015  9  6   249   19 48  0     51.66    0.1312E+00     106.5    281.8
2015  9  6   249   19 49  0     51.82    0.1360E+00     117.2    282.5
2015  9  6   249   19 50  0     51.99    0.1368E+00     120.7    282.5
2015  9  6   249   19 51  0     52.15    0.1399E+00     128.7    282.9
2015  9  6   249   19 52  0     52.32    0.1423E+00     134.8    282.8
2015  9  6   249   19 53  0     52.49    0.1383E+00     130.1    282.3
2015  9  6   249   19 54  0     52.65    0.1355E+00     128.4    282.2
2015  9  6   249   19 55  0     52.82    0.1351E+00     130.7    282.2
2015  9  6   249   19 56  0     52.99    0.1309E+00     125.9    281.7
2015  9  6   249   19 57  0     53.15    0.1251E+00     118.7    281.4
2015  9  6   249   19 58  0     53.32    0.1257E+00     123.2    281.5
2015  9  6   249   19 59  0     53.49    0.1200E+00     115.6    280.9
2015  9  6   249   20  0  0     53.66    0.1165E+00     112.8    280.9
2015  9  6   249   20  1  0     53.83    0.1155E+00     113.9    280.9
2015  9  6   249   20  2  0     54.00    0.1119E+00     110.2    280.5
2015  9  6   249   20  3  0     54.17    0.1096E+00     108.4    280.3
2015  9  6   249   20  4  0     54.34    0.1088E+00     110.1    280.4
2015  9  6   249   20  5  0     54.51    0.1053E+00     105.1    279.7
2015  9  6   249   20  6  0     54.68    0.1020E+00     101.7    279.6
2015  9  6   249   20  7  0     54.85    0.1042E+00     108.8    279.8
2015  9  6   249   20  8  0     55.02    0.1062E+00     115.8    280.1
2015  9  6   249   20  9  0     55.19    0.1065E+00     118.9    280.0
2015  9  6   249   20 10  0     55.37    0.1066E+00     121.2    279.9
2015  9  6   249   20 11  0     55.54    0.1074E+00     125.7    279.9
2015  9  6   249   20 12  0     55.71    0.1095E+00     133.0    280.1
2015  9  6   249   20 13  0     55.89    0.1095E+00     135.6    280.0
2015  9  6   249   20 14  0     56.06    0.1085E+00     135.6    279.6
2015  9  6   249   20 15  0     56.23    0.1075E+00     135.8    279.4
2015  9  6   249   20 16  0     56.41    0.1071E+00     137.5    279.1
2015  9  6   249   20 17  0     56.58    0.1069E+00     140.1    279.0
2015  9  6   249   20 18  0     56.75    0.1078E+00     145.2    279.0
2015  9  6   249   20 19  0     56.93    0.1056E+00     142.6    278.5
2015  9  6   249   20 20  0     57.10    0.1035E+00     140.7    278.0
2015  9  6   249   20 21  0     57.28    0.1012E+00     137.8    277.6
2015  9  6   249   20 22  0     57.45    0.9842E-01     133.8    277.4
2015  9  6   249   20 23  0     57.63    0.9795E-01     136.7    277.5
2015  9  6   249   20 24  0     57.81    0.9812E-01     141.0    277.4
2015  9  6   249   20 25  0     57.98    0.9672E-01     140.5    277.1
2015  9  6   249   20 26  0     58.16    0.9504E-01     139.6    276.5
2015  9  6   249   20 27  0     58.34    0.9340E-01     138.6    276.1
2015  9  6   249   20 28  0     58.51    0.9279E-01     141.2    276.1
2015  9  6   249   20 29  0     58.69    0.9219E-01     143.4    276.4
2015  9  6   249   20 30  0     58.87    0.9064E-01     142.7    276.1
2015  9  6   249   20 31  0     59.05    0.8942E-01     143.3    275.3
2015  9  6   249   20 32  0     59.22    0.8809E-01     143.6    275.1
2015  9  6   249   20 33  0     59.40    0.8660E-01     143.3    274.8
2015  9  6   249   20 34  0     59.58    0.8552E-01     144.7    274.7
2015  9  6   249   20 35  0     59.76    0.8392E-01     144.0    275.2
2015  9  6   249   20 36  0     59.94    0.8185E-01     141.9    274.9
2015  9  6   249   20 37  0     60.12    0.7936E-01     137.9    273.5
2015  9  6   249   20 38  0     60.30    0.7687E-01     133.9    273.0
2015  9  6   249   20 39  0     60.48    0.7467E-01     130.5    272.4
2015  9  6   249   20 40  0     60.65    0.7041E-01     118.7    271.0
2015  9  6   249   20 41  0     60.84    0.6696E-01     111.2    270.4
2015  9  6   249   20 42  0     61.02    0.6907E-01     125.4    271.2
2015  9  6   249   20 43  0     61.20    0.6746E-01     123.8    270.9
2015  9  6   249   20 44  0     61.38    0.6749E-01     129.4    271.1
2015  9  6   249   20 45  0     61.56    0.6466E-01     121.7    270.2
2015  9  6   249   20 46  0     61.74    0.6063E-01     108.7    268.7
2015  9  6   249   20 47  0     61.92    0.5974E-01     110.6    268.7
2015  9  6   249   20 48  0     62.10    0.6041E-01     119.3    269.3
2015  9  6   249   20 49  0     62.28    0.6036E-01     124.5    269.5
2015  9  6   249   20 50  0     62.46    0.6029E-01     129.7    269.7
2015  9  6   249   20 51  0     62.65    0.5906E-01     128.6    269.4
2015  9  6   249   20 52  0     62.83    0.5856E-01     132.0    269.5
2015  9  6   249   20 53  0     63.01    0.5795E-01     134.2    269.3
2015  9  6   249   20 54  0     63.19    0.5693E-01     134.1    269.0
2015  9  6   249   20 55  0     63.37    0.5556E-01     131.9    268.5
2015  9  6   249   20 56  0     63.56    0.5442E-01     131.4    268.1
2015  9  6   249   20 57  0     63.74    0.5378E-01     133.7    268.0
2015  9  6   249   20 58  0     63.92    0.5295E-01     134.8    267.8
2015  9  6   249   20 59  0     64.11    0.5189E-01     134.7    267.5
2015  9  6   249   21  0  0     64.29    0.5150E-01     138.4    267.5
2015  9  6   249   21  1  0     64.47    0.5035E-01     137.1    267.1
2015  9  6   249   21  2  0     64.66    0.4893E-01     133.5    266.4
2015  9  6   249   21  3  0     64.84    0.4698E-01     126.4    265.5
2015  9  6   249   21  4  0     65.03    0.4586E-01     125.1    264.9
2015  9  6   249   21  5  0     65.21    0.4459E-01     122.1    264.4
2015  9  6   249   21  6  0     65.39    0.4316E-01     117.5    263.6
2015  9  6   249   21  7  0     65.58    0.4268E-01     121.1    263.7
2015  9  6   249   21  8  0     65.76    0.4231E-01     125.1    263.7
2015  9  6   249   21  9  0     65.95    0.4165E-01     126.4    263.4
2015  9  6   249   21 10  0     66.13    0.4040E-01     122.7    262.8
2015  9  6   249   21 11  0     66.32    0.3928E-01     120.1    262.1
2015  9  6   249   21 12  0     66.50    0.3863E-01     121.7    261.9
2015  9  6   249   21 13  0     66.69    0.3782E-01     121.6    261.6
2015  9  6   249   21 14  0     66.87    0.3749E-01     126.3    261.5
2015  9  6   249   21 15  0     67.06    0.3666E-01     125.5    261.1
2015  9  6   249   21 16  0     67.24    0.3593E-01     126.1    261.0
2015  9  6   249   21 17  0     67.43    0.3557E-01     129.5    260.7
2015  9  6   249   21 18  0     67.61    0.3426E-01     122.7    259.8
2015  9  6   249   21 19  0     67.80    0.3342E-01     121.0    259.2
2015  9  6   249   21 20  0     67.99    0.3285E-01     123.0    259.0
2015  9  6   249   21 21  0     68.17    0.3226E-01     124.0    258.7
2015  9  6   249   21 22  0     68.36    0.3171E-01     125.5    258.3
2015  9  6   249   21 23  0     68.55    0.3080E-01     122.6    257.8
2015  9  6   249   21 24  0     68.73    0.2984E-01     118.5    257.0
2015  9  6   249   21 25  0     68.92    0.2890E-01     113.9    256.0
2015  9  6   249   21 26  0     69.11    0.2778E-01     106.9    253.8
2015  9  6   249   21 27  0     69.29    0.2671E-01     101.4    252.7
2015  9  6   249   21 28  0     69.48    0.2664E-01     111.3    253.5
2015  9  6   249   21 29  0     69.67    0.2606E-01     112.3    253.1
2015  9  6   249   21 30  0     69.85    0.2545E-01     113.9    254.2
2015  9  6   249   21 31  0     70.04    0.2524E-01     121.5    253.4
2015  9  6   249   21 32  0     70.23    0.2490E-01     127.0    253.4
2015  9  6   249   21 33  0     70.42    0.2446E-01     131.1    253.5
2015  9  6   249   21 34  0     70.60    0.2399E-01     133.9    253.4
2015  9  6   249   21 35  0     70.79    0.2358E-01     138.4    254.4
2015  9  6   249   21 36  0     70.98    0.2307E-01     140.4    254.1
2015  9  6   249   21 37  0     71.16    0.2256E-01     142.1    252.6
2015  9  6   249   21 38  0     71.35    0.2194E-01     140.7    252.0
2015  9  6   249   21 39  0     71.54    0.2131E-01     138.5    251.0
2015  9  6   249   21 40  0     71.73    0.2069E-01     136.3    250.1
2015  9  6   249   21 41  0     71.92    0.2003E-01     133.7    249.3
2015  9  6   249   21 42  0     72.10    0.1954E-01     134.6    248.7
2015  9  6   249   21 43  0     72.29    0.1897E-01     132.3    247.6
2015  9  6   249   21 44  0     72.48    0.1841E-01     131.7    247.2
2015  9  6   249   21 45  0     72.67    0.1792E-01     131.7    246.3
2015  9  6   249   21 46  0     72.86    0.1735E-01     127.7    245.1
2015  9  6   249   21 47  0     73.05    0.1688E-01     128.4    244.5
2015  9  6   249   21 48  0     73.23    0.1646E-01     130.7    244.2
2015  9  6   249   21 49  0     73.42    0.1601E-01     131.4    243.6
2015  9  6   249   21 50  0     73.61    0.1566E-01     135.1    243.1
2015  9  6   249   21 51  0     73.80    0.1538E-01     142.2    243.1
2015  9  6   249   21 52  0     73.99    0.1502E-01     145.4    242.5
2015  9  6   249   21 53  0     74.18    0.1461E-01     147.0    242.3
2015  9  6   249   21 54  0     74.37    0.1427E-01     150.0    241.6
2015  9  6   249   21 55  0     74.56    0.1384E-01     146.9    240.5
2015  9  6   249   21 56  0     74.75    0.1343E-01     144.7    239.2
2015  9  6   249   21 57  0     74.93    0.1302E-01     143.7    238.5
2015  9  6   249   21 58  0     75.12    0.1262E-01     141.6    237.1
2015  9  6   249   21 59  0     75.31    0.1219E-01     136.6    235.8
2015  9  6   249   22  0  0     75.50    0.1175E-01     131.1    234.3
2015  9  6   249   22  1  0     75.69    0.1136E-01     126.8    232.5
2015  9  6   249   22  2  0     75.88    0.1102E-01     129.4    233.1
2015  9  6   249   22  3  0     76.07    0.1071E-01     133.7    231.4
2015  9  6   249   22  4  0     76.26    0.1042E-01     136.3    230.5
2015  9  6   249   22  5  0     76.45    0.1013E-01     137.5    229.3
2015  9  6   249   22  6  0     76.64    0.9837E-02     136.8    227.9
2015  9  6   249   22  7  0     76.83    0.9531E-02     138.5    227.3
2015  9  6   249   22  8  0     77.02    0.9260E-02     142.5    226.5
2015  9  6   249   22  9  0     77.20    0.8988E-02     145.9    225.6
2015  9  6   249   22 10  0     77.39    0.8703E-02     149.5    225.1
2015  9  6   249   22 11  0     77.58    0.8434E-02     149.5    223.4
2015  9  6   249   22 12  0     77.77    0.8161E-02     151.3    222.2
2015  9  6   249   22 13  0     77.96    0.7909E-02     153.9    220.7
2015  9  6   249   22 14  0     78.15    0.7635E-02     154.7    219.8
2015  9  6   249   22 15  0     78.34    0.7374E-02     154.6    218.6
2015  9  6   249   22 16  0     78.53    0.7140E-02     154.1    216.5
2015  9  6   249   22 17  0     78.72    0.6895E-02     152.7    214.6
2015  9  6   249   22 18  0     78.91    0.6662E-02     151.5    212.7
2015  9  6   249   22 19  0     79.10    0.6409E-02     147.4    210.7
2015  9  6   249   22 20  0     79.29    0.6176E-02     145.2    208.7
2015  9  6   249   22 21  0     79.48    0.5964E-02     145.1    207.0
2015  9  6   249   22 22  0     79.67    0.5762E-02     149.2    205.6
2015  9  6   249   22 23  0     79.86    0.5589E-02     153.9    203.4
2015  9  6   249   22 24  0     80.05    0.5400E-02     156.8    201.9
2015  9  6   249   22 25  0     80.24    0.5211E-02     158.0    200.5
2015  9  6   249   22 26  0     80.43    0.5047E-02     158.6    198.0
2015  9  6   249   22 27  0     80.62    0.4869E-02     159.5    196.3
2015  9  6   249   22 28  0     80.81    0.4696E-02     160.7    194.5
2015  9  6   249   22 29  0     81.00    0.4527E-02     161.7    192.9
2015  9  6   249   22 30  0     81.19    0.4378E-02     162.3    189.7
2015  9  6   249   22 31  0     81.38    0.4202E-02     163.4    188.8
2015  9  6   249   22 32  0     81.57    0.4073E-02     164.2    186.0
2015  9  6   249   22 33  0     81.75    0.3954E-02     165.7    182.7
2015  9  6   249   22 34  0     81.95    0.3797E-02     167.2    181.3
2015  9  6   249   22 35  0     82.13    0.3681E-02     168.5    178.3
2015  9  6   249   22 36  0     82.32    0.3545E-02     169.3    176.4
2015  9  6   249   22 37  0     82.51    0.3429E-02     170.4    173.4
2015  9  6   249   22 38  0     82.70    0.3314E-02     171.5    170.5
2015  9  6   249   22 39  0     82.89    0.3201E-02     172.4    167.8
2015  9  6   249   22 40  0     83.08    0.3093E-02     173.7    165.3
2015  9  6   249   22 41  0     83.27    0.2964E-02     174.4    164.0
2015  9  6   249   22 42  0     83.46    0.2874E-02     175.4    160.6
2015  9  6   249   22 43  0     83.65    0.2792E-02     176.5    156.5
2015  9  6   249   22 44  0     83.84    0.2704E-02     178.1    153.4
2015  9  6   249   22 45  0     84.03    0.2607E-02     179.0    150.9
2015  9  6   249   22 46  0     84.22    0.2521E-02     178.4    148.3
2015  9  6   249   22 47  0     84.41    0.2447E-02     178.5    144.8
2015  9  6   249   22 48  0     84.60    0.2352E-02     180.5    143.1
2015  9  6   249   22 49  0     84.78    0.2289E-02     183.1    138.8
2015  9  6   249   22 50  0     84.97    0.2203E-02     186.1    136.8
2015  9  6   249   22 51  0     85.16    0.2154E-02     188.4    133.3
2015  9  6   249   22 52  0     85.35    0.2087E-02     190.4    130.8
2015  9  6   249   22 53  0     85.54    0.2026E-02     192.6    127.8
2015  9  6   249   22 54  0     85.73    0.1976E-02     195.0    123.9
2015  9  6   249   22 55  0     85.92    0.1928E-02     197.5    119.9
2015  9  6   249   22 56  0     86.11    0.1892E-02     199.7    116.7
2015  9  6   249   22 57  0     86.30    0.1827E-02     201.6    115.5
2015  9  6   249   22 58  0     86.49    0.1778E-02     203.9    113.3
2015  9  6   249   22 59  0     86.68    0.1727E-02     206.3    111.2
2015  9  6   249   23  0  0     86.86    0.1687E-02     208.9    108.2
2015  9  6   249   23  1  0     87.05    0.1646E-02     211.7    105.9
2015  9  6   249   23  2  0     87.24    0.1599E-02     214.3    104.8
2015  9  6   249   23  3  0     87.43    0.1576E-02     216.5    101.8
2015  9  6   249   23  4  0     87.62    0.1540E-02     219.2     99.3
2015  9  6   249   23  5  0     87.81    0.1526E-02     222.4     95.4
2015  9  6   249   23  6  0     88.00    0.1473E-02     226.2     93.7
2015  9  6   249   23  7  0     88.18    0.1460E-02     228.7     91.3
2015  9  6   249   23  8  0     88.37    0.1433E-02     231.7     89.3
2015  9  6   249   23  9  0     88.56    0.1401E-02     235.2     87.4
2015  9  6   249   23 10  0     88.75    0.1378E-02     239.6     84.2
2015  9  6   249   23 11  0     88.94    0.1355E-02     244.5     81.0
2015  9  6   249   23 12  0     89.13    0.1339E-02     248.3     78.8
2015  9  6   249   23 13  0     89.31    0.1304E-02     252.1     78.4
2015  9  6   249   23 14  0     89.50    0.1298E-02     256.8     75.2
2015  9  6   249   23 15  0     89.69    0.1263E-02     262.8     73.7
2015  9  6   249   23 16  0     89.88    0.1261E-02     270.0     68.1
