                            NILUUV 115

Uvpro Version 2.0
Latitude :   40.74 (North)
Longitude:  -74.03  (West)
Calibration file: cf100603a.115
Height above sea level:    40.0  m
CLT derived from channel 5
CLT scale factor used:   1.0
Ozone derived from channel pair ch3/ch1
Ozone scale factor used:   1.0
Drift factors ch1-ch6:   0.354  0.341  0.506  0.512  0.324  0.898
Ozone profile climatology: Mid  Latitude
Dose type:    CLW    Caldwell Plant 1971           

yyyy mm dd   jul   hh mm ss      SZA     dose rate       clt     Ozone
                              [degrees]   [W/m^2]        [%]     [DU]
2020  8 29   242   10 26  0     89.95    0.1147E-02      47.2     14.9
2020  8 29   242   10 27  0     89.76    0.1157E-02      42.6     14.9
2020  8 29   242   10 28  0     89.58    0.1164E-02      40.4     15.5
2020  8 29   242   10 29  0     89.39    0.1150E-02      42.3     18.0
2020  8 29   242   10 30  0     89.20    0.1169E-02      49.2     21.3
2020  8 29   242   10 31  0     89.02    0.1190E-02      57.9     24.8
2020  8 29   242   10 32  0     88.83    0.1207E-02      63.7     28.1
2020  8 29   242   10 33  0     88.65    0.1235E-02      66.3     30.6
2020  8 29   242   10 34  0     88.46    0.1257E-02      66.9     32.8
2020  8 29   242   10 35  0     88.28    0.1265E-02      65.7     34.6
2020  8 29   242   10 36  0     88.09    0.1226E-02      62.6     36.6
2020  8 29   242   10 37  0     87.90    0.1256E-02      60.9     38.4
2020  8 29   242   10 38  0     87.72    0.1250E-02      56.1     39.1
2020  8 29   242   10 39  0     87.53    0.1245E-02      52.5     40.0
2020  8 29   242   10 40  0     87.34    0.1240E-02      50.4     41.5
2020  8 29   242   10 41  0     87.16    0.1267E-02      53.2     44.7
2020  8 29   242   10 42  0     86.97    0.1288E-02      57.6     49.2
2020  8 29   242   10 43  0     86.78    0.1319E-02      59.1     52.4
2020  8 29   242   10 44  0     86.60    0.1317E-02      58.3     55.5
2020  8 29   242   10 45  0     86.41    0.1331E-02      55.9     57.0
2020  8 29   242   10 46  0     86.22    0.1373E-02      57.0     60.3
2020  8 29   242   10 47  0     86.04    0.1415E-02      59.6     64.2
2020  8 29   242   10 48  0     85.85    0.1408E-02      55.6     65.6
2020  8 29   242   10 49  0     85.66    0.1422E-02      50.4     65.4
2020  8 29   242   10 50  0     85.47    0.1445E-02      50.6     68.6
2020  8 29   242   10 51  0     85.29    0.1508E-02      57.8     76.3
2020  8 29   242   10 52  0     85.10    0.1601E-02      61.9     80.4
2020  8 29   242   10 53  0     84.91    0.1591E-02      60.5     82.5
2020  8 29   242   10 54  0     84.72    0.1568E-02      59.3     85.8
2020  8 29   242   10 55  0     84.54    0.1581E-02      54.9     85.2
2020  8 29   242   10 56  0     84.35    0.1548E-02      49.4     84.9
2020  8 29   242   10 57  0     84.16    0.1556E-02      47.5     86.4
2020  8 29   242   10 58  0     83.97    0.1583E-02      46.7     88.3
2020  8 29   242   10 59  0     83.78    0.1600E-02      46.5     91.7
2020  8 29   242   11  0  0     83.60    0.1632E-02      43.7     91.6
2020  8 29   242   11  1  0     83.41    0.1566E-02      39.2     92.2
2020  8 29   242   11  2  0     83.22    0.1566E-02      36.1     91.5
2020  8 29   242   11  3  0     83.03    0.1599E-02      37.0     95.2
2020  8 29   242   11  4  0     82.84    0.1681E-02      39.7    100.2
2020  8 29   242   11  5  0     82.66    0.1799E-02      46.4    107.6
2020  8 29   242   11  6  0     82.47    0.1921E-02      53.4    114.9
2020  8 29   242   11  7  0     82.28    0.2040E-02      59.3    120.9
2020  8 29   242   11  8  0     82.09    0.2114E-02      62.6    125.5
2020  8 29   242   11  9  0     81.90    0.2144E-02      63.1    128.4
2020  8 29   242   11 10  0     81.71    0.2226E-02      66.2    132.7
2020  8 29   242   11 11  0     81.52    0.2351E-02      71.9    138.0
2020  8 29   242   11 12  0     81.33    0.2405E-02      74.1    141.8
2020  8 29   242   11 13  0     81.15    0.2409E-02      72.3    143.0
2020  8 29   242   11 14  0     80.96    0.2381E-02      69.6    145.3
2020  8 29   242   11 15  0     80.77    0.2434E-02      68.2    147.0
2020  8 29   242   11 16  0     80.58    0.2564E-02      70.4    151.0
2020  8 29   242   11 17  0     80.39    0.2706E-02      73.8    157.4
2020  8 29   242   11 18  0     80.20    0.2841E-02      76.0    160.7
2020  8 29   242   11 19  0     80.01    0.3007E-02      79.8    165.8
2020  8 29   242   11 20  0     79.82    0.3243E-02      84.2    171.8
2020  8 29   242   11 21  0     79.64    0.3501E-02      87.8    177.0
2020  8 29   242   11 22  0     79.45    0.3549E-02      86.3    179.7
2020  8 29   242   11 23  0     79.26    0.3421E-02      78.7    178.0
2020  8 29   242   11 24  0     79.07    0.3264E-02      70.4    174.9
2020  8 29   242   11 25  0     78.88    0.3083E-02      63.3    175.8
2020  8 29   242   11 26  0     78.69    0.3065E-02      59.7    175.7
2020  8 29   242   11 27  0     78.50    0.3053E-02      57.2    177.5
2020  8 29   242   11 28  0     78.31    0.2978E-02      52.3    175.5
2020  8 29   242   11 29  0     78.12    0.2806E-02      45.5    171.9
2020  8 29   242   11 30  0     77.93    0.2627E-02      39.1    168.0
2020  8 29   242   11 31  0     77.74    0.2567E-02      36.1    167.9
2020  8 29   242   11 32  0     77.55    0.2617E-02      35.0    169.0
2020  8 29   242   11 33  0     77.37    0.2628E-02      33.2    170.4
2020  8 29   242   11 34  0     77.18    0.2626E-02      30.6    169.8
2020  8 29   242   11 35  0     76.99    0.2584E-02      27.5    167.9
2020  8 29   242   11 36  0     76.80    0.2482E-02      23.8    165.4
2020  8 29   242   11 37  0     76.61    0.2324E-02      20.3    162.8
2020  8 29   242   11 38  0     76.42    0.2269E-02      17.9    159.6
2020  8 29   242   11 39  0     76.23    0.2290E-02      17.3    160.8
2020  8 29   242   11 40  0     76.04    0.2417E-02      18.1    164.5
2020  8 29   242   11 41  0     75.85    0.2458E-02      17.8    167.0
2020  8 29   242   11 42  0     75.66    0.2618E-02      18.9    171.4
2020  8 29   242   11 43  0     75.47    0.2792E-02      20.4    178.0
2020  8 29   242   11 44  0     75.28    0.2686E-02      18.0    173.3
2020  8 29   242   11 45  0     75.09    0.2671E-02      17.7    176.5
2020  8 29   242   11 46  0     74.90    0.3048E-02      21.2    186.0
2020  8 29   242   11 47  0     74.72    0.3356E-02      23.8    192.8
2020  8 29   242   11 48  0     74.53    0.3832E-02      27.5    200.3
2020  8 29   242   11 49  0     74.34    0.3910E-02      27.1    201.4
2020  8 29   242   11 50  0     74.15    0.4252E-02      29.3    205.3
2020  8 29   242   11 51  0     73.96    0.5214E-02      37.1    215.7
2020  8 29   242   11 52  0     73.77    0.5458E-02      38.1    217.7
2020  8 29   242   11 53  0     73.58    0.5436E-02      37.5    218.4
2020  8 29   242   11 54  0     73.39    0.5181E-02      34.1    215.8
2020  8 29   242   11 55  0     73.20    0.4613E-02      28.4    211.2
2020  8 29   242   11 56  0     73.01    0.4967E-02      29.9    215.5
2020  8 29   242   11 57  0     72.82    0.6216E-02      37.4    224.2
2020  8 29   242   11 58  0     72.63    0.7189E-02      42.9    228.6
2020  8 29   242   11 59  0     72.44    0.8045E-02      46.8    231.4
2020  8 29   242   12  0  0     72.26    0.8725E-02      49.9    234.1
2020  8 29   242   12  1  0     72.07    0.9383E-02      53.5    236.9
2020  8 29   242   12  2  0     71.88    0.1068E-01      60.7    240.2
2020  8 29   242   12  3  0     71.69    0.1252E-01      70.3    243.2
2020  8 29   242   12  4  0     71.50    0.1343E-01      73.6    244.4
2020  8 29   242   12  5  0     71.31    0.1376E-01      73.0    244.9
2020  8 29   242   12  6  0     71.12    0.1306E-01      66.3    244.5
2020  8 29   242   12  7  0     70.93    0.1177E-01      56.7    242.6
2020  8 29   242   12  8  0     70.74    0.1070E-01      49.7    241.8
2020  8 29   242   12  9  0     70.56    0.9555E-02      42.2    239.9
2020  8 29   242   12 10  0     70.37    0.9980E-02      42.7    241.3
2020  8 29   242   12 11  0     70.18    0.1064E-01      44.1    242.3
2020  8 29   242   12 12  0     69.99    0.1008E-01      40.8    242.1
2020  8 29   242   12 13  0     69.80    0.1036E-01      40.8    242.2
2020  8 29   242   12 14  0     69.61    0.1093E-01      41.8    242.7
2020  8 29   242   12 15  0     69.43    0.1044E-01      38.6    241.4
2020  8 29   242   12 16  0     69.24    0.1281E-01      48.2    245.2
2020  8 29   242   12 17  0     69.05    0.1589E-01      60.5    247.6
2020  8 29   242   12 18  0     68.86    0.1729E-01      66.2    249.8
2020  8 29   242   12 19  0     68.67    0.1986E-01      76.4    251.9
2020  8 29   242   12 20  0     68.48    0.2105E-01      81.8    253.4
2020  8 29   242   12 21  0     68.30    0.2024E-01      79.0    254.3
2020  8 29   242   12 22  0     68.11    0.1801E-01      69.2    254.0
2020  8 29   242   12 23  0     67.92    0.1486E-01      55.2    253.7
2020  8 29   242   12 24  0     67.73    0.1311E-01      46.5    251.9
2020  8 29   242   12 25  0     67.55    0.1417E-01      48.6    253.6
2020  8 29   242   12 26  0     67.36    0.1568E-01      52.5    255.6
2020  8 29   242   12 27  0     67.17    0.1736E-01      56.9    256.7
2020  8 29   242   12 28  0     66.98    0.1741E-01      55.2    257.1
2020  8 29   242   12 29  0     66.80    0.1628E-01      50.1    257.4
2020  8 29   242   12 30  0     66.61    0.1454E-01      43.1    257.0
2020  8 29   242   12 31  0     66.42    0.1310E-01      37.3    256.0
2020  8 29   242   12 32  0     66.23    0.1202E-01      32.8    255.3
2020  8 29   242   12 33  0     66.05    0.1157E-01      30.3    255.2
2020  8 29   242   12 34  0     65.86    0.1169E-01      29.5    256.0
2020  8 29   242   12 35  0     65.67    0.1284E-01      31.6    257.7
2020  8 29   242   12 36  0     65.49    0.1398E-01      33.5    258.0
2020  8 29   242   12 37  0     65.30    0.1429E-01      33.2    257.8
2020  8 29   242   12 38  0     65.11    0.1393E-01      31.3    256.4
2020  8 29   242   12 39  0     64.93    0.1438E-01      31.5    257.2
2020  8 29   242   12 40  0     64.74    0.1406E-01      29.6    256.1
2020  8 29   242   12 41  0     64.55    0.1430E-01      29.4    256.3
2020  8 29   242   12 42  0     64.37    0.1411E-01      28.2    255.0
2020  8 29   242   12 43  0     64.18    0.1409E-01      27.6    254.7
2020  8 29   242   12 44  0     64.00    0.1456E-01      28.1    255.7
2020  8 29   242   12 45  0     63.81    0.1457E-01      27.8    256.1
2020  8 29   242   12 46  0     63.62    0.1403E-01      26.4    256.1
2020  8 29   242   12 47  0     63.44    0.1356E-01      25.3    255.2
2020  8 29   242   12 48  0     63.25    0.1403E-01      26.3    257.1
2020  8 29   242   12 49  0     63.07    0.1642E-01      30.9    259.8
2020  8 29   242   12 50  0     62.88    0.1697E-01      31.4    259.9
2020  8 29   242   12 51  0     62.70    0.1702E-01      31.3    260.8
2020  8 29   242   12 52  0     62.51    0.1902E-01      34.9    262.8
2020  8 29   242   12 53  0     62.33    0.1897E-01      34.2    263.7
2020  8 29   242   12 54  0     62.14    0.1638E-01      28.8    263.5
2020  8 29   242   12 55  0     61.96    0.1456E-01      24.8    263.2
2020  8 29   242   12 56  0     61.77    0.1246E-01      20.1    260.7
2020  8 29   242   12 57  0     61.59    0.1102E-01      17.0    259.1
2020  8 29   242   12 58  0     61.40    0.1360E-01      20.8    261.5
2020  8 29   242   12 59  0     61.22    0.1571E-01      23.7    262.5
2020  8 29   242   13  0  0     61.04    0.1730E-01      26.0    263.7
2020  8 29   242   13  1  0     60.85    0.1835E-01      27.2    264.2
2020  8 29   242   13  2  0     60.67    0.1863E-01      27.0    264.6
2020  8 29   242   13  3  0     60.49    0.2110E-01      29.8    265.2
2020  8 29   242   13  4  0     60.30    0.2175E-01      29.8    264.5
2020  8 29   242   13  5  0     60.12    0.2349E-01      31.3    264.7
2020  8 29   242   13  6  0     59.94    0.2114E-01      26.8    262.3
2020  8 29   242   13  7  0     59.75    0.2180E-01      27.1    262.6
2020  8 29   242   13  8  0     59.57    0.2934E-01      36.0    263.7
2020  8 29   242   13  9  0     59.39    0.3385E-01      40.4    263.0
2020  8 29   242   13 10  0     59.21    0.3489E-01      40.8    262.8
2020  8 29   242   13 11  0     59.03    0.3288E-01      37.5    262.2
2020  8 29   242   13 12  0     58.84    0.2892E-01      32.4    261.9
2020  8 29   242   13 13  0     58.66    0.2549E-01      28.2    261.1
2020  8 29   242   13 14  0     58.48    0.2494E-01      27.4    261.7
2020  8 29   242   13 15  0     58.30    0.2991E-01      32.3    262.9
2020  8 29   242   13 16  0     58.12    0.3743E-01      39.1    262.5
2020  8 29   242   13 17  0     57.94    0.3824E-01      39.9    263.0
2020  8 29   242   13 18  0     57.76    0.4261E-01      44.5    263.5
2020  8 29   242   13 19  0     57.57    0.5136E-01      52.3    263.3
2020  8 29   242   13 20  0     57.39    0.5796E-01      57.0    262.5
2020  8 29   242   13 21  0     57.21    0.5404E-01      52.5    262.2
2020  8 29   242   13 22  0     57.03    0.5059E-01      49.9    263.0
2020  8 29   242   13 23  0     56.85    0.5243E-01      54.5    263.9
2020  8 29   242   13 24  0     56.67    0.4862E-01      49.7    264.2
2020  8 29   242   13 25  0     56.50    0.5997E-01      59.3    264.7
2020  8 29   242   13 26  0     56.32    0.5945E-01      58.9    264.6
2020  8 29   242   13 27  0     56.14    0.4782E-01      47.0    264.4
2020  8 29   242   13 28  0     55.96    0.4127E-01      39.7    265.1
2020  8 29   242   13 29  0     55.78    0.3735E-01      34.8    264.4
2020  8 29   242   13 30  0     55.60    0.3226E-01      29.3    264.7
2020  8 29   242   13 31  0     55.42    0.3086E-01      27.7    265.5
2020  8 29   242   13 32  0     55.25    0.3372E-01      30.3    266.3
2020  8 29   242   13 33  0     55.07    0.3150E-01      27.8    266.8
2020  8 29   242   13 34  0     54.89    0.3575E-01      31.3    268.0
2020  8 29   242   13 35  0     54.71    0.4471E-01      39.3    268.9
2020  8 29   242   13 36  0     54.54    0.4215E-01      36.4    268.1
2020  8 29   242   13 37  0     54.36    0.4071E-01      34.6    268.4
2020  8 29   242   13 38  0     54.18    0.3816E-01      31.9    268.1
2020  8 29   242   13 39  0     54.01    0.3901E-01      33.8    270.3
2020  8 29   242   13 40  0     53.83    0.4813E-01      41.6    270.6
2020  8 29   242   13 41  0     53.66    0.4031E-01      34.2    270.3
2020  8 29   242   13 42  0     53.48    0.4700E-01      40.7    272.2
2020  8 29   242   13 43  0     53.31    0.5586E-01      48.7    272.8
2020  8 29   242   13 44  0     53.13    0.5205E-01      44.7    272.2
2020  8 29   242   13 45  0     52.96    0.4522E-01      38.4    272.7
2020  8 29   242   13 46  0     52.78    0.4292E-01      35.3    272.7
2020  8 29   242   13 47  0     52.61    0.4211E-01      33.5    273.0
2020  8 29   242   13 48  0     52.44    0.4166E-01      32.3    272.7
2020  8 29   242   13 49  0     52.26    0.3869E-01      29.4    273.2
2020  8 29   242   13 50  0     52.09    0.3863E-01      28.3    272.7
2020  8 29   242   13 51  0     51.92    0.3400E-01      23.7    272.4
2020  8 29   242   13 52  0     51.74    0.3564E-01      24.3    273.1
2020  8 29   242   13 53  0     51.57    0.3717E-01      25.0    272.6
2020  8 29   242   13 54  0     51.40    0.3536E-01      23.5    272.1
2020  8 29   242   13 55  0     51.23    0.3836E-01      25.6    272.2
2020  8 29   242   13 56  0     51.06    0.4125E-01      28.4    272.1
2020  8 29   242   13 57  0     50.89    0.3773E-01      26.0    271.7
2020  8 29   242   13 58  0     50.72    0.3812E-01      26.0    272.1
2020  8 29   242   13 59  0     50.55    0.4026E-01      26.8    271.7
2020  8 29   242   14  0  0     50.38    0.3737E-01      24.8    271.6
2020  8 29   242   14  1  0     50.21    0.3432E-01      22.7    271.7
2020  8 29   242   14  2  0     50.04    0.4163E-01      27.6    272.8
2020  8 29   242   14  3  0     49.87    0.4342E-01      27.1    271.1
2020  8 29   242   14  4  0     49.70    0.3509E-01      21.5    271.1
2020  8 29   242   14  5  0     49.53    0.3015E-01      18.2    271.1
2020  8 29   242   14  6  0     49.36    0.2915E-01      17.4    271.8
2020  8 29   242   14  7  0     49.20    0.3240E-01      19.9    272.1
2020  8 29   242   14  8  0     49.03    0.3071E-01      18.9    272.4
2020  8 29   242   14  9  0     48.86    0.2935E-01      18.3    273.6
2020  8 29   242   14 10  0     48.70    0.3797E-01      24.0    277.7
2020  8 29   242   14 11  0     48.53    0.7993E-01      50.5    279.0
2020  8 29   242   14 12  0     48.37    0.1145E+00      71.7    278.2
2020  8 29   242   14 13  0     48.20    0.1217E+00      75.1    278.7
2020  8 29   242   14 14  0     48.04    0.1224E+00      74.1    279.7
2020  8 29   242   14 15  0     47.87    0.1237E+00      74.0    280.1
2020  8 29   242   14 16  0     47.71    0.1138E+00      66.7    280.2
2020  8 29   242   14 17  0     47.55    0.9660E-01      56.0    280.6
2020  8 29   242   14 18  0     47.38    0.8495E-01      48.3    280.9
2020  8 29   242   14 19  0     47.22    0.7871E-01      44.2    281.1
2020  8 29   242   14 20  0     47.06    0.7473E-01      41.5    281.2
2020  8 29   242   14 21  0     46.90    0.6691E-01      36.6    280.6
2020  8 29   242   14 22  0     46.74    0.5641E-01      30.6    281.0
2020  8 29   242   14 23  0     46.58    0.5373E-01      28.8    281.0
2020  8 29   242   14 24  0     46.42    0.4899E-01      26.0    280.7
2020  8 29   242   14 25  0     46.26    0.4810E-01      25.4    281.4
2020  8 29   242   14 26  0     46.10    0.4757E-01      25.1    281.0
2020  8 29   242   14 27  0     45.94    0.4285E-01      22.7    281.1
2020  8 29   242   14 28  0     45.78    0.4711E-01      25.1    282.4
2020  8 29   242   14 29  0     45.62    0.5384E-01      28.7    282.1
2020  8 29   242   14 30  0     45.46    0.5277E-01      27.7    281.6
2020  8 29   242   14 31  0     45.31    0.5299E-01      27.2    282.2
2020  8 29   242   14 32  0     45.15    0.5454E-01      27.5    282.7
2020  8 29   242   14 33  0     44.99    0.5645E-01      28.3    283.7
2020  8 29   242   14 34  0     44.84    0.5453E-01      27.0    284.5
2020  8 29   242   14 35  0     44.68    0.4974E-01      24.5    285.4
2020  8 29   242   14 36  0     44.53    0.4561E-01      22.5    287.1
2020  8 29   242   14 37  0     44.38    0.4620E-01      23.0    289.3
2020  8 29   242   14 38  0     44.22    0.4852E-01      24.3    291.6
2020  8 29   242   14 39  0     44.07    0.5626E-01      28.2    293.2
2020  8 29   242   14 40  0     43.92    0.5639E-01      28.0    293.0
2020  8 29   242   14 41  0     43.77    0.5356E-01      26.6    293.5
2020  8 29   242   14 42  0     43.61    0.5453E-01      27.0    293.7
2020  8 29   242   14 43  0     43.46    0.5184E-01      25.7    294.1
2020  8 29   242   14 44  0     43.31    0.5450E-01      26.9    294.1
2020  8 29   242   14 45  0     43.16    0.5451E-01      26.5    293.4
2020  8 29   242   14 46  0     43.01    0.5750E-01      27.4    292.8
2020  8 29   242   14 47  0     42.87    0.6941E-01      32.6    291.5
2020  8 29   242   14 48  0     42.72    0.7988E-01      37.0    290.6
2020  8 29   242   14 49  0     42.57    0.8696E-01      40.0    290.6
2020  8 29   242   14 50  0     42.42    0.8857E-01      40.3    290.4
2020  8 29   242   14 51  0     42.28    0.9062E-01      41.1    290.0
2020  8 29   242   14 52  0     42.13    0.9083E-01      41.0    289.2
2020  8 29   242   14 53  0     41.99    0.8438E-01      38.0    289.5
2020  8 29   242   14 54  0     41.84    0.7424E-01      33.5    291.2
2020  8 29   242   14 55  0     41.70    0.7211E-01      32.7    293.5
2020  8 29   242   14 56  0     41.56    0.7084E-01      32.2    295.5
2020  8 29   242   14 57  0     41.42    0.6594E-01      30.2    298.3
2020  8 29   242   14 58  0     41.28    0.6763E-01      31.3    300.3
2020  8 29   242   14 59  0     41.14    0.6383E-01      29.7    301.9
2020  8 29   242   15  0  0     41.00    0.6129E-01      28.9    305.2
2020  8 29   242   15  1  0     40.86    0.5985E-01      28.6    308.4
2020  8 29   242   15  2  0     40.72    0.5640E-01      26.9    310.2
2020  8 29   242   15  3  0     40.58    0.5095E-01      24.1    310.9
2020  8 29   242   15  4  0     40.44    0.4647E-01      21.7    310.6
2020  8 29   242   15  5  0     40.31    0.4407E-01      20.3    309.7
2020  8 29   242   15  6  0     40.17    0.4584E-01      20.8    309.2
2020  8 29   242   15  7  0     40.04    0.4567E-01      20.6    309.4
2020  8 29   242   15  8  0     39.90    0.4694E-01      21.4    312.0
2020  8 29   242   15  9  0     39.77    0.5048E-01      23.4    314.5
2020  8 29   242   15 10  0     39.64    0.5493E-01      25.6    316.0
2020  8 29   242   15 11  0     39.50    0.5668E-01      26.3    316.4
2020  8 29   242   15 12  0     39.37    0.5178E-01      24.0    317.2
2020  8 29   242   15 13  0     39.24    0.4790E-01      22.2    318.7
2020  8 29   242   15 14  0     39.11    0.4473E-01      21.0    322.0
2020  8 29   242   15 15  0     38.99    0.5033E-01      24.1    326.0
2020  8 29   242   15 16  0     38.86    0.4893E-01      23.4    327.1
2020  8 29   242   15 17  0     38.73    0.4179E-01      20.1    329.4
2020  8 29   242   15 18  0     38.60    0.4602E-01      22.5    332.2
2020  8 29   242   15 19  0     38.48    0.4753E-01      23.1    332.8
2020  8 29   242   15 20  0     38.35    0.4056E-01      19.6    333.4
2020  8 29   242   15 21  0     38.23    0.3527E-01      17.1    335.2
2020  8 29   242   15 22  0     38.11    0.3241E-01      15.9    337.7
2020  8 29   242   15 23  0     37.99    0.2919E-01      14.4    340.2
2020  8 29   242   15 24  0     37.86    0.2636E-01      13.1    342.3
2020  8 29   242   15 25  0     37.74    0.2649E-01      13.4    344.8
2020  8 29   242   15 26  0     37.63    0.2902E-01      14.6    345.3
2020  8 29   242   15 27  0     37.51    0.2924E-01      14.6    344.7
2020  8 29   242   15 28  0     37.39    0.2717E-01      13.4    344.2
2020  8 29   242   15 29  0     37.27    0.2659E-01      13.0    343.3
2020  8 29   242   15 30  0     37.16    0.2735E-01      13.2    341.9
2020  8 29   242   15 31  0     37.04    0.3358E-01      16.0    339.8
2020  8 29   242   15 32  0     36.93    0.3724E-01      17.2    336.2
2020  8 29   242   15 33  0     36.82    0.3534E-01      15.9    332.4
2020  8 29   242   15 34  0     36.70    0.3126E-01      13.8    330.8
2020  8 29   242   15 35  0     36.59    0.3198E-01      14.1    331.2
2020  8 29   242   15 36  0     36.48    0.3434E-01      14.9    329.8
2020  8 29   242   15 37  0     36.38    0.3409E-01      14.6    328.4
2020  8 29   242   15 38  0     36.27    0.3316E-01      14.0    327.2
2020  8 29   242   15 39  0     36.16    0.3136E-01      13.1    326.6
2020  8 29   242   15 40  0     36.05    0.3024E-01      12.7    327.4
2020  8 29   242   15 41  0     35.95    0.3140E-01      13.2    327.6
2020  8 29   242   15 42  0     35.85    0.3016E-01      12.7    327.8
2020  8 29   242   15 43  0     35.74    0.3438E-01      14.6    329.2
2020  8 29   242   15 44  0     35.64    0.3873E-01      16.3    329.0
2020  8 29   242   15 45  0     35.54    0.3660E-01      15.3    328.8
2020  8 29   242   15 46  0     35.44    0.3855E-01      16.1    329.0
2020  8 29   242   15 47  0     35.35    0.3934E-01      16.2    326.8
2020  8 29   242   15 48  0     35.25    0.3680E-01      14.8    323.6
2020  8 29   242   15 49  0     35.15    0.3860E-01      15.3    321.2
2020  8 29   242   15 50  0     35.06    0.4229E-01      16.5    319.6
2020  8 29   242   15 51  0     34.96    0.4043E-01      15.6    318.3
2020  8 29   242   15 52  0     34.87    0.3608E-01      13.9    318.7
2020  8 29   242   15 53  0     34.78    0.4293E-01      16.7    320.5
2020  8 29   242   15 54  0     34.69    0.4911E-01      19.1    321.0
2020  8 29   242   15 55  0     34.60    0.5056E-01      19.6    321.4
2020  8 29   242   15 56  0     34.51    0.4712E-01      18.2    321.3
2020  8 29   242   15 57  0     34.43    0.3960E-01      15.3    322.3
2020  8 29   242   15 58  0     34.34    0.4770E-01      18.7    324.3
2020  8 29   242   15 59  0     34.26    0.6116E-01      24.0    324.3
2020  8 29   242   16  0  0     34.18    0.6621E-01      25.7    323.2
2020  8 29   242   16  1  0     34.09    0.5491E-01      21.1    322.7
2020  8 29   242   16  2  0     34.01    0.4507E-01      17.2    323.1
2020  8 29   242   16  3  0     33.93    0.4037E-01      15.3    323.0
2020  8 29   242   16  4  0     33.86    0.3309E-01      12.3    322.0
2020  8 29   242   16  5  0     33.78    0.2822E-01      10.4    321.7
2020  8 29   242   16  6  0     33.70    0.3274E-01      12.3    323.0
2020  8 29   242   16  7  0     33.63    0.5107E-01      19.3    323.5
2020  8 29   242   16  8  0     33.56    0.5772E-01      21.5    321.8
2020  8 29   242   16  9  0     33.49    0.4812E-01      17.9    322.4
2020  8 29   242   16 10  0     33.41    0.4897E-01      18.4    324.1
2020  8 29   242   16 11  0     33.35    0.5021E-01      18.9    325.0
2020  8 29   242   16 12  0     33.28    0.4280E-01      16.1    326.0
2020  8 29   242   16 13  0     33.21    0.4141E-01      15.7    328.5
2020  8 29   242   16 14  0     33.15    0.4175E-01      16.1    330.8
2020  8 29   242   16 15  0     33.08    0.4829E-01      18.6    331.5
2020  8 29   242   16 16  0     33.02    0.4493E-01      17.2    331.0
2020  8 29   242   16 17  0     32.96    0.5017E-01      19.3    331.2
2020  8 29   242   16 18  0     32.90    0.5325E-01      20.3    329.7
2020  8 29   242   16 19  0     32.85    0.4930E-01      18.5    327.7
2020  8 29   242   16 20  0     32.79    0.3870E-01      14.2    325.0
2020  8 29   242   16 21  0     32.73    0.3662E-01      13.2    322.5
2020  8 29   242   16 22  0     32.68    0.3845E-01      13.6    319.4
2020  8 29   242   16 23  0     32.63    0.3990E-01      13.8    315.5
2020  8 29   242   16 24  0     32.58    0.4453E-01      15.4    314.7
2020  8 29   242   16 25  0     32.53    0.6540E-01      22.9    315.4
2020  8 29   242   16 26  0     32.48    0.8509E-01      29.9    315.0
2020  8 29   242   16 27  0     32.43    0.9856E-01      34.6    314.6
2020  8 29   242   16 28  0     32.39    0.1080E+00      37.7    313.5
2020  8 29   242   16 29  0     32.34    0.1129E+00      39.3    312.5
2020  8 29   242   16 30  0     32.30    0.1173E+00      40.5    311.0
2020  8 29   242   16 31  0     32.26    0.1182E+00      40.5    309.8
2020  8 29   242   16 32  0     32.22    0.1120E+00      38.3    309.5
2020  8 29   242   16 33  0     32.18    0.9925E-01      33.9    310.2
2020  8 29   242   16 34  0     32.15    0.9101E-01      31.1    310.7
2020  8 29   242   16 35  0     32.11    0.9032E-01      30.5    310.4
2020  8 29   242   16 36  0     32.08    0.9293E-01      31.4    310.6
2020  8 29   242   16 37  0     32.05    0.9620E-01      32.6    310.7
2020  8 29   242   16 38  0     32.02    0.8856E-01      30.1    312.3
2020  8 29   242   16 39  0     31.99    0.8135E-01      27.9    314.4
2020  8 29   242   16 40  0     31.96    0.7598E-01      26.1    315.5
2020  8 29   242   16 41  0     31.94    0.7124E-01      24.4    316.4
2020  8 29   242   16 42  0     31.91    0.6434E-01      22.1    318.4
2020  8 29   242   16 43  0     31.89    0.5899E-01      20.4    320.9
2020  8 29   242   16 44  0     31.87    0.5890E-01      20.6    322.8
2020  8 29   242   16 45  0     31.85    0.5796E-01      20.3    323.9
2020  8 29   242   16 46  0     31.83    0.5503E-01      19.3    324.0
2020  8 29   242   16 47  0     31.81    0.5412E-01      18.8    322.6
2020  8 29   242   16 48  0     31.80    0.5835E-01      20.1    320.2
2020  8 29   242   16 49  0     31.78    0.6076E-01      20.7    318.1
2020  8 29   242   16 50  0     31.77    0.6617E-01      22.3    315.7
2020  8 29   242   16 51  0     31.76    0.7762E-01      26.0    312.9
2020  8 29   242   16 52  0     31.75    0.9241E-01      30.6    310.2
2020  8 29   242   16 53  0     31.75    0.1073E+00      35.1    307.5
2020  8 29   242   16 54  0     31.74    0.1160E+00      37.5    305.5
2020  8 29   242   16 55  0     31.74    0.1187E+00      37.9    303.3
2020  8 29   242   16 56  0     31.73    0.1094E+00      34.5    301.8
2020  8 29   242   16 57  0     31.73    0.1022E+00      32.1    301.4
2020  8 29   242   16 58  0     31.73    0.1146E+00      35.7    299.9
2020  8 29   242   16 59  0     31.73    0.1210E+00      37.7    299.3
2020  8 29   242   17  0  0     31.74    0.1203E+00      37.3    298.8
2020  8 29   242   17  1  0     31.74    0.1064E+00      33.2    300.1
2020  8 29   242   17  2  0     31.75    0.1188E+00      37.1    299.4
2020  8 29   242   17  3  0     31.76    0.1185E+00      36.6    298.1
2020  8 29   242   17  4  0     31.77    0.1035E+00      32.1    299.0
2020  8 29   242   17  5  0     31.78    0.9823E-01      30.8    301.2
2020  8 29   242   17  6  0     31.79    0.9998E-01      31.4    302.1
2020  8 29   242   17  7  0     31.81    0.8447E-01      26.5    302.9
2020  8 29   242   17  8  0     31.82    0.6886E-01      21.7    304.7
2020  8 29   242   17  9  0     31.84    0.6489E-01      20.7    306.0
2020  8 29   242   17 10  0     31.86    0.7305E-01      23.5    306.5
2020  8 29   242   17 11  0     31.88    0.8023E-01      25.7    305.2
2020  8 29   242   17 12  0     31.90    0.7419E-01      23.6    304.5
2020  8 29   242   17 13  0     31.93    0.6990E-01      22.2    304.1
2020  8 29   242   17 14  0     31.95    0.7115E-01      22.5    303.5
2020  8 29   242   17 15  0     31.98    0.6967E-01      22.0    303.0
2020  8 29   242   17 16  0     32.01    0.7515E-01      23.7    302.5
2020  8 29   242   17 17  0     32.03    0.7066E-01      22.0    301.3
2020  8 29   242   17 18  0     32.07    0.6725E-01      21.0    301.2
2020  8 29   242   17 19  0     32.10    0.7429E-01      23.1    300.3
2020  8 29   242   17 20  0     32.13    0.8164E-01      25.1    298.2
2020  8 29   242   17 21  0     32.17    0.7162E-01      21.8    296.4
2020  8 29   242   17 22  0     32.21    0.6577E-01      19.9    295.8
2020  8 29   242   17 23  0     32.24    0.6719E-01      20.4    295.4
2020  8 29   242   17 24  0     32.29    0.6618E-01      19.9    293.5
2020  8 29   242   17 25  0     32.33    0.5897E-01      17.6    292.4
2020  8 29   242   17 26  0     32.37    0.6619E-01      19.8    291.7
2020  8 29   242   17 27  0     32.42    0.6853E-01      20.3    291.0
2020  8 29   242   17 28  0     32.46    0.5991E-01      17.7    290.8
2020  8 29   242   17 29  0     32.51    0.5433E-01      16.3    292.6
2020  8 29   242   17 30  0     32.56    0.6636E-01      20.2    293.9
2020  8 29   242   17 31  0     32.61    0.9067E-01      27.8    294.1
2020  8 29   242   17 32  0     32.66    0.1187E+00      36.5    293.2
2020  8 29   242   17 33  0     32.71    0.1226E+00      37.5    292.2
2020  8 29   242   17 34  0     32.77    0.1078E+00      32.9    291.5
2020  8 29   242   17 35  0     32.82    0.1026E+00      31.2    291.0
2020  8 29   242   17 36  0     32.88    0.1052E+00      31.9    289.9
2020  8 29   242   17 37  0     32.94    0.9134E-01      27.7    290.5
2020  8 29   242   17 38  0     33.00    0.8388E-01      25.6    291.4
2020  8 29   242   17 39  0     33.06    0.7916E-01      24.5    293.4
2020  8 29   242   17 40  0     33.12    0.9509E-01      30.0    294.8
2020  8 29   242   17 41  0     33.19    0.1247E+00      39.6    294.2
2020  8 29   242   17 42  0     33.25    0.1446E+00      46.0    292.9
2020  8 29   242   17 43  0     33.32    0.1390E+00      44.5    293.5
2020  8 29   242   17 44  0     33.39    0.1313E+00      42.5    294.6
2020  8 29   242   17 45  0     33.46    0.1264E+00      41.1    295.4
2020  8 29   242   17 46  0     33.53    0.1194E+00      39.3    297.8
2020  8 29   242   17 47  0     33.60    0.1189E+00      39.5    300.0
2020  8 29   242   17 48  0     33.68    0.1211E+00      40.5    300.7
2020  8 29   242   17 49  0     33.75    0.1216E+00      40.8    301.2
2020  8 29   242   17 50  0     33.83    0.1270E+00      42.8    301.3
2020  8 29   242   17 51  0     33.90    0.1343E+00      45.1    300.1
2020  8 29   242   17 52  0     33.98    0.1289E+00      43.3    299.8
2020  8 29   242   17 53  0     34.06    0.1194E+00      40.2    299.5
2020  8 29   242   17 54  0     34.14    0.1167E+00      39.6    297.8
2020  8 29   242   17 55  0     34.23    0.1211E+00      41.0    295.3
2020  8 29   242   17 56  0     34.31    0.1235E+00      42.1    292.9
2020  8 29   242   17 57  0     34.39    0.1386E+00      46.7    289.7
2020  8 29   242   17 58  0     34.48    0.1278E+00      42.5    289.0
2020  8 29   242   17 59  0     34.57    0.1261E+00      43.0    290.1
2020  8 29   242   18  0  0     34.66    0.1629E+00      55.8    288.6
2020  8 29   242   18  1  0     34.75    0.1784E+00      60.8    287.3
2020  8 29   242   18  2  0     34.84    0.1759E+00      59.4    286.6
2020  8 29   242   18  3  0     34.93    0.1535E+00      51.2    286.6
2020  8 29   242   18  4  0     35.02    0.1189E+00      39.6    287.1
2020  8 29   242   18  5  0     35.12    0.1021E+00      34.1    287.8
2020  8 29   242   18  6  0     35.21    0.1022E+00      34.1    287.8
2020  8 29   242   18  7  0     35.31    0.1047E+00      34.8    288.4
2020  8 29   242   18  8  0     35.41    0.9985E-01      33.3    289.3
2020  8 29   242   18  9  0     35.51    0.9264E-01      30.8    289.2
2020  8 29   242   18 10  0     35.61    0.7993E-01      26.8    289.3
2020  8 29   242   18 11  0     35.71    0.7992E-01      27.2    290.0
2020  8 29   242   18 12  0     35.81    0.8519E-01      29.3    290.2
2020  8 29   242   18 13  0     35.91    0.7996E-01      27.7    290.8
2020  8 29   242   18 14  0     36.01    0.9103E-01      32.4    292.2
2020  8 29   242   18 15  0     36.12    0.1235E+00      44.0    290.8
2020  8 29   242   18 16  0     36.23    0.1319E+00      47.2    290.3
2020  8 29   242   18 17  0     36.33    0.1402E+00      51.1    289.8
2020  8 29   242   18 18  0     36.44    0.1635E+00      60.4    288.1
2020  8 29   242   18 19  0     36.55    0.1764E+00      64.2    286.2
2020  8 29   242   18 20  0     36.66    0.1686E+00      61.1    286.0
2020  8 29   242   18 21  0     36.77    0.1676E+00      61.6    286.1
2020  8 29   242   18 22  0     36.88    0.1889E+00      70.6    284.9
2020  8 29   242   18 23  0     37.00    0.2275E+00      88.1    284.0
2020  8 29   242   18 24  0     37.11    0.2839E+00     112.1    280.4
2020  8 29   242   18 25  0     37.23    0.2518E+00      93.2    280.0
2020  8 29   242   18 26  0     37.34    0.2557E+00      95.8    280.1
2020  8 29   242   18 27  0     37.46    0.2312E+00      84.6    280.1
2020  8 29   242   18 28  0     37.58    0.2068E+00      75.1    280.9
2020  8 29   242   18 29  0     37.70    0.1776E+00      63.0    281.9
2020  8 29   242   18 30  0     37.82    0.1531E+00      53.3    283.7
2020  8 29   242   18 31  0     37.94    0.1390E+00      47.8    285.1
2020  8 29   242   18 32  0     38.06    0.1373E+00      47.4    286.0
2020  8 29   242   18 33  0     38.18    0.1445E+00      50.6    286.1
2020  8 29   242   18 34  0     38.31    0.1573E+00      55.8    285.2
2020  8 29   242   18 35  0     38.43    0.1706E+00      60.5    283.9
2020  8 29   242   18 36  0     38.56    0.1786E+00      63.4    283.4
2020  8 29   242   18 37  0     38.68    0.1825E+00      65.4    283.4
2020  8 29   242   18 38  0     38.81    0.1841E+00      67.8    284.3
2020  8 29   242   18 39  0     38.94    0.2022E+00      77.4    283.7
2020  8 29   242   18 40  0     39.07    0.2597E+00     109.6    282.8
2020  8 29   242   18 41  0     39.19    0.3095E+00     134.8    280.5
2020  8 29   242   18 42  0     39.32    0.3179E+00     135.5    278.5
2020  8 29   242   18 43  0     39.46    0.2889E+00     116.8    277.3
2020  8 29   242   18 44  0     39.59    0.2632E+00     103.6    277.1
2020  8 29   242   18 45  0     39.72    0.2464E+00      96.9    277.6
2020  8 29   242   18 46  0     39.85    0.2503E+00     103.6    278.4
2020  8 29   242   18 47  0     39.99    0.2697E+00     116.4    277.2
2020  8 29   242   18 48  0     40.12    0.2055E+00      77.8    275.2
2020  8 29   242   18 49  0     40.26    0.1733E+00      63.7    276.8
2020  8 29   242   18 50  0     40.39    0.1590E+00      60.6    279.1
2020  8 29   242   18 51  0     40.53    0.1520E+00      60.4    280.2
2020  8 29   242   18 52  0     40.67    0.1538E+00      62.7    280.2
2020  8 29   242   18 53  0     40.81    0.1510E+00      62.4    280.3
2020  8 29   242   18 54  0     40.95    0.1449E+00      60.9    280.9
2020  8 29   242   18 55  0     41.08    0.1471E+00      64.4    281.7
2020  8 29   242   18 56  0     41.22    0.1559E+00      70.4    281.4
2020  8 29   242   18 57  0     41.37    0.1503E+00      66.8    281.0
2020  8 29   242   18 58  0     41.51    0.1525E+00      69.2    281.7
2020  8 29   242   18 59  0     41.65    0.1809E+00      86.3    281.2
2020  8 29   242   19  0  0     41.79    0.1866E+00      86.5    279.9
2020  8 29   242   19  1  0     41.94    0.1955E+00      89.5    278.9
2020  8 29   242   19  2  0     42.08    0.2237E+00     108.7    279.1
2020  8 29   242   19  3  0     42.23    0.1904E+00      85.0    276.9
2020  8 29   242   19  4  0     42.37    0.1673E+00      73.9    278.0
2020  8 29   242   19  5  0     42.52    0.1658E+00      74.1    278.5
2020  8 29   242   19  6  0     42.67    0.1726E+00      78.0    278.2
2020  8 29   242   19  7  0     42.81    0.1837E+00      84.6    278.1
2020  8 29   242   19  8  0     42.96    0.2467E+00     131.9    279.7
2020  8 29   242   19  9  0     43.11    0.3053E+00     175.0    278.8
2020  8 29   242   19 10  0     43.26    0.2624E+00     141.6    277.2
2020  8 29   242   19 11  0     43.41    0.2093E+00     106.4    277.7
2020  8 29   242   19 12  0     43.56    0.1976E+00     103.1    279.5
2020  8 29   242   19 13  0     43.71    0.2108E+00     114.1    279.3
2020  8 29   242   19 14  0     43.86    0.2172E+00     118.0    278.8
2020  8 29   242   19 15  0     44.01    0.2070E+00     106.9    276.9
2020  8 29   242   19 16  0     44.17    0.1982E+00     100.0    276.3
2020  8 29   242   19 17  0     44.32    0.1996E+00     100.4    275.9
2020  8 29   242   19 18  0     44.47    0.2004E+00      99.2    274.9
2020  8 29   242   19 19  0     44.63    0.1864E+00      90.5    275.3
2020  8 29   242   19 20  0     44.78    0.2254E+00     127.3    278.4
2020  8 29   242   19 21  0     44.94    0.2922E+00     184.5    278.8
2020  8 29   242   19 22  0     45.09    0.2927E+00     183.9    277.7
2020  8 29   242   19 23  0     45.25    0.2563E+00     150.6    276.2
2020  8 29   242   19 24  0     45.41    0.2750E+00     171.1    277.3
2020  8 29   242   19 25  0     45.56    0.2684E+00     165.3    276.4
2020  8 29   242   19 26  0     45.72    0.2572E+00     159.0    276.3
2020  8 29   242   19 27  0     45.88    0.2598E+00     166.9    277.0
2020  8 29   242   19 28  0     46.04    0.1836E+00      95.4    272.1
2020  8 29   242   19 29  0     46.20    0.1862E+00     109.6    276.8
2020  8 29   242   19 30  0     46.36    0.2002E+00     124.5    276.4
2020  8 29   242   19 31  0     46.52    0.1746E+00      99.6    274.5
2020  8 29   242   19 32  0     46.68    0.1577E+00      84.7    273.5
2020  8 29   242   19 33  0     46.84    0.1550E+00      87.0    275.0
2020  8 29   242   19 34  0     47.00    0.1766E+00     113.8    277.2
2020  8 29   242   19 35  0     47.17    0.1409E+00      80.1    274.3
2020  8 29   242   19 36  0     47.33    0.1254E+00      70.6    275.3
2020  8 29   242   19 37  0     47.49    0.1175E+00      67.4    276.2
2020  8 29   242   19 38  0     47.65    0.1183E+00      70.1    277.0
2020  8 29   242   19 39  0     47.82    0.1247E+00      76.5    276.9
2020  8 29   242   19 40  0     47.98    0.1200E+00      72.6    276.2
2020  8 29   242   19 41  0     48.15    0.1112E+00      65.8    275.1
2020  8 29   242   19 42  0     48.31    0.1013E+00      60.1    275.2
2020  8 29   242   19 43  0     48.48    0.9359E-01      57.6    276.5
2020  8 29   242   19 44  0     48.64    0.9615E-01      62.3    277.9
2020  8 29   242   19 45  0     48.81    0.1077E+00      70.3    276.9
2020  8 29   242   19 46  0     48.98    0.1135E+00      71.8    275.6
2020  8 29   242   19 47  0     49.14    0.1116E+00      67.9    274.1
2020  8 29   242   19 48  0     49.31    0.1060E+00      62.6    273.6
2020  8 29   242   19 49  0     49.48    0.9667E-01      56.2    273.7
2020  8 29   242   19 50  0     49.64    0.8877E-01      54.2    275.7
2020  8 29   242   19 51  0     49.81    0.9157E-01      62.2    278.3
2020  8 29   242   19 52  0     49.98    0.1154E+00      91.9    280.6
2020  8 29   242   19 53  0     50.15    0.1407E+00     114.6    278.5
2020  8 29   242   19 54  0     50.32    0.1370E+00     100.8    274.9
2020  8 29   242   19 55  0     50.49    0.1211E+00      78.0    271.6
2020  8 29   242   19 56  0     50.66    0.1222E+00      85.2    273.5
2020  8 29   242   19 57  0     50.83    0.1083E+00      71.3    272.8
2020  8 29   242   19 58  0     51.00    0.1031E+00      69.8    274.0
2020  8 29   242   19 59  0     51.17    0.1027E+00      74.1    275.7
2020  8 29   242   20  0  0     51.34    0.1183E+00      95.1    276.9
2020  8 29   242   20  1  0     51.52    0.1140E+00      85.5    274.8
2020  8 29   242   20  2  0     51.69    0.1091E+00      80.3    274.4
2020  8 29   242   20  3  0     51.86    0.1045E+00      78.2    275.6
2020  8 29   242   20  4  0     52.03    0.1008E+00      76.6    275.6
2020  8 29   242   20  5  0     52.21    0.9862E-01      75.7    275.9
2020  8 29   242   20  6  0     52.38    0.1217E+00     116.5    280.0
2020  8 29   242   20  7  0     52.55    0.1296E+00     124.6    278.6
2020  8 29   242   20  8  0     52.73    0.1114E+00      93.7    276.1
2020  8 29   242   20  9  0     52.90    0.1025E+00      83.6    275.7
2020  8 29   242   20 10  0     53.08    0.1142E+00     109.4    278.4
2020  8 29   242   20 11  0     53.25    0.1200E+00     120.7    279.1
2020  8 29   242   20 12  0     53.43    0.1157E+00     110.1    275.9
2020  8 29   242   20 13  0     53.60    0.9346E-01      76.1    273.0
2020  8 29   242   20 14  0     53.78    0.8449E-01      67.1    272.9
2020  8 29   242   20 15  0     53.95    0.7839E-01      64.2    274.7
2020  8 29   242   20 16  0     54.13    0.7429E-01      62.2    274.8
2020  8 29   242   20 17  0     54.30    0.7392E-01      61.6    274.4
2020  8 29   242   20 18  0     54.48    0.7424E-01      62.6    274.0
2020  8 29   242   20 19  0     54.66    0.7563E-01      68.6    275.5
2020  8 29   242   20 20  0     54.83    0.8021E-01      78.7    277.2
2020  8 29   242   20 21  0     55.01    0.8732E-01      90.4    277.1
2020  8 29   242   20 22  0     55.19    0.1035E+00     122.0    278.9
2020  8 29   242   20 23  0     55.37    0.1135E+00     140.3    278.2
2020  8 29   242   20 24  0     55.55    0.9978E-01     110.8    275.5
2020  8 29   242   20 25  0     55.72    0.9179E-01      92.1    272.8
2020  8 29   242   20 26  0     55.90    0.8812E-01      86.6    272.2
2020  8 29   242   20 27  0     56.08    0.8987E-01      94.4    273.4
2020  8 29   242   20 28  0     56.26    0.9448E-01     108.0    274.9
2020  8 29   242   20 29  0     56.44    0.9195E-01     105.6    275.2
2020  8 29   242   20 30  0     56.62    0.9240E-01     108.3    274.9
2020  8 29   242   20 31  0     56.80    0.8420E-01      90.1    272.6
2020  8 29   242   20 32  0     56.98    0.7913E-01      82.4    271.7
2020  8 29   242   20 33  0     57.16    0.8584E-01     108.7    275.7
2020  8 29   242   20 34  0     57.34    0.8574E-01     108.3    275.2
2020  8 29   242   20 35  0     57.52    0.8302E-01     100.4    273.6
2020  8 29   242   20 36  0     57.70    0.8382E-01     105.9    274.0
2020  8 29   242   20 37  0     57.88    0.8105E-01      98.8    272.7
2020  8 29   242   20 38  0     58.06    0.7819E-01      96.0    272.8
2020  8 29   242   20 39  0     58.24    0.8378E-01     117.1    275.1
2020  8 29   242   20 40  0     58.43    0.9015E-01     142.5    277.8
2020  8 29   242   20 41  0     58.61    0.9067E-01     143.7    277.0
2020  8 29   242   20 42  0     58.79    0.9077E-01     150.0    277.4
2020  8 29   242   20 43  0     58.97    0.9046E-01     153.4    277.5
2020  8 29   242   20 44  0     59.15    0.9064E-01     158.2    277.3
2020  8 29   242   20 45  0     59.34    0.8980E-01     159.4    277.3
2020  8 29   242   20 46  0     59.52    0.8461E-01     141.2    275.1
2020  8 29   242   20 47  0     59.70    0.7795E-01     120.8    273.7
2020  8 29   242   20 48  0     59.89    0.8597E-01     158.7    277.4
2020  8 29   242   20 49  0     60.07    0.8368E-01     150.7    276.0
2020  8 29   242   20 50  0     60.25    0.8542E-01     163.3    276.7
2020  8 29   242   20 51  0     60.43    0.8376E-01     164.0    277.3
2020  8 29   242   20 52  0     60.62    0.7858E-01     147.6    275.9
2020  8 29   242   20 53  0     60.80    0.7123E-01     126.9    275.1
2020  8 29   242   20 54  0     60.99    0.7627E-01     159.7    277.2
2020  8 29   242   20 55  0     61.17    0.7373E-01     157.4    276.7
2020  8 29   242   20 56  0     61.35    0.6367E-01     118.0    273.3
2020  8 29   242   20 57  0     61.54    0.5945E-01     109.1    272.6
2020  8 29   242   20 58  0     61.72    0.5760E-01     107.2    272.4
2020  8 29   242   20 59  0     61.91    0.5355E-01      95.2    271.6
2020  8 29   242   21  0  0     62.09    0.5214E-01      94.2    271.4
2020  8 29   242   21  1  0     62.28    0.5025E-01      92.5    271.2
2020  8 29   242   21  2  0     62.46    0.4778E-01      91.2    271.8
2020  8 29   242   21  3  0     62.65    0.4479E-01      88.4    272.3
2020  8 29   242   21  4  0     62.83    0.4111E-01      83.6    272.7
2020  8 29   242   21  5  0     63.02    0.3891E-01      82.1    273.1
2020  8 29   242   21  6  0     63.20    0.3730E-01      78.8    272.1
2020  8 29   242   21  7  0     63.39    0.3459E-01      72.9    271.2
2020  8 29   242   21  8  0     63.57    0.3160E-01      68.1    271.3
2020  8 29   242   21  9  0     63.76    0.2867E-01      62.6    270.7
2020  8 29   242   21 10  0     63.95    0.2640E-01      61.0    271.5
2020  8 29   242   21 11  0     64.13    0.2696E-01      69.0    273.3
2020  8 29   242   21 12  0     64.32    0.2943E-01      78.6    274.0
2020  8 29   242   21 13  0     64.50    0.3201E-01      87.1    273.4
2020  8 29   242   21 14  0     64.69    0.3328E-01      88.7    271.8
2020  8 29   242   21 15  0     64.88    0.3292E-01      84.2    269.9
2020  8 29   242   21 16  0     65.06    0.3181E-01      81.8    269.6
2020  8 29   242   21 17  0     65.25    0.3180E-01      95.0    272.6
2020  8 29   242   21 18  0     65.44    0.3156E-01      98.5    273.8
2020  8 29   242   21 19  0     65.62    0.3338E-01     114.8    276.1
2020  8 29   242   21 20  0     65.81    0.3494E-01     127.0    276.0
2020  8 29   242   21 21  0     66.00    0.3585E-01     141.2    276.8
2020  8 29   242   21 22  0     66.19    0.3393E-01     122.2    273.6
2020  8 29   242   21 23  0     66.37    0.3143E-01      97.0    269.2
2020  8 29   242   21 24  0     66.56    0.3036E-01      89.6    267.2
2020  8 29   242   21 25  0     66.75    0.2928E-01      84.1    266.0
2020  8 29   242   21 26  0     66.94    0.2818E-01      80.5    265.1
2020  8 29   242   21 27  0     67.12    0.2709E-01      77.5    264.3
2020  8 29   242   21 28  0     67.31    0.2573E-01      73.6    263.4
2020  8 29   242   21 29  0     67.50    0.2409E-01      69.8    262.6
2020  8 29   242   21 30  0     67.69    0.2217E-01      65.3    262.2
2020  8 29   242   21 31  0     67.88    0.2033E-01      62.1    262.2
2020  8 29   242   21 32  0     68.06    0.1897E-01      62.7    262.4
2020  8 29   242   21 33  0     68.25    0.1815E-01      65.9    263.4
2020  8 29   242   21 34  0     68.44    0.1741E-01      66.0    262.7
2020  8 29   242   21 35  0     68.63    0.1643E-01      71.9    264.7
2020  8 29   242   21 36  0     68.82    0.1654E-01      95.8    269.3
2020  8 29   242   21 37  0     69.00    0.1629E-01      92.1    268.8
2020  8 29   242   21 38  0     69.20    0.1797E-01     108.1    269.2
2020  8 29   242   21 39  0     69.38    0.1858E-01     103.3    266.3
2020  8 29   242   21 40  0     69.57    0.1942E-01     116.9    267.3
2020  8 29   242   21 41  0     69.76    0.2003E-01     124.3    267.1
2020  8 29   242   21 42  0     69.95    0.2023E-01     130.9    266.8
2020  8 29   242   21 43  0     70.14    0.1973E-01     122.9    265.3
2020  8 29   242   21 44  0     70.33    0.1888E-01     109.1    263.2
2020  8 29   242   21 45  0     70.52    0.1893E-01     123.4    264.5
2020  8 29   242   21 46  0     70.70    0.1771E-01     100.0    261.3
2020  8 29   242   21 47  0     70.89    0.1722E-01      99.3    261.0
2020  8 29   242   21 48  0     71.08    0.1676E-01     100.2    261.2
2020  8 29   242   21 49  0     71.27    0.1684E-01     119.6    262.8
2020  8 29   242   21 50  0     71.46    0.1676E-01     133.0    263.3
2020  8 29   242   21 51  0     71.65    0.1616E-01     132.1    262.5
2020  8 29   242   21 52  0     71.84    0.1561E-01     133.0    261.6
2020  8 29   242   21 53  0     72.03    0.1513E-01     133.1    261.3
2020  8 29   242   21 54  0     72.22    0.1468E-01     131.6    260.7
2020  8 29   242   21 55  0     72.41    0.1426E-01     125.7    259.0
2020  8 29   242   21 56  0     72.60    0.1337E-01     101.8    255.0
2020  8 29   242   21 57  0     72.79    0.1312E-01     119.4    255.3
2020  8 29   242   21 58  0     72.97    0.1243E-01     111.4    253.7
2020  8 29   242   21 59  0     73.16    0.1187E-01     101.1    250.5
2020  8 29   242   22  0  0     73.35    0.1176E-01     103.0    249.6
2020  8 29   242   22  1  0     73.54    0.1174E-01     113.9    249.2
2020  8 29   242   22  2  0     73.73    0.1151E-01     119.5    248.4
2020  8 29   242   22  3  0     73.92    0.1102E-01     104.9    245.3
2020  8 29   242   22  4  0     74.11    0.1061E-01      98.7    243.5
2020  8 29   242   22  5  0     74.30    0.1033E-01     102.5    243.0
2020  8 29   242   22  6  0     74.49    0.1009E-01     109.5    242.3
2020  8 29   242   22  7  0     74.68    0.9775E-02     108.4    241.4
2020  8 29   242   22  8  0     74.87    0.9537E-02     111.6    240.3
2020  8 29   242   22  9  0     75.06    0.9354E-02     122.4    239.9
2020  8 29   242   22 10  0     75.25    0.9024E-02     118.0    238.0
2020  8 29   242   22 11  0     75.44    0.8701E-02     109.8    234.1
2020  8 29   242   22 12  0     75.63    0.8422E-02     114.7    233.0
2020  8 29   242   22 13  0     75.82    0.8088E-02     110.3    232.4
2020  8 29   242   22 14  0     76.01    0.7832E-02     110.6    228.7
2020  8 29   242   22 15  0     76.20    0.7532E-02     107.1    226.8
2020  8 29   242   22 16  0     76.39    0.7263E-02     102.2    223.9
2020  8 29   242   22 17  0     76.58    0.6983E-02      95.9    221.0
2020  8 29   242   22 18  0     76.77    0.6732E-02      93.7    218.2
2020  8 29   242   22 19  0     76.95    0.6463E-02      93.0    216.3
2020  8 29   242   22 20  0     77.14    0.6209E-02      91.1    213.1
2020  8 29   242   22 21  0     77.33    0.5988E-02      89.6    209.9
2020  8 29   242   22 22  0     77.52    0.5756E-02      87.6    207.4
2020  8 29   242   22 23  0     77.71    0.5538E-02      85.9    205.0
2020  8 29   242   22 24  0     77.90    0.5341E-02      84.8    202.4
2020  8 29   242   22 25  0     78.09    0.5176E-02      84.5    199.3
2020  8 29   242   22 26  0     78.28    0.4980E-02      85.8    197.1
2020  8 29   242   22 27  0     78.47    0.4822E-02      92.3    195.2
2020  8 29   242   22 28  0     78.66    0.4681E-02      99.0    193.0
2020  8 29   242   22 29  0     78.85    0.4528E-02     101.4    190.7
2020  8 29   242   22 30  0     79.04    0.4373E-02     101.1    188.7
2020  8 29   242   22 31  0     79.23    0.4283E-02      99.6    184.9
2020  8 29   242   22 32  0     79.42    0.4160E-02      97.9    182.4
2020  8 29   242   22 33  0     79.61    0.4068E-02      97.5    179.7
2020  8 29   242   22 34  0     79.80    0.3940E-02      98.5    178.4
2020  8 29   242   22 35  0     79.99    0.3834E-02      99.8    176.5
2020  8 29   242   22 36  0     80.18    0.3716E-02     101.0    173.9
2020  8 29   242   22 37  0     80.37    0.3623E-02     102.5    170.6
2020  8 29   242   22 38  0     80.55    0.3510E-02     103.0    167.9
2020  8 29   242   22 39  0     80.75    0.3417E-02     105.3    164.7
2020  8 29   242   22 40  0     80.93    0.3315E-02     107.9    161.9
2020  8 29   242   22 41  0     81.12    0.3192E-02     109.2    159.9
2020  8 29   242   22 42  0     81.31    0.3108E-02     109.3    156.0
2020  8 29   242   22 43  0     81.50    0.3028E-02     109.2    152.0
2020  8 29   242   22 44  0     81.69    0.2931E-02     109.7    148.9
2020  8 29   242   22 45  0     81.88    0.2851E-02     110.0    145.2
2020  8 29   242   22 46  0     82.07    0.2766E-02     110.1    141.8
2020  8 29   242   22 47  0     82.26    0.2671E-02     109.7    138.8
2020  8 29   242   22 48  0     82.45    0.2599E-02     109.1    134.8
2020  8 29   242   22 49  0     82.63    0.2543E-02     108.3    130.4
2020  8 29   242   22 50  0     82.82    0.2459E-02     107.4    127.2
2020  8 29   242   22 51  0     83.01    0.2381E-02     106.6    124.1
2020  8 29   242   22 52  0     83.20    0.2367E-02     105.7    118.9
2020  8 29   242   22 53  0     83.39    0.2283E-02     104.7    116.3
2020  8 29   242   22 54  0     83.58    0.2217E-02     103.9    113.3
2020  8 29   242   22 55  0     83.77    0.2159E-02     103.1    110.1
2020  8 29   242   22 56  0     83.95    0.2115E-02     102.1    106.6
2020  8 29   242   22 57  0     84.14    0.2057E-02     101.3    103.9
2020  8 29   242   22 58  0     84.33    0.2019E-02     100.3    100.7
2020  8 29   242   22 59  0     84.52    0.1970E-02      99.3     97.8
2020  8 29   242   23  0  0     84.71    0.1911E-02      98.0     93.8
2020  8 29   242   23  1  0     84.89    0.1865E-02      96.7     89.7
2020  8 29   242   23  2  0     85.08    0.1827E-02      95.8     85.7
2020  8 29   242   23  3  0     85.27    0.1761E-02      96.0     83.4
2020  8 29   242   23  4  0     85.46    0.1748E-02      96.7     80.3
2020  8 29   242   23  5  0     85.65    0.1710E-02      96.8     78.1
2020  8 29   242   23  6  0     85.83    0.1709E-02      96.8     73.9
2020  8 29   242   23  7  0     86.02    0.1678E-02      96.9     71.1
2020  8 29   242   23  8  0     86.21    0.1632E-02      96.9     69.2
2020  8 29   242   23  9  0     86.40    0.1634E-02      96.7     65.8
2020  8 29   242   23 10  0     86.58    0.1625E-02      96.5     62.8
2020  8 29   242   23 11  0     86.77    0.1595E-02      96.7     60.3
2020  8 29   242   23 12  0     86.96    0.1567E-02      97.2     57.9
2020  8 29   242   23 13  0     87.15    0.1563E-02      97.3     54.1
2020  8 29   242   23 14  0     87.33    0.1552E-02      97.6     51.3
2020  8 29   242   23 15  0     87.52    0.1525E-02      97.6     48.8
2020  8 29   242   23 16  0     87.71    0.1482E-02      97.4     46.8
2020  8 29   242   23 17  0     87.89    0.1508E-02      97.2     43.3
2020  8 29   242   23 18  0     88.08    0.1466E-02      97.0     41.5
2020  8 29   242   23 19  0     88.27    0.1454E-02      96.5     39.1
2020  8 29   242   23 20  0     88.45    0.1437E-02      95.7     36.5
2020  8 29   242   23 21  0     88.64    0.1427E-02      94.9     33.8
2020  8 29   242   23 22  0     88.83    0.1421E-02      94.1     31.2
2020  8 29   242   23 23  0     89.01    0.1388E-02      93.3     29.3
2020  8 29   242   23 24  0     89.20    0.1382E-02      91.5     27.2
2020  8 29   242   23 25  0     89.39    0.1378E-02      89.5     25.1
2020  8 29   242   23 26  0     89.57    0.1347E-02      87.5     23.5
2020  8 29   242   23 27  0     89.76    0.1335E-02      85.4     21.6
2020  8 29   242   23 28  0     89.94    0.1302E-02      83.3     20.1
