                            NILUUV 115

Uvpro Version 2.0
Latitude :   40.74 (North)
Longitude:  -74.03  (West)
Calibration file: cf100603a.115
Height above sea level:    40.0  m
CLT derived from channel 5
CLT scale factor used:   1.0
Ozone derived from channel pair ch3/ch1
Ozone scale factor used:   1.0
Drift factors ch1-ch6:   0.354  0.341  0.506  0.512  0.325  0.899
Ozone profile climatology: Mid  Latitude
Dose type:    CLW    Caldwell Plant 1971           

yyyy mm dd   jul   hh mm ss      SZA     dose rate       clt     Ozone
                              [degrees]   [W/m^2]        [%]     [DU]
2020  8 30   243   10 27  0     89.94    0.1183E-02     134.0     30.6
2020  8 30   243   10 28  0     89.76    0.1198E-02     134.1     32.8
2020  8 30   243   10 29  0     89.57    0.1212E-02     134.6     35.2
2020  8 30   243   10 30  0     89.38    0.1240E-02     135.5     37.1
2020  8 30   243   10 31  0     89.20    0.1247E-02     136.4     39.8
2020  8 30   243   10 32  0     89.01    0.1239E-02     137.6     42.7
2020  8 30   243   10 33  0     88.83    0.1286E-02     137.4     44.4
2020  8 30   243   10 34  0     88.64    0.1296E-02     137.5     47.3
2020  8 30   243   10 35  0     88.45    0.1302E-02     137.8     50.4
2020  8 30   243   10 36  0     88.27    0.1343E-02     138.2     52.2
2020  8 30   243   10 37  0     88.08    0.1358E-02     138.8     54.9
2020  8 30   243   10 38  0     87.89    0.1364E-02     139.0     58.4
2020  8 30   243   10 39  0     87.71    0.1408E-02     139.0     60.6
2020  8 30   243   10 40  0     87.52    0.1406E-02     138.9     64.3
2020  8 30   243   10 41  0     87.33    0.1435E-02     139.1     66.9
2020  8 30   243   10 42  0     87.15    0.1472E-02     139.4     69.1
2020  8 30   243   10 43  0     86.96    0.1499E-02     139.6     71.9
2020  8 30   243   10 44  0     86.77    0.1520E-02     139.3     75.3
2020  8 30   243   10 45  0     86.59    0.1542E-02     139.2     79.0
2020  8 30   243   10 46  0     86.40    0.1568E-02     139.1     82.0
2020  8 30   243   10 47  0     86.21    0.1603E-02     139.1     84.7
2020  8 30   243   10 48  0     86.02    0.1625E-02     139.0     87.9
2020  8 30   243   10 49  0     85.84    0.1687E-02     138.7     90.0
2020  8 30   243   10 50  0     85.65    0.1710E-02     138.3     93.8
2020  8 30   243   10 51  0     85.46    0.1715E-02     137.9     98.6
2020  8 30   243   10 52  0     85.27    0.1770E-02     137.6    100.9
2020  8 30   243   10 53  0     85.09    0.1834E-02     137.4    103.0
2020  8 30   243   10 54  0     84.90    0.1865E-02     137.1    106.5
2020  8 30   243   10 55  0     84.71    0.1934E-02     137.1    108.9
2020  8 30   243   10 56  0     84.52    0.1949E-02     136.8    113.5
2020  8 30   243   10 57  0     84.33    0.2030E-02     136.0    115.6
2020  8 30   243   10 58  0     84.15    0.2097E-02     135.7    118.3
2020  8 30   243   10 59  0     83.96    0.2125E-02     135.5    123.0
2020  8 30   243   11  0  0     83.77    0.2213E-02     135.2    125.5
2020  8 30   243   11  1  0     83.58    0.2266E-02     134.7    129.7
2020  8 30   243   11  2  0     83.39    0.2360E-02     134.2    132.2
2020  8 30   243   11  3  0     83.21    0.2422E-02     133.9    136.2
2020  8 30   243   11  4  0     83.02    0.2505E-02     133.7    139.4
2020  8 30   243   11  5  0     82.83    0.2574E-02     133.0    143.5
2020  8 30   243   11  6  0     82.64    0.2653E-02     132.5    147.3
2020  8 30   243   11  7  0     82.45    0.2752E-02     131.7    150.3
2020  8 30   243   11  8  0     82.26    0.2836E-02     131.8    154.3
2020  8 30   243   11  9  0     82.07    0.2957E-02     131.8    156.6
2020  8 30   243   11 10  0     81.89    0.3033E-02     131.9    161.3
2020  8 30   243   11 11  0     81.70    0.3140E-02     132.6    164.6
2020  8 30   243   11 12  0     81.51    0.3243E-02     134.1    168.3
2020  8 30   243   11 13  0     81.32    0.3398E-02     135.2    169.8
2020  8 30   243   11 14  0     81.13    0.3495E-02     135.3    173.9
2020  8 30   243   11 15  0     80.94    0.3610E-02     135.1    177.7
2020  8 30   243   11 16  0     80.75    0.3753E-02     134.8    180.0
2020  8 30   243   11 17  0     80.56    0.3907E-02     134.9    182.1
2020  8 30   243   11 18  0     80.37    0.4029E-02     134.7    185.6
2020  8 30   243   11 19  0     80.19    0.4190E-02     134.4    187.5
2020  8 30   243   11 20  0     80.00    0.4335E-02     134.5    190.4
2020  8 30   243   11 21  0     79.81    0.4495E-02     134.5    194.0
2020  8 30   243   11 22  0     79.62    0.4635E-02     134.6    197.2
2020  8 30   243   11 23  0     79.43    0.4834E-02     134.3    198.5
2020  8 30   243   11 24  0     79.24    0.4985E-02     134.2    201.4
2020  8 30   243   11 25  0     79.05    0.5154E-02     134.2    204.0
2020  8 30   243   11 26  0     78.86    0.5353E-02     134.1    205.8
2020  8 30   243   11 27  0     78.67    0.5553E-02     134.0    207.7
2020  8 30   243   11 28  0     78.48    0.5772E-02     133.7    209.2
2020  8 30   243   11 29  0     78.29    0.5989E-02     133.5    210.7
2020  8 30   243   11 30  0     78.11    0.6177E-02     133.1    213.3
2020  8 30   243   11 31  0     77.92    0.6391E-02     132.1    215.7
2020  8 30   243   11 32  0     77.73    0.6617E-02     129.6    217.0
2020  8 30   243   11 33  0     77.54    0.6833E-02     128.9    219.1
2020  8 30   243   11 34  0     77.35    0.7079E-02     129.2    220.9
2020  8 30   243   11 35  0     77.16    0.7317E-02     128.5    222.8
2020  8 30   243   11 36  0     76.97    0.7586E-02     129.1    224.5
2020  8 30   243   11 37  0     76.78    0.7861E-02     131.1    226.6
2020  8 30   243   11 38  0     76.59    0.8176E-02     133.1    227.9
2020  8 30   243   11 39  0     76.40    0.8457E-02     133.5    230.0
2020  8 30   243   11 40  0     76.21    0.8757E-02     134.9    232.1
2020  8 30   243   11 41  0     76.02    0.9109E-02     135.3    232.9
2020  8 30   243   11 42  0     75.83    0.9393E-02     135.1    235.7
2020  8 30   243   11 43  0     75.64    0.9732E-02     135.1    236.5
2020  8 30   243   11 44  0     75.45    0.1004E-01     134.9    237.7
2020  8 30   243   11 45  0     75.27    0.1032E-01     134.4    239.5
2020  8 30   243   11 46  0     75.08    0.1066E-01     134.1    240.5
2020  8 30   243   11 47  0     74.89    0.1101E-01     134.0    241.5
2020  8 30   243   11 48  0     74.70    0.1138E-01     133.9    242.4
2020  8 30   243   11 49  0     74.51    0.1176E-01     133.8    243.2
2020  8 30   243   11 50  0     74.32    0.1214E-01     133.7    244.4
2020  8 30   243   11 51  0     74.13    0.1252E-01     133.7    245.5
2020  8 30   243   11 52  0     73.94    0.1292E-01     133.6    246.5
2020  8 30   243   11 53  0     73.75    0.1333E-01     133.6    247.7
2020  8 30   243   11 54  0     73.56    0.1375E-01     133.7    248.7
2020  8 30   243   11 55  0     73.37    0.1421E-01     133.6    249.2
2020  8 30   243   11 56  0     73.18    0.1465E-01     133.6    250.1
2020  8 30   243   11 57  0     73.00    0.1508E-01     133.7    252.5
2020  8 30   243   11 58  0     72.81    0.1554E-01     133.7    253.3
2020  8 30   243   11 59  0     72.62    0.1600E-01     134.0    253.0
2020  8 30   243   12  0  0     72.43    0.1647E-01     133.8    253.8
2020  8 30   243   12  1  0     72.24    0.1695E-01     133.8    254.9
2020  8 30   243   12  2  0     72.05    0.1750E-01     133.9    255.0
2020  8 30   243   12  3  0     71.86    0.1796E-01     133.8    257.0
2020  8 30   243   12  4  0     71.67    0.1849E-01     133.8    257.6
2020  8 30   243   12  5  0     71.48    0.1907E-01     134.1    258.0
2020  8 30   243   12  6  0     71.30    0.1961E-01     134.0    258.6
2020  8 30   243   12  7  0     71.11    0.2016E-01     134.1    259.2
2020  8 30   243   12  8  0     70.92    0.2073E-01     134.0    259.8
2020  8 30   243   12  9  0     70.73    0.2132E-01     133.9    260.4
2020  8 30   243   12 10  0     70.54    0.2194E-01     134.0    260.8
2020  8 30   243   12 11  0     70.35    0.2253E-01     134.0    261.5
2020  8 30   243   12 12  0     70.16    0.2317E-01     134.1    261.8
2020  8 30   243   12 13  0     69.98    0.2382E-01     134.2    262.2
2020  8 30   243   12 14  0     69.79    0.2448E-01     134.3    262.7
2020  8 30   243   12 15  0     69.60    0.2512E-01     134.2    263.3
2020  8 30   243   12 16  0     69.41    0.2579E-01     134.1    263.7
2020  8 30   243   12 17  0     69.22    0.2650E-01     134.3    264.0
2020  8 30   243   12 18  0     69.04    0.2717E-01     134.3    264.6
2020  8 30   243   12 19  0     68.85    0.2790E-01     134.4    265.0
2020  8 30   243   12 20  0     68.66    0.2864E-01     134.5    265.4
2020  8 30   243   12 21  0     68.47    0.2940E-01     134.5    265.6
2020  8 30   243   12 22  0     68.28    0.3015E-01     134.8    266.1
2020  8 30   243   12 23  0     68.10    0.3091E-01     134.7    266.4
2020  8 30   243   12 24  0     67.91    0.3170E-01     134.8    266.8
2020  8 30   243   12 25  0     67.72    0.3248E-01     134.9    267.4
2020  8 30   243   12 26  0     67.53    0.3332E-01     135.0    267.6
2020  8 30   243   12 27  0     67.35    0.3410E-01     134.8    268.0
2020  8 30   243   12 28  0     67.16    0.3493E-01     134.7    268.3
2020  8 30   243   12 29  0     66.97    0.3581E-01     134.9    268.6
2020  8 30   243   12 30  0     66.78    0.3671E-01     134.9    268.9
2020  8 30   243   12 31  0     66.60    0.3758E-01     134.5    269.1
2020  8 30   243   12 32  0     66.41    0.3843E-01     134.4    269.5
2020  8 30   243   12 33  0     66.22    0.3938E-01     134.2    269.7
2020  8 30   243   12 34  0     66.04    0.4034E-01     134.2    269.8
2020  8 30   243   12 35  0     65.85    0.4129E-01     134.5    270.3
2020  8 30   243   12 36  0     65.66    0.4227E-01     134.7    270.5
2020  8 30   243   12 37  0     65.48    0.4324E-01     134.9    270.7
2020  8 30   243   12 38  0     65.29    0.4421E-01     135.0    271.0
2020  8 30   243   12 39  0     65.10    0.4527E-01     135.4    271.1
2020  8 30   243   12 40  0     64.92    0.4628E-01     135.6    271.4
2020  8 30   243   12 41  0     64.73    0.4729E-01     135.6    271.7
2020  8 30   243   12 42  0     64.55    0.4836E-01     135.7    271.9
2020  8 30   243   12 43  0     64.36    0.4952E-01     136.0    272.0
2020  8 30   243   12 44  0     64.17    0.5064E-01     136.1    272.2
2020  8 30   243   12 45  0     63.99    0.5182E-01     136.4    273.5
2020  8 30   243   12 46  0     63.80    0.5292E-01     136.4    272.6
2020  8 30   243   12 47  0     63.62    0.5402E-01     136.3    272.8
2020  8 30   243   12 48  0     63.43    0.5515E-01     136.4    273.1
2020  8 30   243   12 49  0     63.25    0.5635E-01     136.7    273.3
2020  8 30   243   12 50  0     63.06    0.5753E-01     136.6    273.4
2020  8 30   243   12 51  0     62.88    0.5872E-01     136.3    274.3
2020  8 30   243   12 52  0     62.69    0.5994E-01     136.3    273.5
2020  8 30   243   12 53  0     62.51    0.6116E-01     136.5    273.8
2020  8 30   243   12 54  0     62.32    0.6240E-01     136.7    274.1
2020  8 30   243   12 55  0     62.14    0.6363E-01     136.5    274.1
2020  8 30   243   12 56  0     61.96    0.6495E-01     136.5    275.0
2020  8 30   243   12 57  0     61.77    0.6631E-01     136.9    275.3
2020  8 30   243   12 58  0     61.59    0.6766E-01     137.0    274.6
2020  8 30   243   12 59  0     61.40    0.6898E-01     137.0    274.6
2020  8 30   243   13  0  0     61.22    0.7033E-01     136.9    274.8
2020  8 30   243   13  1  0     61.04    0.7163E-01     136.6    274.8
2020  8 30   243   13  2  0     60.85    0.7311E-01     137.0    275.7
2020  8 30   243   13  3  0     60.67    0.7464E-01     137.6    276.0
2020  8 30   243   13  4  0     60.49    0.7605E-01     137.6    275.5
2020  8 30   243   13  5  0     60.30    0.7752E-01     137.7    275.6
2020  8 30   243   13  6  0     60.12    0.7893E-01     137.6    275.7
2020  8 30   243   13  7  0     59.94    0.8047E-01     137.9    276.4
2020  8 30   243   13  8  0     59.76    0.8200E-01     138.2    276.6
2020  8 30   243   13  9  0     59.58    0.8340E-01     138.0    276.7
2020  8 30   243   13 10  0     59.39    0.8502E-01     138.4    276.4
2020  8 30   243   13 11  0     59.21    0.8662E-01     138.7    276.5
2020  8 30   243   13 12  0     59.03    0.8817E-01     138.7    276.5
2020  8 30   243   13 13  0     58.85    0.8978E-01     138.9    277.1
2020  8 30   243   13 14  0     58.67    0.9135E-01     139.2    277.2
2020  8 30   243   13 15  0     58.49    0.9286E-01     140.4    277.4
2020  8 30   243   13 16  0     58.31    0.9457E-01     142.4    277.2
2020  8 30   243   13 17  0     58.13    0.9689E-01     146.9    277.8
2020  8 30   243   13 18  0     57.94    0.9355E-01     133.4    277.4
2020  8 30   243   13 19  0     57.76    0.9901E-01     152.5    279.9
2020  8 30   243   13 20  0     57.58    0.9544E-01     140.3    279.2
2020  8 30   243   13 21  0     57.40    0.8790E-01     113.9    276.5
2020  8 30   243   13 22  0     57.22    0.7775E-01      86.7    275.4
2020  8 30   243   13 23  0     57.05    0.9826E-01     134.1    278.3
2020  8 30   243   13 24  0     56.87    0.1041E+00     143.8    279.0
2020  8 30   243   13 25  0     56.69    0.8504E-01      89.7    274.8
2020  8 30   243   13 26  0     56.51    0.9794E-01     114.9    276.0
2020  8 30   243   13 27  0     56.33    0.8955E-01      90.3    274.0
2020  8 30   243   13 28  0     56.15    0.8621E-01      81.2    273.9
2020  8 30   243   13 29  0     55.97    0.8942E-01      87.2    275.3
2020  8 30   243   13 30  0     55.80    0.8374E-01      73.5    273.4
2020  8 30   243   13 31  0     55.62    0.8123E-01      64.7    272.3
2020  8 30   243   13 32  0     55.44    0.8353E-01      64.0    271.9
2020  8 30   243   13 33  0     55.26    0.9055E-01      75.7    273.5
2020  8 30   243   13 34  0     55.09    0.1079E+00     113.7    278.2
2020  8 30   243   13 35  0     54.91    0.1017E+00      94.3    275.9
2020  8 30   243   13 36  0     54.73    0.9728E-01      85.7    276.1
2020  8 30   243   13 37  0     54.56    0.1273E+00     146.5    280.5
2020  8 30   243   13 38  0     54.38    0.1327E+00     152.0    280.6
2020  8 30   243   13 39  0     54.21    0.1087E+00     105.3    278.6
2020  8 30   243   13 40  0     54.03    0.1108E+00     116.0    281.2
2020  8 30   243   13 41  0     53.86    0.1010E+00     101.6    282.1
2020  8 30   243   13 42  0     53.68    0.1141E+00     118.8    281.9
2020  8 30   243   13 43  0     53.51    0.9204E-01      70.0    277.8
2020  8 30   243   13 44  0     53.33    0.1087E+00      90.8    278.5
2020  8 30   243   13 45  0     53.16    0.1063E+00      79.5    276.2
2020  8 30   243   13 46  0     52.98    0.1242E+00     107.5    279.0
2020  8 30   243   13 47  0     52.81    0.1468E+00     140.4    280.6
2020  8 30   243   13 48  0     52.64    0.1587E+00     161.1    282.3
2020  8 30   243   13 49  0     52.47    0.1541E+00     154.6    282.4
2020  8 30   243   13 50  0     52.29    0.1197E+00      92.9    277.4
2020  8 30   243   13 51  0     52.12    0.1092E+00      75.7    276.5
2020  8 30   243   13 52  0     51.95    0.1523E+00     144.8    281.9
2020  8 30   243   13 53  0     51.78    0.1377E+00     117.3    279.5
2020  8 30   243   13 54  0     51.61    0.1156E+00      83.3    277.6
2020  8 30   243   13 55  0     51.43    0.1107E+00      73.2    276.4
2020  8 30   243   13 56  0     51.27    0.1133E+00      72.5    275.9
2020  8 30   243   13 57  0     51.09    0.1527E+00     128.6    281.1
2020  8 30   243   13 58  0     50.92    0.1736E+00     153.7    281.4
2020  8 30   243   13 59  0     50.75    0.1804E+00     160.2    281.6
2020  8 30   243   14  0  0     50.59    0.1737E+00     147.6    281.0
2020  8 30   243   14  1  0     50.42    0.1551E+00     116.8    278.9
2020  8 30   243   14  2  0     50.25    0.1677E+00     132.2    280.3
2020  8 30   243   14  3  0     50.08    0.1861E+00     156.6    282.1
2020  8 30   243   14  4  0     49.91    0.1457E+00      98.2    278.1
2020  8 30   243   14  5  0     49.74    0.1282E+00      76.4    277.7
2020  8 30   243   14  6  0     49.58    0.1299E+00      75.6    277.5
2020  8 30   243   14  7  0     49.41    0.1384E+00      83.9    278.2
2020  8 30   243   14  8  0     49.25    0.1513E+00      98.1    279.1
2020  8 30   243   14  9  0     49.08    0.1420E+00      85.2    278.5
2020  8 30   243   14 10  0     48.91    0.1897E+00     141.5    281.7
2020  8 30   243   14 11  0     48.75    0.1636E+00     111.1    281.1
2020  8 30   243   14 12  0     48.58    0.1466E+00      91.1    279.9
2020  8 30   243   14 13  0     48.42    0.1453E+00      86.6    279.0
2020  8 30   243   14 14  0     48.26    0.1572E+00     100.0    280.6
2020  8 30   243   14 15  0     48.09    0.1558E+00      99.4    281.2
2020  8 30   243   14 16  0     47.93    0.1456E+00      87.5    280.7
2020  8 30   243   14 17  0     47.77    0.1422E+00      81.3    280.3
2020  8 30   243   14 18  0     47.60    0.1461E+00      81.9    280.1
2020  8 30   243   14 19  0     47.44    0.1537E+00      86.1    280.0
2020  8 30   243   14 20  0     47.28    0.1769E+00     107.3    280.8
2020  8 30   243   14 21  0     47.12    0.1847E+00     114.3    281.5
2020  8 30   243   14 22  0     46.96    0.1682E+00      90.1    278.3
2020  8 30   243   14 23  0     46.80    0.1805E+00     101.4    280.0
2020  8 30   243   14 24  0     46.64    0.2213E+00     139.2    281.3
2020  8 30   243   14 25  0     46.48    0.2467E+00     161.4    281.7
2020  8 30   243   14 26  0     46.32    0.2401E+00     151.5    281.2
2020  8 30   243   14 27  0     46.16    0.2348E+00     145.5    281.6
2020  8 30   243   14 28  0     46.00    0.2323E+00     140.3    280.6
2020  8 30   243   14 29  0     45.85    0.1835E+00      94.8    279.9
2020  8 30   243   14 30  0     45.69    0.1606E+00      74.1    278.2
2020  8 30   243   14 31  0     45.53    0.1571E+00      69.4    277.1
2020  8 30   243   14 32  0     45.38    0.1838E+00      94.5    280.0
2020  8 30   243   14 33  0     45.22    0.2288E+00     136.0    281.4
2020  8 30   243   14 34  0     45.07    0.1756E+00      87.4    278.8
2020  8 30   243   14 35  0     44.91    0.1589E+00      75.5    279.5
2020  8 30   243   14 36  0     44.76    0.1546E+00      69.8    278.6
2020  8 30   243   14 37  0     44.61    0.1621E+00      77.1    280.4
2020  8 30   243   14 38  0     44.46    0.1686E+00      81.4    279.7
2020  8 30   243   14 39  0     44.30    0.1492E+00      63.9    278.7
2020  8 30   243   14 40  0     44.15    0.1556E+00      64.5    277.6
2020  8 30   243   14 41  0     44.00    0.1660E+00      68.3    277.3
2020  8 30   243   14 42  0     43.85    0.2308E+00     120.9    281.1
2020  8 30   243   14 43  0     43.70    0.2286E+00     117.1    280.7
2020  8 30   243   14 44  0     43.55    0.2136E+00     100.2    278.2
2020  8 30   243   14 45  0     43.40    0.2094E+00      97.1    279.3
2020  8 30   243   14 46  0     43.26    0.2305E+00     115.1    281.7
2020  8 30   243   14 47  0     43.11    0.2876E+00     159.8    282.1
2020  8 30   243   14 48  0     42.96    0.1972E+00      86.1    278.7
2020  8 30   243   14 49  0     42.82    0.1847E+00      77.5    279.7
2020  8 30   243   14 50  0     42.67    0.1952E+00      81.4    278.3
2020  8 30   243   14 51  0     42.52    0.1919E+00      80.1    279.2
2020  8 30   243   14 52  0     42.38    0.1967E+00      86.5    280.2
2020  8 30   243   14 53  0     42.24    0.1906E+00      87.1    281.3
2020  8 30   243   14 54  0     42.09    0.1620E+00      69.9    281.2
2020  8 30   243   14 55  0     41.95    0.1539E+00      63.5    280.8
2020  8 30   243   14 56  0     41.81    0.1584E+00      63.2    280.2
2020  8 30   243   14 57  0     41.67    0.1740E+00      71.5    280.2
2020  8 30   243   14 58  0     41.53    0.1890E+00      82.0    281.3
2020  8 30   243   14 59  0     41.39    0.1931E+00      85.4    281.8
2020  8 30   243   15  0  0     41.25    0.1847E+00      78.2    281.2
2020  8 30   243   15  1  0     41.11    0.1791E+00      73.3    281.6
2020  8 30   243   15  2  0     40.97    0.1861E+00      74.3    281.0
2020  8 30   243   15  3  0     40.84    0.2031E+00      81.4    280.5
2020  8 30   243   15  4  0     40.70    0.2651E+00     122.0    282.6
2020  8 30   243   15  5  0     40.56    0.3243E+00     160.8    282.8
2020  8 30   243   15  6  0     40.43    0.2318E+00      92.6    279.1
2020  8 30   243   15  7  0     40.30    0.2975E+00     139.9    283.2
2020  8 30   243   15  8  0     40.16    0.3542E+00     172.9    282.2
2020  8 30   243   15  9  0     40.03    0.3487E+00     167.4    282.2
2020  8 30   243   15 10  0     39.90    0.3383E+00     157.8    281.8
2020  8 30   243   15 11  0     39.77    0.3610E+00     169.6    281.6
2020  8 30   243   15 12  0     39.64    0.3390E+00     151.9    280.9
2020  8 30   243   15 13  0     39.51    0.3652E+00     168.5    281.4
2020  8 30   243   15 14  0     39.38    0.3545E+00     161.4    281.5
2020  8 30   243   15 15  0     39.25    0.3696E+00     170.4    281.9
2020  8 30   243   15 16  0     39.13    0.3587E+00     161.4    281.5
2020  8 30   243   15 17  0     39.00    0.3212E+00     135.6    280.6
2020  8 30   243   15 18  0     38.87    0.3532E+00     155.8    281.6
2020  8 30   243   15 19  0     38.75    0.3413E+00     144.6    280.1
2020  8 30   243   15 20  0     38.63    0.2625E+00      98.7    281.5
2020  8 30   243   15 21  0     38.50    0.3603E+00     156.1    281.3
2020  8 30   243   15 22  0     38.38    0.2639E+00      94.1    278.2
2020  8 30   243   15 23  0     38.26    0.2680E+00      97.5    279.8
2020  8 30   243   15 24  0     38.14    0.3516E+00     148.1    281.9
2020  8 30   243   15 25  0     38.02    0.3819E+00     163.1    281.3
2020  8 30   243   15 26  0     37.90    0.3734E+00     157.8    281.0
2020  8 30   243   15 27  0     37.79    0.2776E+00      99.4    279.2
2020  8 30   243   15 28  0     37.67    0.3959E+00     169.2    281.5
2020  8 30   243   15 29  0     37.55    0.3509E+00     140.0    280.7
2020  8 30   243   15 30  0     37.44    0.3539E+00     140.3    280.5
2020  8 30   243   15 31  0     37.32    0.3972E+00     164.0    280.8
2020  8 30   243   15 32  0     37.21    0.3520E+00     136.3    280.5
2020  8 30   243   15 33  0     37.10    0.4051E+00     166.1    281.1
2020  8 30   243   15 34  0     36.99    0.4002E+00     164.6    281.8
2020  8 30   243   15 35  0     36.88    0.2799E+00      92.2    278.0
2020  8 30   243   15 36  0     36.77    0.3400E+00     130.9    282.1
2020  8 30   243   15 37  0     36.66    0.3975E+00     163.1    282.1
2020  8 30   243   15 38  0     36.56    0.2624E+00      85.0    279.0
2020  8 30   243   15 39  0     36.45    0.2747E+00      93.5    281.6
2020  8 30   243   15 40  0     36.35    0.2792E+00      92.6    279.8
2020  8 30   243   15 41  0     36.24    0.2982E+00     103.3    280.7
2020  8 30   243   15 42  0     36.14    0.3741E+00     146.6    282.8
2020  8 30   243   15 43  0     36.04    0.4186E+00     168.8    282.1
2020  8 30   243   15 44  0     35.94    0.3890E+00     152.0    281.8
2020  8 30   243   15 45  0     35.84    0.3594E+00     134.1    281.2
2020  8 30   243   15 46  0     35.74    0.2946E+00      97.3    279.8
2020  8 30   243   15 47  0     35.65    0.2808E+00      91.8    281.5
2020  8 30   243   15 48  0     35.55    0.2852E+00      88.5    278.5
2020  8 30   243   15 49  0     35.46    0.4122E+00     158.5    282.3
2020  8 30   243   15 50  0     35.36    0.4279E+00     164.2    281.3
2020  8 30   243   15 51  0     35.27    0.4348E+00     168.5    281.6
2020  8 30   243   15 52  0     35.18    0.3548E+00     127.3    281.3
2020  8 30   243   15 53  0     35.09    0.2791E+00      89.6    281.3
2020  8 30   243   15 54  0     35.00    0.3026E+00     103.2    283.1
2020  8 30   243   15 55  0     34.91    0.3698E+00     132.3    281.3
2020  8 30   243   15 56  0     34.82    0.3409E+00     118.7    282.8
2020  8 30   243   15 57  0     34.74    0.3108E+00      96.8    278.9
2020  8 30   243   15 58  0     34.65    0.4123E+00     152.3    282.9
2020  8 30   243   15 59  0     34.57    0.4402E+00     163.4    282.1
2020  8 30   243   16  0  0     34.49    0.4429E+00     164.1    282.4
2020  8 30   243   16  1  0     34.41    0.4304E+00     156.9    282.3
2020  8 30   243   16  2  0     34.33    0.4421E+00     162.1    282.3
2020  8 30   243   16  3  0     34.25    0.4407E+00     160.8    282.4
2020  8 30   243   16  4  0     34.17    0.4416E+00     160.9    282.7
2020  8 30   243   16  5  0     34.10    0.4393E+00     159.3    282.8
2020  8 30   243   16  6  0     34.02    0.4323E+00     154.9    282.6
2020  8 30   243   16  7  0     33.95    0.4317E+00     153.1    282.6
2020  8 30   243   16  8  0     33.88    0.4378E+00     156.1    283.1
2020  8 30   243   16  9  0     33.81    0.4491E+00     163.5    284.0
2020  8 30   243   16 10  0     33.74    0.3784E+00     126.8    282.5
2020  8 30   243   16 11  0     33.67    0.2619E+00      72.1    282.8
2020  8 30   243   16 12  0     33.61    0.3477E+00     115.8    284.5
2020  8 30   243   16 13  0     33.54    0.2737E+00      77.5    282.7
2020  8 30   243   16 14  0     33.48    0.4277E+00     155.3    285.5
2020  8 30   243   16 15  0     33.41    0.4234E+00     147.6    283.2
2020  8 30   243   16 16  0     33.35    0.3561E+00     115.7    283.6
2020  8 30   243   16 17  0     33.29    0.4414E+00     157.5    284.5
2020  8 30   243   16 18  0     33.23    0.4467E+00     156.9    283.4
2020  8 30   243   16 19  0     33.18    0.4473E+00     156.5    283.3
2020  8 30   243   16 20  0     33.12    0.4466E+00     156.8    283.6
2020  8 30   243   16 21  0     33.07    0.4280E+00     150.5    284.4
2020  8 30   243   16 22  0     33.01    0.2618E+00      69.9    280.9
2020  8 30   243   16 23  0     32.96    0.2427E+00      63.2    282.8
2020  8 30   243   16 24  0     32.91    0.4274E+00     152.7    285.6
2020  8 30   243   16 25  0     32.86    0.4207E+00     144.3    282.9
2020  8 30   243   16 26  0     32.82    0.2673E+00      74.0    282.9
2020  8 30   243   16 27  0     32.77    0.2732E+00      76.8    283.1
2020  8 30   243   16 28  0     32.73    0.3666E+00     122.5    285.2
2020  8 30   243   16 29  0     32.68    0.4628E+00     166.1    284.4
2020  8 30   243   16 30  0     32.64    0.4700E+00     168.7    284.1
2020  8 30   243   16 31  0     32.60    0.3717E+00     118.8    282.0
2020  8 30   243   16 32  0     32.56    0.4148E+00     143.1    285.0
2020  8 30   243   16 33  0     32.53    0.4326E+00     146.9    283.1
2020  8 30   243   16 34  0     32.49    0.4609E+00     158.5    282.7
2020  8 30   243   16 35  0     32.46    0.4645E+00     160.1    282.8
2020  8 30   243   16 36  0     32.42    0.4710E+00     165.4    283.4
2020  8 30   243   16 37  0     32.39    0.4756E+00     171.4    284.3
2020  8 30   243   16 38  0     32.36    0.3956E+00     132.9    283.0
2020  8 30   243   16 39  0     32.34    0.2926E+00      86.3    283.8
2020  8 30   243   16 40  0     32.31    0.3640E+00     117.5    284.0
2020  8 30   243   16 41  0     32.28    0.3521E+00     109.5    283.6
2020  8 30   243   16 42  0     32.26    0.4844E+00     170.4    283.3
2020  8 30   243   16 43  0     32.24    0.4682E+00     163.2    283.5
2020  8 30   243   16 44  0     32.22    0.4641E+00     161.4    283.1
2020  8 30   243   16 45  0     32.20    0.2711E+00      72.6    282.0
2020  8 30   243   16 46  0     32.18    0.3482E+00     108.0    283.2
2020  8 30   243   16 47  0     32.17    0.2733E+00      73.5    283.4
2020  8 30   243   16 48  0     32.15    0.4660E+00     159.8    283.1
2020  8 30   243   16 49  0     32.14    0.4477E+00     149.8    282.6
2020  8 30   243   16 50  0     32.13    0.4773E+00     164.9    283.2
2020  8 30   243   16 51  0     32.12    0.3942E+00     125.2    282.3
2020  8 30   243   16 52  0     32.11    0.2886E+00      81.0    284.1
2020  8 30   243   16 53  0     32.10    0.3160E+00      90.6    282.2
2020  8 30   243   16 54  0     32.10    0.3018E+00      82.4    281.6
2020  8 30   243   16 55  0     32.09    0.4310E+00     143.8    284.4
2020  8 30   243   16 56  0     32.09    0.4552E+00     150.8    282.7
2020  8 30   243   16 57  0     32.09    0.4535E+00     149.6    282.9
2020  8 30   243   16 58  0     32.09    0.4560E+00     150.9    283.2
2020  8 30   243   16 59  0     32.10    0.4579E+00     151.7    283.1
2020  8 30   243   17  0  0     32.10    0.3774E+00     113.8    282.4
2020  8 30   243   17  1  0     32.10    0.4457E+00     145.8    282.8
2020  8 30   243   17  2  0     32.11    0.4500E+00     148.1    282.9
2020  8 30   243   17  3  0     32.12    0.4043E+00     126.5    282.6
2020  8 30   243   17  4  0     32.13    0.4479E+00     147.4    282.8
2020  8 30   243   17  5  0     32.14    0.3688E+00     110.4    282.0
2020  8 30   243   17  6  0     32.16    0.4198E+00     132.0    281.3
2020  8 30   243   17  7  0     32.17    0.4240E+00     138.3    283.7
2020  8 30   243   17  8  0     32.19    0.4391E+00     143.7    282.8
2020  8 30   243   17  9  0     32.20    0.4418E+00     145.1    282.8
2020  8 30   243   17 10  0     32.22    0.4467E+00     147.3    282.8
2020  8 30   243   17 11  0     32.24    0.4501E+00     149.2    282.9
2020  8 30   243   17 12  0     32.27    0.4525E+00     151.2    283.0
2020  8 30   243   17 13  0     32.29    0.4283E+00     140.2    282.4
2020  8 30   243   17 14  0     32.32    0.4218E+00     140.6    283.8
2020  8 30   243   17 15  0     32.34    0.3354E+00      95.6    280.0
2020  8 30   243   17 16  0     32.37    0.3585E+00     112.9    284.0
2020  8 30   243   17 17  0     32.40    0.2885E+00      79.0    280.6
2020  8 30   243   17 18  0     32.43    0.2841E+00      81.2    283.2
2020  8 30   243   17 19  0     32.47    0.3532E+00     114.5    283.5
2020  8 30   243   17 20  0     32.50    0.2299E+00      58.2    282.7
2020  8 30   243   17 21  0     32.53    0.2275E+00      56.3    282.6
2020  8 30   243   17 22  0     32.57    0.2544E+00      66.5    282.6
2020  8 30   243   17 23  0     32.61    0.3651E+00     117.7    284.3
2020  8 30   243   17 24  0     32.65    0.4415E+00     149.7    282.6
2020  8 30   243   17 25  0     32.69    0.4400E+00     148.0    282.5
2020  8 30   243   17 26  0     32.74    0.4404E+00     147.6    282.4
2020  8 30   243   17 27  0     32.78    0.4400E+00     147.1    282.4
2020  8 30   243   17 28  0     32.83    0.4395E+00     147.1    282.3
2020  8 30   243   17 29  0     32.87    0.4390E+00     147.3    282.4
2020  8 30   243   17 30  0     32.92    0.4396E+00     148.1    282.5
2020  8 30   243   17 31  0     32.97    0.4381E+00     148.1    282.7
2020  8 30   243   17 32  0     33.03    0.4385E+00     148.8    282.7
2020  8 30   243   17 33  0     33.08    0.4382E+00     148.9    282.6
2020  8 30   243   17 34  0     33.13    0.4347E+00     147.5    282.5
2020  8 30   243   17 35  0     33.19    0.4355E+00     148.5    282.6
2020  8 30   243   17 36  0     33.25    0.4362E+00     149.6    282.7
2020  8 30   243   17 37  0     33.31    0.4356E+00     150.1    282.8
2020  8 30   243   17 38  0     33.37    0.4354E+00     150.9    282.9
2020  8 30   243   17 39  0     33.43    0.4182E+00     141.5    282.0
2020  8 30   243   17 40  0     33.49    0.2927E+00      80.9    280.7
2020  8 30   243   17 41  0     33.55    0.2988E+00      88.4    283.9
2020  8 30   243   17 42  0     33.62    0.4242E+00     148.6    283.3
2020  8 30   243   17 43  0     33.69    0.4162E+00     144.7    283.1
2020  8 30   243   17 44  0     33.75    0.4151E+00     144.5    283.2
2020  8 30   243   17 45  0     33.82    0.4226E+00     148.6    283.4
2020  8 30   243   17 46  0     33.89    0.4201E+00     147.6    283.4
2020  8 30   243   17 47  0     33.97    0.4185E+00     147.3    283.4
2020  8 30   243   17 48  0     34.04    0.4199E+00     149.0    283.7
2020  8 30   243   17 49  0     34.12    0.4198E+00     150.2    284.0
2020  8 30   243   17 50  0     34.19    0.4019E+00     142.6    284.1
2020  8 30   243   17 51  0     34.27    0.3913E+00     137.6    283.8
2020  8 30   243   17 52  0     34.35    0.3969E+00     140.9    284.0
2020  8 30   243   17 53  0     34.43    0.4055E+00     145.4    284.0
2020  8 30   243   17 54  0     34.51    0.4073E+00     146.4    283.9
2020  8 30   243   17 55  0     34.59    0.4064E+00     146.7    284.0
2020  8 30   243   17 56  0     34.67    0.4073E+00     147.6    283.9
2020  8 30   243   17 57  0     34.76    0.4054E+00     147.2    283.8
2020  8 30   243   17 58  0     34.85    0.4044E+00     147.6    283.9
2020  8 30   243   17 59  0     34.93    0.4047E+00     148.8    284.1
2020  8 30   243   18  0  0     35.02    0.3550E+00     122.2    283.4
2020  8 30   243   18  1  0     35.11    0.3990E+00     147.0    283.8
2020  8 30   243   18  2  0     35.20    0.4024E+00     149.7    284.0
2020  8 30   243   18  3  0     35.29    0.4022E+00     150.7    284.1
2020  8 30   243   18  4  0     35.38    0.4012E+00     151.7    284.3
2020  8 30   243   18  5  0     35.48    0.3604E+00     129.0    283.2
2020  8 30   243   18  6  0     35.57    0.3734E+00     140.0    284.8
2020  8 30   243   18  7  0     35.67    0.3924E+00     148.4    283.3
2020  8 30   243   18  8  0     35.77    0.3542E+00     131.5    284.7
2020  8 30   243   18  9  0     35.87    0.3659E+00     138.0    284.1
2020  8 30   243   18 10  0     35.96    0.3811E+00     146.6    284.1
2020  8 30   243   18 11  0     36.06    0.3850E+00     149.1    284.2
2020  8 30   243   18 12  0     36.17    0.3724E+00     142.5    284.1
2020  8 30   243   18 13  0     36.27    0.3836E+00     150.1    284.4
2020  8 30   243   18 14  0     36.37    0.3836E+00     150.8    284.3
2020  8 30   243   18 15  0     36.48    0.3824E+00     151.4    284.4
2020  8 30   243   18 16  0     36.58    0.3791E+00     150.8    284.5
2020  8 30   243   18 17  0     36.69    0.3790E+00     152.0    284.5
2020  8 30   243   18 18  0     36.80    0.3736E+00     150.4    284.5
2020  8 30   243   18 19  0     36.91    0.3403E+00     132.5    284.2
2020  8 30   243   18 20  0     37.02    0.2615E+00      90.2    283.4
2020  8 30   243   18 21  0     37.13    0.1987E+00      58.1    283.5
2020  8 30   243   18 22  0     37.24    0.3364E+00     142.3    287.5
2020  8 30   243   18 23  0     37.35    0.2218E+00      68.8    281.6
2020  8 30   243   18 24  0     37.47    0.2275E+00      73.7    283.0
2020  8 30   243   18 25  0     37.58    0.3069E+00     123.8    286.4
2020  8 30   243   18 26  0     37.70    0.3563E+00     151.4    285.2
2020  8 30   243   18 27  0     37.81    0.3554E+00     150.9    285.1
2020  8 30   243   18 28  0     37.93    0.2958E+00     111.4    282.6
2020  8 30   243   18 29  0     38.05    0.3311E+00     139.1    286.1
2020  8 30   243   18 30  0     38.17    0.3548E+00     153.1    285.5
2020  8 30   243   18 31  0     38.29    0.3545E+00     154.1    285.6
2020  8 30   243   18 32  0     38.41    0.2756E+00     102.1    282.6
2020  8 30   243   18 33  0     38.53    0.3456E+00     152.4    286.4
2020  8 30   243   18 34  0     38.66    0.3459E+00     152.0    285.5
2020  8 30   243   18 35  0     38.78    0.3444E+00     153.3    285.8
2020  8 30   243   18 36  0     38.90    0.2791E+00     110.7    283.5
2020  8 30   243   18 37  0     39.03    0.2847E+00     119.5    285.6
2020  8 30   243   18 38  0     39.16    0.1944E+00      63.0    283.3
2020  8 30   243   18 39  0     39.28    0.1892E+00      61.9    283.6
2020  8 30   243   18 40  0     39.41    0.2310E+00      93.7    286.8
2020  8 30   243   18 41  0     39.54    0.1870E+00      64.3    283.9
2020  8 30   243   18 42  0     39.67    0.1958E+00      75.6    288.0
2020  8 30   243   18 43  0     39.80    0.3019E+00     144.9    286.9
2020  8 30   243   18 44  0     39.93    0.1718E+00      58.2    283.5
2020  8 30   243   18 45  0     40.06    0.1668E+00      57.4    284.8
2020  8 30   243   18 46  0     40.20    0.1751E+00      63.7    285.5
2020  8 30   243   18 47  0     40.33    0.1720E+00      60.2    284.6
2020  8 30   243   18 48  0     40.46    0.1801E+00      65.0    285.2
2020  8 30   243   18 49  0     40.60    0.3043E+00     152.3    287.8
2020  8 30   243   18 50  0     40.74    0.2987E+00     146.5    286.1
2020  8 30   243   18 51  0     40.87    0.2777E+00     139.1    288.8
2020  8 30   243   18 52  0     41.01    0.2589E+00     121.8    285.7
2020  8 30   243   18 53  0     41.15    0.1791E+00      65.0    283.5
2020  8 30   243   18 54  0     41.29    0.1865E+00      72.4    285.0
2020  8 30   243   18 55  0     41.43    0.2104E+00      90.3    285.5
2020  8 30   243   18 56  0     41.56    0.2884E+00     156.9    289.6
2020  8 30   243   18 57  0     41.71    0.2409E+00     120.5    287.5
2020  8 30   243   18 58  0     41.85    0.1676E+00      68.5    286.1
2020  8 30   243   18 59  0     41.99    0.1613E+00      66.6    287.3
2020  8 30   243   19  0  0     42.13    0.1695E+00      72.7    287.4
2020  8 30   243   19  1  0     42.27    0.2189E+00     112.3    290.0
2020  8 30   243   19  2  0     42.42    0.2639E+00     141.6    287.6
2020  8 30   243   19  3  0     42.56    0.2459E+00     127.8    287.9
2020  8 30   243   19  4  0     42.71    0.2795E+00     154.2    287.7
2020  8 30   243   19  5  0     42.85    0.2757E+00     151.9    287.4
2020  8 30   243   19  6  0     43.00    0.2740E+00     151.9    287.5
2020  8 30   243   19  7  0     43.15    0.2707E+00     151.2    287.6
2020  8 30   243   19  8  0     43.29    0.1902E+00      82.6    283.9
2020  8 30   243   19  9  0     43.44    0.1984E+00      91.5    284.9
2020  8 30   243   19 10  0     43.59    0.2001E+00      92.2    284.0
2020  8 30   243   19 11  0     43.74    0.2199E+00     115.1    287.7
2020  8 30   243   19 12  0     43.89    0.2547E+00     144.8    287.6
2020  8 30   243   19 13  0     44.04    0.2515E+00     143.7    287.6
2020  8 30   243   19 14  0     44.19    0.2496E+00     143.6    287.6
2020  8 30   243   19 15  0     44.34    0.2475E+00     143.5    287.5
2020  8 30   243   19 16  0     44.50    0.2456E+00     143.9    287.7
2020  8 30   243   19 17  0     44.65    0.2437E+00     144.5    288.0
2020  8 30   243   19 18  0     44.80    0.2419E+00     144.8    288.1
2020  8 30   243   19 19  0     44.96    0.2400E+00     145.0    288.1
2020  8 30   243   19 20  0     45.11    0.2378E+00     144.9    288.1
2020  8 30   243   19 21  0     45.27    0.2351E+00     144.4    288.0
2020  8 30   243   19 22  0     45.42    0.2321E+00     144.0    288.2
2020  8 30   243   19 23  0     45.58    0.2300E+00     144.1    288.1
2020  8 30   243   19 24  0     45.73    0.2281E+00     144.8    288.2
2020  8 30   243   19 25  0     45.89    0.2271E+00     147.1    288.5
2020  8 30   243   19 26  0     46.05    0.2209E+00     142.7    288.2
2020  8 30   243   19 27  0     46.21    0.2025E+00     127.9    288.5
2020  8 30   243   19 28  0     46.36    0.2223E+00     150.3    288.9
2020  8 30   243   19 29  0     46.52    0.2208E+00     151.1    288.8
2020  8 30   243   19 30  0     46.68    0.2003E+00     131.5    288.1
2020  8 30   243   19 31  0     46.84    0.2065E+00     141.8    288.8
2020  8 30   243   19 32  0     47.00    0.2138E+00     153.3    289.4
2020  8 30   243   19 33  0     47.16    0.2132E+00     156.3    289.9
2020  8 30   243   19 34  0     47.32    0.2134E+00     160.0    290.1
2020  8 30   243   19 35  0     47.49    0.1834E+00     126.1    288.0
2020  8 30   243   19 36  0     47.65    0.1596E+00     102.4    287.9
2020  8 30   243   19 37  0     47.81    0.2013E+00     157.9    291.6
2020  8 30   243   19 38  0     47.97    0.2015E+00     157.6    290.4
2020  8 30   243   19 39  0     48.14    0.1646E+00     112.2    287.6
2020  8 30   243   19 40  0     48.30    0.1953E+00     153.6    290.0
2020  8 30   243   19 41  0     48.46    0.1923E+00     151.8    289.9
2020  8 30   243   19 42  0     48.63    0.1886E+00     149.9    290.0
2020  8 30   243   19 43  0     48.79    0.1864E+00     150.3    290.3
2020  8 30   243   19 44  0     48.96    0.1848E+00     151.9    290.5
2020  8 30   243   19 45  0     49.13    0.1836E+00     152.9    290.6
2020  8 30   243   19 46  0     49.29    0.1820E+00     152.5    290.5
2020  8 30   243   19 47  0     49.46    0.1789E+00     150.1    290.3
2020  8 30   243   19 48  0     49.62    0.1752E+00     146.9    290.0
2020  8 30   243   19 49  0     49.79    0.1726E+00     145.4    289.9
2020  8 30   243   19 50  0     49.96    0.1701E+00     144.2    289.8
2020  8 30   243   19 51  0     50.13    0.1679E+00     143.4    289.7
2020  8 30   243   19 52  0     50.30    0.1659E+00     143.1    289.6
2020  8 30   243   19 53  0     50.47    0.1643E+00     143.5    289.7
2020  8 30   243   19 54  0     50.64    0.1623E+00     143.1    289.6
2020  8 30   243   19 55  0     50.80    0.1599E+00     142.2    289.5
2020  8 30   243   19 56  0     50.97    0.1578E+00     142.0    289.4
2020  8 30   243   19 57  0     51.14    0.1556E+00     141.7    289.4
2020  8 30   243   19 58  0     51.31    0.1537E+00     141.6    289.3
2020  8 30   243   19 59  0     51.48    0.1517E+00     141.4    289.2
2020  8 30   243   20  0  0     51.66    0.1497E+00     141.1    289.1
2020  8 30   243   20  1  0     51.83    0.1479E+00     141.0    289.0
2020  8 30   243   20  2  0     52.00    0.1460E+00     141.0    288.9
2020  8 30   243   20  3  0     52.17    0.1441E+00     141.0    288.9
2020  8 30   243   20  4  0     52.34    0.1422E+00     141.0    288.8
2020  8 30   243   20  5  0     52.52    0.1404E+00     141.0    288.7
2020  8 30   243   20  6  0     52.69    0.1385E+00     140.8    288.6
2020  8 30   243   20  7  0     52.86    0.1362E+00     140.1    288.4
2020  8 30   243   20  8  0     53.04    0.1344E+00     140.1    288.4
2020  8 30   243   20  9  0     53.21    0.1324E+00     140.0    288.3
2020  8 30   243   20 10  0     53.38    0.1308E+00     140.5    288.2
2020  8 30   243   20 11  0     53.56    0.1292E+00     140.7    288.2
2020  8 30   243   20 12  0     53.73    0.1278E+00     141.2    288.2
2020  8 30   243   20 13  0     53.91    0.1255E+00     140.0    288.2
2020  8 30   243   20 14  0     54.08    0.1241E+00     140.3    288.1
2020  8 30   243   20 15  0     54.26    0.1224E+00     140.2    287.9
2020  8 30   243   20 16  0     54.43    0.1206E+00     140.1    287.8
2020  8 30   243   20 17  0     54.61    0.1191E+00     140.7    287.8
2020  8 30   243   20 18  0     54.79    0.1172E+00     140.9    287.8
2020  8 30   243   20 19  0     54.96    0.1156E+00     140.6    287.7
2020  8 30   243   20 20  0     55.14    0.1140E+00     140.7    287.7
2020  8 30   243   20 21  0     55.32    0.1124E+00     141.2    287.7
2020  8 30   243   20 22  0     55.50    0.1107E+00     141.2    287.7
2020  8 30   243   20 23  0     55.67    0.1088E+00     141.1    287.7
2020  8 30   243   20 24  0     55.85    0.1025E+00     129.1    286.4
2020  8 30   243   20 25  0     56.03    0.7998E-01      74.7    281.1
2020  8 30   243   20 26  0     56.21    0.8070E-01      86.3    284.0
2020  8 30   243   20 27  0     56.39    0.1003E+00     143.0    288.5
2020  8 30   243   20 28  0     56.56    0.9989E-01     145.2    288.4
2020  8 30   243   20 29  0     56.74    0.9904E-01     145.2    288.0
2020  8 30   243   20 30  0     56.92    0.9801E-01     145.8    287.7
2020  8 30   243   20 31  0     57.10    0.9618E-01     144.9    287.3
2020  8 30   243   20 32  0     57.28    0.9514E-01     146.1    287.2
2020  8 30   243   20 33  0     57.46    0.9367E-01     146.9    287.2
2020  8 30   243   20 34  0     57.64    0.9225E-01     147.9    287.3
2020  8 30   243   20 35  0     57.82    0.8637E-01     133.6    285.9
2020  8 30   243   20 36  0     58.00    0.8545E-01     139.1    286.9
2020  8 30   243   20 37  0     58.18    0.8653E-01     149.5    287.8
2020  8 30   243   20 38  0     58.36    0.8591E-01     152.7    288.0
2020  8 30   243   20 39  0     58.54    0.8477E-01     154.0    288.0
2020  8 30   243   20 40  0     58.73    0.8322E-01     153.7    287.9
2020  8 30   243   20 41  0     58.91    0.8130E-01     153.2    287.8
2020  8 30   243   20 42  0     59.09    0.7954E-01     154.0    288.1
2020  8 30   243   20 43  0     59.27    0.7802E-01     154.5    288.2
2020  8 30   243   20 44  0     59.45    0.7663E-01     154.1    288.0
2020  8 30   243   20 45  0     59.63    0.7338E-01     144.0    286.4
2020  8 30   243   20 46  0     59.82    0.7338E-01     148.2    286.1
2020  8 30   243   20 47  0     60.00    0.7336E-01     148.1    285.0
2020  8 30   243   20 48  0     60.18    0.7239E-01     147.4    284.4
2020  8 30   243   20 49  0     60.36    0.7105E-01     146.5    283.8
2020  8 30   243   20 50  0     60.55    0.5683E-01      82.3    276.7
2020  8 30   243   20 51  0     60.73    0.5541E-01      81.4    276.9
2020  8 30   243   20 52  0     60.91    0.6561E-01     134.3    282.0
2020  8 30   243   20 53  0     61.10    0.6634E-01     141.4    282.1
2020  8 30   243   20 54  0     61.28    0.6521E-01     141.2    282.0
2020  8 30   243   20 55  0     61.47    0.6399E-01     140.7    281.8
2020  8 30   243   20 56  0     61.65    0.6284E-01     140.9    281.6
2020  8 30   243   20 57  0     61.83    0.6151E-01     141.0    281.4
2020  8 30   243   20 58  0     62.02    0.6018E-01     141.5    281.4
2020  8 30   243   20 59  0     62.20    0.5897E-01     142.5    281.5
2020  8 30   243   21  0  0     62.39    0.5780E-01     143.1    281.5
2020  8 30   243   21  1  0     62.57    0.5642E-01     141.2    280.9
2020  8 30   243   21  2  0     62.76    0.5122E-01     116.3    278.3
2020  8 30   243   21  3  0     62.94    0.4680E-01      92.4    275.2
2020  8 30   243   21  4  0     63.13    0.4316E-01      76.0    272.1
2020  8 30   243   21  5  0     63.31    0.4938E-01     125.0    278.7
2020  8 30   243   21  6  0     63.50    0.4376E-01      92.5    274.4
2020  8 30   243   21  7  0     63.68    0.4933E-01     140.7    279.9
2020  8 30   243   21  8  0     63.87    0.4820E-01     138.6    279.2
2020  8 30   243   21  9  0     64.06    0.4734E-01     139.9    279.1
2020  8 30   243   21 10  0     64.24    0.4630E-01     139.3    278.9
2020  8 30   243   21 11  0     64.43    0.4531E-01     139.2    278.8
2020  8 30   243   21 12  0     64.61    0.4446E-01     139.8    278.5
2020  8 30   243   21 13  0     64.80    0.4348E-01     140.4    278.4
2020  8 30   243   21 14  0     64.98    0.4249E-01     140.9    278.4
2020  8 30   243   21 15  0     65.17    0.4157E-01     140.5    277.7
2020  8 30   243   21 16  0     65.36    0.4057E-01     139.4    277.9
2020  8 30   243   21 17  0     65.55    0.3972E-01     138.4    277.5
2020  8 30   243   21 18  0     65.73    0.3884E-01     137.8    277.2
2020  8 30   243   21 19  0     65.92    0.3798E-01     137.8    277.0
2020  8 30   243   21 20  0     66.11    0.3699E-01     136.8    276.1
2020  8 30   243   21 21  0     66.29    0.3610E-01     136.3    275.6
2020  8 30   243   21 22  0     66.48    0.3520E-01     136.2    275.3
2020  8 30   243   21 23  0     66.67    0.3437E-01     136.1    275.5
2020  8 30   243   21 24  0     66.85    0.3352E-01     136.6    275.4
2020  8 30   243   21 25  0     67.04    0.3277E-01     137.1    274.1
2020  8 30   243   21 26  0     67.23    0.3196E-01     136.6    273.8
2020  8 30   243   21 27  0     67.42    0.3116E-01     135.8    273.4
2020  8 30   243   21 28  0     67.60    0.2942E-01     118.0    270.5
2020  8 30   243   21 29  0     67.79    0.2613E-01      78.6    265.1
2020  8 30   243   21 30  0     67.98    0.2549E-01      78.8    264.9
2020  8 30   243   21 31  0     68.17    0.2703E-01     119.2    270.3
2020  8 30   243   21 32  0     68.36    0.2683E-01     124.4    270.3
2020  8 30   243   21 33  0     68.54    0.2560E-01     115.7    269.0
2020  8 30   243   21 34  0     68.73    0.2580E-01     131.7    270.1
2020  8 30   243   21 35  0     68.92    0.2520E-01     134.0    270.1
2020  8 30   243   21 36  0     69.11    0.2454E-01     134.6    269.7
2020  8 30   243   21 37  0     69.30    0.2389E-01     134.8    269.3
2020  8 30   243   21 38  0     69.49    0.2323E-01     135.0    269.0
2020  8 30   243   21 39  0     69.67    0.2266E-01     135.0    268.3
2020  8 30   243   21 40  0     69.86    0.2206E-01     134.5    267.5
2020  8 30   243   21 41  0     70.05    0.2141E-01     134.2    267.1
2020  8 30   243   21 42  0     70.24    0.2082E-01     134.0    266.4
2020  8 30   243   21 43  0     70.43    0.2023E-01     134.3    265.8
2020  8 30   243   21 44  0     70.62    0.1962E-01     134.3    265.4
2020  8 30   243   21 45  0     70.80    0.1905E-01     134.1    264.5
2020  8 30   243   21 46  0     70.99    0.1848E-01     134.1    263.7
2020  8 30   243   21 47  0     71.18    0.1788E-01     134.2    263.7
2020  8 30   243   21 48  0     71.37    0.1740E-01     134.8    262.7
2020  8 30   243   21 49  0     71.56    0.1698E-01     135.5    261.9
2020  8 30   243   21 50  0     71.75    0.1652E-01     134.8    260.9
2020  8 30   243   21 51  0     71.94    0.1601E-01     134.4    260.0
2020  8 30   243   21 52  0     72.13    0.1554E-01     134.2    259.0
2020  8 30   243   21 53  0     72.32    0.1502E-01     133.9    258.5
2020  8 30   243   21 54  0     72.51    0.1454E-01     133.2    257.7
2020  8 30   243   21 55  0     72.70    0.1413E-01     133.3    256.5
2020  8 30   243   21 56  0     72.88    0.1374E-01     133.5    255.5
2020  8 30   243   21 57  0     73.07    0.1332E-01     133.6    253.8
2020  8 30   243   21 58  0     73.26    0.1294E-01     133.2    252.5
2020  8 30   243   21 59  0     73.45    0.1254E-01     132.3    251.5
2020  8 30   243   22  0  0     73.64    0.1222E-01     131.9    249.2
2020  8 30   243   22  1  0     73.83    0.1183E-01     131.7    248.5
2020  8 30   243   22  2  0     74.02    0.1147E-01     131.5    247.4
2020  8 30   243   22  3  0     74.21    0.1112E-01     131.2    246.3
2020  8 30   243   22  4  0     74.40    0.1077E-01     130.9    245.0
2020  8 30   243   22  5  0     74.59    0.1045E-01     130.8    243.3
2020  8 30   243   22  6  0     74.78    0.1012E-01     130.9    242.2
2020  8 30   243   22  7  0     74.97    0.9769E-02     131.0    241.2
2020  8 30   243   22  8  0     75.16    0.9480E-02     130.7    239.2
2020  8 30   243   22  9  0     75.35    0.9173E-02     130.5    237.8
2020  8 30   243   22 10  0     75.54    0.8901E-02     130.4    235.8
2020  8 30   243   22 11  0     75.73    0.8612E-02     130.2    234.3
2020  8 30   243   22 12  0     75.92    0.8319E-02     130.0    233.1
2020  8 30   243   22 13  0     76.11    0.8050E-02     129.8    230.2
2020  8 30   243   22 14  0     76.30    0.7786E-02     129.7    228.4
2020  8 30   243   22 15  0     76.49    0.7525E-02     129.5    226.5
2020  8 30   243   22 16  0     76.68    0.7269E-02     129.1    224.7
2020  8 30   243   22 17  0     76.87    0.7038E-02     129.0    222.4
2020  8 30   243   22 18  0     77.06    0.6810E-02     129.1    220.2
2020  8 30   243   22 19  0     77.24    0.6593E-02     128.8    218.0
2020  8 30   243   22 20  0     77.43    0.6375E-02     128.6    215.5
2020  8 30   243   22 21  0     77.62    0.6147E-02     128.5    213.6
2020  8 30   243   22 22  0     77.81    0.5948E-02     128.3    211.0
2020  8 30   243   22 23  0     78.00    0.5783E-02     128.2    207.5
2020  8 30   243   22 24  0     78.19    0.5555E-02     128.0    206.3
2020  8 30   243   22 25  0     78.38    0.5396E-02     128.1    203.2
2020  8 30   243   22 26  0     78.57    0.5194E-02     128.1    201.5
2020  8 30   243   22 27  0     78.76    0.5053E-02     128.1    198.1
2020  8 30   243   22 28  0     78.95    0.4865E-02     128.1    196.2
2020  8 30   243   22 29  0     79.14    0.4695E-02     128.3    193.0
2020  8 30   243   22 30  0     79.33    0.4562E-02     128.2    189.3
2020  8 30   243   22 31  0     79.52    0.4405E-02     127.9    186.7
2020  8 30   243   22 32  0     79.71    0.4263E-02     127.7    183.8
2020  8 30   243   22 33  0     79.90    0.4113E-02     127.6    181.3
2020  8 30   243   22 34  0     80.09    0.3977E-02     127.4    178.4
2020  8 30   243   22 35  0     80.28    0.3867E-02     127.3    174.4
2020  8 30   243   22 36  0     80.47    0.3762E-02     127.1    170.4
2020  8 30   243   22 37  0     80.66    0.3607E-02     127.1    168.5
2020  8 30   243   22 38  0     80.84    0.3480E-02     127.0    165.7
2020  8 30   243   22 39  0     81.03    0.3392E-02     126.9    161.6
2020  8 30   243   22 40  0     81.22    0.3299E-02     126.7    157.9
2020  8 30   243   22 41  0     81.41    0.3208E-02     126.7    153.9
2020  8 30   243   22 42  0     81.60    0.3101E-02     126.6    150.7
2020  8 30   243   22 43  0     81.79    0.2997E-02     126.6    147.6
2020  8 30   243   22 44  0     81.98    0.2925E-02     126.6    143.4
2020  8 30   243   22 45  0     82.17    0.2817E-02     126.5    140.7
2020  8 30   243   22 46  0     82.36    0.2727E-02     126.2    137.6
2020  8 30   243   22 47  0     82.55    0.2678E-02     126.1    132.8
2020  8 30   243   22 48  0     82.74    0.2590E-02     125.9    129.7
2020  8 30   243   22 49  0     82.92    0.2487E-02     125.8    127.2
2020  8 30   243   22 50  0     83.11    0.2452E-02     125.5    122.6
2020  8 30   243   22 51  0     83.30    0.2379E-02     125.2    119.5
2020  8 30   243   22 52  0     83.49    0.2312E-02     124.8    116.3
2020  8 30   243   22 53  0     83.68    0.2278E-02     124.5    112.2
2020  8 30   243   22 54  0     83.87    0.2195E-02     124.2    109.7
2020  8 30   243   22 55  0     84.06    0.2170E-02     124.0    105.8
2020  8 30   243   22 56  0     84.25    0.2104E-02     123.9    103.3
2020  8 30   243   22 57  0     84.43    0.2068E-02     123.8    100.2
2020  8 30   243   22 58  0     84.62    0.1996E-02     123.7     98.1
2020  8 30   243   22 59  0     84.81    0.1962E-02     123.7     93.9
2020  8 30   243   23  0  0     85.00    0.1938E-02     123.8     90.1
2020  8 30   243   23  1  0     85.19    0.1890E-02     123.4     87.4
2020  8 30   243   23  2  0     85.38    0.1878E-02     123.1     83.8
2020  8 30   243   23  3  0     85.56    0.1842E-02     122.7     81.0
2020  8 30   243   23  4  0     85.75    0.1792E-02     122.4     78.6
2020  8 30   243   23  5  0     85.94    0.1754E-02     122.1     75.1
2020  8 30   243   23  6  0     86.13    0.1746E-02     121.6     71.4
2020  8 30   243   23  7  0     86.31    0.1705E-02     121.0     68.8
2020  8 30   243   23  8  0     86.50    0.1678E-02     120.5     66.0
2020  8 30   243   23  9  0     86.69    0.1662E-02     120.0     62.9
2020  8 30   243   23 10  0     86.88    0.1619E-02     119.5     60.6
2020  8 30   243   23 11  0     87.06    0.1602E-02     118.9     57.3
2020  8 30   243   23 12  0     87.25    0.1580E-02     117.9     54.4
2020  8 30   243   23 13  0     87.44    0.1555E-02     117.0     51.7
2020  8 30   243   23 14  0     87.63    0.1528E-02     116.2     49.1
2020  8 30   243   23 15  0     87.81    0.1529E-02     115.5     45.9
2020  8 30   243   23 16  0     88.00    0.1495E-02     114.9     43.7
2020  8 30   243   23 17  0     88.19    0.1457E-02     113.6     41.9
2020  8 30   243   23 18  0     88.37    0.1449E-02     112.3     39.3
2020  8 30   243   23 19  0     88.56    0.1422E-02     111.0     36.9
2020  8 30   243   23 20  0     88.75    0.1409E-02     110.0     34.3
2020  8 30   243   23 21  0     88.94    0.1382E-02     109.1     32.1
2020  8 30   243   23 22  0     89.12    0.1397E-02     107.4     29.4
2020  8 30   243   23 23  0     89.31    0.1360E-02     105.3     27.9
2020  8 30   243   23 24  0     89.49    0.1367E-02     103.4     25.5
2020  8 30   243   23 25  0     89.68    0.1337E-02     101.6     23.9
2020  8 30   243   23 26  0     89.87    0.1295E-02     100.0     22.6
