                            NILUUV 115

Uvpro Version 2.0
Latitude :   40.74 (North)
Longitude:  -74.03  (West)
Calibration file: cf100603a.115
Height above sea level:    40.0  m
CLT derived from channel 5
CLT scale factor used:   1.0
Ozone derived from channel pair ch3/ch1
Ozone scale factor used:   1.0
Drift factors ch1-ch6:   0.350  0.339  0.503  0.511  0.324  0.900
Ozone profile climatology: Mid  Latitude
Dose type:    CLW    Caldwell Plant 1971           

yyyy mm dd   jul   hh mm ss      SZA     dose rate       clt     Ozone
                              [degrees]   [W/m^2]        [%]     [DU]
2020 11 15   320   11 49  0     89.99    0.8754E-03      74.6     29.2
2020 11 15   320   11 50  0     89.82    0.8857E-03      75.7     31.3
2020 11 15   320   11 51  0     89.65    0.9107E-03      77.5     33.2
2020 11 15   320   11 52  0     89.48    0.9320E-03      79.5     35.5
2020 11 15   320   11 53  0     89.31    0.9304E-03      81.7     38.9
2020 11 15   320   11 54  0     89.14    0.9595E-03      83.9     41.1
2020 11 15   320   11 55  0     88.97    0.9943E-03      85.9     42.8
2020 11 15   320   11 56  0     88.80    0.9982E-03      87.5     46.2
2020 11 15   320   11 57  0     88.63    0.1024E-02      89.1     48.7
2020 11 15   320   11 58  0     88.46    0.1063E-02      90.3     50.3
2020 11 15   320   11 59  0     88.29    0.1072E-02      91.1     53.2
2020 11 15   320   12  0  0     88.12    0.1088E-02      91.5     55.5
2020 11 15   320   12  1  0     87.95    0.1122E-02      91.5     57.2
2020 11 15   320   12  2  0     87.78    0.1128E-02      91.6     60.8
2020 11 15   320   12  3  0     87.61    0.1183E-02      92.6     62.3
2020 11 15   320   12  4  0     87.44    0.1194E-02      93.6     65.7
2020 11 15   320   12  5  0     87.28    0.1190E-02      94.3     69.6
2020 11 15   320   12  6  0     87.11    0.1231E-02      94.6     71.1
2020 11 15   320   12  7  0     86.94    0.1262E-02      94.6     73.0
2020 11 15   320   12  8  0     86.77    0.1264E-02      94.6     76.5
2020 11 15   320   12  9  0     86.61    0.1272E-02      95.2     80.0
2020 11 15   320   12 10  0     86.44    0.1273E-02      96.5     83.6
2020 11 15   320   12 11  0     86.27    0.1308E-02      97.4     85.6
2020 11 15   320   12 12  0     86.11    0.1348E-02      97.3     86.9
2020 11 15   320   12 13  0     85.94    0.1361E-02      96.3     89.6
2020 11 15   320   12 14  0     85.78    0.1397E-02      95.0     91.4
2020 11 15   320   12 15  0     85.61    0.1403E-02      93.8     94.8
2020 11 15   320   12 16  0     85.45    0.1429E-02      92.4     97.3
2020 11 15   320   12 17  0     85.28    0.1478E-02      91.6     99.0
2020 11 15   320   12 18  0     85.12    0.1496E-02      91.8    102.3
2020 11 15   320   12 19  0     84.95    0.1533E-02      92.3    104.8
2020 11 15   320   12 20  0     84.79    0.1587E-02      91.9    106.4
2020 11 15   320   12 21  0     84.63    0.1614E-02      90.9    109.1
2020 11 15   320   12 22  0     84.46    0.1698E-02      90.8    109.8
2020 11 15   320   12 23  0     84.30    0.1757E-02      92.1    112.5
2020 11 15   320   12 24  0     84.14    0.1788E-02      93.7    116.9
2020 11 15   320   12 25  0     83.98    0.1842E-02      94.4    119.9
2020 11 15   320   12 26  0     83.81    0.1897E-02      94.2    123.2
2020 11 15   320   12 27  0     83.65    0.1971E-02      93.9    126.0
2020 11 15   320   12 28  0     83.49    0.2044E-02      94.3    129.6
2020 11 15   320   12 29  0     83.33    0.2144E-02      95.8    132.1
2020 11 15   320   12 30  0     83.17    0.2231E-02      98.0    135.3
2020 11 15   320   12 31  0     83.01    0.2298E-02     100.4    139.5
2020 11 15   320   12 32  0     82.85    0.2386E-02     102.4    142.9
2020 11 15   320   12 33  0     82.69    0.2461E-02     104.2    147.2
2020 11 15   320   12 34  0     82.53    0.2552E-02     105.4    150.4
2020 11 15   320   12 35  0     82.37    0.2655E-02     106.1    152.6
2020 11 15   320   12 36  0     82.21    0.2716E-02     106.0    156.8
2020 11 15   320   12 37  0     82.05    0.2815E-02     105.0    158.4
2020 11 15   320   12 38  0     81.89    0.2917E-02     103.7    160.0
2020 11 15   320   12 39  0     81.74    0.3065E-02     102.5    160.1
2020 11 15   320   12 40  0     81.58    0.3136E-02     101.8    163.8
2020 11 15   320   12 41  0     81.42    0.3234E-02     101.6    166.8
2020 11 15   320   12 42  0     81.26    0.3341E-02     101.9    169.2
2020 11 15   320   12 43  0     81.11    0.3426E-02     102.7    172.6
2020 11 15   320   12 44  0     80.95    0.3532E-02     103.5    175.4
2020 11 15   320   12 45  0     80.80    0.3603E-02     104.1    179.0
2020 11 15   320   12 46  0     80.64    0.3728E-02     105.4    180.8
2020 11 15   320   12 47  0     80.48    0.3859E-02     104.5    182.1
2020 11 15   320   12 48  0     80.33    0.3962E-02     104.8    184.9
2020 11 15   320   12 49  0     80.18    0.4100E-02     108.0    186.5
2020 11 15   320   12 50  0     80.02    0.4218E-02     103.9    187.8
2020 11 15   320   12 51  0     79.87    0.4368E-02     100.3    188.4
2020 11 15   320   12 52  0     79.71    0.4511E-02      98.3    189.7
2020 11 15   320   12 53  0     79.56    0.4692E-02      97.8    190.1
2020 11 15   320   12 54  0     79.41    0.4828E-02      97.8    192.4
2020 11 15   320   12 55  0     79.26    0.5002E-02      98.5    193.5
2020 11 15   320   12 56  0     79.10    0.5185E-02     101.9    194.7
2020 11 15   320   12 57  0     78.95    0.5339E-02     107.3    197.4
2020 11 15   320   12 58  0     78.80    0.5471E-02     107.9    199.2
2020 11 15   320   12 59  0     78.65    0.5586E-02     109.0    201.4
2020 11 15   320   13  0  0     78.50    0.5717E-02     109.9    202.9
2020 11 15   320   13  1  0     78.35    0.5873E-02     110.3    203.6
2020 11 15   320   13  2  0     78.20    0.5985E-02     110.8    205.8
2020 11 15   320   13  3  0     78.05    0.6139E-02     110.8    206.4
2020 11 15   320   13  4  0     77.90    0.6238E-02     110.3    208.7
2020 11 15   320   13  5  0     77.75    0.6357E-02     103.5    208.9
2020 11 15   320   13  6  0     77.60    0.6455E-02      99.7    210.3
2020 11 15   320   13  7  0     77.46    0.6584E-02      98.8    211.1
2020 11 15   320   13  8  0     77.31    0.6672E-02      97.9    212.9
2020 11 15   320   13  9  0     77.16    0.6812E-02      97.7    213.1
2020 11 15   320   13 10  0     77.01    0.6975E-02     102.5    214.1
2020 11 15   320   13 11  0     76.87    0.7063E-02      95.7    215.2
2020 11 15   320   13 12  0     76.72    0.7152E-02      89.1    216.0
2020 11 15   320   13 13  0     76.58    0.7360E-02      87.2    215.7
2020 11 15   320   13 14  0     76.43    0.7571E-02      86.0    215.5
2020 11 15   320   13 15  0     76.29    0.7792E-02      86.0    217.0
2020 11 15   320   13 16  0     76.14    0.8077E-02      86.7    218.1
2020 11 15   320   13 17  0     76.00    0.8398E-02      87.5    218.5
2020 11 15   320   13 18  0     75.85    0.8680E-02      88.4    219.2
2020 11 15   320   13 19  0     75.71    0.8940E-02      89.3    220.3
2020 11 15   320   13 20  0     75.57    0.9234E-02      90.8    221.1
2020 11 15   320   13 21  0     75.43    0.9490E-02      93.3    223.4
2020 11 15   320   13 22  0     75.28    0.9829E-02      96.2    224.3
2020 11 15   320   13 23  0     75.14    0.1004E-01      98.4    226.6
2020 11 15   320   13 24  0     75.00    0.1030E-01      99.7    226.9
2020 11 15   320   13 25  0     74.86    0.1049E-01     100.3    228.1
2020 11 15   320   13 26  0     74.72    0.1075E-01     105.3    229.3
2020 11 15   320   13 27  0     74.58    0.1081E-01      97.7    229.2
2020 11 15   320   13 28  0     74.44    0.1093E-01      95.1    229.1
2020 11 15   320   13 29  0     74.30    0.1099E-01      92.8    229.5
2020 11 15   320   13 30  0     74.17    0.1104E-01      90.4    229.4
2020 11 15   320   13 31  0     74.03    0.1103E-01      87.2    229.5
2020 11 15   320   13 32  0     73.89    0.1100E-01      84.3    230.4
2020 11 15   320   13 33  0     73.75    0.1099E-01      80.2    230.3
2020 11 15   320   13 34  0     73.62    0.1104E-01      76.0    229.4
2020 11 15   320   13 35  0     73.48    0.1115E-01      72.5    229.0
2020 11 15   320   13 36  0     73.35    0.1139E-01      70.4    228.4
2020 11 15   320   13 37  0     73.21    0.1168E-01      69.1    228.4
2020 11 15   320   13 38  0     73.08    0.1198E-01      68.4    228.4
2020 11 15   320   13 39  0     72.94    0.1228E-01      68.5    229.0
2020 11 15   320   13 40  0     72.81    0.1264E-01      69.4    229.5
2020 11 15   320   13 41  0     72.68    0.1293E-01      70.1    230.3
2020 11 15   320   13 42  0     72.54    0.1315E-01      70.4    231.2
2020 11 15   320   13 43  0     72.41    0.1338E-01      71.0    231.9
2020 11 15   320   13 44  0     72.28    0.1367E-01      72.6    232.8
2020 11 15   320   13 45  0     72.15    0.1391E-01      74.3    234.2
2020 11 15   320   13 46  0     72.02    0.1407E-01      75.4    235.4
2020 11 15   320   13 47  0     71.89    0.1425E-01      76.2    237.0
2020 11 15   320   13 48  0     71.76    0.1446E-01      76.6    237.6
2020 11 15   320   13 49  0     71.63    0.1475E-01      76.5    237.6
2020 11 15   320   13 50  0     71.50    0.1504E-01      76.5    238.0
2020 11 15   320   13 51  0     71.37    0.1541E-01      77.1    238.4
2020 11 15   320   13 52  0     71.24    0.1587E-01      78.0    238.3
2020 11 15   320   13 53  0     71.11    0.1624E-01      78.1    238.1
2020 11 15   320   13 54  0     70.99    0.1651E-01      77.8    238.5
2020 11 15   320   13 55  0     70.86    0.1666E-01      76.9    238.4
2020 11 15   320   13 56  0     70.74    0.1658E-01      75.1    238.7
2020 11 15   320   13 57  0     70.61    0.1633E-01      72.6    238.9
2020 11 15   320   13 58  0     70.49    0.1597E-01      69.8    239.2
2020 11 15   320   13 59  0     70.36    0.1556E-01      66.8    239.4
2020 11 15   320   14  0  0     70.24    0.1514E-01      63.8    239.9
2020 11 15   320   14  1  0     70.12    0.1485E-01      61.1    240.0
2020 11 15   320   14  2  0     70.00    0.1480E-01      59.4    240.2
2020 11 15   320   14  3  0     69.87    0.1513E-01      59.2    240.4
2020 11 15   320   14  4  0     69.75    0.1592E-01      60.8    240.2
2020 11 15   320   14  5  0     69.63    0.1694E-01      63.6    240.6
2020 11 15   320   14  6  0     69.51    0.1809E-01      66.9    241.0
2020 11 15   320   14  7  0     69.39    0.1917E-01      70.4    241.5
2020 11 15   320   14  8  0     69.27    0.2025E-01      74.0    241.7
2020 11 15   320   14  9  0     69.15    0.2124E-01      77.6    242.3
2020 11 15   320   14 10  0     69.04    0.2214E-01      79.8    242.7
2020 11 15   320   14 11  0     68.92    0.2313E-01      82.4    243.1
2020 11 15   320   14 12  0     68.80    0.2412E-01      84.3    243.0
2020 11 15   320   14 13  0     68.69    0.2507E-01      86.2    243.2
2020 11 15   320   14 14  0     68.57    0.2587E-01      87.6    243.6
2020 11 15   320   14 15  0     68.45    0.2659E-01      88.4    243.5
2020 11 15   320   14 16  0     68.34    0.2714E-01      88.2    243.6
2020 11 15   320   14 17  0     68.23    0.2762E-01      87.5    243.6
2020 11 15   320   14 18  0     68.11    0.2809E-01      85.8    243.2
2020 11 15   320   14 19  0     68.00    0.2867E-01      85.1    243.1
2020 11 15   320   14 20  0     67.89    0.2937E-01      85.2    243.1
2020 11 15   320   14 21  0     67.78    0.3016E-01      85.7    243.2
2020 11 15   320   14 22  0     67.67    0.3097E-01      86.5    243.5
2020 11 15   320   14 23  0     67.55    0.3183E-01      87.4    243.5
2020 11 15   320   14 24  0     67.45    0.3262E-01      88.3    243.6
2020 11 15   320   14 25  0     67.34    0.3358E-01      90.9    243.8
2020 11 15   320   14 26  0     67.23    0.3636E-01     112.9    246.4
2020 11 15   320   14 27  0     67.12    0.3741E-01     114.2    246.2
2020 11 15   320   14 28  0     67.01    0.3805E-01     111.6    245.7
2020 11 15   320   14 29  0     66.91    0.3976E-01     119.8    246.6
2020 11 15   320   14 30  0     66.80    0.4057E-01     118.7    246.4
2020 11 15   320   14 31  0     66.70    0.4108E-01     115.6    246.1
2020 11 15   320   14 32  0     66.59    0.4277E-01     123.6    247.2
2020 11 15   320   14 33  0     66.49    0.4365E-01     124.4    247.4
2020 11 15   320   14 34  0     66.38    0.4430E-01     125.1    247.7
2020 11 15   320   14 35  0     66.28    0.4434E-01     121.0    247.4
2020 11 15   320   14 36  0     66.18    0.4440E-01     117.5    247.0
2020 11 15   320   14 37  0     66.08    0.4482E-01     117.2    247.0
2020 11 15   320   14 38  0     65.98    0.4554E-01     118.1    247.2
2020 11 15   320   14 39  0     65.88    0.4610E-01     116.5    247.1
2020 11 15   320   14 40  0     65.78    0.4807E-01     125.1    248.1
2020 11 15   320   14 41  0     65.68    0.4944E-01     128.7    248.5
2020 11 15   320   14 42  0     65.58    0.5038E-01     130.7    248.7
2020 11 15   320   14 43  0     65.48    0.5106E-01     130.6    248.7
2020 11 15   320   14 44  0     65.38    0.5139E-01     128.7    248.4
2020 11 15   320   14 45  0     65.29    0.5167E-01     127.0    248.4
2020 11 15   320   14 46  0     65.19    0.5193E-01     124.8    248.1
2020 11 15   320   14 47  0     65.10    0.5247E-01     124.6    248.0
2020 11 15   320   14 48  0     65.00    0.5281E-01     123.4    248.0
2020 11 15   320   14 49  0     64.91    0.5320E-01     122.2    247.9
2020 11 15   320   14 50  0     64.82    0.5408E-01     124.4    248.1
2020 11 15   320   14 51  0     64.73    0.5470E-01     124.6    248.3
2020 11 15   320   14 52  0     64.63    0.5421E-01     117.3    247.9
2020 11 15   320   14 53  0     64.54    0.5588E-01     124.6    248.6
2020 11 15   320   14 54  0     64.45    0.5642E-01     125.4    248.8
2020 11 15   320   14 55  0     64.36    0.5628E-01     120.8    248.6
2020 11 15   320   14 56  0     64.28    0.5743E-01     124.8    248.9
2020 11 15   320   14 57  0     64.19    0.5709E-01     120.1    248.4
2020 11 15   320   14 58  0     64.10    0.5525E-01     106.5    247.0
2020 11 15   320   14 59  0     64.02    0.5672E-01     112.4    247.8
2020 11 15   320   15  0  0     63.93    0.5858E-01     119.1    248.4
2020 11 15   320   15  1  0     63.84    0.5845E-01     115.2    248.1
2020 11 15   320   15  2  0     63.76    0.6026E-01     121.8    248.9
2020 11 15   320   15  3  0     63.68    0.6076E-01     120.5    248.8
2020 11 15   320   15  4  0     63.60    0.6178E-01     122.3    249.1
2020 11 15   320   15  5  0     63.51    0.6258E-01     123.4    249.3
2020 11 15   320   15  6  0     63.43    0.6314E-01     123.4    249.4
2020 11 15   320   15  7  0     63.35    0.6363E-01     123.2    249.5
2020 11 15   320   15  8  0     63.27    0.6421E-01     122.8    249.5
2020 11 15   320   15  9  0     63.19    0.6480E-01     122.6    249.6
2020 11 15   320   15 10  0     63.11    0.6616E-01     125.8    249.9
2020 11 15   320   15 11  0     63.04    0.6713E-01     127.3    250.1
2020 11 15   320   15 12  0     62.96    0.6810E-01     129.1    250.4
2020 11 15   320   15 13  0     62.88    0.6885E-01     130.1    250.6
2020 11 15   320   15 14  0     62.81    0.6931E-01     129.5    250.6
2020 11 15   320   15 15  0     62.73    0.6978E-01     129.0    250.5
2020 11 15   320   15 16  0     62.66    0.7050E-01     129.4    250.7
2020 11 15   320   15 17  0     62.59    0.7143E-01     130.9    250.9
2020 11 15   320   15 18  0     62.52    0.7205E-01     131.0    250.8
2020 11 15   320   15 19  0     62.44    0.7237E-01     130.4    250.8
2020 11 15   320   15 20  0     62.37    0.7269E-01     130.0    250.9
2020 11 15   320   15 21  0     62.30    0.7319E-01     130.1    251.0
2020 11 15   320   15 22  0     62.24    0.7317E-01     128.0    250.9
2020 11 15   320   15 23  0     62.17    0.6759E-01     101.4    248.4
2020 11 15   320   15 24  0     62.10    0.7217E-01     121.8    250.6
2020 11 15   320   15 25  0     62.03    0.7357E-01     128.2    251.5
2020 11 15   320   15 26  0     61.97    0.7238E-01     122.2    251.1
2020 11 15   320   15 27  0     61.90    0.7106E-01     115.8    250.6
2020 11 15   320   15 28  0     61.84    0.7084E-01     115.2    250.7
2020 11 15   320   15 29  0     61.77    0.6980E-01     110.5    250.5
2020 11 15   320   15 30  0     61.71    0.6953E-01     106.9    250.2
2020 11 15   320   15 31  0     61.65    0.7207E-01     114.9    250.9
2020 11 15   320   15 32  0     61.59    0.7145E-01     111.0    250.6
2020 11 15   320   15 33  0     61.53    0.7143E-01     108.7    250.5
2020 11 15   320   15 34  0     61.47    0.7580E-01     124.0    252.2
2020 11 15   320   15 35  0     61.41    0.7685E-01     124.3    252.1
2020 11 15   320   15 36  0     61.35    0.7864E-01     126.3    252.3
2020 11 15   320   15 37  0     61.30    0.7853E-01     122.8    251.9
2020 11 15   320   15 38  0     61.24    0.7509E-01     106.2    250.0
2020 11 15   320   15 39  0     61.19    0.7677E-01     109.8    250.5
2020 11 15   320   15 40  0     61.13    0.8112E-01     123.3    251.6
2020 11 15   320   15 41  0     61.08    0.8392E-01     132.2    252.5
2020 11 15   320   15 42  0     61.02    0.8505E-01     135.2    252.7
2020 11 15   320   15 43  0     60.97    0.8424E-01     131.0    252.4
2020 11 15   320   15 44  0     60.92    0.8498E-01     132.5    252.7
2020 11 15   320   15 45  0     60.87    0.8272E-01     122.1    251.6
2020 11 15   320   15 46  0     60.82    0.8510E-01     131.1    252.6
2020 11 15   320   15 47  0     60.77    0.8611E-01     133.2    252.8
2020 11 15   320   15 48  0     60.72    0.8483E-01     127.8    252.3
2020 11 15   320   15 49  0     60.68    0.8298E-01     121.6    251.8
2020 11 15   320   15 50  0     60.63    0.8436E-01     129.6    252.9
2020 11 15   320   15 51  0     60.59    0.8237E-01     124.1    252.7
2020 11 15   320   15 52  0     60.54    0.7629E-01     107.0    251.8
2020 11 15   320   15 53  0     60.50    0.7102E-01      94.9    251.1
2020 11 15   320   15 54  0     60.46    0.6719E-01      86.7    250.6
2020 11 15   320   15 55  0     60.42    0.6531E-01      82.4    250.5
2020 11 15   320   15 56  0     60.37    0.6395E-01      79.0    250.3
2020 11 15   320   15 57  0     60.33    0.6537E-01      82.7    251.0
2020 11 15   320   15 58  0     60.30    0.6642E-01      85.2    251.0
2020 11 15   320   15 59  0     60.26    0.6056E-01      73.2    250.2
2020 11 15   320   16  0  0     60.22    0.5394E-01      63.4    250.4
2020 11 15   320   16  1  0     60.19    0.5010E-01      60.2    251.2
2020 11 15   320   16  2  0     60.15    0.5044E-01      63.1    252.1
2020 11 15   320   16  3  0     60.11    0.5233E-01      66.8    252.3
2020 11 15   320   16  4  0     60.08    0.5197E-01      65.4    252.0
2020 11 15   320   16  5  0     60.05    0.5031E-01      62.3    251.8
2020 11 15   320   16  6  0     60.02    0.4954E-01      62.5    252.3
2020 11 15   320   16  7  0     59.98    0.4985E-01      64.1    252.8
2020 11 15   320   16  8  0     59.95    0.5077E-01      66.1    254.2
2020 11 15   320   16  9  0     59.92    0.5278E-01      68.8    254.4
2020 11 15   320   16 10  0     59.90    0.5605E-01      72.5    253.2
2020 11 15   320   16 11  0     59.87    0.5884E-01      74.0    252.7
2020 11 15   320   16 12  0     59.84    0.6109E-01      74.2    252.0
2020 11 15   320   16 13  0     59.82    0.6162E-01      73.2    251.4
2020 11 15   320   16 14  0     59.79    0.5951E-01      69.0    251.1
2020 11 15   320   16 15  0     59.77    0.5603E-01      63.7    251.1
2020 11 15   320   16 16  0     59.74    0.5455E-01      62.6    251.8
2020 11 15   320   16 17  0     59.72    0.5699E-01      66.7    252.6
2020 11 15   320   16 18  0     59.70    0.6071E-01      72.1    253.0
2020 11 15   320   16 19  0     59.68    0.6344E-01      76.5    253.8
2020 11 15   320   16 20  0     59.66    0.6767E-01      84.0    254.8
2020 11 15   320   16 21  0     59.64    0.7409E-01      93.4    254.9
2020 11 15   320   16 22  0     59.62    0.7862E-01      97.2    254.1
2020 11 15   320   16 23  0     59.61    0.8115E-01      99.4    253.6
2020 11 15   320   16 24  0     59.59    0.8098E-01      98.9    253.5
2020 11 15   320   16 25  0     59.58    0.7618E-01      92.0    253.5
2020 11 15   320   16 26  0     59.56    0.6816E-01      82.1    254.0
2020 11 15   320   16 27  0     59.55    0.6152E-01      74.2    254.3
2020 11 15   320   16 28  0     59.54    0.5785E-01      69.8    254.3
2020 11 15   320   16 29  0     59.53    0.5519E-01      66.3    254.0
2020 11 15   320   16 30  0     59.51    0.5165E-01      61.4    253.8
2020 11 15   320   16 31  0     59.50    0.4755E-01      55.9    253.6
2020 11 15   320   16 32  0     59.50    0.4488E-01      53.5    253.9
2020 11 15   320   16 33  0     59.49    0.4503E-01      55.4    254.5
2020 11 15   320   16 34  0     59.48    0.4519E-01      55.8    254.3
2020 11 15   320   16 35  0     59.48    0.4363E-01      53.1    254.1
2020 11 15   320   16 36  0     59.47    0.4450E-01      53.4    254.3
2020 11 15   320   16 37  0     59.47    0.4773E-01      56.6    254.2
2020 11 15   320   16 38  0     59.46    0.5140E-01      61.7    254.8
2020 11 15   320   16 39  0     59.46    0.5671E-01      68.4    255.3
2020 11 15   320   16 40  0     59.46    0.6291E-01      74.4    255.0
2020 11 15   320   16 41  0     59.46    0.6825E-01      80.4    254.9
2020 11 15   320   16 42  0     59.46    0.7178E-01      85.3    255.0
2020 11 15   320   16 43  0     59.46    0.7475E-01      89.6    255.0
2020 11 15   320   16 44  0     59.46    0.7975E-01      97.2    255.0
2020 11 15   320   16 45  0     59.46    0.8359E-01     102.0    254.6
2020 11 15   320   16 46  0     59.47    0.8547E-01     103.8    254.2
2020 11 15   320   16 47  0     59.47    0.8466E-01      99.9    253.3
2020 11 15   320   16 48  0     59.48    0.7937E-01      89.8    252.5
2020 11 15   320   16 49  0     59.49    0.7224E-01      79.6    252.0
2020 11 15   320   16 50  0     59.49    0.6406E-01      69.7    251.8
2020 11 15   320   16 51  0     59.50    0.5679E-01      62.5    252.4
2020 11 15   320   16 52  0     59.51    0.5363E-01      60.9    253.3
2020 11 15   320   16 53  0     59.52    0.5654E-01      67.2    254.0
2020 11 15   320   16 54  0     59.53    0.5808E-01      67.1    253.2
2020 11 15   320   16 55  0     59.54    0.5675E-01      64.7    253.3
2020 11 15   320   16 56  0     59.56    0.5565E-01      63.5    253.4
2020 11 15   320   16 57  0     59.57    0.5554E-01      63.7    253.3
2020 11 15   320   16 58  0     59.59    0.5838E-01      68.9    253.3
2020 11 15   320   16 59  0     59.60    0.6014E-01      72.8    253.5
2020 11 15   320   17  0  0     59.62    0.5852E-01      70.0    253.1
2020 11 15   320   17  1  0     59.64    0.5239E-01      59.4    252.3
2020 11 15   320   17  2  0     59.66    0.4899E-01      56.2    252.9
2020 11 15   320   17  3  0     59.68    0.4786E-01      55.9    253.0
2020 11 15   320   17  4  0     59.70    0.4656E-01      55.8    253.3
2020 11 15   320   17  5  0     59.72    0.4691E-01      57.3    253.7
2020 11 15   320   17  6  0     59.74    0.4795E-01      58.1    253.2
2020 11 15   320   17  7  0     59.76    0.4886E-01      59.5    253.1
2020 11 15   320   17  8  0     59.79    0.4954E-01      60.6    252.9
2020 11 15   320   17  9  0     59.81    0.4687E-01      55.5    252.1
2020 11 15   320   17 10  0     59.84    0.4234E-01      48.4    251.7
2020 11 15   320   17 11  0     59.86    0.4026E-01      44.2    251.2
2020 11 15   320   17 12  0     59.89    0.4157E-01      46.0    251.1
2020 11 15   320   17 13  0     59.92    0.4167E-01      47.1    251.2
2020 11 15   320   17 14  0     59.95    0.4047E-01      46.4    251.3
2020 11 15   320   17 15  0     59.98    0.3923E-01      44.9    251.0
2020 11 15   320   17 16  0     60.01    0.3608E-01      40.9    250.7
2020 11 15   320   17 17  0     60.04    0.3241E-01      36.7    250.9
2020 11 15   320   17 18  0     60.07    0.3084E-01      35.7    251.9
2020 11 15   320   17 19  0     60.11    0.3149E-01      36.9    252.2
2020 11 15   320   17 20  0     60.14    0.3120E-01      36.8    252.9
2020 11 15   320   17 21  0     60.18    0.3079E-01      37.0    253.7
2020 11 15   320   17 22  0     60.21    0.3425E-01      42.2    254.6
2020 11 15   320   17 23  0     60.25    0.4061E-01      51.1    255.0
2020 11 15   320   17 24  0     60.29    0.4255E-01      54.2    254.8
2020 11 15   320   17 25  0     60.33    0.4047E-01      52.1    255.2
2020 11 15   320   17 26  0     60.37    0.3760E-01      47.5    254.7
2020 11 15   320   17 27  0     60.41    0.3367E-01      42.1    254.3
2020 11 15   320   17 28  0     60.45    0.3251E-01      41.0    254.1
2020 11 15   320   17 29  0     60.49    0.3029E-01      37.8    253.8
2020 11 15   320   17 30  0     60.53    0.2790E-01      34.3    253.4
2020 11 15   320   17 31  0     60.58    0.2661E-01      32.7    253.3
2020 11 15   320   17 32  0     60.62    0.2776E-01      34.9    253.9
2020 11 15   320   17 33  0     60.67    0.3056E-01      40.1    254.4
2020 11 15   320   17 34  0     60.71    0.3319E-01      44.6    255.7
2020 11 15   320   17 35  0     60.76    0.3752E-01      51.8    256.2
2020 11 15   320   17 36  0     60.81    0.4286E-01      60.5    256.2
2020 11 15   320   17 37  0     60.86    0.4553E-01      63.2    255.6
2020 11 15   320   17 38  0     60.91    0.4420E-01      58.6    254.9
2020 11 15   320   17 39  0     60.96    0.4178E-01      54.0    254.6
2020 11 15   320   17 40  0     61.01    0.4014E-01      52.0    253.7
2020 11 15   320   17 41  0     61.07    0.3700E-01      48.6    253.8
2020 11 15   320   17 42  0     61.12    0.3359E-01      44.6    253.8
2020 11 15   320   17 43  0     61.17    0.3143E-01      42.4    253.9
2020 11 15   320   17 44  0     61.23    0.2963E-01      40.7    253.7
2020 11 15   320   17 45  0     61.28    0.2623E-01      36.5    253.4
2020 11 15   320   17 46  0     61.34    0.2547E-01      35.4    253.0
2020 11 15   320   17 47  0     61.40    0.2369E-01      32.4    252.4
2020 11 15   320   17 48  0     61.46    0.2298E-01      31.3    252.4
2020 11 15   320   17 49  0     61.52    0.2228E-01      30.4    252.0
2020 11 15   320   17 50  0     61.58    0.2113E-01      29.2    252.2
2020 11 15   320   17 51  0     61.64    0.2031E-01      28.6    252.6
2020 11 15   320   17 52  0     61.70    0.1891E-01      26.5    252.5
2020 11 15   320   17 53  0     61.76    0.1822E-01      25.4    252.3
2020 11 15   320   17 54  0     61.82    0.1749E-01      24.7    252.0
2020 11 15   320   17 55  0     61.89    0.1732E-01      25.1    251.9
2020 11 15   320   17 56  0     61.95    0.1723E-01      25.0    251.9
2020 11 15   320   17 57  0     62.02    0.1665E-01      23.8    251.0
2020 11 15   320   17 58  0     62.08    0.1665E-01      23.8    250.6
2020 11 15   320   17 59  0     62.15    0.1693E-01      24.7    250.5
2020 11 15   320   18  0  0     62.22    0.1683E-01      25.1    250.5
2020 11 15   320   18  1  0     62.29    0.1684E-01      25.3    250.6
2020 11 15   320   18  2  0     62.36    0.1729E-01      25.9    250.1
2020 11 15   320   18  3  0     62.43    0.1735E-01      25.8    249.5
2020 11 15   320   18  4  0     62.50    0.1677E-01      24.1    248.1
2020 11 15   320   18  5  0     62.57    0.1538E-01      21.4    247.1
2020 11 15   320   18  6  0     62.65    0.1375E-01      19.4    246.8
2020 11 15   320   18  7  0     62.72    0.1345E-01      19.3    247.3
2020 11 15   320   18  8  0     62.79    0.1426E-01      20.7    247.7
2020 11 15   320   18  9  0     62.87    0.1518E-01      22.4    248.3
2020 11 15   320   18 10  0     62.94    0.1719E-01      26.4    249.4
2020 11 15   320   18 11  0     63.02    0.1977E-01      30.9    249.6
2020 11 15   320   18 12  0     63.10    0.2128E-01      33.9    249.8
2020 11 15   320   18 13  0     63.18    0.2043E-01      33.4    250.1
2020 11 15   320   18 14  0     63.25    0.1869E-01      31.1    249.8
2020 11 15   320   18 15  0     63.33    0.1773E-01      30.3    250.6
2020 11 15   320   18 16  0     63.41    0.1817E-01      31.5    250.4
2020 11 15   320   18 17  0     63.50    0.1985E-01      34.6    250.1
2020 11 15   320   18 18  0     63.58    0.2214E-01      38.9    250.1
2020 11 15   320   18 19  0     63.66    0.2290E-01      40.8    250.1
2020 11 15   320   18 20  0     63.74    0.2371E-01      42.2    249.9
2020 11 15   320   18 21  0     63.83    0.2517E-01      43.8    249.6
2020 11 15   320   18 22  0     63.91    0.2584E-01      44.8    249.6
2020 11 15   320   18 23  0     64.00    0.2487E-01      43.7    249.9
2020 11 15   320   18 24  0     64.08    0.2411E-01      43.8    250.8
2020 11 15   320   18 25  0     64.17    0.2555E-01      48.0    251.7
2020 11 15   320   18 26  0     64.26    0.2751E-01      53.3    252.2
2020 11 15   320   18 27  0     64.35    0.2844E-01      56.4    251.9
2020 11 15   320   18 28  0     64.43    0.2579E-01      51.9    251.1
2020 11 15   320   18 29  0     64.52    0.2265E-01      44.6    249.5
2020 11 15   320   18 30  0     64.61    0.2126E-01      40.7    248.3
2020 11 15   320   18 31  0     64.71    0.2136E-01      41.2    247.9
2020 11 15   320   18 32  0     64.80    0.2041E-01      39.2    247.0
2020 11 15   320   18 33  0     64.89    0.1934E-01      37.2    246.6
2020 11 15   320   18 34  0     64.98    0.1863E-01      36.0    246.1
2020 11 15   320   18 35  0     65.08    0.1820E-01      35.2    245.7
2020 11 15   320   18 36  0     65.17    0.1650E-01      32.0    245.1
2020 11 15   320   18 37  0     65.27    0.1582E-01      30.5    244.6
2020 11 15   320   18 38  0     65.36    0.1559E-01      29.8    244.3
2020 11 15   320   18 39  0     65.46    0.1691E-01      32.5    244.2
2020 11 15   320   18 40  0     65.56    0.1815E-01      35.9    244.6
2020 11 15   320   18 41  0     65.66    0.1892E-01      39.3    245.3
2020 11 15   320   18 42  0     65.75    0.1935E-01      41.7    245.3
2020 11 15   320   18 43  0     65.85    0.1948E-01      43.2    245.6
2020 11 15   320   18 44  0     65.95    0.1942E-01      43.5    245.2
2020 11 15   320   18 45  0     66.05    0.1772E-01      39.2    244.2
2020 11 15   320   18 46  0     66.16    0.1390E-01      30.2    242.7
2020 11 15   320   18 47  0     66.26    0.1134E-01      24.6    241.1
2020 11 15   320   18 48  0     66.36    0.1043E-01      23.0    241.0
2020 11 15   320   18 49  0     66.46    0.9956E-02      22.0    239.8
2020 11 15   320   18 50  0     66.57    0.1031E-01      23.1    240.2
2020 11 15   320   18 51  0     66.67    0.1120E-01      25.7    240.8
2020 11 15   320   18 52  0     66.78    0.1206E-01      28.2    240.9
2020 11 15   320   18 53  0     66.88    0.1238E-01      29.4    240.7
2020 11 15   320   18 54  0     66.99    0.1202E-01      28.6    239.8
2020 11 15   320   18 55  0     67.10    0.9837E-02      23.2    237.6
2020 11 15   320   18 56  0     67.20    0.9494E-02      22.7    237.6
2020 11 15   320   18 57  0     67.31    0.9541E-02      23.2    237.8
2020 11 15   320   18 58  0     67.42    0.9350E-02      22.9    237.2
2020 11 15   320   18 59  0     67.53    0.8319E-02      20.3    234.7
2020 11 15   320   19  0  0     67.64    0.7427E-02      18.2    232.9
2020 11 15   320   19  1  0     67.75    0.6738E-02      16.2    230.1
2020 11 15   320   19  2  0     67.86    0.6805E-02      15.8    229.8
2020 11 15   320   19  3  0     67.98    0.6535E-02      15.1    228.5
2020 11 15   320   19  4  0     68.09    0.6733E-02      16.8    230.0
2020 11 15   320   19  5  0     68.20    0.7398E-02      19.6    231.9
2020 11 15   320   19  6  0     68.32    0.8763E-02      24.3    234.2
2020 11 15   320   19  7  0     68.43    0.8306E-02      23.2    233.0
2020 11 15   320   19  8  0     68.55    0.7794E-02      21.8    231.4
2020 11 15   320   19  9  0     68.66    0.7608E-02      21.3    230.7
2020 11 15   320   19 10  0     68.78    0.7501E-02      21.1    230.2
2020 11 15   320   19 11  0     68.89    0.7452E-02      21.4    230.5
2020 11 15   320   19 12  0     69.01    0.7425E-02      21.6    229.9
2020 11 15   320   19 13  0     69.13    0.7372E-02      21.6    229.2
2020 11 15   320   19 14  0     69.25    0.6609E-02      19.3    226.8
2020 11 15   320   19 15  0     69.37    0.7004E-02      21.1    228.1
2020 11 15   320   19 16  0     69.49    0.7844E-02      24.2    229.1
2020 11 15   320   19 17  0     69.61    0.6837E-02      20.7    225.5
2020 11 15   320   19 18  0     69.73    0.6184E-02      19.0    224.2
2020 11 15   320   19 19  0     69.85    0.6577E-02      20.8    224.5
2020 11 15   320   19 20  0     69.97    0.6477E-02      20.9    224.6
2020 11 15   320   19 21  0     70.09    0.6485E-02      21.4    225.0
2020 11 15   320   19 22  0     70.21    0.6609E-02      22.1    224.1
2020 11 15   320   19 23  0     70.34    0.6305E-02      21.3    222.8
2020 11 15   320   19 24  0     70.46    0.6033E-02      20.7    221.7
2020 11 15   320   19 25  0     70.59    0.5628E-02      19.4    219.8
2020 11 15   320   19 26  0     70.71    0.5300E-02      18.5    219.1
2020 11 15   320   19 27  0     70.84    0.4690E-02      16.1    215.2
2020 11 15   320   19 28  0     70.96    0.4427E-02      15.4    213.5
2020 11 15   320   19 29  0     71.09    0.4065E-02      14.2    210.0
2020 11 15   320   19 30  0     71.22    0.3685E-02      12.8    206.6
2020 11 15   320   19 31  0     71.34    0.3660E-02      12.8    204.5
2020 11 15   320   19 32  0     71.47    0.3636E-02      13.2    205.6
2020 11 15   320   19 33  0     71.60    0.3720E-02      13.9    206.5
2020 11 15   320   19 34  0     71.73    0.3945E-02      15.0    206.7
2020 11 15   320   19 35  0     71.86    0.3620E-02      13.7    203.9
2020 11 15   320   19 36  0     71.99    0.3414E-02      13.0    200.3
2020 11 15   320   19 37  0     72.12    0.3376E-02      13.1    199.7
2020 11 15   320   19 38  0     72.25    0.3448E-02      13.9    201.4
2020 11 15   320   19 39  0     72.38    0.3470E-02      14.0    199.9
2020 11 15   320   19 40  0     72.51    0.3112E-02      12.6    196.3
2020 11 15   320   19 41  0     72.65    0.3208E-02      13.6    197.8
2020 11 15   320   19 42  0     72.78    0.3529E-02      15.8    200.8
2020 11 15   320   19 43  0     72.91    0.3485E-02      15.7    198.9
2020 11 15   320   19 44  0     73.05    0.3350E-02      15.5    198.9
2020 11 15   320   19 45  0     73.18    0.3464E-02      16.5    199.6
2020 11 15   320   19 46  0     73.32    0.3683E-02      18.4    201.5
2020 11 15   320   19 47  0     73.45    0.3751E-02      19.0    200.1
2020 11 15   320   19 48  0     73.59    0.3675E-02      19.6    201.0
2020 11 15   320   19 49  0     73.72    0.3986E-02      23.1    204.1
2020 11 15   320   19 50  0     73.86    0.4667E-02      30.2    209.5
2020 11 15   320   19 51  0     74.00    0.6229E-02      43.1    217.5
2020 11 15   320   19 52  0     74.14    0.7150E-02      50.6    220.0
2020 11 15   320   19 53  0     74.27    0.8086E-02      58.3    222.0
2020 11 15   320   19 54  0     74.41    0.8747E-02      61.9    221.2
2020 11 15   320   19 55  0     74.55    0.7825E-02      54.7    218.4
2020 11 15   320   19 56  0     74.69    0.6519E-02      46.2    215.3
2020 11 15   320   19 57  0     74.83    0.5348E-02      37.4    206.8
2020 11 15   320   19 58  0     74.97    0.4710E-02      33.3    203.2
2020 11 15   320   19 59  0     75.11    0.4704E-02      33.6    202.9
2020 11 15   320   20  0  0     75.25    0.4817E-02      34.7    202.9
2020 11 15   320   20  1  0     75.40    0.4060E-02      29.2    197.0
2020 11 15   320   20  2  0     75.54    0.3958E-02      29.8    197.1
2020 11 15   320   20  3  0     75.68    0.3874E-02      28.7    192.8
2020 11 15   320   20  4  0     75.82    0.3097E-02      21.4    183.5
2020 11 15   320   20  5  0     75.97    0.2783E-02      19.2    178.2
2020 11 15   320   20  6  0     76.11    0.2734E-02      19.2    175.5
2020 11 15   320   20  7  0     76.26    0.2551E-02      17.6    169.6
2020 11 15   320   20  8  0     76.40    0.2312E-02      15.9    164.8
2020 11 15   320   20  9  0     76.55    0.2276E-02      15.9    161.3
2020 11 15   320   20 10  0     76.69    0.2201E-02      16.0    161.5
2020 11 15   320   20 11  0     76.84    0.2102E-02      15.1    157.1
2020 11 15   320   20 12  0     76.98    0.2040E-02      15.3    157.0
2020 11 15   320   20 13  0     77.13    0.2097E-02      16.8    159.4
2020 11 15   320   20 14  0     77.28    0.2197E-02      18.6    161.8
2020 11 15   320   20 15  0     77.43    0.2406E-02      22.3    167.5
2020 11 15   320   20 16  0     77.57    0.3046E-02      31.4    176.7
2020 11 15   320   20 17  0     77.72    0.3530E-02      40.2    183.4
2020 11 15   320   20 18  0     77.87    0.3264E-02      36.3    178.8
2020 11 15   320   20 19  0     78.02    0.2547E-02      25.5    163.3
2020 11 15   320   20 20  0     78.17    0.2344E-02      23.3    158.9
2020 11 15   320   20 21  0     78.32    0.2230E-02      22.2    154.0
2020 11 15   320   20 22  0     78.47    0.2077E-02      20.4    148.2
2020 11 15   320   20 23  0     78.62    0.1937E-02      18.5    142.4
2020 11 15   320   20 24  0     78.77    0.1687E-02      14.4    130.2
2020 11 15   320   20 25  0     78.92    0.1509E-02      11.7    120.3
2020 11 15   320   20 26  0     79.07    0.1411E-02      10.2    113.2
2020 11 15   320   20 27  0     79.22    0.1376E-02       9.3    106.5
2020 11 15   320   20 28  0     79.38    0.1342E-02       9.2    104.7
2020 11 15   320   20 29  0     79.53    0.1317E-02       9.1    103.4
2020 11 15   320   20 30  0     79.68    0.1304E-02       9.4    103.1
2020 11 15   320   20 31  0     79.84    0.1306E-02      10.0    103.4
2020 11 15   320   20 32  0     79.99    0.1305E-02      10.6    103.8
2020 11 15   320   20 33  0     80.14    0.1294E-02      10.3    101.1
2020 11 15   320   20 34  0     80.30    0.1269E-02      10.0     97.6
2020 11 15   320   20 35  0     80.45    0.1241E-02       9.6     93.8
2020 11 15   320   20 36  0     80.61    0.1197E-02       9.0     90.3
2020 11 15   320   20 37  0     80.76    0.1164E-02       8.7     88.1
2020 11 15   320   20 38  0     80.92    0.1195E-02       8.5     84.3
2020 11 15   320   20 39  0     81.08    0.1174E-02       8.5     84.5
2020 11 15   320   20 40  0     81.23    0.1198E-02       9.8     88.2
2020 11 15   320   20 41  0     81.39    0.1231E-02      10.8     89.4
2020 11 15   320   20 42  0     81.55    0.1245E-02      11.3     87.7
2020 11 15   320   20 43  0     81.70    0.1212E-02      10.2     81.9
2020 11 15   320   20 44  0     81.86    0.1146E-02      10.0     81.0
2020 11 15   320   20 45  0     82.02    0.1161E-02      10.2     78.1
2020 11 15   320   20 46  0     82.18    0.1159E-02       9.9     73.4
2020 11 15   320   20 47  0     82.34    0.1136E-02      10.7     74.1
2020 11 15   320   20 48  0     82.50    0.1139E-02      12.3     76.5
2020 11 15   320   20 49  0     82.66    0.1150E-02      13.4     77.4
2020 11 15   320   20 50  0     82.82    0.1142E-02      13.1     73.4
2020 11 15   320   20 51  0     82.98    0.1089E-02      11.3     68.6
2020 11 15   320   20 52  0     83.14    0.1071E-02       9.2     62.3
2020 11 15   320   20 53  0     83.30    0.1045E-02       8.1     59.0
2020 11 15   320   20 54  0     83.46    0.1070E-02       9.5     60.7
2020 11 15   320   20 55  0     83.62    0.1078E-02       9.6     59.1
2020 11 15   320   20 56  0     83.78    0.1037E-02      10.1     59.6
2020 11 15   320   20 57  0     83.94    0.1066E-02      10.6     57.8
2020 11 15   320   20 58  0     84.11    0.1036E-02      11.2     56.6
2020 11 15   320   20 59  0     84.27    0.1060E-02      11.8     54.4
2020 11 15   320   21  0  0     84.43    0.1026E-02       9.3     47.1
2020 11 15   320   21  1  0     84.59    0.9880E-03       9.5     46.0
2020 11 15   320   21  2  0     84.76    0.9903E-03      10.2     45.0
2020 11 15   320   21  3  0     84.92    0.9718E-03      11.1     45.1
2020 11 15   320   21  4  0     85.09    0.9833E-03      10.2     41.7
2020 11 15   320   21  5  0     85.25    0.9701E-03       9.8     39.9
2020 11 15   320   21  6  0     85.41    0.9767E-03       9.4     36.6
2020 11 15   320   21  7  0     85.58    0.9513E-03      10.7     38.9
2020 11 15   320   21  8  0     85.74    0.9914E-03      11.5     36.4
2020 11 15   320   21  9  0     85.91    0.1013E-02      11.9     34.5
2020 11 15   320   21 10  0     86.08    0.1020E-02      15.8     38.6
2020 11 15   320   21 11  0     86.24    0.1027E-02      16.5     37.6
2020 11 15   320   21 12  0     86.41    0.9819E-03      14.6     34.1
2020 11 15   320   21 13  0     86.57    0.9869E-03      14.5     32.0
2020 11 15   320   21 14  0     86.74    0.9948E-03      13.9     29.5
2020 11 15   320   21 15  0     86.91    0.9716E-03      11.4     25.7
2020 11 15   320   21 16  0     87.07    0.9422E-03       9.0     22.5
2020 11 15   320   21 17  0     87.24    0.9259E-03       6.3     18.4
2020 11 15   320   21 18  0     87.41    0.9195E-03       6.3     16.8
2020 11 15   320   21 19  0     87.58    0.9232E-03       6.2     15.5
2020 11 15   320   21 20  0     87.75    0.9154E-03       4.3     11.7
2020 11 15   320   21 21  0     87.92    0.8820E-03       3.1      9.9
2020 11 15   320   21 22  0     88.08    0.9072E-03       2.5      8.2
2020 11 15   320   21 23  0     88.25    0.8952E-03       2.4      7.7
2020 11 15   320   21 24  0     88.42    0.9128E-03       1.3      5.9
2020 11 15   320   21 25  0     88.59    0.8952E-03       0.9      5.4
2020 11 15   320   21 26  0     88.76    0.9102E-03       0.1      4.3
2020 11 15   320   21 27  0     88.93    0.9256E-03      -0.5      3.6
2020 11 15   320   21 28  0     89.10    0.9262E-03      -0.8      3.2
2020 11 15   320   21 29  0     89.27    0.9093E-03      -1.0      3.2
2020 11 15   320   21 30  0     89.44    0.9362E-03      -1.3      2.8
2020 11 15   320   21 31  0     89.61    0.9362E-03      -2.0      2.4
2020 11 15   320   21 32  0     89.79    0.9109E-03      -2.9      2.3
2020 11 15   320   21 33  0     89.96    0.8911E-03      -3.8      2.0
