                            NILUUV 115

Uvpro Version 2.0
Latitude :   40.74 (North)
Longitude:  -74.03  (West)
Calibration file: cf100603a.115
Height above sea level:    40.0  m
CLT derived from channel 4
CLT scale factor used:   1.0
Ozone derived from channel pair ch3/ch1
Ozone scale factor used:   1.0
Drift factors ch1-ch6:   0.422  0.403  0.580  0.579  0.388  0.912
Ozone profile climatology: Mid  Latitude
Dose type:    CLW    Caldwell Plant 1971           

yyyy mm dd   jul   hh mm ss      SZA     dose rate       clt     Ozone
                              [degrees]   [W/m^2]        [%]     [DU]
2018  6  8   159    0  0  0     86.60    0.1221E-02     108.1     67.0
2018  6  8   159    0  1  0     86.76    0.1211E-02     108.4     64.4
2018  6  8   159    0  2  0     86.93    0.1205E-02     108.7     61.7
2018  6  8   159    0  3  0     87.10    0.1179E-02     108.6     59.8
2018  6  8   159    0  4  0     87.27    0.1170E-02     108.4     57.1
2018  6  8   159    0  5  0     87.43    0.1172E-02     108.4     54.1
2018  6  8   159    0  6  0     87.60    0.1151E-02     108.4     52.0
2018  6  8   159    0  7  0     87.77    0.1129E-02     108.4     49.9
2018  6  8   159    0  8  0     87.93    0.1130E-02     108.6     47.2
2018  6  8   159    0  9  0     88.10    0.1116E-02     108.6     45.3
2018  6  8   159    0 10  0     88.26    0.1118E-02     108.2     42.9
2018  6  8   159    0 11  0     88.43    0.1095E-02     108.0     41.2
2018  6  8   159    0 12  0     88.59    0.1099E-02     108.2     38.8
2018  6  8   159    0 13  0     88.76    0.1077E-02     108.5     36.9
2018  6  8   159    0 14  0     88.92    0.1080E-02     109.0     34.3
2018  6  8   159    0 15  0     89.09    0.1078E-02     109.0     32.2
2018  6  8   159    0 16  0     89.25    0.1078E-02     108.5     30.3
2018  6  8   159    0 17  0     89.42    0.1043E-02     108.2     29.4
2018  6  8   159    0 18  0     89.58    0.1033E-02     108.1     27.7
2018  6  8   159    0 19  0     89.74    0.1023E-02     108.3     26.1
2018  6  8   159    0 20  0     89.91    0.1023E-02     108.9     24.2
2018  6  8   159    9 31  0     89.92    0.9839E-03      98.5     22.8
2018  6  8   159    9 32  0     89.76    0.9727E-03      98.3     24.8
2018  6  8   159    9 33  0     89.60    0.9716E-03      98.5     26.7
2018  6  8   159    9 34  0     89.43    0.9905E-03      99.1     28.1
2018  6  8   159    9 35  0     89.27    0.9877E-03      99.8     30.1
2018  6  8   159    9 36  0     89.11    0.1004E-02     100.8     31.6
2018  6  8   159    9 37  0     88.94    0.1012E-02     101.3     33.5
2018  6  8   159    9 38  0     88.78    0.1014E-02     101.3     35.9
2018  6  8   159    9 39  0     88.61    0.1023E-02     101.6     38.1
2018  6  8   159    9 40  0     88.45    0.1011E-02     101.9     41.0
2018  6  8   159    9 41  0     88.28    0.1051E-02     102.5     42.1
2018  6  8   159    9 42  0     88.12    0.1042E-02     103.1     44.8
2018  6  8   159    9 43  0     87.95    0.1079E-02     103.6     46.0
2018  6  8   159    9 44  0     87.78    0.1073E-02     103.6     48.8
2018  6  8   159    9 45  0     87.62    0.1083E-02     103.9     51.3
2018  6  8   159    9 46  0     87.45    0.1076E-02     104.3     54.6
2018  6  8   159    9 47  0     87.28    0.1129E-02     104.6     55.4
2018  6  8   159    9 48  0     87.12    0.1100E-02     104.9     59.8
2018  6  8   159    9 49  0     86.95    0.1135E-02     105.3     61.3
2018  6  8   159    9 50  0     86.78    0.1142E-02     105.3     64.0
2018  6  8   159    9 51  0     86.61    0.1172E-02     105.4     66.0
2018  6  8   159    9 52  0     86.45    0.1187E-02     105.5     68.5
2018  6  8   159    9 53  0     86.28    0.1182E-02     105.6     71.9
2018  6  8   159    9 54  0     86.11    0.1195E-02     105.8     74.7
2018  6  8   159    9 55  0     85.94    0.1231E-02     106.2     77.3
2018  6  8   159    9 56  0     85.77    0.1231E-02     106.2     80.5
2018  6  8   159    9 57  0     85.60    0.1259E-02     106.3     82.8
2018  6  8   159    9 58  0     85.43    0.1279E-02     106.4     85.4
2018  6  8   159    9 59  0     85.26    0.1283E-02     106.5     88.7
2018  6  8   159   10  0  0     85.09    0.1312E-02     106.7     91.1
2018  6  8   159   10  1  0     84.92    0.1320E-02     106.8     95.6
2018  6  8   159   10  2  0     84.75    0.1353E-02     106.7     97.8
2018  6  8   159   10  3  0     84.58    0.1377E-02     106.8    100.5
2018  6  8   159   10  4  0     84.41    0.1389E-02     106.8    103.7
2018  6  8   159   10  5  0     84.24    0.1427E-02     106.8    105.9
2018  6  8   159   10  6  0     84.07    0.1440E-02     106.9    109.3
2018  6  8   159   10  7  0     83.90    0.1484E-02     107.0    111.6
2018  6  8   159   10  8  0     83.73    0.1512E-02     107.3    114.9
2018  6  8   159   10  9  0     83.55    0.1549E-02     107.6    117.7
2018  6  8   159   10 10  0     83.38    0.1581E-02     107.9    121.1
2018  6  8   159   10 11  0     83.21    0.1630E-02     108.2    123.6
2018  6  8   159   10 12  0     83.04    0.1629E-02     108.8    129.0
2018  6  8   159   10 13  0     82.86    0.1683E-02     109.0    131.6
2018  6  8   159   10 14  0     82.69    0.1729E-02     109.3    135.1
2018  6  8   159   10 15  0     82.52    0.1740E-02     109.6    140.3
2018  6  8   159   10 16  0     82.34    0.1813E-02     110.0    142.2
2018  6  8   159   10 17  0     82.17    0.1839E-02     110.4    147.0
2018  6  8   159   10 18  0     82.00    0.1899E-02     110.6    149.6
2018  6  8   159   10 19  0     81.82    0.1950E-02     110.6    153.8
2018  6  8   159   10 20  0     81.65    0.2017E-02     110.7    156.4
2018  6  8   159   10 21  0     81.47    0.2071E-02     110.7    159.6
2018  6  8   159   10 22  0     81.30    0.2124E-02     110.6    163.1
2018  6  8   159   10 23  0     81.13    0.2166E-02     110.6    167.2
2018  6  8   159   10 24  0     80.95    0.2242E-02     110.6    169.6
2018  6  8   159   10 25  0     80.77    0.2294E-02     110.5    174.4
2018  6  8   159   10 26  0     80.60    0.2364E-02     110.4    177.1
2018  6  8   159   10 27  0     80.42    0.2425E-02     110.3    180.4
2018  6  8   159   10 28  0     80.25    0.2508E-02     110.0    182.6
2018  6  8   159   10 29  0     80.07    0.2575E-02     109.6    185.7
2018  6  8   159   10 30  0     79.90    0.2660E-02     109.4    188.2
2018  6  8   159   10 31  0     79.72    0.2747E-02     109.3    190.8
2018  6  8   159   10 32  0     79.54    0.2806E-02     109.2    195.7
2018  6  8   159   10 33  0     79.37    0.2904E-02     108.9    197.5
2018  6  8   159   10 34  0     79.19    0.2981E-02     108.6    200.7
2018  6  8   159   10 35  0     79.01    0.3088E-02     108.6    202.6
2018  6  8   159   10 36  0     78.84    0.3164E-02     108.4    206.1
2018  6  8   159   10 37  0     78.66    0.3272E-02     108.4    208.3
2018  6  8   159   10 38  0     78.48    0.3366E-02     108.3    211.3
2018  6  8   159   10 39  0     78.30    0.3469E-02     108.4    214.1
2018  6  8   159   10 40  0     78.13    0.3576E-02     108.3    216.7
2018  6  8   159   10 41  0     77.95    0.3695E-02     108.1    218.9
2018  6  8   159   10 42  0     77.77    0.3807E-02     107.8    221.3
2018  6  8   159   10 43  0     77.59    0.3922E-02     107.4    223.6
2018  6  8   159   10 44  0     77.41    0.4020E-02     107.1    226.9
2018  6  8   159   10 45  0     77.23    0.4158E-02     106.7    228.6
2018  6  8   159   10 46  0     77.05    0.4301E-02     106.4    230.0
2018  6  8   159   10 47  0     76.88    0.4434E-02     106.2    233.2
2018  6  8   159   10 48  0     76.70    0.4570E-02     105.9    235.3
2018  6  8   159   10 49  0     76.52    0.4682E-02     105.5    238.4
2018  6  8   159   10 50  0     76.34    0.4826E-02     105.4    240.3
2018  6  8   159   10 51  0     76.16    0.4969E-02     105.3    242.6
2018  6  8   159   10 52  0     75.98    0.5116E-02     104.8    244.4
2018  6  8   159   10 53  0     75.80    0.5271E-02     103.9    245.6
2018  6  8   159   10 54  0     75.62    0.5425E-02     103.2    247.0
2018  6  8   159   10 55  0     75.44    0.5574E-02     102.6    248.8
2018  6  8   159   10 56  0     75.26    0.5740E-02     102.5    250.6
2018  6  8   159   10 57  0     75.08    0.5920E-02     102.4    251.9
2018  6  8   159   10 58  0     74.90    0.6076E-02     102.3    255.2
2018  6  8   159   10 59  0     74.72    0.6243E-02     102.3    257.3
2018  6  8   159   11  0  0     74.53    0.6414E-02     102.3    259.4
2018  6  8   159   11  1  0     74.35    0.6618E-02     102.2    260.5
2018  6  8   159   11  2  0     74.17    0.6822E-02     102.3    261.8
2018  6  8   159   11  3  0     73.99    0.7027E-02     102.7    263.7
2018  6  8   159   11  4  0     73.81    0.7243E-02     102.8    265.2
2018  6  8   159   11  5  0     73.63    0.7445E-02     102.7    266.8
2018  6  8   159   11  6  0     73.44    0.7686E-02     103.0    268.0
2018  6  8   159   11  7  0     73.26    0.7925E-02     103.5    269.7
2018  6  8   159   11  8  0     73.08    0.8163E-02     103.9    271.4
2018  6  8   159   11  9  0     72.90    0.8386E-02     103.3    273.5
2018  6  8   159   11 10  0     72.72    0.8597E-02     101.8    273.8
2018  6  8   159   11 11  0     72.53    0.8806E-02     101.2    275.0
2018  6  8   159   11 12  0     72.35    0.9078E-02     102.0    275.6
2018  6  8   159   11 13  0     72.17    0.9265E-02     100.2    276.4
2018  6  8   159   11 14  0     71.99    0.9472E-02      99.0    277.7
2018  6  8   159   11 15  0     71.80    0.9692E-02      97.5    278.1
2018  6  8   159   11 16  0     71.62    0.9966E-02      97.7    279.3
2018  6  8   159   11 17  0     71.44    0.1034E-01     100.0    281.0
2018  6  8   159   11 18  0     71.25    0.1069E-01     101.1    282.5
2018  6  8   159   11 19  0     71.07    0.1108E-01     102.7    283.9
2018  6  8   159   11 20  0     70.89    0.1147E-01     103.9    285.0
2018  6  8   159   11 21  0     70.70    0.1179E-01     103.9    286.1
2018  6  8   159   11 22  0     70.52    0.1209E-01     102.8    286.7
2018  6  8   159   11 23  0     70.33    0.1259E-01     106.4    288.8
2018  6  8   159   11 24  0     70.15    0.1292E-01     106.1    289.5
2018  6  8   159   11 25  0     69.97    0.1323E-01     105.7    291.8
2018  6  8   159   11 26  0     69.78    0.1348E-01     103.4    290.6
2018  6  8   159   11 27  0     69.60    0.1385E-01     103.7    291.3
2018  6  8   159   11 28  0     69.41    0.1427E-01     104.7    292.3
2018  6  8   159   11 29  0     69.23    0.1466E-01     105.3    293.3
2018  6  8   159   11 30  0     69.04    0.1499E-01     104.6    293.8
2018  6  8   159   11 31  0     68.86    0.1542E-01     105.0    295.1
2018  6  8   159   11 32  0     68.67    0.1558E-01     101.9    295.4
2018  6  8   159   11 33  0     68.49    0.1594E-01     101.3    295.8
2018  6  8   159   11 34  0     68.30    0.1633E-01     100.9    295.6
2018  6  8   159   11 35  0     68.12    0.1676E-01     101.0    296.2
2018  6  8   159   11 36  0     67.93    0.1733E-01     103.4    298.4
2018  6  8   159   11 37  0     67.75    0.1777E-01     102.9    298.3
2018  6  8   159   11 38  0     67.56    0.1814E-01     102.7    299.4
2018  6  8   159   11 39  0     67.37    0.1852E-01     102.4    299.9
2018  6  8   159   11 40  0     67.19    0.1885E-01     101.4    300.3
2018  6  8   159   11 41  0     67.00    0.1942E-01     102.9    300.8
2018  6  8   159   11 42  0     66.82    0.1987E-01     103.1    301.5
2018  6  8   159   11 43  0     66.63    0.2026E-01     102.7    302.2
2018  6  8   159   11 44  0     66.45    0.2076E-01     102.8    302.7
2018  6  8   159   11 45  0     66.26    0.2124E-01     103.2    303.4
2018  6  8   159   11 46  0     66.07    0.2172E-01     102.9    303.6
2018  6  8   159   11 47  0     65.89    0.2217E-01     102.7    304.2
2018  6  8   159   11 48  0     65.70    0.2311E-01     106.5    305.6
2018  6  8   159   11 49  0     65.51    0.2348E-01     104.9    305.6
2018  6  8   159   11 50  0     65.33    0.2438E-01     107.8    306.4
2018  6  8   159   11 51  0     65.14    0.2494E-01     107.5    306.6
2018  6  8   159   11 52  0     64.95    0.2549E-01     107.2    307.0
2018  6  8   159   11 53  0     64.77    0.2607E-01     106.5    307.0
2018  6  8   159   11 54  0     64.58    0.2667E-01     106.6    307.5
2018  6  8   159   11 55  0     64.39    0.2723E-01     106.3    307.8
2018  6  8   159   11 56  0     64.20    0.2786E-01     106.2    307.8
2018  6  8   159   11 57  0     64.02    0.2837E-01     105.7    308.1
2018  6  8   159   11 58  0     63.83    0.2896E-01     105.8    308.7
2018  6  8   159   11 59  0     63.64    0.2929E-01     103.8    308.5
2018  6  8   159   12  0  0     63.46    0.3012E-01     105.0    309.3
2018  6  8   159   12  1  0     63.27    0.3086E-01     105.7    309.7
2018  6  8   159   12  2  0     63.08    0.3146E-01     105.3    309.8
2018  6  8   159   12  3  0     62.89    0.3214E-01     105.4    310.2
2018  6  8   159   12  4  0     62.70    0.3302E-01     106.6    310.9
2018  6  8   159   12  5  0     62.52    0.3374E-01     107.1    311.4
2018  6  8   159   12  6  0     62.33    0.3420E-01     105.9    311.5
2018  6  8   159   12  7  0     62.14    0.3510E-01     107.2    312.1
2018  6  8   159   12  8  0     61.95    0.3592E-01     107.3    313.2
2018  6  8   159   12  9  0     61.76    0.3674E-01     108.0    312.6
2018  6  8   159   12 10  0     61.58    0.3747E-01     107.9    312.9
2018  6  8   159   12 11  0     61.39    0.3779E-01     106.3    313.1
2018  6  8   159   12 12  0     61.20    0.3885E-01     107.9    313.5
2018  6  8   159   12 13  0     61.01    0.3924E-01     106.7    313.7
2018  6  8   159   12 14  0     60.82    0.3930E-01     103.9    314.4
2018  6  8   159   12 15  0     60.64    0.4017E-01     104.8    314.1
2018  6  8   159   12 16  0     60.45    0.4094E-01     105.0    314.6
2018  6  8   159   12 17  0     60.26    0.4015E-01      98.9    313.8
2018  6  8   159   12 18  0     60.07    0.4267E-01     105.6    315.2
2018  6  8   159   12 19  0     59.88    0.4376E-01     106.5    316.1
2018  6  8   159   12 20  0     59.69    0.4469E-01     106.7    316.4
2018  6  8   159   12 21  0     59.50    0.4597E-01     108.4    317.0
2018  6  8   159   12 22  0     59.32    0.4696E-01     108.9    316.9
2018  6  8   159   12 23  0     59.13    0.4786E-01     108.7    316.9
2018  6  8   159   12 24  0     58.94    0.4949E-01     110.9    317.7
2018  6  8   159   12 25  0     58.75    0.5076E-01     111.7    318.0
2018  6  8   159   12 26  0     58.56    0.5225E-01     113.4    318.4
2018  6  8   159   12 27  0     58.37    0.5343E-01     114.1    318.7
2018  6  8   159   12 28  0     58.18    0.5449E-01     114.3    318.9
2018  6  8   159   12 29  0     57.99    0.5539E-01     114.3    319.1
2018  6  8   159   12 30  0     57.80    0.5627E-01     114.0    319.2
2018  6  8   159   12 31  0     57.62    0.5696E-01     113.4    319.4
2018  6  8   159   12 32  0     57.43    0.5793E-01     114.0    319.9
2018  6  8   159   12 33  0     57.24    0.5780E-01     111.5    319.9
2018  6  8   159   12 34  0     57.05    0.5680E-01     107.1    319.9
2018  6  8   159   12 35  0     56.86    0.5560E-01     101.8    319.5
2018  6  8   159   12 36  0     56.67    0.5643E-01     102.0    319.9
2018  6  8   159   12 37  0     56.48    0.5831E-01     104.4    320.4
2018  6  8   159   12 38  0     56.29    0.6013E-01     106.4    320.8
2018  6  8   159   12 39  0     56.10    0.6147E-01     107.1    321.0
2018  6  8   159   12 40  0     55.91    0.6223E-01     106.3    320.9
2018  6  8   159   12 41  0     55.72    0.6347E-01     106.6    321.0
2018  6  8   159   12 42  0     55.53    0.6301E-01     103.1    320.8
2018  6  8   159   12 43  0     55.34    0.6495E-01     105.6    321.5
2018  6  8   159   12 44  0     55.15    0.6573E-01     105.3    321.6
2018  6  8   159   12 45  0     54.97    0.6558E-01     102.8    321.5
2018  6  8   159   12 46  0     54.78    0.6534E-01     100.0    321.3
2018  6  8   159   12 47  0     54.59    0.6808E-01     103.7    321.9
2018  6  8   159   12 48  0     54.40    0.6976E-01     105.0    322.2
2018  6  8   159   12 49  0     54.21    0.6916E-01     101.2    321.7
2018  6  8   159   12 50  0     54.02    0.7064E-01     102.2    322.1
2018  6  8   159   12 51  0     53.83    0.7380E-01     106.2    322.6
2018  6  8   159   12 52  0     53.64    0.7585E-01     108.1    323.1
2018  6  8   159   12 53  0     53.45    0.7668E-01     107.5    323.1
2018  6  8   159   12 54  0     53.26    0.7676E-01     105.5    323.0
2018  6  8   159   12 55  0     53.07    0.7771E-01     105.1    323.0
2018  6  8   159   12 56  0     52.88    0.7854E-01     104.3    322.9
2018  6  8   159   12 57  0     52.69    0.8263E-01     109.9    323.7
2018  6  8   159   12 58  0     52.50    0.8465E-01     111.3    323.9
2018  6  8   159   12 59  0     52.31    0.8535E-01     110.6    324.1
2018  6  8   159   13  0  0     52.12    0.8627E-01     110.4    324.3
2018  6  8   159   13  1  0     51.93    0.8747E-01     110.5    324.4
2018  6  8   159   13  2  0     51.75    0.8719E-01     108.2    324.4
2018  6  8   159   13  3  0     51.56    0.8742E-01     106.9    324.6
2018  6  8   159   13  4  0     51.37    0.8925E-01     108.1    324.8
2018  6  8   159   13  5  0     51.18    0.8934E-01     106.4    324.8
2018  6  8   159   13  6  0     50.99    0.8892E-01     103.9    324.7
2018  6  8   159   13  7  0     50.80    0.8906E-01     102.3    324.7
2018  6  8   159   13  8  0     50.61    0.9030E-01     102.5    324.8
2018  6  8   159   13  9  0     50.42    0.9099E-01     101.8    324.9
2018  6  8   159   13 10  0     50.23    0.9244E-01     102.3    325.1
2018  6  8   159   13 11  0     50.04    0.9254E-01     100.8    325.0
2018  6  8   159   13 12  0     49.85    0.9155E-01      97.9    325.0
2018  6  8   159   13 13  0     49.66    0.9117E-01      95.8    325.1
2018  6  8   159   13 14  0     49.47    0.9198E-01      95.3    325.1
2018  6  8   159   13 15  0     49.29    0.9443E-01      96.7    325.2
2018  6  8   159   13 16  0     49.10    0.9618E-01      97.2    325.2
2018  6  8   159   13 17  0     48.91    0.9787E-01      97.6    325.2
2018  6  8   159   13 18  0     48.72    0.1004E+00      99.0    325.3
2018  6  8   159   13 19  0     48.53    0.1027E+00     100.1    325.5
2018  6  8   159   13 20  0     48.34    0.1074E+00     104.1    325.7
2018  6  8   159   13 21  0     48.15    0.1127E+00     108.7    325.9
2018  6  8   159   13 22  0     47.96    0.1170E+00     112.0    326.1
2018  6  8   159   13 23  0     47.77    0.1223E+00     116.6    326.4
2018  6  8   159   13 24  0     47.59    0.1242E+00     117.1    326.5
2018  6  8   159   13 25  0     47.40    0.1237E+00     115.0    326.6
2018  6  8   159   13 26  0     47.21    0.1240E+00     114.0    326.8
2018  6  8   159   13 27  0     47.02    0.1245E+00     113.2    327.0
2018  6  8   159   13 28  0     46.83    0.1219E+00     108.9    326.9
2018  6  8   159   13 29  0     46.64    0.1224E+00     107.9    327.0
2018  6  8   159   13 30  0     46.46    0.1224E+00     106.7    327.2
2018  6  8   159   13 31  0     46.27    0.1225E+00     105.1    327.1
2018  6  8   159   13 32  0     46.08    0.1238E+00     105.0    327.1
2018  6  8   159   13 33  0     45.89    0.1282E+00     108.0    327.2
2018  6  8   159   13 34  0     45.70    0.1312E+00     109.7    327.3
2018  6  8   159   13 35  0     45.51    0.1308E+00     107.7    327.3
2018  6  8   159   13 36  0     45.33    0.1313E+00     106.8    327.5
2018  6  8   159   13 37  0     45.14    0.1350E+00     109.1    327.5
2018  6  8   159   13 38  0     44.95    0.1358E+00     108.3    327.4
2018  6  8   159   13 39  0     44.76    0.1378E+00     109.0    327.5
2018  6  8   159   13 40  0     44.58    0.1381E+00     107.9    327.6
2018  6  8   159   13 41  0     44.39    0.1403E+00     108.6    327.6
2018  6  8   159   13 42  0     44.20    0.1422E+00     108.8    327.6
2018  6  8   159   13 43  0     44.01    0.1442E+00     109.3    327.6
2018  6  8   159   13 44  0     43.83    0.1456E+00     109.2    327.7
2018  6  8   159   13 45  0     43.64    0.1460E+00     108.2    327.7
2018  6  8   159   13 46  0     43.45    0.1475E+00     108.2    327.8
2018  6  8   159   13 47  0     43.27    0.1504E+00     109.3    327.8
2018  6  8   159   13 48  0     43.08    0.1516E+00     108.8    327.6
2018  6  8   159   13 49  0     42.89    0.1536E+00     109.3    327.7
2018  6  8   159   13 50  0     42.71    0.1571E+00     110.8    327.7
2018  6  8   159   13 51  0     42.52    0.1592E+00     111.1    327.7
2018  6  8   159   13 52  0     42.33    0.1617E+00     111.9    327.7
2018  6  8   159   13 53  0     42.15    0.1642E+00     112.7    327.8
2018  6  8   159   13 54  0     41.96    0.1671E+00     113.8    327.9
2018  6  8   159   13 55  0     41.78    0.1634E+00     109.2    327.5
2018  6  8   159   13 56  0     41.59    0.1524E+00      99.1    327.3
2018  6  8   159   13 57  0     41.40    0.1634E+00     107.2    327.9
2018  6  8   159   13 58  0     41.22    0.1744E+00     114.7    328.1
2018  6  8   159   13 59  0     41.03    0.1790E+00     117.0    328.2
2018  6  8   159   14  0  0     40.85    0.1799E+00     116.2    328.0
2018  6  8   159   14  1  0     40.66    0.1777E+00     113.3    327.9
2018  6  8   159   14  2  0     40.48    0.1764E+00     111.1    327.9
2018  6  8   159   14  3  0     40.29    0.1776E+00     110.8    327.9
2018  6  8   159   14  4  0     40.11    0.1802E+00     111.3    327.9
2018  6  8   159   14  5  0     39.92    0.1871E+00     114.9    327.7
2018  6  8   159   14  6  0     39.74    0.1908E+00     116.2    327.7
2018  6  8   159   14  7  0     39.56    0.1907E+00     114.7    327.6
2018  6  8   159   14  8  0     39.37    0.1903E+00     113.4    327.7
2018  6  8   159   14  9  0     39.19    0.1864E+00     109.5    327.7
2018  6  8   159   14 10  0     39.00    0.1861E+00     108.2    327.7
2018  6  8   159   14 11  0     38.82    0.1911E+00     110.8    327.9
2018  6  8   159   14 12  0     38.64    0.1904E+00     109.2    327.8
2018  6  8   159   14 13  0     38.46    0.1922E+00     109.5    328.0
2018  6  8   159   14 14  0     38.27    0.1951E+00     110.4    328.2
2018  6  8   159   14 15  0     38.09    0.2020E+00     113.6    328.0
2018  6  8   159   14 16  0     37.91    0.2065E+00     115.4    328.0
2018  6  8   159   14 17  0     37.72    0.2099E+00     116.5    327.9
2018  6  8   159   14 18  0     37.54    0.2095E+00     115.1    327.8
2018  6  8   159   14 19  0     37.36    0.2090E+00     113.8    327.9
2018  6  8   159   14 20  0     37.18    0.2067E+00     111.1    327.7
2018  6  8   159   14 21  0     37.00    0.2077E+00     111.1    327.9
2018  6  8   159   14 22  0     36.82    0.2074E+00     110.1    328.0
2018  6  8   159   14 23  0     36.64    0.2027E+00     106.5    328.2
2018  6  8   159   14 24  0     36.46    0.2021E+00     105.1    328.2
2018  6  8   159   14 25  0     36.27    0.2038E+00     105.0    328.2
2018  6  8   159   14 26  0     36.09    0.2127E+00     109.0    327.9
2018  6  8   159   14 27  0     35.91    0.2186E+00     111.5    327.8
2018  6  8   159   14 28  0     35.74    0.2245E+00     114.0    327.9
2018  6  8   159   14 29  0     35.56    0.2206E+00     110.6    327.7
2018  6  8   159   14 30  0     35.38    0.2211E+00     110.4    328.2
2018  6  8   159   14 31  0     35.20    0.2285E+00     113.8    328.1
2018  6  8   159   14 32  0     35.02    0.2258E+00     111.0    327.8
2018  6  8   159   14 33  0     34.84    0.2289E+00     112.0    328.0
2018  6  8   159   14 34  0     34.66    0.2303E+00     112.0    328.0
2018  6  8   159   14 35  0     34.48    0.2251E+00     108.0    328.0
2018  6  8   159   14 36  0     34.31    0.2283E+00     108.9    328.0
2018  6  8   159   14 37  0     34.13    0.2420E+00     115.3    327.8
2018  6  8   159   14 38  0     33.95    0.2504E+00     118.9    327.7
2018  6  8   159   14 39  0     33.78    0.2497E+00     117.4    327.4
2018  6  8   159   14 40  0     33.60    0.2342E+00     108.8    328.3
2018  6  8   159   14 41  0     33.42    0.2505E+00     116.5    328.0
2018  6  8   159   14 42  0     33.25    0.2551E+00     117.9    327.9
2018  6  8   159   14 43  0     33.07    0.2621E+00     120.6    327.9
2018  6  8   159   14 44  0     32.90    0.2654E+00     121.4    327.9
2018  6  8   159   14 45  0     32.72    0.2680E+00     121.9    327.9
2018  6  8   159   14 46  0     32.55    0.2633E+00     118.2    327.7
2018  6  8   159   14 47  0     32.38    0.2724E+00     122.2    327.8
2018  6  8   159   14 48  0     32.20    0.2756E+00     122.8    327.6
2018  6  8   159   14 49  0     32.03    0.2776E+00     123.2    327.8
2018  6  8   159   14 50  0     31.86    0.2683E+00     117.8    328.0
2018  6  8   159   14 51  0     31.69    0.2508E+00     109.0    328.6
2018  6  8   159   14 52  0     31.51    0.2473E+00     106.8    328.9
2018  6  8   159   14 53  0     31.34    0.2430E+00     104.0    329.1
2018  6  8   159   14 54  0     31.17    0.2521E+00     107.8    329.0
2018  6  8   159   14 55  0     31.00    0.2443E+00     103.5    329.3
2018  6  8   159   14 56  0     30.83    0.2480E+00     104.5    329.2
2018  6  8   159   14 57  0     30.66    0.2599E+00     109.4    329.0
2018  6  8   159   14 58  0     30.49    0.2691E+00     112.9    328.8
2018  6  8   159   14 59  0     30.32    0.2678E+00     111.5    328.8
2018  6  8   159   15  0  0     30.15    0.2739E+00     113.4    328.4
2018  6  8   159   15  1  0     29.99    0.2803E+00     115.8    328.4
2018  6  8   159   15  2  0     29.82    0.2826E+00     116.2    328.5
2018  6  8   159   15  3  0     29.65    0.2874E+00     117.8    328.5
2018  6  8   159   15  4  0     29.49    0.2877E+00     117.1    328.4
2018  6  8   159   15  5  0     29.32    0.2881E+00     116.6    328.4
2018  6  8   159   15  6  0     29.15    0.2836E+00     113.9    328.4
2018  6  8   159   15  7  0     28.99    0.2821E+00     112.8    328.8
2018  6  8   159   15  8  0     28.83    0.2903E+00     115.9    328.8
2018  6  8   159   15  9  0     28.66    0.2886E+00     114.5    328.9
2018  6  8   159   15 10  0     28.50    0.2880E+00     113.4    328.7
2018  6  8   159   15 11  0     28.34    0.2895E+00     113.4    328.6
2018  6  8   159   15 12  0     28.17    0.2879E+00     112.1    328.5
2018  6  8   159   15 13  0     28.01    0.2831E+00     109.2    328.4
2018  6  8   159   15 14  0     27.85    0.2843E+00     109.3    328.7
2018  6  8   159   15 15  0     27.69    0.2951E+00     113.2    328.4
2018  6  8   159   15 16  0     27.53    0.3007E+00     114.9    328.3
2018  6  8   159   15 17  0     27.37    0.3047E+00     116.1    328.3
2018  6  8   159   15 18  0     27.22    0.3052E+00     115.6    328.1
2018  6  8   159   15 19  0     27.06    0.3037E+00     114.5    328.3
2018  6  8   159   15 20  0     26.90    0.3083E+00     115.9    328.2
2018  6  8   159   15 21  0     26.75    0.3090E+00     115.7    328.3
2018  6  8   159   15 22  0     26.59    0.3010E+00     111.8    328.4
2018  6  8   159   15 23  0     26.44    0.3015E+00     111.6    328.6
2018  6  8   159   15 24  0     26.28    0.3058E+00     112.9    328.6
2018  6  8   159   15 25  0     26.13    0.3051E+00     112.1    328.7
2018  6  8   159   15 26  0     25.98    0.3098E+00     113.6    328.8
2018  6  8   159   15 27  0     25.82    0.3097E+00     113.1    328.8
2018  6  8   159   15 28  0     25.67    0.3085E+00     112.1    328.8
2018  6  8   159   15 29  0     25.52    0.3039E+00     109.6    328.9
2018  6  8   159   15 30  0     25.37    0.3101E+00     111.8    329.0
2018  6  8   159   15 31  0     25.23    0.3132E+00     112.7    329.2
2018  6  8   159   15 32  0     25.08    0.3156E+00     113.1    329.1
2018  6  8   159   15 33  0     24.93    0.3187E+00     113.9    329.1
2018  6  8   159   15 34  0     24.79    0.3144E+00     111.7    329.1
2018  6  8   159   15 35  0     24.64    0.3145E+00     111.4    329.2
2018  6  8   159   15 36  0     24.50    0.3157E+00     111.4    329.4
2018  6  8   159   15 37  0     24.35    0.3144E+00     110.6    329.5
2018  6  8   159   15 38  0     24.21    0.3199E+00     112.2    329.4
2018  6  8   159   15 39  0     24.07    0.3224E+00     112.8    329.4
2018  6  8   159   15 40  0     23.93    0.3209E+00     111.6    329.2
2018  6  8   159   15 41  0     23.79    0.3204E+00     111.3    329.7
2018  6  8   159   15 42  0     23.65    0.3293E+00     114.1    329.4
2018  6  8   159   15 43  0     23.52    0.3273E+00     112.9    329.4
2018  6  8   159   15 44  0     23.38    0.3335E+00     114.9    329.5
2018  6  8   159   15 45  0     23.25    0.3330E+00     114.3    329.4
2018  6  8   159   15 46  0     23.11    0.3270E+00     111.8    329.8
2018  6  8   159   15 47  0     22.98    0.3375E+00     115.4    329.7
2018  6  8   159   15 48  0     22.85    0.3382E+00     115.4    329.9
2018  6  8   159   15 49  0     22.72    0.3392E+00     115.4    329.9
2018  6  8   159   15 50  0     22.59    0.3360E+00     113.7    329.8
2018  6  8   159   15 51  0     22.46    0.3360E+00     113.5    330.1
2018  6  8   159   15 52  0     22.33    0.3383E+00     114.1    330.1
2018  6  8   159   15 53  0     22.21    0.3368E+00     113.2    330.3
2018  6  8   159   15 54  0     22.08    0.3325E+00     111.2    330.3
2018  6  8   159   15 55  0     21.96    0.3325E+00     111.0    330.3
2018  6  8   159   15 56  0     21.84    0.3318E+00     110.6    330.7
2018  6  8   159   15 57  0     21.72    0.3378E+00     112.6    330.6
2018  6  8   159   15 58  0     21.60    0.3405E+00     113.1    330.5
2018  6  8   159   15 59  0     21.48    0.3449E+00     114.4    330.5
2018  6  8   159   16  0  0     21.37    0.3491E+00     115.5    330.4
2018  6  8   159   16  1  0     21.25    0.3572E+00     118.3    330.5
2018  6  8   159   16  2  0     21.14    0.3545E+00     117.2    330.7
2018  6  8   159   16  3  0     21.03    0.3588E+00     118.5    330.7
2018  6  8   159   16  4  0     20.92    0.3604E+00     118.8    330.7
2018  6  8   159   16  5  0     20.81    0.3661E+00     120.7    330.7
2018  6  8   159   16  6  0     20.70    0.3690E+00     121.8    330.9
2018  6  8   159   16  7  0     20.60    0.3653E+00     120.3    331.2
2018  6  8   159   16  8  0     20.49    0.3650E+00     120.3    331.5
2018  6  8   159   16  9  0     20.39    0.3632E+00     119.6    331.8
2018  6  8   159   16 10  0     20.29    0.3602E+00     118.2    331.9
2018  6  8   159   16 11  0     20.19    0.3605E+00     117.8    331.7
2018  6  8   159   16 12  0     20.09    0.3556E+00     115.8    331.9
2018  6  8   159   16 13  0     20.00    0.3579E+00     116.3    331.8
2018  6  8   159   16 14  0     19.90    0.3591E+00     116.5    331.8
2018  6  8   159   16 15  0     19.81    0.3524E+00     114.2    332.3
2018  6  8   159   16 16  0     19.72    0.3494E+00     112.8    332.2
2018  6  8   159   16 17  0     19.63    0.3611E+00     116.9    332.2
2018  6  8   159   16 18  0     19.55    0.3528E+00     112.3    330.9
2018  6  8   159   16 19  0     19.46    0.3442E+00     111.2    333.3
2018  6  8   159   16 20  0     19.38    0.3577E+00     115.0    332.2
2018  6  8   159   16 21  0     19.30    0.3560E+00     114.2    332.1
2018  6  8   159   16 22  0     19.22    0.3700E+00     119.0    331.9
2018  6  8   159   16 23  0     19.14    0.3687E+00     118.4    332.2
2018  6  8   159   16 24  0     19.07    0.3677E+00     118.0    332.3
2018  6  8   159   16 25  0     19.00    0.3661E+00     117.2    332.3
2018  6  8   159   16 26  0     18.92    0.3656E+00     116.7    332.2
2018  6  8   159   16 27  0     18.86    0.3687E+00     117.9    332.5
2018  6  8   159   16 28  0     18.79    0.3665E+00     117.2    332.7
2018  6  8   159   16 29  0     18.72    0.3691E+00     117.8    332.6
2018  6  8   159   16 30  0     18.66    0.3665E+00     116.7    332.5
2018  6  8   159   16 31  0     18.60    0.3659E+00     116.5    332.7
2018  6  8   159   16 32  0     18.54    0.3765E+00     120.1    332.6
2018  6  8   159   16 33  0     18.49    0.3769E+00     120.2    332.7
2018  6  8   159   16 34  0     18.44    0.3763E+00     119.9    332.6
2018  6  8   159   16 35  0     18.38    0.3740E+00     119.5    333.1
2018  6  8   159   16 36  0     18.34    0.3653E+00     116.8    333.6
2018  6  8   159   16 37  0     18.29    0.3634E+00     116.4    333.9
2018  6  8   159   16 38  0     18.24    0.3613E+00     115.8    334.0
2018  6  8   159   16 39  0     18.20    0.3627E+00     116.2    333.8
2018  6  8   159   16 40  0     18.16    0.3539E+00     113.3    334.2
2018  6  8   159   16 41  0     18.13    0.3528E+00     113.3    334.5
2018  6  8   159   16 42  0     18.09    0.3576E+00     115.3    334.6
2018  6  8   159   16 43  0     18.06    0.3531E+00     114.0    335.1
2018  6  8   159   16 44  0     18.03    0.3422E+00     110.3    335.3
2018  6  8   159   16 45  0     18.00    0.3247E+00     104.8    336.5
2018  6  8   159   16 46  0     17.98    0.3054E+00      96.7    335.5
2018  6  8   159   16 47  0     17.95    0.2219E+00      67.2    338.0
2018  6  8   159   16 48  0     17.93    0.2038E+00      61.8    340.6
2018  6  8   159   16 49  0     17.91    0.2104E+00      64.1    340.8
2018  6  8   159   16 50  0     17.90    0.2807E+00      89.4    339.3
2018  6  8   159   16 51  0     17.89    0.3466E+00     111.0    335.6
2018  6  8   159   16 52  0     17.88    0.3575E+00     114.1    335.1
2018  6  8   159   16 53  0     17.87    0.3782E+00     120.9    334.6
2018  6  8   159   16 54  0     17.86    0.3808E+00     121.6    334.5
2018  6  8   159   16 55  0     17.86    0.3763E+00     120.1    334.6
2018  6  8   159   16 56  0     17.86    0.3558E+00     112.6    334.9
2018  6  8   159   16 57  0     17.86    0.3576E+00     113.5    335.1
2018  6  8   159   16 58  0     17.86    0.3722E+00     118.7    334.8
2018  6  8   159   16 59  0     17.87    0.3755E+00     119.6    334.5
2018  6  8   159   17  0  0     17.88    0.3726E+00     118.6    334.4
2018  6  8   159   17  1  0     17.89    0.3702E+00     118.1    334.8
2018  6  8   159   17  2  0     17.91    0.3855E+00     123.7    334.6
2018  6  8   159   17  3  0     17.92    0.3811E+00     122.5    334.7
2018  6  8   159   17  4  0     17.94    0.3677E+00     118.0    335.0
2018  6  8   159   17  5  0     17.96    0.3632E+00     117.1    335.5
2018  6  8   159   17  6  0     17.99    0.3693E+00     119.5    335.5
2018  6  8   159   17  7  0     18.01    0.3628E+00     117.0    335.5
2018  6  8   159   17  8  0     18.04    0.3303E+00     105.2    335.9
2018  6  8   159   17  9  0     18.07    0.2794E+00      88.0    338.5
2018  6  8   159   17 10  0     18.11    0.3473E+00     113.5    337.4
2018  6  8   159   17 11  0     18.14    0.2680E+00      83.3    337.5
2018  6  8   159   17 12  0     18.18    0.2323E+00      71.8    340.3
2018  6  8   159   17 13  0     18.22    0.2792E+00      90.0    340.3
2018  6  8   159   17 14  0     18.27    0.3494E+00     115.0    337.6
2018  6  8   159   17 15  0     18.31    0.3336E+00     108.1    336.4
2018  6  8   159   17 16  0     18.36    0.2240E+00      69.6    340.8
2018  6  8   159   17 17  0     18.41    0.2477E+00      79.3    341.4
2018  6  8   159   17 18  0     18.46    0.2329E+00      73.2    340.7
2018  6  8   159   17 19  0     18.52    0.2576E+00      82.9    340.6
2018  6  8   159   17 20  0     18.57    0.2950E+00      98.1    341.0
2018  6  8   159   17 21  0     18.63    0.3067E+00     100.9    337.9
2018  6  8   159   17 22  0     18.69    0.2004E+00      63.8    343.1
2018  6  8   159   17 23  0     18.76    0.1977E+00      64.5    344.8
2018  6  8   159   17 24  0     18.82    0.1957E+00      64.5    344.6
2018  6  8   159   17 25  0     18.89    0.1848E+00      62.2    346.7
2018  6  8   159   17 26  0     18.96    0.1447E+00      48.5    350.3
2018  6  8   159   17 27  0     19.03    0.1262E+00      43.0    354.0
2018  6  8   159   17 28  0     19.11    0.1159E+00      40.1    356.1
2018  6  8   159   17 29  0     19.18    0.1058E+00      36.9    358.0
2018  6  8   159   17 30  0     19.26    0.9547E-01      33.8    360.4
2018  6  8   159   17 31  0     19.34    0.8711E-01      31.2    362.7
2018  6  8   159   17 32  0     19.42    0.8316E-01      30.1    363.9
2018  6  8   159   17 33  0     19.50    0.8299E-01      30.2    364.1
2018  6  8   159   17 34  0     19.59    0.8497E-01      30.9    363.6
2018  6  8   159   17 35  0     19.68    0.8743E-01      31.8    363.2
2018  6  8   159   17 36  0     19.77    0.9187E-01      33.2    362.2
2018  6  8   159   17 37  0     19.86    0.1022E+00      36.7    360.1
2018  6  8   159   17 38  0     19.95    0.1190E+00      42.1    356.4
2018  6  8   159   17 39  0     20.04    0.1442E+00      50.2    352.0
2018  6  8   159   17 40  0     20.14    0.2146E+00      75.7    346.2
2018  6  8   159   17 41  0     20.24    0.2959E+00     105.0    341.5
2018  6  8   159   17 42  0     20.34    0.2628E+00      90.1    340.2
2018  6  8   159   17 43  0     20.44    0.2665E+00      92.9    342.2
2018  6  8   159   17 44  0     20.54    0.3037E+00     105.6    339.3
2018  6  8   159   17 45  0     20.65    0.3151E+00     110.0    339.1
2018  6  8   159   17 46  0     20.75    0.2779E+00      94.5    338.5
2018  6  8   159   17 47  0     20.86    0.1958E+00      63.9    341.9
2018  6  8   159   17 48  0     20.97    0.1814E+00      59.3    343.6
2018  6  8   159   17 49  0     21.08    0.1772E+00      58.2    344.1
2018  6  8   159   17 50  0     21.19    0.1707E+00      56.1    344.7
2018  6  8   159   17 51  0     21.31    0.1651E+00      54.6    345.6
2018  6  8   159   17 52  0     21.42    0.1605E+00      53.5    346.8
2018  6  8   159   17 53  0     21.54    0.1602E+00      54.0    347.5
2018  6  8   159   17 54  0     21.66    0.1805E+00      62.5    346.9
2018  6  8   159   17 55  0     21.78    0.1972E+00      68.3    344.5
2018  6  8   159   17 56  0     21.90    0.2673E+00      97.1    342.7
2018  6  8   159   17 57  0     22.02    0.2154E+00      73.2    340.3
2018  6  8   159   17 58  0     22.14    0.1825E+00      61.4    343.1
2018  6  8   159   17 59  0     22.27    0.1893E+00      65.0    343.8
2018  6  8   159   18  0  0     22.40    0.2064E+00      72.3    343.0
2018  6  8   159   18  1  0     22.52    0.1871E+00      64.1    341.9
2018  6  8   159   18  2  0     22.65    0.1487E+00      50.6    346.6
2018  6  8   159   18  3  0     22.78    0.1351E+00      46.6    349.2
2018  6  8   159   18  4  0     22.91    0.1259E+00      44.1    351.5
2018  6  8   159   18  5  0     23.04    0.1208E+00      43.1    353.4
2018  6  8   159   18  6  0     23.18    0.1201E+00      43.4    354.4
2018  6  8   159   18  7  0     23.31    0.1226E+00      44.6    354.3
2018  6  8   159   18  8  0     23.45    0.1285E+00      46.9    353.3
2018  6  8   159   18  9  0     23.58    0.1397E+00      51.1    351.7
2018  6  8   159   18 10  0     23.72    0.1627E+00      59.8    348.9
2018  6  8   159   18 11  0     23.86    0.1839E+00      67.4    346.3
2018  6  8   159   18 12  0     24.00    0.1989E+00      72.3    344.2
2018  6  8   159   18 13  0     24.14    0.2896E+00     110.6    341.2
2018  6  8   159   18 14  0     24.28    0.3061E+00     116.1    339.4
2018  6  8   159   18 15  0     24.42    0.3164E+00     119.8    338.3
2018  6  8   159   18 16  0     24.57    0.3242E+00     123.0    337.7
2018  6  8   159   18 17  0     24.71    0.2944E+00     109.4    336.8
2018  6  8   159   18 18  0     24.86    0.2818E+00     107.4    340.0
2018  6  8   159   18 19  0     25.00    0.2753E+00     103.8    338.3
2018  6  8   159   18 20  0     25.15    0.1872E+00      67.7    342.4
2018  6  8   159   18 21  0     25.30    0.1801E+00      66.4    344.7
2018  6  8   159   18 22  0     25.45    0.2098E+00      80.7    344.6
2018  6  8   159   18 23  0     25.60    0.1835E+00      69.4    346.2
2018  6  8   159   18 24  0     25.75    0.1913E+00      72.7    345.6
2018  6  8   159   18 25  0     25.90    0.2622E+00     104.5    342.9
2018  6  8   159   18 26  0     26.05    0.2581E+00     100.5    340.4
2018  6  8   159   18 27  0     26.20    0.2441E+00      94.8    341.2
2018  6  8   159   18 28  0     26.36    0.2166E+00      82.8    341.5
2018  6  8   159   18 29  0     26.51    0.2055E+00      78.7    342.4
2018  6  8   159   18 30  0     26.67    0.2055E+00      79.8    343.0
2018  6  8   159   18 31  0     26.82    0.2366E+00      94.7    342.1
2018  6  8   159   18 32  0     26.98    0.1949E+00      76.2    343.9
2018  6  8   159   18 33  0     27.14    0.1939E+00      76.3    344.2
2018  6  8   159   18 34  0     27.29    0.2099E+00      84.6    344.3
2018  6  8   159   18 35  0     27.45    0.2674E+00     110.7    341.1
2018  6  8   159   18 36  0     27.61    0.2489E+00     101.4    340.5
2018  6  8   159   18 37  0     27.77    0.2573E+00     106.4    340.9
2018  6  8   159   18 38  0     27.93    0.2483E+00     101.0    339.3
2018  6  8   159   18 39  0     28.09    0.2551E+00     106.2    340.6
2018  6  8   159   18 40  0     28.25    0.2624E+00     109.6    339.7
2018  6  8   159   18 41  0     28.42    0.2595E+00     108.9    339.6
2018  6  8   159   18 42  0     28.58    0.2497E+00     105.2    340.0
2018  6  8   159   18 43  0     28.74    0.2192E+00      90.2    339.6
2018  6  8   159   18 44  0     28.91    0.1869E+00      75.8    341.3
2018  6  8   159   18 45  0     29.07    0.2196E+00      93.6    341.6
2018  6  8   159   18 46  0     29.24    0.2354E+00     101.4    340.5
2018  6  8   159   18 47  0     29.40    0.2345E+00     101.4    340.5
2018  6  8   159   18 48  0     29.57    0.2332E+00     101.4    340.5
2018  6  8   159   18 49  0     29.73    0.2266E+00      98.9    340.8
2018  6  8   159   18 50  0     29.90    0.2294E+00     101.0    340.9
2018  6  8   159   18 51  0     30.07    0.2294E+00     101.2    340.5
2018  6  8   159   18 52  0     30.24    0.2315E+00     102.6    340.2
2018  6  8   159   18 53  0     30.41    0.2302E+00     102.4    340.0
2018  6  8   159   18 54  0     30.57    0.2330E+00     104.2    339.6
2018  6  8   159   18 55  0     30.74    0.2251E+00     100.1    339.1
2018  6  8   159   18 56  0     30.91    0.2308E+00     104.2    339.2
2018  6  8   159   18 57  0     31.08    0.2244E+00     101.6    339.2
2018  6  8   159   18 58  0     31.25    0.2262E+00     103.6    339.4
2018  6  8   159   18 59  0     31.43    0.2237E+00     103.0    339.4
2018  6  8   159   19  0  0     31.60    0.2187E+00     101.1    339.4
2018  6  8   159   19  1  0     31.77    0.2151E+00      99.6    339.1
2018  6  8   159   19  2  0     31.94    0.1869E+00      85.7    340.7
2018  6  8   159   19  3  0     32.11    0.1775E+00      80.2    339.7
2018  6  8   159   19  4  0     32.29    0.1675E+00      76.3    341.1
2018  6  8   159   19  5  0     32.46    0.1764E+00      82.9    342.1
2018  6  8   159   19  6  0     32.64    0.1976E+00      95.5    341.5
2018  6  8   159   19  7  0     32.81    0.2085E+00     101.9    340.7
2018  6  8   159   19  8  0     32.98    0.2043E+00     100.0    340.4
2018  6  8   159   19  9  0     33.16    0.1919E+00      93.4    340.1
2018  6  8   159   19 10  0     33.33    0.1861E+00      91.2    340.4
2018  6  8   159   19 11  0     33.51    0.1835E+00      90.6    340.2
2018  6  8   159   19 12  0     33.69    0.1743E+00      85.6    339.6
2018  6  8   159   19 13  0     33.86    0.1352E+00      63.9    340.7
2018  6  8   159   19 14  0     34.04    0.1243E+00      59.0    341.7
2018  6  8   159   19 15  0     34.22    0.1159E+00      55.4    342.8
2018  6  8   159   19 16  0     34.39    0.1094E+00      52.9    343.8
2018  6  8   159   19 17  0     34.57    0.1053E+00      51.5    344.4
2018  6  8   159   19 18  0     34.75    0.1016E+00      50.1    344.7
2018  6  8   159   19 19  0     34.93    0.9701E-01      48.4    345.3
2018  6  8   159   19 20  0     35.11    0.9230E-01      46.7    346.3
2018  6  8   159   19 21  0     35.28    0.8857E-01      45.3    347.0
2018  6  8   159   19 22  0     35.46    0.8465E-01      43.8    347.5
2018  6  8   159   19 23  0     35.64    0.8072E-01      42.2    347.9
2018  6  8   159   19 24  0     35.82    0.7747E-01      40.9    348.3
2018  6  8   159   19 25  0     36.00    0.7496E-01      39.9    348.5
2018  6  8   159   19 26  0     36.18    0.7301E-01      39.3    348.6
2018  6  8   159   19 27  0     36.36    0.7096E-01      38.7    349.0
2018  6  8   159   19 28  0     36.54    0.7049E-01      38.9    349.2
2018  6  8   159   19 29  0     36.72    0.7167E-01      40.1    348.9
2018  6  8   159   19 30  0     36.90    0.7361E-01      41.4    348.2
2018  6  8   159   19 31  0     37.09    0.7606E-01      43.2    347.6
2018  6  8   159   19 32  0     37.27    0.8253E-01      47.4    346.5
2018  6  8   159   19 33  0     37.45    0.9439E-01      55.2    345.2
2018  6  8   159   19 34  0     37.63    0.1290E+00      78.9    343.3
2018  6  8   159   19 35  0     37.81    0.1618E+00     100.1    340.6
2018  6  8   159   19 36  0     38.00    0.1758E+00     108.9    339.1
2018  6  8   159   19 37  0     38.18    0.1727E+00     105.9    338.0
2018  6  8   159   19 38  0     38.36    0.1674E+00     102.9    338.4
2018  6  8   159   19 39  0     38.54    0.1668E+00     103.0    338.3
2018  6  8   159   19 40  0     38.73    0.1571E+00      95.4    337.4
2018  6  8   159   19 41  0     38.91    0.1419E+00      85.5    338.3
2018  6  8   159   19 42  0     39.09    0.1604E+00      99.1    336.9
2018  6  8   159   19 43  0     39.28    0.1333E+00      79.4    336.8
2018  6  8   159   19 44  0     39.46    0.1296E+00      77.7    337.3
2018  6  8   159   19 45  0     39.64    0.1416E+00      88.6    338.5
2018  6  8   159   19 46  0     39.83    0.1688E+00     110.4    338.1
2018  6  8   159   19 47  0     40.01    0.1753E+00     115.5    336.9
2018  6  8   159   19 48  0     40.20    0.1693E+00     111.6    336.3
2018  6  8   159   19 49  0     40.38    0.1386E+00      86.7    334.4
2018  6  8   159   19 50  0     40.57    0.1197E+00      73.3    334.5
2018  6  8   159   19 51  0     40.75    0.1134E+00      69.7    334.6
2018  6  8   159   19 52  0     40.94    0.1075E+00      66.5    335.0
2018  6  8   159   19 53  0     41.12    0.1015E+00      63.4    335.6
2018  6  8   159   19 54  0     41.31    0.9640E-01      61.1    336.6
2018  6  8   159   19 55  0     41.49    0.9341E-01      60.3    337.7
2018  6  8   159   19 56  0     41.68    0.8883E-01      58.2    338.7
2018  6  8   159   19 57  0     41.86    0.8673E-01      58.0    339.8
2018  6  8   159   19 58  0     42.05    0.8574E-01      58.5    340.6
2018  6  8   159   19 59  0     42.24    0.8625E-01      60.0    341.1
2018  6  8   159   20  0  0     42.42    0.8811E-01      62.1    340.9
2018  6  8   159   20  1  0     42.61    0.9162E-01      65.3    340.1
2018  6  8   159   20  2  0     42.80    0.9667E-01      69.4    338.9
2018  6  8   159   20  3  0     42.98    0.1022E+00      73.8    337.6
2018  6  8   159   20  4  0     43.17    0.1160E+00      87.4    337.6
2018  6  8   159   20  5  0     43.36    0.1434E+00     113.1    336.6
2018  6  8   159   20  6  0     43.54    0.1485E+00     117.5    335.5
2018  6  8   159   20  7  0     43.73    0.1475E+00     116.9    334.7
2018  6  8   159   20  8  0     43.92    0.1445E+00     114.8    334.1
2018  6  8   159   20  9  0     44.10    0.1386E+00     110.0    333.7
2018  6  8   159   20 10  0     44.29    0.1391E+00     112.1    333.7
2018  6  8   159   20 11  0     44.48    0.1355E+00     109.9    333.4
2018  6  8   159   20 12  0     44.67    0.1308E+00     106.9    333.5
2018  6  8   159   20 13  0     44.85    0.1290E+00     106.3    333.2
2018  6  8   159   20 14  0     45.04    0.1282E+00     106.5    332.9
2018  6  8   159   20 15  0     45.23    0.1265E+00     105.7    332.5
2018  6  8   159   20 16  0     45.42    0.1275E+00     108.4    332.7
2018  6  8   159   20 17  0     45.60    0.1306E+00     113.4    333.0
2018  6  8   159   20 18  0     45.79    0.1313E+00     115.1    332.6
2018  6  8   159   20 19  0     45.98    0.1277E+00     112.4    332.1
2018  6  8   159   20 20  0     46.17    0.1268E+00     113.2    332.2
2018  6  8   159   20 21  0     46.36    0.1246E+00     112.2    332.1
2018  6  8   159   20 22  0     46.54    0.1219E+00     111.1    332.2
2018  6  8   159   20 23  0     46.73    0.1226E+00     113.6    332.3
2018  6  8   159   20 24  0     46.92    0.1236E+00     116.0    332.0
2018  6  8   159   20 25  0     47.11    0.1218E+00     115.3    331.6
2018  6  8   159   20 26  0     47.30    0.1221E+00     117.4    331.7
2018  6  8   159   20 27  0     47.49    0.1215E+00     118.2    331.5
2018  6  8   159   20 28  0     47.67    0.1206E+00     118.5    331.2
2018  6  8   159   20 29  0     47.86    0.1195E+00     118.8    331.0
2018  6  8   159   20 30  0     48.05    0.1174E+00     117.7    330.7
2018  6  8   159   20 31  0     48.24    0.1150E+00     116.6    330.7
2018  6  8   159   20 32  0     48.43    0.1131E+00     116.0    330.6
2018  6  8   159   20 33  0     48.62    0.1099E+00     113.8    330.4
2018  6  8   159   20 34  0     48.81    0.1077E+00     112.5    330.1
2018  6  8   159   20 35  0     49.00    0.1048E+00     110.5    329.9
2018  6  8   159   20 36  0     49.18    0.1036E+00     110.9    329.9
2018  6  8   159   20 37  0     49.37    0.1033E+00     112.0    329.8
2018  6  8   159   20 38  0     49.56    0.1032E+00     113.8    329.9
2018  6  8   159   20 39  0     49.75    0.1032E+00     115.5    329.8
2018  6  8   159   20 40  0     49.94    0.1013E+00     114.6    329.6
2018  6  8   159   20 41  0     50.13    0.9884E-01     113.0    329.4
2018  6  8   159   20 42  0     50.32    0.9567E-01     110.3    329.2
2018  6  8   159   20 43  0     50.51    0.9356E-01     109.2    329.1
2018  6  8   159   20 44  0     50.70    0.9120E-01     107.6    328.9
2018  6  8   159   20 45  0     50.89    0.9098E-01     109.4    329.0
2018  6  8   159   20 46  0     51.08    0.8963E-01     109.1    328.8
2018  6  8   159   20 47  0     51.26    0.8798E-01     108.3    328.7
2018  6  8   159   20 48  0     51.45    0.8792E-01     110.3    328.8
2018  6  8   159   20 49  0     51.64    0.8673E-01     110.1    328.5
2018  6  8   159   20 50  0     51.83    0.8460E-01     107.8    327.7
2018  6  8   159   20 51  0     52.02    0.7771E-01      97.1    326.3
2018  6  8   159   20 52  0     52.21    0.7663E-01      97.9    326.8
2018  6  8   159   20 53  0     52.40    0.7886E-01     103.6    326.9
2018  6  8   159   20 54  0     52.59    0.7514E-01      99.0    326.3
2018  6  8   159   20 55  0     52.78    0.7161E-01      95.0    326.0
2018  6  8   159   20 56  0     52.97    0.6452E-01      83.2    324.3
2018  6  8   159   20 57  0     53.16    0.6300E-01      83.1    324.6
2018  6  8   159   20 58  0     53.35    0.6315E-01      86.6    325.8
2018  6  8   159   20 59  0     53.54    0.6890E-01     101.6    327.8
2018  6  8   159   21  0  0     53.73    0.6976E-01     105.9    328.2
2018  6  8   159   21  1  0     53.92    0.6744E-01     102.5    327.5
2018  6  8   159   21  2  0     54.11    0.6587E-01     101.8    327.6
2018  6  8   159   21  3  0     54.29    0.6771E-01     108.0    328.1
2018  6  8   159   21  4  0     54.48    0.6738E-01     109.3    328.0
2018  6  8   159   21  5  0     54.67    0.6779E-01     112.2    328.0
2018  6  8   159   21  6  0     54.86    0.6286E-01     101.3    325.7
2018  6  8   159   21  7  0     55.05    0.6625E-01     112.7    327.3
2018  6  8   159   21  8  0     55.24    0.6683E-01     115.9    327.0
2018  6  8   159   21  9  0     55.43    0.6718E-01     119.5    327.3
2018  6  8   159   21 10  0     55.62    0.6659E-01     120.9    327.5
2018  6  8   159   21 11  0     55.81    0.6648E-01     122.8    327.3
2018  6  8   159   21 12  0     56.00    0.6645E-01     124.2    326.7
2018  6  8   159   21 13  0     56.19    0.6620E-01     125.0    326.0
2018  6  8   159   21 14  0     56.38    0.6456E-01     122.6    325.2
2018  6  8   159   21 15  0     56.57    0.6231E-01     119.1    324.5
2018  6  8   159   21 16  0     56.75    0.6050E-01     116.6    323.8
2018  6  8   159   21 17  0     56.94    0.5902E-01     114.9    323.0
2018  6  8   159   21 18  0     57.13    0.5749E-01     113.6    322.6
2018  6  8   159   21 19  0     57.32    0.5611E-01     112.6    322.2
2018  6  8   159   21 20  0     57.51    0.5001E-01      95.3    318.9
2018  6  8   159   21 21  0     57.70    0.5064E-01     101.3    320.0
2018  6  8   159   21 22  0     57.89    0.4670E-01      91.8    318.3
2018  6  8   159   21 23  0     58.08    0.4498E-01      88.7    316.7
2018  6  8   159   21 24  0     58.27    0.4148E-01      80.7    315.1
2018  6  8   159   21 25  0     58.46    0.3972E-01      78.2    314.5
2018  6  8   159   21 26  0     58.64    0.3826E-01      76.6    314.4
2018  6  8   159   21 27  0     58.83    0.3857E-01      81.8    316.3
2018  6  8   159   21 28  0     59.02    0.3640E-01      76.8    314.4
2018  6  8   159   21 29  0     59.21    0.3449E-01      73.1    313.6
2018  6  8   159   21 30  0     59.40    0.3335E-01      72.0    313.6
2018  6  8   159   21 31  0     59.59    0.3253E-01      72.0    313.5
2018  6  8   159   21 32  0     59.78    0.3186E-01      72.0    314.3
2018  6  8   159   21 33  0     59.97    0.3169E-01      73.8    314.5
2018  6  8   159   21 34  0     60.15    0.3191E-01      77.7    314.7
2018  6  8   159   21 35  0     60.34    0.3150E-01      77.5    314.1
2018  6  8   159   21 36  0     60.53    0.3080E-01      76.9    313.7
2018  6  8   159   21 37  0     60.72    0.3047E-01      77.6    314.3
2018  6  8   159   21 38  0     60.91    0.2974E-01      76.9    313.5
2018  6  8   159   21 39  0     61.10    0.2841E-01      74.7    312.1
2018  6  8   159   21 40  0     61.28    0.2698E-01      72.4    311.7
2018  6  8   159   21 41  0     61.47    0.2560E-01      70.1    311.4
2018  6  8   159   21 42  0     61.66    0.2414E-01      67.4    311.3
2018  6  8   159   21 43  0     61.85    0.2305E-01      65.8    311.0
2018  6  8   159   21 44  0     62.04    0.2237E-01      65.4    310.8
2018  6  8   159   21 45  0     62.22    0.2175E-01      65.0    310.4
2018  6  8   159   21 46  0     62.41    0.2108E-01      64.4    309.8
2018  6  8   159   21 47  0     62.60    0.2043E-01      64.0    309.7
2018  6  8   159   21 48  0     62.79    0.2007E-01      64.1    309.0
2018  6  8   159   21 49  0     62.97    0.2002E-01      65.3    308.7
2018  6  8   159   21 50  0     63.16    0.2028E-01      67.4    308.0
2018  6  8   159   21 51  0     63.35    0.2053E-01      69.6    307.7
2018  6  8   159   21 52  0     63.54    0.2068E-01      71.4    307.0
2018  6  8   159   21 53  0     63.72    0.2045E-01      71.9    306.6
2018  6  8   159   21 54  0     63.91    0.1983E-01      70.6    305.6
2018  6  8   159   21 55  0     64.10    0.1901E-01      68.8    304.6
2018  6  8   159   21 56  0     64.29    0.1825E-01      67.4    304.0
2018  6  8   159   21 57  0     64.47    0.1759E-01      66.4    303.6
2018  6  8   159   21 58  0     64.66    0.1693E-01      65.3    302.8
2018  6  8   159   21 59  0     64.85    0.1611E-01      63.5    302.2
2018  6  8   159   22  0  0     65.03    0.1511E-01      61.0    301.6
2018  6  8   159   22  1  0     65.22    0.1409E-01      58.6    301.3
2018  6  8   159   22  2  0     65.41    0.1312E-01      56.4    301.0
2018  6  8   159   22  3  0     65.59    0.1228E-01      54.8    300.9
2018  6  8   159   22  4  0     65.78    0.1169E-01      54.4    300.8
2018  6  8   159   22  5  0     65.97    0.1138E-01      55.2    301.2
2018  6  8   159   22  6  0     66.15    0.1137E-01      57.1    301.0
2018  6  8   159   22  7  0     66.34    0.1159E-01      60.9    301.9
2018  6  8   159   22  8  0     66.52    0.1268E-01      72.8    305.1
2018  6  8   159   22  9  0     66.71    0.1331E-01      77.4    304.4
2018  6  8   159   22 10  0     66.90    0.1342E-01      75.6    301.2
2018  6  8   159   22 11  0     67.08    0.1399E-01      80.1    300.4
2018  6  8   159   22 12  0     67.27    0.1463E-01      86.4    300.3
2018  6  8   159   22 13  0     67.45    0.1466E-01      85.3    298.1
2018  6  8   159   22 14  0     67.64    0.1482E-01      86.9    296.6
2018  6  8   159   22 15  0     67.82    0.1464E-01      85.2    294.8
2018  6  8   159   22 16  0     68.01    0.1439E-01      84.6    292.5
2018  6  8   159   22 17  0     68.20    0.1405E-01      83.8    291.4
2018  6  8   159   22 18  0     68.38    0.1362E-01      82.4    289.7
2018  6  8   159   22 19  0     68.57    0.1300E-01      80.1    288.9
2018  6  8   159   22 20  0     68.75    0.1244E-01      78.2    287.6
2018  6  8   159   22 21  0     68.94    0.1201E-01      77.1    286.1
2018  6  8   159   22 22  0     69.12    0.1163E-01      76.5    285.0
2018  6  8   159   22 23  0     69.30    0.1133E-01      76.6    284.2
2018  6  8   159   22 24  0     69.49    0.1107E-01      77.5    284.2
2018  6  8   159   22 25  0     69.67    0.1098E-01      82.3    285.6
2018  6  8   159   22 26  0     69.86    0.1087E-01      85.4    285.9
2018  6  8   159   22 27  0     70.04    0.1070E-01      86.6    285.3
2018  6  8   159   22 28  0     70.23    0.1056E-01      88.0    284.9
2018  6  8   159   22 29  0     70.41    0.1060E-01      91.8    284.7
2018  6  8   159   22 30  0     70.59    0.1062E-01      94.2    283.8
2018  6  8   159   22 31  0     70.78    0.1061E-01      95.2    282.4
2018  6  8   159   22 32  0     70.96    0.1051E-01      94.0    279.8
2018  6  8   159   22 33  0     71.15    0.1037E-01      93.7    277.9
2018  6  8   159   22 34  0     71.33    0.1018E-01      93.1    276.0
2018  6  8   159   22 35  0     71.51    0.9891E-02      91.4    274.2
2018  6  8   159   22 36  0     71.69    0.9573E-02      89.6    271.9
2018  6  8   159   22 37  0     71.88    0.9252E-02      88.2    269.8
2018  6  8   159   22 38  0     72.06    0.8931E-02      87.5    268.5
2018  6  8   159   22 39  0     72.24    0.8660E-02      87.4    267.0
2018  6  8   159   22 40  0     72.43    0.8401E-02      87.9    266.6
2018  6  8   159   22 41  0     72.61    0.8217E-02      88.5    265.1
2018  6  8   159   22 42  0     72.79    0.7999E-02      88.5    263.9
2018  6  8   159   22 43  0     72.97    0.7775E-02      87.7    261.9
2018  6  8   159   22 44  0     73.16    0.7525E-02      86.5    259.6
2018  6  8   159   22 45  0     73.34    0.7263E-02      85.2    257.6
2018  6  8   159   22 46  0     73.52    0.6976E-02      84.1    256.2
2018  6  8   159   22 47  0     73.70    0.6749E-02      83.3    253.8
2018  6  8   159   22 48  0     73.88    0.6490E-02      82.8    252.9
2018  6  8   159   22 49  0     74.06    0.6298E-02      82.6    249.2
2018  6  8   159   22 50  0     74.24    0.6103E-02      82.3    247.3
2018  6  8   159   22 51  0     74.43    0.5910E-02      82.0    245.4
2018  6  8   159   22 52  0     74.61    0.5672E-02      81.4    244.7
2018  6  8   159   22 53  0     74.79    0.5539E-02      81.0    240.8
2018  6  8   159   22 54  0     74.97    0.5362E-02      81.2    239.6
2018  6  8   159   22 55  0     75.15    0.5204E-02      81.1    237.0
2018  6  8   159   22 56  0     75.33    0.5010E-02      80.5    234.9
2018  6  8   159   22 57  0     75.51    0.4810E-02      79.3    231.6
2018  6  8   159   22 58  0     75.69    0.4590E-02      77.4    228.1
2018  6  8   159   22 59  0     75.87    0.4359E-02      75.9    225.0
2018  6  8   159   23  0  0     76.05    0.4121E-02      73.4    220.7
2018  6  8   159   23  1  0     76.23    0.3854E-02      69.7    216.2
2018  6  8   159   23  2  0     76.41    0.3567E-02      65.7    211.4
2018  6  8   159   23  3  0     76.59    0.3263E-02      61.6    206.5
2018  6  8   159   23  4  0     76.77    0.2995E-02      57.5    199.9
2018  6  8   159   23  5  0     76.95    0.2726E-02      53.2    194.2
2018  6  8   159   23  6  0     77.12    0.2538E-02      49.8    185.7
2018  6  8   159   23  7  0     77.30    0.2403E-02      47.7    180.2
2018  6  8   159   23  8  0     77.48    0.2335E-02      46.7    174.6
2018  6  8   159   23  9  0     77.66    0.2274E-02      46.6    171.5
2018  6  8   159   23 10  0     77.84    0.2220E-02      46.8    168.5
2018  6  8   159   23 11  0     78.02    0.2176E-02      46.7    165.0
2018  6  8   159   23 12  0     78.19    0.2103E-02      46.9    163.7
2018  6  8   159   23 13  0     78.37    0.2104E-02      47.7    160.4
2018  6  8   159   23 14  0     78.55    0.2092E-02      48.9    158.7
2018  6  8   159   23 15  0     78.73    0.2088E-02      50.6    157.7
2018  6  8   159   23 16  0     78.90    0.2101E-02      52.9    156.9
2018  6  8   159   23 17  0     79.08    0.2111E-02      55.4    155.5
2018  6  8   159   23 18  0     79.26    0.2114E-02      58.2    155.5
2018  6  8   159   23 19  0     79.43    0.2113E-02      61.4    155.9
2018  6  8   159   23 20  0     79.61    0.2139E-02      64.8    155.7
2018  6  8   159   23 21  0     79.79    0.2155E-02      68.0    155.3
2018  6  8   159   23 22  0     79.96    0.2175E-02      71.3    154.7
2018  6  8   159   23 23  0     80.14    0.2205E-02      74.2    152.0
2018  6  8   159   23 24  0     80.31    0.2198E-02      76.8    151.2
2018  6  8   159   23 25  0     80.49    0.2183E-02      79.0    149.8
2018  6  8   159   23 26  0     80.67    0.2193E-02      81.3    147.2
2018  6  8   159   23 27  0     80.84    0.2191E-02      83.9    145.1
2018  6  8   159   23 28  0     81.02    0.2176E-02      86.7    143.4
2018  6  8   159   23 29  0     81.19    0.2155E-02      88.9    141.7
2018  6  8   159   23 30  0     81.36    0.2136E-02      90.6    139.6
2018  6  8   159   23 31  0     81.54    0.2096E-02      92.1    138.2
2018  6  8   159   23 32  0     81.71    0.2059E-02      93.5    136.5
2018  6  8   159   23 33  0     81.89    0.2054E-02      94.4    133.0
2018  6  8   159   23 34  0     82.06    0.2031E-02      95.3    129.2
2018  6  8   159   23 35  0     82.23    0.1996E-02      96.2    126.8
2018  6  8   159   23 36  0     82.41    0.1957E-02      97.4    124.8
2018  6  8   159   23 37  0     82.58    0.1945E-02      99.3    122.2
2018  6  8   159   23 38  0     82.75    0.1953E-02     101.5    119.1
2018  6  8   159   23 39  0     82.93    0.1912E-02     103.6    117.9
2018  6  8   159   23 40  0     83.10    0.1928E-02     105.1    114.0
2018  6  8   159   23 41  0     83.27    0.1899E-02     106.0    111.8
2018  6  8   159   23 42  0     83.44    0.1859E-02     107.0    109.8
2018  6  8   159   23 43  0     83.62    0.1829E-02     107.6    107.2
2018  6  8   159   23 44  0     83.79    0.1801E-02     108.0    104.6
2018  6  8   159   23 45  0     83.96    0.1774E-02     108.2    101.9
2018  6  8   159   23 46  0     84.13    0.1740E-02     108.3     99.6
2018  6  8   159   23 47  0     84.30    0.1717E-02     108.4     96.4
2018  6  8   159   23 48  0     84.47    0.1702E-02     108.6     93.2
2018  6  8   159   23 49  0     84.64    0.1667E-02     109.2     90.9
2018  6  8   159   23 50  0     84.81    0.1661E-02     109.5     87.5
2018  6  8   159   23 51  0     84.98    0.1631E-02     109.7     85.0
2018  6  8   159   23 52  0     85.15    0.1611E-02     109.5     82.4
2018  6  8   159   23 53  0     85.32    0.1574E-02     109.4     80.5
2018  6  8   159   23 54  0     85.49    0.1566E-02     109.3     77.2
2018  6  8   159   23 55  0     85.66    0.1544E-02     109.4     74.4
2018  6  8   159   23 56  0     85.83    0.1524E-02     109.3     71.5
2018  6  8   159   23 57  0     86.00    0.1488E-02     109.2     69.2
2018  6  8   159   23 58  0     86.17    0.1488E-02     108.5     66.2
2018  6  8   159   23 59  0     86.34    0.1473E-02     107.8     63.6
