                            NILUUV 115

Uvpro Version 2.0
Latitude :   40.74 (North)
Longitude:  -74.03  (West)
Calibration file: cf100603a.115
Height above sea level:    40.0  m
CLT derived from channel 4
CLT scale factor used:   1.0
Ozone derived from channel pair ch3/ch1
Ozone scale factor used:   1.0
Drift factors ch1-ch6:   0.423  0.404  0.582  0.581  0.389  0.913
Ozone profile climatology: Mid  Latitude
Dose type:    CLW    Caldwell Plant 1971           

yyyy mm dd   jul   hh mm ss      SZA     dose rate       clt     Ozone
                              [degrees]   [W/m^2]        [%]     [DU]
2018  6 16   167    0  0  0     85.97    0.1492E-02     124.9     77.2
2018  6 16   167    0  1  0     86.14    0.1462E-02     124.6     74.3
2018  6 16   167    0  2  0     86.30    0.1473E-02     124.2     70.6
2018  6 16   167    0  3  0     86.47    0.1447E-02     124.1     68.4
2018  6 16   167    0  4  0     86.64    0.1425E-02     123.9     66.0
2018  6 16   167    0  5  0     86.81    0.1423E-02     123.6     63.0
2018  6 16   167    0  6  0     86.97    0.1385E-02     123.5     61.2
2018  6 16   167    0  7  0     87.14    0.1366E-02     122.8     58.8
2018  6 16   167    0  8  0     87.30    0.1353E-02     122.1     56.1
2018  6 16   167    0  9  0     87.47    0.1339E-02     121.1     53.4
2018  6 16   167    0 10  0     87.64    0.1315E-02     119.9     51.0
2018  6 16   167    0 11  0     87.80    0.1319E-02     119.0     47.9
2018  6 16   167    0 12  0     87.97    0.1294E-02     118.2     45.7
2018  6 16   167    0 13  0     88.13    0.1286E-02     117.2     43.5
2018  6 16   167    0 14  0     88.29    0.1269E-02     116.0     41.5
2018  6 16   167    0 15  0     88.46    0.1258E-02     114.9     39.4
2018  6 16   167    0 16  0     88.62    0.1247E-02     114.1     36.9
2018  6 16   167    0 17  0     88.79    0.1236E-02     113.7     34.6
2018  6 16   167    0 18  0     88.95    0.1226E-02     113.7     32.5
2018  6 16   167    0 19  0     89.11    0.1207E-02     112.7     30.7
2018  6 16   167    0 20  0     89.28    0.1205E-02     111.2     28.8
2018  6 16   167    0 21  0     89.44    0.1178E-02     110.2     27.4
2018  6 16   167    0 22  0     89.60    0.1189E-02     109.5     25.2
2018  6 16   167    0 23  0     89.76    0.1166E-02     109.2     23.8
2018  6 16   167    0 24  0     89.92    0.1157E-02     109.3     22.2
2018  6 16   167    9 31  0     89.84    0.1032E-02     107.0     25.2
2018  6 16   167    9 32  0     89.68    0.1050E-02     107.1     26.6
2018  6 16   167    9 33  0     89.52    0.1063E-02     107.5     28.3
2018  6 16   167    9 34  0     89.35    0.1064E-02     108.2     30.2
2018  6 16   167    9 35  0     89.19    0.1069E-02     109.1     32.1
2018  6 16   167    9 36  0     89.03    0.1068E-02     110.1     34.2
2018  6 16   167    9 37  0     88.86    0.1101E-02     110.3     35.7
2018  6 16   167    9 38  0     88.70    0.1100E-02     110.3     38.3
2018  6 16   167    9 39  0     88.54    0.1106E-02     110.6     40.7
2018  6 16   167    9 40  0     88.37    0.1141E-02     111.1     42.1
2018  6 16   167    9 41  0     88.21    0.1147E-02     111.7     44.3
2018  6 16   167    9 42  0     88.04    0.1168E-02     112.4     46.0
2018  6 16   167    9 43  0     87.88    0.1166E-02     112.6     48.7
2018  6 16   167    9 44  0     87.71    0.1167E-02     112.7     51.6
2018  6 16   167    9 45  0     87.55    0.1201E-02     112.9     53.3
2018  6 16   167    9 46  0     87.38    0.1211E-02     113.3     56.0
2018  6 16   167    9 47  0     87.22    0.1226E-02     113.7     58.5
2018  6 16   167    9 48  0     87.05    0.1222E-02     114.2     61.6
2018  6 16   167    9 49  0     86.88    0.1261E-02     114.3     63.2
2018  6 16   167    9 50  0     86.72    0.1252E-02     114.4     66.7
2018  6 16   167    9 51  0     86.55    0.1275E-02     114.5     69.0
2018  6 16   167    9 52  0     86.38    0.1299E-02     114.7     71.4
2018  6 16   167    9 53  0     86.22    0.1315E-02     114.9     74.2
2018  6 16   167    9 54  0     86.05    0.1335E-02     115.3     76.8
2018  6 16   167    9 55  0     85.88    0.1365E-02     115.4     79.5
2018  6 16   167    9 56  0     85.71    0.1362E-02     115.5     83.0
2018  6 16   167    9 57  0     85.55    0.1390E-02     115.6     85.4
2018  6 16   167    9 58  0     85.38    0.1404E-02     115.8     88.5
2018  6 16   167    9 59  0     85.21    0.1413E-02     116.0     91.9
2018  6 16   167   10  0  0     85.04    0.1447E-02     116.3     94.3
2018  6 16   167   10  1  0     84.87    0.1497E-02     116.3     96.9
2018  6 16   167   10  2  0     84.70    0.1530E-02     116.3     99.4
2018  6 16   167   10  3  0     84.53    0.1552E-02     116.2    102.3
2018  6 16   167   10  4  0     84.36    0.1564E-02     116.2    105.7
2018  6 16   167   10  5  0     84.19    0.1603E-02     116.2    108.2
2018  6 16   167   10  6  0     84.02    0.1639E-02     116.2    110.8
2018  6 16   167   10  7  0     83.85    0.1669E-02     116.2    114.0
2018  6 16   167   10  8  0     83.68    0.1709E-02     116.3    116.8
2018  6 16   167   10  9  0     83.51    0.1771E-02     116.4    118.9
2018  6 16   167   10 10  0     83.34    0.1793E-02     116.5    122.9
2018  6 16   167   10 11  0     83.16    0.1814E-02     116.6    127.0
2018  6 16   167   10 12  0     82.99    0.1877E-02     116.8    129.3
2018  6 16   167   10 13  0     82.82    0.1902E-02     116.7    133.9
2018  6 16   167   10 14  0     82.65    0.1964E-02     116.7    136.6
2018  6 16   167   10 15  0     82.48    0.2010E-02     116.8    140.2
2018  6 16   167   10 16  0     82.30    0.2048E-02     116.9    144.3
2018  6 16   167   10 17  0     82.13    0.2118E-02     117.0    146.7
2018  6 16   167   10 18  0     81.96    0.2180E-02     116.9    149.7
2018  6 16   167   10 19  0     81.79    0.2224E-02     116.7    154.4
2018  6 16   167   10 20  0     81.61    0.2297E-02     116.5    156.9
2018  6 16   167   10 21  0     81.44    0.2354E-02     116.5    160.4
2018  6 16   167   10 22  0     81.26    0.2428E-02     116.4    163.0
2018  6 16   167   10 23  0     81.09    0.2480E-02     116.5    167.0
2018  6 16   167   10 24  0     80.92    0.2564E-02     116.5    169.5
2018  6 16   167   10 25  0     80.74    0.2650E-02     116.4    172.2
2018  6 16   167   10 26  0     80.57    0.2723E-02     116.5    176.2
2018  6 16   167   10 27  0     80.39    0.2797E-02     116.4    179.2
2018  6 16   167   10 28  0     80.22    0.2886E-02     116.3    181.7
2018  6 16   167   10 29  0     80.04    0.2970E-02     116.3    184.6
2018  6 16   167   10 30  0     79.87    0.3056E-02     116.2    187.7
2018  6 16   167   10 31  0     79.69    0.3151E-02     116.2    190.5
2018  6 16   167   10 32  0     79.52    0.3278E-02     116.2    192.0
2018  6 16   167   10 33  0     79.34    0.3353E-02     116.3    196.1
2018  6 16   167   10 34  0     79.16    0.3462E-02     116.4    198.9
2018  6 16   167   10 35  0     78.99    0.3570E-02     116.5    201.6
2018  6 16   167   10 36  0     78.81    0.3686E-02     116.5    204.0
2018  6 16   167   10 37  0     78.64    0.3786E-02     116.3    207.0
2018  6 16   167   10 38  0     78.46    0.3900E-02     116.2    209.6
2018  6 16   167   10 39  0     78.28    0.4021E-02     116.1    212.2
2018  6 16   167   10 40  0     78.10    0.4166E-02     116.4    214.3
2018  6 16   167   10 41  0     77.93    0.4285E-02     116.6    217.8
2018  6 16   167   10 42  0     77.75    0.4452E-02     116.6    218.8
2018  6 16   167   10 43  0     77.57    0.4566E-02     116.5    222.1
2018  6 16   167   10 44  0     77.39    0.4698E-02     116.5    224.8
2018  6 16   167   10 45  0     77.22    0.4878E-02     116.4    225.6
2018  6 16   167   10 46  0     77.04    0.5027E-02     116.4    228.0
2018  6 16   167   10 47  0     76.86    0.5160E-02     116.5    232.2
2018  6 16   167   10 48  0     76.68    0.5333E-02     116.5    234.0
2018  6 16   167   10 49  0     76.50    0.5506E-02     116.6    235.8
2018  6 16   167   10 50  0     76.32    0.5678E-02     116.7    237.9
2018  6 16   167   10 51  0     76.15    0.5860E-02     116.8    239.5
2018  6 16   167   10 52  0     75.97    0.6040E-02     116.8    241.4
2018  6 16   167   10 53  0     75.79    0.6243E-02     116.8    242.9
2018  6 16   167   10 54  0     75.61    0.6419E-02     116.8    245.4
2018  6 16   167   10 55  0     75.43    0.6630E-02     117.0    246.9
2018  6 16   167   10 56  0     75.25    0.6838E-02     117.1    248.6
2018  6 16   167   10 57  0     75.07    0.7048E-02     117.1    250.2
2018  6 16   167   10 58  0     74.89    0.7269E-02     117.1    252.9
2018  6 16   167   10 59  0     74.71    0.7464E-02     117.0    255.2
2018  6 16   167   11  0  0     74.53    0.7737E-02     117.2    255.6
2018  6 16   167   11  1  0     74.35    0.7940E-02     117.2    257.8
2018  6 16   167   11  2  0     74.17    0.8189E-02     117.3    258.9
2018  6 16   167   11  3  0     73.99    0.8446E-02     117.4    260.1
2018  6 16   167   11  4  0     73.80    0.8667E-02     117.4    262.4
2018  6 16   167   11  5  0     73.62    0.8948E-02     117.5    263.2
2018  6 16   167   11  6  0     73.44    0.9209E-02     117.5    264.5
2018  6 16   167   11  7  0     73.26    0.9440E-02     116.6    265.8
2018  6 16   167   11  8  0     73.08    0.9697E-02     115.9    266.6
2018  6 16   167   11  9  0     72.90    0.1001E-01     116.4    267.6
2018  6 16   167   11 10  0     72.72    0.1034E-01     117.5    269.0
2018  6 16   167   11 11  0     72.53    0.1061E-01     117.6    271.2
2018  6 16   167   11 12  0     72.35    0.1091E-01     117.5    272.4
2018  6 16   167   11 13  0     72.17    0.1125E-01     117.6    272.9
2018  6 16   167   11 14  0     71.99    0.1158E-01     117.6    274.7
2018  6 16   167   11 15  0     71.81    0.1188E-01     117.5    276.2
2018  6 16   167   11 16  0     71.62    0.1224E-01     117.5    276.6
2018  6 16   167   11 17  0     71.44    0.1259E-01     117.5    277.3
2018  6 16   167   11 18  0     71.26    0.1292E-01     117.5    278.2
2018  6 16   167   11 19  0     71.07    0.1325E-01     117.5    279.5
2018  6 16   167   11 20  0     70.89    0.1363E-01     117.5    280.1
2018  6 16   167   11 21  0     70.71    0.1401E-01     117.5    280.9
2018  6 16   167   11 22  0     70.52    0.1438E-01     117.5    281.7
2018  6 16   167   11 23  0     70.34    0.1475E-01     117.5    282.8
2018  6 16   167   11 24  0     70.16    0.1518E-01     117.6    283.1
2018  6 16   167   11 25  0     69.97    0.1557E-01     117.6    284.1
2018  6 16   167   11 26  0     69.79    0.1600E-01     117.6    284.7
2018  6 16   167   11 27  0     69.61    0.1643E-01     117.7    285.4
2018  6 16   167   11 28  0     69.42    0.1688E-01     117.7    285.9
2018  6 16   167   11 29  0     69.24    0.1733E-01     117.9    286.8
2018  6 16   167   11 30  0     69.05    0.1779E-01     118.1    287.4
2018  6 16   167   11 31  0     68.87    0.1823E-01     118.1    288.3
2018  6 16   167   11 32  0     68.68    0.1873E-01     118.0    288.4
2018  6 16   167   11 33  0     68.50    0.1923E-01     118.1    288.9
2018  6 16   167   11 34  0     68.32    0.1971E-01     118.1    289.6
2018  6 16   167   11 35  0     68.13    0.2020E-01     118.1    290.4
2018  6 16   167   11 36  0     67.95    0.2075E-01     118.3    292.1
2018  6 16   167   11 37  0     67.76    0.2127E-01     118.4    291.5
2018  6 16   167   11 38  0     67.58    0.2178E-01     118.4    292.1
2018  6 16   167   11 39  0     67.39    0.2232E-01     118.3    292.6
2018  6 16   167   11 40  0     67.21    0.2284E-01     118.3    293.2
2018  6 16   167   11 41  0     67.02    0.2337E-01     118.3    293.7
2018  6 16   167   11 42  0     66.83    0.2395E-01     118.2    294.9
2018  6 16   167   11 43  0     66.65    0.2454E-01     118.2    295.4
2018  6 16   167   11 44  0     66.46    0.2512E-01     118.1    295.1
2018  6 16   167   11 45  0     66.28    0.2570E-01     118.1    295.7
2018  6 16   167   11 46  0     66.09    0.2632E-01     118.0    295.9
2018  6 16   167   11 47  0     65.91    0.2696E-01     117.9    296.7
2018  6 16   167   11 48  0     65.72    0.2756E-01     118.0    297.3
2018  6 16   167   11 49  0     65.53    0.2820E-01     118.1    297.6
2018  6 16   167   11 50  0     65.35    0.2884E-01     118.2    297.9
2018  6 16   167   11 51  0     65.16    0.2953E-01     118.4    297.9
2018  6 16   167   11 52  0     64.97    0.3021E-01     118.4    298.4
2018  6 16   167   11 53  0     64.79    0.3083E-01     118.3    298.9
2018  6 16   167   11 54  0     64.60    0.3154E-01     118.4    299.2
2018  6 16   167   11 55  0     64.41    0.3218E-01     118.1    299.5
2018  6 16   167   11 56  0     64.23    0.3292E-01     118.3    299.7
2018  6 16   167   11 57  0     64.04    0.3364E-01     118.3    300.0
2018  6 16   167   11 58  0     63.85    0.3435E-01     118.5    300.5
2018  6 16   167   11 59  0     63.67    0.3515E-01     118.6    300.9
2018  6 16   167   12  0  0     63.48    0.3593E-01     118.6    301.0
2018  6 16   167   12  1  0     63.29    0.3668E-01     118.7    301.3
2018  6 16   167   12  2  0     63.11    0.3746E-01     118.9    301.8
2018  6 16   167   12  3  0     62.92    0.3831E-01     119.1    302.1
2018  6 16   167   12  4  0     62.73    0.3913E-01     119.2    302.4
2018  6 16   167   12  5  0     62.54    0.3997E-01     119.3    302.7
2018  6 16   167   12  6  0     62.36    0.4081E-01     119.3    302.8
2018  6 16   167   12  7  0     62.17    0.4165E-01     119.5    303.1
2018  6 16   167   12  8  0     61.98    0.4247E-01     119.5    303.5
2018  6 16   167   12  9  0     61.79    0.4324E-01     119.5    304.0
2018  6 16   167   12 10  0     61.60    0.4413E-01     119.5    304.2
2018  6 16   167   12 11  0     61.42    0.4503E-01     119.6    304.4
2018  6 16   167   12 12  0     61.23    0.4589E-01     119.6    304.7
2018  6 16   167   12 13  0     61.04    0.4677E-01     119.7    305.0
2018  6 16   167   12 14  0     60.85    0.4771E-01     119.7    305.2
2018  6 16   167   12 15  0     60.66    0.4867E-01     119.7    305.3
2018  6 16   167   12 16  0     60.48    0.4959E-01     119.7    305.6
2018  6 16   167   12 17  0     60.29    0.5049E-01     119.7    306.0
2018  6 16   167   12 18  0     60.10    0.5142E-01     119.7    306.1
2018  6 16   167   12 19  0     59.91    0.5235E-01     119.7    306.4
2018  6 16   167   12 20  0     59.72    0.5330E-01     119.7    306.6
2018  6 16   167   12 21  0     59.54    0.5436E-01     119.7    306.7
2018  6 16   167   12 22  0     59.35    0.5550E-01     119.8    306.7
2018  6 16   167   12 23  0     59.16    0.5653E-01     119.8    306.8
2018  6 16   167   12 24  0     58.97    0.5754E-01     119.8    306.9
2018  6 16   167   12 25  0     58.78    0.5857E-01     119.8    307.2
2018  6 16   167   12 26  0     58.59    0.5958E-01     119.8    307.5
2018  6 16   167   12 27  0     58.40    0.6068E-01     119.8    307.6
2018  6 16   167   12 28  0     58.21    0.6176E-01     119.8    307.7
2018  6 16   167   12 29  0     58.03    0.6288E-01     119.8    307.8
2018  6 16   167   12 30  0     57.84    0.6399E-01     119.9    308.0
2018  6 16   167   12 31  0     57.65    0.6511E-01     119.9    308.1
2018  6 16   167   12 32  0     57.46    0.6625E-01     119.9    308.2
2018  6 16   167   12 33  0     57.27    0.6734E-01     119.8    308.5
2018  6 16   167   12 34  0     57.08    0.6851E-01     119.8    308.4
2018  6 16   167   12 35  0     56.89    0.6950E-01     119.5    308.6
2018  6 16   167   12 36  0     56.70    0.7091E-01     120.1    308.8
2018  6 16   167   12 37  0     56.51    0.7211E-01     120.0    309.0
2018  6 16   167   12 38  0     56.33    0.7329E-01     119.9    308.9
2018  6 16   167   12 39  0     56.14    0.7459E-01     120.1    309.0
2018  6 16   167   12 40  0     55.95    0.7578E-01     120.1    309.2
2018  6 16   167   12 41  0     55.76    0.7690E-01     119.8    309.3
2018  6 16   167   12 42  0     55.57    0.7826E-01     119.9    309.3
2018  6 16   167   12 43  0     55.38    0.7971E-01     120.4    309.5
2018  6 16   167   12 44  0     55.19    0.8101E-01     120.5    309.8
2018  6 16   167   12 45  0     55.00    0.8233E-01     120.6    309.9
2018  6 16   167   12 46  0     54.81    0.8372E-01     120.6    309.8
2018  6 16   167   12 47  0     54.62    0.8517E-01     120.7    309.8
2018  6 16   167   12 48  0     54.43    0.8659E-01     120.6    309.6
2018  6 16   167   12 49  0     54.24    0.8796E-01     120.6    309.7
2018  6 16   167   12 50  0     54.05    0.8931E-01     120.8    309.9
2018  6 16   167   12 51  0     53.86    0.9074E-01     121.0    310.1
2018  6 16   167   12 52  0     53.68    0.9218E-01     120.9    310.1
2018  6 16   167   12 53  0     53.49    0.9376E-01     121.1    310.0
2018  6 16   167   12 54  0     53.30    0.9529E-01     121.2    310.0
2018  6 16   167   12 55  0     53.11    0.9674E-01     121.1    309.9
2018  6 16   167   12 56  0     52.92    0.9812E-01     121.1    310.0
2018  6 16   167   12 57  0     52.73    0.9956E-01     121.1    310.0
2018  6 16   167   12 58  0     52.54    0.1010E+00     120.9    310.1
2018  6 16   167   12 59  0     52.35    0.1014E+00     119.5    310.2
2018  6 16   167   13  0  0     52.16    0.1042E+00     121.5    310.4
2018  6 16   167   13  1  0     51.97    0.1058E+00     121.6    310.3
2018  6 16   167   13  2  0     51.78    0.1075E+00     121.6    310.2
2018  6 16   167   13  3  0     51.59    0.1092E+00     121.7    310.2
2018  6 16   167   13  4  0     51.40    0.1105E+00     121.5    310.3
2018  6 16   167   13  5  0     51.21    0.1118E+00     121.2    310.3
2018  6 16   167   13  6  0     51.02    0.1132E+00     121.0    310.2
2018  6 16   167   13  7  0     50.83    0.1148E+00     120.9    310.2
2018  6 16   167   13  8  0     50.65    0.1163E+00     120.9    310.4
2018  6 16   167   13  9  0     50.46    0.1170E+00     119.9    310.4
2018  6 16   167   13 10  0     50.27    0.1183E+00     119.6    310.4
2018  6 16   167   13 11  0     50.08    0.1203E+00     120.1    310.5
2018  6 16   167   13 12  0     49.89    0.1227E+00     121.1    310.5
2018  6 16   167   13 13  0     49.70    0.1246E+00     121.3    310.5
2018  6 16   167   13 14  0     49.51    0.1266E+00     121.9    310.7
2018  6 16   167   13 15  0     49.32    0.1275E+00     120.8    310.7
2018  6 16   167   13 16  0     49.13    0.1289E+00     120.7    310.8
2018  6 16   167   13 17  0     48.94    0.1316E+00     121.9    310.8
2018  6 16   167   13 18  0     48.75    0.1336E+00     122.2    310.9
2018  6 16   167   13 19  0     48.56    0.1353E+00     122.3    310.9
2018  6 16   167   13 20  0     48.37    0.1369E+00     122.3    311.1
2018  6 16   167   13 21  0     48.19    0.1385E+00     122.2    311.2
2018  6 16   167   13 22  0     48.00    0.1401E+00     122.2    311.3
2018  6 16   167   13 23  0     47.81    0.1418E+00     122.2    311.5
2018  6 16   167   13 24  0     47.62    0.1434E+00     122.2    311.5
2018  6 16   167   13 25  0     47.43    0.1453E+00     122.3    311.4
2018  6 16   167   13 26  0     47.24    0.1472E+00     122.4    311.4
2018  6 16   167   13 27  0     47.05    0.1491E+00     122.6    311.5
2018  6 16   167   13 28  0     46.86    0.1509E+00     122.7    311.7
2018  6 16   167   13 29  0     46.68    0.1527E+00     122.8    311.8
2018  6 16   167   13 30  0     46.49    0.1546E+00     122.7    311.6
2018  6 16   167   13 31  0     46.30    0.1563E+00     122.7    311.7
2018  6 16   167   13 32  0     46.11    0.1579E+00     122.7    312.0
2018  6 16   167   13 33  0     45.92    0.1598E+00     122.8    312.0
2018  6 16   167   13 34  0     45.73    0.1618E+00     123.0    312.0
2018  6 16   167   13 35  0     45.55    0.1637E+00     123.0    312.0
2018  6 16   167   13 36  0     45.36    0.1656E+00     123.0    311.9
2018  6 16   167   13 37  0     45.17    0.1675E+00     123.0    311.9
2018  6 16   167   13 38  0     44.98    0.1692E+00     123.0    312.0
2018  6 16   167   13 39  0     44.79    0.1710E+00     123.1    312.1
2018  6 16   167   13 40  0     44.60    0.1729E+00     123.1    312.1
2018  6 16   167   13 41  0     44.42    0.1747E+00     123.0    312.2
2018  6 16   167   13 42  0     44.23    0.1768E+00     123.3    312.3
2018  6 16   167   13 43  0     44.04    0.1787E+00     123.2    312.2
2018  6 16   167   13 44  0     43.85    0.1804E+00     123.2    312.4
2018  6 16   167   13 45  0     43.67    0.1820E+00     123.2    312.6
2018  6 16   167   13 46  0     43.48    0.1838E+00     123.2    312.7
2018  6 16   167   13 47  0     43.29    0.1862E+00     123.6    312.6
2018  6 16   167   13 48  0     43.10    0.1880E+00     123.4    312.6
2018  6 16   167   13 49  0     42.92    0.1899E+00     123.3    312.5
2018  6 16   167   13 50  0     42.73    0.1919E+00     123.5    312.6
2018  6 16   167   13 51  0     42.54    0.1933E+00     123.5    313.1
2018  6 16   167   13 52  0     42.36    0.1953E+00     123.7    313.2
2018  6 16   167   13 53  0     42.17    0.1973E+00     123.8    313.2
2018  6 16   167   13 54  0     41.98    0.1991E+00     123.5    313.0
2018  6 16   167   13 55  0     41.80    0.2013E+00     123.5    312.9
2018  6 16   167   13 56  0     41.61    0.2035E+00     123.9    313.1
2018  6 16   167   13 57  0     41.43    0.2055E+00     123.9    313.1
2018  6 16   167   13 58  0     41.24    0.2074E+00     124.0    313.2
2018  6 16   167   13 59  0     41.05    0.2096E+00     124.1    313.1
2018  6 16   167   14  0  0     40.87    0.2114E+00     124.1    313.2
2018  6 16   167   14  1  0     40.68    0.2136E+00     124.3    313.4
2018  6 16   167   14  2  0     40.50    0.2154E+00     124.3    313.4
2018  6 16   167   14  3  0     40.31    0.2174E+00     124.3    313.4
2018  6 16   167   14  4  0     40.13    0.2190E+00     124.2    313.5
2018  6 16   167   14  5  0     39.94    0.2206E+00     123.9    313.5
2018  6 16   167   14  6  0     39.76    0.2223E+00     123.9    313.7
2018  6 16   167   14  7  0     39.57    0.2246E+00     124.2    313.8
2018  6 16   167   14  8  0     39.39    0.2264E+00     124.2    313.9
2018  6 16   167   14  9  0     39.20    0.2280E+00     124.2    314.2
2018  6 16   167   14 10  0     39.02    0.2296E+00     124.2    314.4
2018  6 16   167   14 11  0     38.83    0.2315E+00     124.3    314.5
2018  6 16   167   14 12  0     38.65    0.2339E+00     124.5    314.5
2018  6 16   167   14 13  0     38.47    0.2360E+00     124.5    314.4
2018  6 16   167   14 14  0     38.28    0.2377E+00     124.3    314.4
2018  6 16   167   14 15  0     38.10    0.2398E+00     124.3    314.4
2018  6 16   167   14 16  0     37.91    0.2423E+00     124.7    314.4
2018  6 16   167   14 17  0     37.73    0.2446E+00     125.0    314.5
2018  6 16   167   14 18  0     37.55    0.2465E+00     124.9    314.4
2018  6 16   167   14 19  0     37.37    0.2484E+00     124.9    314.6
2018  6 16   167   14 20  0     37.18    0.2503E+00     125.0    314.8
2018  6 16   167   14 21  0     37.00    0.2519E+00     124.9    314.9
2018  6 16   167   14 22  0     36.82    0.2540E+00     125.0    315.0
2018  6 16   167   14 23  0     36.64    0.2562E+00     125.2    315.0
2018  6 16   167   14 24  0     36.46    0.2589E+00     125.6    315.0
2018  6 16   167   14 25  0     36.27    0.2608E+00     125.7    315.2
2018  6 16   167   14 26  0     36.09    0.2629E+00     125.8    315.3
2018  6 16   167   14 27  0     35.91    0.2646E+00     125.6    315.2
2018  6 16   167   14 28  0     35.73    0.2658E+00     125.1    315.1
2018  6 16   167   14 29  0     35.55    0.2661E+00     124.3    315.2
2018  6 16   167   14 30  0     35.37    0.2686E+00     124.7    315.3
2018  6 16   167   14 31  0     35.19    0.2705E+00     124.7    315.3
2018  6 16   167   14 32  0     35.01    0.2731E+00     125.0    315.3
2018  6 16   167   14 33  0     34.83    0.2758E+00     125.4    315.3
2018  6 16   167   14 34  0     34.65    0.2777E+00     125.4    315.3
2018  6 16   167   14 35  0     34.47    0.2803E+00     125.7    315.3
2018  6 16   167   14 36  0     34.29    0.2827E+00     125.9    315.3
2018  6 16   167   14 37  0     34.12    0.2844E+00     125.9    315.4
2018  6 16   167   14 38  0     33.94    0.2860E+00     125.7    315.4
2018  6 16   167   14 39  0     33.76    0.2880E+00     125.8    315.5
2018  6 16   167   14 40  0     33.58    0.2896E+00     125.7    315.5
2018  6 16   167   14 41  0     33.41    0.2901E+00     125.1    315.6
2018  6 16   167   14 42  0     33.23    0.2934E+00     125.7    315.5
2018  6 16   167   14 43  0     33.05    0.2957E+00     125.9    315.6
2018  6 16   167   14 44  0     32.88    0.2967E+00     125.5    315.6
2018  6 16   167   14 45  0     32.70    0.2972E+00     124.9    315.5
2018  6 16   167   14 46  0     32.52    0.3008E+00     125.6    315.5
2018  6 16   167   14 47  0     32.35    0.3044E+00     126.4    315.5
2018  6 16   167   14 48  0     32.17    0.3061E+00     126.4    315.6
2018  6 16   167   14 49  0     32.00    0.3075E+00     126.3    315.8
2018  6 16   167   14 50  0     31.83    0.3090E+00     126.1    315.7
2018  6 16   167   14 51  0     31.65    0.3114E+00     126.2    315.6
2018  6 16   167   14 52  0     31.48    0.3134E+00     126.3    315.6
2018  6 16   167   14 53  0     31.31    0.3154E+00     126.6    315.9
2018  6 16   167   14 54  0     31.13    0.3167E+00     126.3    315.9
2018  6 16   167   14 55  0     30.96    0.3180E+00     125.9    315.7
2018  6 16   167   14 56  0     30.79    0.3224E+00     126.9    315.4
2018  6 16   167   14 57  0     30.62    0.3227E+00     126.4    315.7
2018  6 16   167   14 58  0     30.45    0.3229E+00     125.8    315.9
2018  6 16   167   14 59  0     30.28    0.3246E+00     125.6    315.6
2018  6 16   167   15  0  0     30.11    0.3252E+00     125.0    315.5
2018  6 16   167   15  1  0     29.94    0.3256E+00     124.5    315.5
2018  6 16   167   15  2  0     29.77    0.3294E+00     125.4    315.6
2018  6 16   167   15  3  0     29.60    0.3353E+00     127.2    315.7
2018  6 16   167   15  4  0     29.43    0.3374E+00     127.3    315.8
2018  6 16   167   15  5  0     29.26    0.3398E+00     127.4    315.5
2018  6 16   167   15  6  0     29.10    0.3418E+00     127.4    315.3
2018  6 16   167   15  7  0     28.93    0.3434E+00     127.3    315.3
2018  6 16   167   15  8  0     28.76    0.3441E+00     127.0    315.5
2018  6 16   167   15  9  0     28.60    0.3447E+00     126.7    315.7
2018  6 16   167   15 10  0     28.43    0.3457E+00     126.5    315.9
2018  6 16   167   15 11  0     28.27    0.3465E+00     126.2    316.0
2018  6 16   167   15 12  0     28.10    0.3470E+00     125.7    315.9
2018  6 16   167   15 13  0     27.94    0.3476E+00     125.1    315.7
2018  6 16   167   15 14  0     27.78    0.3485E+00     125.0    315.9
2018  6 16   167   15 15  0     27.61    0.3497E+00     124.8    315.9
2018  6 16   167   15 16  0     27.45    0.3522E+00     125.4    316.1
2018  6 16   167   15 17  0     27.29    0.3554E+00     125.9    316.1
2018  6 16   167   15 18  0     27.13    0.3585E+00     126.3    315.8
2018  6 16   167   15 19  0     26.97    0.3603E+00     126.3    315.7
2018  6 16   167   15 20  0     26.81    0.3617E+00     126.3    315.8
2018  6 16   167   15 21  0     26.65    0.3618E+00     125.7    315.9
2018  6 16   167   15 22  0     26.49    0.3630E+00     125.6    316.0
2018  6 16   167   15 23  0     26.34    0.3633E+00     125.1    315.9
2018  6 16   167   15 24  0     26.18    0.3662E+00     125.5    315.8
2018  6 16   167   15 25  0     26.03    0.3688E+00     126.0    315.9
2018  6 16   167   15 26  0     25.87    0.3700E+00     125.9    316.0
2018  6 16   167   15 27  0     25.72    0.3716E+00     126.0    316.1
2018  6 16   167   15 28  0     25.56    0.3719E+00     125.6    316.1
2018  6 16   167   15 29  0     25.41    0.3724E+00     125.1    316.0
2018  6 16   167   15 30  0     25.26    0.3733E+00     125.1    316.2
2018  6 16   167   15 31  0     25.11    0.3744E+00     125.1    316.3
2018  6 16   167   15 32  0     24.96    0.3765E+00     125.5    316.5
2018  6 16   167   15 33  0     24.81    0.3813E+00     126.8    316.6
2018  6 16   167   15 34  0     24.66    0.3834E+00     127.1    316.6
2018  6 16   167   15 35  0     24.51    0.3846E+00     127.0    316.7
2018  6 16   167   15 36  0     24.36    0.3854E+00     126.7    316.5
2018  6 16   167   15 37  0     24.22    0.3889E+00     127.3    316.4
2018  6 16   167   15 38  0     24.07    0.3902E+00     127.2    316.2
2018  6 16   167   15 39  0     23.93    0.3892E+00     126.5    316.4
2018  6 16   167   15 40  0     23.78    0.3893E+00     126.3    316.7
2018  6 16   167   15 41  0     23.64    0.3829E+00     123.4    316.7
2018  6 16   167   15 42  0     23.50    0.3918E+00     126.5    317.1
2018  6 16   167   15 43  0     23.36    0.3937E+00     126.9    317.2
2018  6 16   167   15 44  0     23.22    0.3952E+00     127.0    317.4
2018  6 16   167   15 45  0     23.08    0.3962E+00     126.9    317.3
2018  6 16   167   15 46  0     22.94    0.3969E+00     126.7    317.4
2018  6 16   167   15 47  0     22.81    0.3968E+00     126.5    317.7
2018  6 16   167   15 48  0     22.67    0.3967E+00     126.2    317.9
2018  6 16   167   15 49  0     22.54    0.3975E+00     126.1    317.9
2018  6 16   167   15 50  0     22.41    0.3998E+00     126.3    317.8
2018  6 16   167   15 51  0     22.28    0.4017E+00     126.6    317.9
2018  6 16   167   15 52  0     22.15    0.4062E+00     127.6    317.8
2018  6 16   167   15 53  0     22.02    0.4064E+00     127.3    317.7
2018  6 16   167   15 54  0     21.89    0.4089E+00     127.5    317.5
2018  6 16   167   15 55  0     21.76    0.4112E+00     127.9    317.5
2018  6 16   167   15 56  0     21.64    0.4110E+00     127.6    317.6
2018  6 16   167   15 57  0     21.51    0.4098E+00     126.9    317.8
2018  6 16   167   15 58  0     21.39    0.4112E+00     127.0    317.9
2018  6 16   167   15 59  0     21.27    0.4115E+00     126.7    317.8
2018  6 16   167   16  0  0     21.15    0.4141E+00     127.3    317.7
2018  6 16   167   16  1  0     21.03    0.4155E+00     127.3    317.6
2018  6 16   167   16  2  0     20.91    0.4154E+00     127.0    317.7
2018  6 16   167   16  3  0     20.80    0.4162E+00     127.0    317.8
2018  6 16   167   16  4  0     20.68    0.4181E+00     127.4    317.9
2018  6 16   167   16  5  0     20.57    0.4191E+00     127.4    317.9
2018  6 16   167   16  6  0     20.46    0.4215E+00     127.9    318.0
2018  6 16   167   16  7  0     20.35    0.4228E+00     128.1    318.0
2018  6 16   167   16  8  0     20.24    0.4230E+00     127.9    318.1
2018  6 16   167   16  9  0     20.13    0.4232E+00     127.6    318.0
2018  6 16   167   16 10  0     20.03    0.4232E+00     127.3    318.0
2018  6 16   167   16 11  0     19.92    0.4247E+00     127.5    318.0
2018  6 16   167   16 12  0     19.82    0.4241E+00     127.0    318.0
2018  6 16   167   16 13  0     19.72    0.4232E+00     126.5    318.0
2018  6 16   167   16 14  0     19.62    0.4242E+00     126.3    317.8
2018  6 16   167   16 15  0     19.53    0.4243E+00     126.1    317.8
2018  6 16   167   16 16  0     19.43    0.4252E+00     126.2    317.9
2018  6 16   167   16 17  0     19.34    0.4259E+00     126.3    318.0
2018  6 16   167   16 18  0     19.25    0.4269E+00     126.3    317.9
2018  6 16   167   16 19  0     19.16    0.4269E+00     126.2    318.0
2018  6 16   167   16 20  0     19.07    0.4281E+00     126.3    318.0
2018  6 16   167   16 21  0     18.99    0.4299E+00     126.5    317.8
2018  6 16   167   16 22  0     18.90    0.4319E+00     126.7    317.5
2018  6 16   167   16 23  0     18.82    0.4320E+00     126.6    317.5
2018  6 16   167   16 24  0     18.74    0.4331E+00     126.9    317.8
2018  6 16   167   16 25  0     18.66    0.4342E+00     127.1    317.8
2018  6 16   167   16 26  0     18.59    0.4344E+00     126.6    317.3
2018  6 16   167   16 27  0     18.52    0.4361E+00     126.7    316.9
2018  6 16   167   16 28  0     18.44    0.4364E+00     126.8    317.1
2018  6 16   167   16 29  0     18.37    0.4352E+00     126.7    317.8
2018  6 16   167   16 30  0     18.31    0.4377E+00     127.5    318.0
2018  6 16   167   16 31  0     18.24    0.4394E+00     127.8    317.8
2018  6 16   167   16 32  0     18.18    0.4409E+00     127.9    317.5
2018  6 16   167   16 33  0     18.12    0.4427E+00     128.2    317.4
2018  6 16   167   16 34  0     18.06    0.4432E+00     128.4    317.6
2018  6 16   167   16 35  0     18.01    0.4422E+00     128.1    317.8
2018  6 16   167   16 36  0     17.95    0.4421E+00     127.9    317.8
2018  6 16   167   16 37  0     17.90    0.4419E+00     127.6    317.6
2018  6 16   167   16 38  0     17.85    0.4421E+00     127.6    317.6
2018  6 16   167   16 39  0     17.80    0.4394E+00     126.8    317.9
2018  6 16   167   16 40  0     17.76    0.4364E+00     125.9    318.1
2018  6 16   167   16 41  0     17.72    0.4401E+00     127.0    318.1
2018  6 16   167   16 42  0     17.68    0.4414E+00     127.2    317.9
2018  6 16   167   16 43  0     17.64    0.4414E+00     127.1    317.8
2018  6 16   167   16 44  0     17.61    0.4414E+00     127.0    317.9
2018  6 16   167   16 45  0     17.57    0.4404E+00     126.8    318.1
2018  6 16   167   16 46  0     17.54    0.4389E+00     126.3    318.1
2018  6 16   167   16 47  0     17.52    0.4372E+00     125.6    318.0
2018  6 16   167   16 48  0     17.49    0.4406E+00     126.4    317.7
2018  6 16   167   16 49  0     17.47    0.4398E+00     126.1    317.6
2018  6 16   167   16 50  0     17.45    0.4382E+00     125.6    317.8
2018  6 16   167   16 51  0     17.43    0.4395E+00     126.1    318.0
2018  6 16   167   16 52  0     17.42    0.4429E+00     127.0    317.8
2018  6 16   167   16 53  0     17.40    0.4435E+00     126.9    317.5
2018  6 16   167   16 54  0     17.39    0.4446E+00     127.2    317.4
2018  6 16   167   16 55  0     17.39    0.4457E+00     127.3    317.2
2018  6 16   167   16 56  0     17.38    0.4432E+00     126.6    317.2
2018  6 16   167   16 57  0     17.38    0.4442E+00     127.0    317.4
2018  6 16   167   16 58  0     17.38    0.4435E+00     126.8    317.4
2018  6 16   167   16 59  0     17.38    0.4460E+00     127.3    317.1
2018  6 16   167   17  0  0     17.39    0.4475E+00     127.7    317.0
2018  6 16   167   17  1  0     17.40    0.4479E+00     128.0    317.3
2018  6 16   167   17  2  0     17.41    0.4470E+00     127.9    317.4
2018  6 16   167   17  3  0     17.42    0.4465E+00     127.6    317.3
2018  6 16   167   17  4  0     17.44    0.4475E+00     127.7    316.9
2018  6 16   167   17  5  0     17.45    0.4482E+00     128.0    316.9
2018  6 16   167   17  6  0     17.47    0.4469E+00     127.8    317.1
2018  6 16   167   17  7  0     17.50    0.4458E+00     127.7    317.4
2018  6 16   167   17  8  0     17.52    0.4462E+00     127.8    317.2
2018  6 16   167   17  9  0     17.55    0.4461E+00     127.7    316.9
2018  6 16   167   17 10  0     17.58    0.4448E+00     127.3    316.8
2018  6 16   167   17 11  0     17.61    0.4425E+00     126.7    316.9
2018  6 16   167   17 12  0     17.65    0.4422E+00     126.7    316.9
2018  6 16   167   17 13  0     17.69    0.4422E+00     126.8    316.9
2018  6 16   167   17 14  0     17.73    0.4414E+00     126.7    316.9
2018  6 16   167   17 15  0     17.77    0.4422E+00     127.0    317.0
2018  6 16   167   17 16  0     17.81    0.4411E+00     126.7    317.0
2018  6 16   167   17 17  0     17.86    0.4417E+00     127.0    316.9
2018  6 16   167   17 18  0     17.91    0.4433E+00     127.6    316.8
2018  6 16   167   17 19  0     17.96    0.4430E+00     127.7    316.9
2018  6 16   167   17 20  0     18.02    0.4421E+00     127.6    316.9
2018  6 16   167   17 21  0     18.07    0.4436E+00     127.9    316.6
2018  6 16   167   17 22  0     18.13    0.4456E+00     128.4    316.1
2018  6 16   167   17 23  0     18.19    0.4455E+00     128.4    316.1
2018  6 16   167   17 24  0     18.26    0.4444E+00     128.4    316.3
2018  6 16   167   17 25  0     18.32    0.4437E+00     128.5    316.5
2018  6 16   167   17 26  0     18.39    0.4442E+00     128.6    316.2
2018  6 16   167   17 27  0     18.46    0.4444E+00     128.7    315.9
2018  6 16   167   17 28  0     18.53    0.4422E+00     128.3    316.1
2018  6 16   167   17 29  0     18.61    0.4406E+00     128.2    316.4
2018  6 16   167   17 30  0     18.68    0.4398E+00     128.2    316.5
2018  6 16   167   17 31  0     18.76    0.4402E+00     128.3    316.1
2018  6 16   167   17 32  0     18.84    0.4398E+00     128.3    316.0
2018  6 16   167   17 33  0     18.92    0.4381E+00     128.2    316.4
2018  6 16   167   17 34  0     19.01    0.4367E+00     128.1    316.6
2018  6 16   167   17 35  0     19.09    0.4346E+00     127.9    316.8
2018  6 16   167   17 36  0     19.18    0.4053E+00     117.9    316.5
2018  6 16   167   17 37  0     19.27    0.4379E+00     129.7    316.9
2018  6 16   167   17 38  0     19.36    0.4392E+00     130.5    317.1
2018  6 16   167   17 39  0     19.45    0.4350E+00     129.4    317.3
2018  6 16   167   17 40  0     19.55    0.4335E+00     129.1    317.1
2018  6 16   167   17 41  0     19.65    0.4326E+00     128.8    316.9
2018  6 16   167   17 42  0     19.74    0.4306E+00     128.4    316.9
2018  6 16   167   17 43  0     19.84    0.4288E+00     128.3    317.1
2018  6 16   167   17 44  0     19.95    0.4286E+00     128.4    317.0
2018  6 16   167   17 45  0     20.05    0.4304E+00     129.2    316.9
2018  6 16   167   17 46  0     20.16    0.4299E+00     129.4    317.0
2018  6 16   167   17 47  0     20.26    0.4219E+00     127.0    317.1
2018  6 16   167   17 48  0     20.37    0.4109E+00     123.7    317.2
2018  6 16   167   17 49  0     20.48    0.3791E+00     113.5    317.7
2018  6 16   167   17 50  0     20.59    0.3959E+00     119.9    317.8
2018  6 16   167   17 51  0     20.71    0.3971E+00     120.4    317.7
2018  6 16   167   17 52  0     20.82    0.4319E+00     132.7    317.3
2018  6 16   167   17 53  0     20.94    0.4285E+00     131.6    317.1
2018  6 16   167   17 54  0     21.06    0.4265E+00     131.1    317.0
2018  6 16   167   17 55  0     21.17    0.4151E+00     127.1    316.6
2018  6 16   167   17 56  0     21.29    0.4090E+00     125.9    317.3
2018  6 16   167   17 57  0     21.42    0.4148E+00     128.4    317.3
2018  6 16   167   17 58  0     21.54    0.4171E+00     129.7    317.4
2018  6 16   167   17 59  0     21.66    0.4160E+00     129.7    317.3
2018  6 16   167   18  0  0     21.79    0.4143E+00     129.3    317.2
2018  6 16   167   18  1  0     21.92    0.4148E+00     130.0    317.3
2018  6 16   167   18  2  0     22.05    0.4168E+00     131.3    317.5
2018  6 16   167   18  3  0     22.17    0.4115E+00     129.8    317.6
2018  6 16   167   18  4  0     22.31    0.4159E+00     131.7    317.4
2018  6 16   167   18  5  0     22.44    0.4141E+00     131.3    317.2
2018  6 16   167   18  6  0     22.57    0.4151E+00     132.0    316.9
2018  6 16   167   18  7  0     22.70    0.4120E+00     131.4    317.0
2018  6 16   167   18  8  0     22.84    0.4099E+00     131.1    317.0
2018  6 16   167   18  9  0     22.98    0.4085E+00     130.8    316.8
2018  6 16   167   18 10  0     23.11    0.4071E+00     130.5    316.3
2018  6 16   167   18 11  0     23.25    0.4071E+00     130.8    316.1
2018  6 16   167   18 12  0     23.39    0.4071E+00     131.1    315.9
2018  6 16   167   18 13  0     23.53    0.4066E+00     131.4    315.9
2018  6 16   167   18 14  0     23.67    0.4059E+00     131.4    315.7
2018  6 16   167   18 15  0     23.82    0.4036E+00     130.9    315.3
2018  6 16   167   18 16  0     23.96    0.4015E+00     130.6    315.3
2018  6 16   167   18 17  0     24.10    0.3983E+00     130.1    315.6
2018  6 16   167   18 18  0     24.25    0.3974E+00     130.3    315.6
2018  6 16   167   18 19  0     24.40    0.3969E+00     130.4    315.3
2018  6 16   167   18 20  0     24.54    0.3963E+00     130.5    315.0
2018  6 16   167   18 21  0     24.69    0.3945E+00     130.4    315.0
2018  6 16   167   18 22  0     24.84    0.3923E+00     130.3    315.2
2018  6 16   167   18 23  0     24.99    0.3897E+00     130.0    315.3
2018  6 16   167   18 24  0     25.14    0.3883E+00     130.0    315.2
2018  6 16   167   18 25  0     25.29    0.3864E+00     130.0    315.3
2018  6 16   167   18 26  0     25.44    0.3851E+00     130.0    315.3
2018  6 16   167   18 27  0     25.60    0.3836E+00     130.1    315.4
2018  6 16   167   18 28  0     25.75    0.3815E+00     129.9    315.5
2018  6 16   167   18 29  0     25.91    0.3784E+00     129.4    315.5
2018  6 16   167   18 30  0     26.06    0.3766E+00     129.2    315.5
2018  6 16   167   18 31  0     26.22    0.3755E+00     129.4    315.4
2018  6 16   167   18 32  0     26.37    0.3746E+00     129.5    315.1
2018  6 16   167   18 33  0     26.53    0.3718E+00     129.1    315.1
2018  6 16   167   18 34  0     26.69    0.3692E+00     128.8    315.3
2018  6 16   167   18 35  0     26.85    0.3673E+00     128.8    315.4
2018  6 16   167   18 36  0     27.01    0.3661E+00     128.8    315.2
2018  6 16   167   18 37  0     27.17    0.3642E+00     128.7    315.1
2018  6 16   167   18 38  0     27.33    0.3627E+00     128.8    315.2
2018  6 16   167   18 39  0     27.49    0.3617E+00     128.9    315.0
2018  6 16   167   18 40  0     27.65    0.3598E+00     128.6    314.8
2018  6 16   167   18 41  0     27.81    0.3579E+00     128.6    314.8
2018  6 16   167   18 42  0     27.98    0.3566E+00     128.7    314.7
2018  6 16   167   18 43  0     28.14    0.3545E+00     128.6    314.9
2018  6 16   167   18 44  0     28.30    0.3520E+00     128.4    314.9
2018  6 16   167   18 45  0     28.47    0.3500E+00     128.3    314.8
2018  6 16   167   18 46  0     28.63    0.3484E+00     128.2    314.6
2018  6 16   167   18 47  0     28.80    0.3470E+00     128.2    314.4
2018  6 16   167   18 48  0     28.97    0.3442E+00     127.9    314.6
2018  6 16   167   18 49  0     29.13    0.3417E+00     127.8    314.8
2018  6 16   167   18 50  0     29.30    0.3403E+00     127.9    314.7
2018  6 16   167   18 51  0     29.47    0.3386E+00     127.7    314.4
2018  6 16   167   18 52  0     29.64    0.3369E+00     127.6    314.2
2018  6 16   167   18 53  0     29.81    0.3343E+00     127.3    314.3
2018  6 16   167   18 54  0     29.97    0.3319E+00     127.1    314.2
2018  6 16   167   18 55  0     30.14    0.3301E+00     127.0    314.0
2018  6 16   167   18 56  0     30.31    0.3292E+00     127.2    313.8
2018  6 16   167   18 57  0     30.49    0.3276E+00     127.3    313.8
2018  6 16   167   18 58  0     30.66    0.3255E+00     127.3    313.9
2018  6 16   167   18 59  0     30.83    0.3239E+00     127.4    314.0
2018  6 16   167   19  0  0     31.00    0.3224E+00     127.5    313.8
2018  6 16   167   19  1  0     31.17    0.3203E+00     127.3    313.7
2018  6 16   167   19  2  0     31.34    0.3188E+00     127.4    313.6
2018  6 16   167   19  3  0     31.52    0.3169E+00     127.4    313.6
2018  6 16   167   19  4  0     31.69    0.3147E+00     127.3    313.6
2018  6 16   167   19  5  0     31.87    0.3121E+00     126.9    313.6
2018  6 16   167   19  6  0     32.04    0.3099E+00     126.7    313.5
2018  6 16   167   19  7  0     32.21    0.3081E+00     126.7    313.5
2018  6 16   167   19  8  0     32.39    0.3058E+00     126.6    313.5
2018  6 16   167   19  9  0     32.56    0.3032E+00     126.4    313.6
2018  6 16   167   19 10  0     32.74    0.3014E+00     126.4    313.6
2018  6 16   167   19 11  0     32.92    0.2997E+00     126.4    313.5
2018  6 16   167   19 12  0     33.09    0.2980E+00     126.5    313.4
2018  6 16   167   19 13  0     33.27    0.2965E+00     126.6    313.4
2018  6 16   167   19 14  0     33.45    0.2941E+00     126.6    313.5
2018  6 16   167   19 15  0     33.62    0.2915E+00     126.2    313.5
2018  6 16   167   19 16  0     33.80    0.2895E+00     126.0    313.2
2018  6 16   167   19 17  0     33.98    0.2880E+00     126.1    313.0
2018  6 16   167   19 18  0     34.16    0.2859E+00     126.0    313.1
2018  6 16   167   19 19  0     34.33    0.2837E+00     125.9    313.2
2018  6 16   167   19 20  0     34.51    0.2814E+00     125.8    313.1
2018  6 16   167   19 21  0     34.69    0.2795E+00     125.8    313.1
2018  6 16   167   19 22  0     34.87    0.2772E+00     125.6    313.0
2018  6 16   167   19 23  0     35.05    0.2756E+00     125.6    312.8
2018  6 16   167   19 24  0     35.23    0.2735E+00     125.6    312.9
2018  6 16   167   19 25  0     35.41    0.2713E+00     125.4    312.9
2018  6 16   167   19 26  0     35.59    0.2694E+00     125.3    312.7
2018  6 16   167   19 27  0     35.77    0.2686E+00     125.8    312.5
2018  6 16   167   19 28  0     35.95    0.2663E+00     125.6    312.5
2018  6 16   167   19 29  0     36.13    0.2637E+00     125.5    312.7
2018  6 16   167   19 30  0     36.31    0.2615E+00     125.3    312.7
2018  6 16   167   19 31  0     36.50    0.2594E+00     125.2    312.6
2018  6 16   167   19 32  0     36.68    0.2578E+00     125.3    312.4
2018  6 16   167   19 33  0     36.86    0.2565E+00     125.5    312.3
2018  6 16   167   19 34  0     37.04    0.2548E+00     125.7    312.2
2018  6 16   167   19 35  0     37.22    0.2529E+00     125.7    312.2
2018  6 16   167   19 36  0     37.41    0.2507E+00     125.4    312.0
2018  6 16   167   19 37  0     37.59    0.2486E+00     125.3    312.0
2018  6 16   167   19 38  0     37.77    0.2468E+00     125.5    312.0
2018  6 16   167   19 39  0     37.96    0.2450E+00     125.5    311.9
2018  6 16   167   19 40  0     38.14    0.2435E+00     125.7    311.7
2018  6 16   167   19 41  0     38.32    0.2411E+00     125.4    311.6
2018  6 16   167   19 42  0     38.51    0.2382E+00     125.1    311.9
2018  6 16   167   19 43  0     38.69    0.2359E+00     125.0    312.0
2018  6 16   167   19 44  0     38.87    0.2343E+00     125.0    311.8
2018  6 16   167   19 45  0     39.06    0.2329E+00     125.1    311.5
2018  6 16   167   19 46  0     39.24    0.2313E+00     125.3    311.4
2018  6 16   167   19 47  0     39.43    0.2291E+00     125.1    311.3
2018  6 16   167   19 48  0     39.61    0.2264E+00     124.6    311.3
2018  6 16   167   19 49  0     39.80    0.2243E+00     124.4    311.1
2018  6 16   167   19 50  0     39.98    0.2230E+00     124.6    310.8
2018  6 16   167   19 51  0     40.17    0.2209E+00     124.5    310.8
2018  6 16   167   19 52  0     40.35    0.2193E+00     124.8    310.8
2018  6 16   167   19 53  0     40.54    0.2178E+00     125.2    310.9
2018  6 16   167   19 54  0     40.72    0.2163E+00     125.3    310.7
2018  6 16   167   19 55  0     40.91    0.2147E+00     125.5    310.6
2018  6 16   167   19 56  0     41.09    0.2127E+00     125.4    310.5
2018  6 16   167   19 57  0     41.28    0.2107E+00     125.4    310.5
2018  6 16   167   19 58  0     41.47    0.2090E+00     125.5    310.4
2018  6 16   167   19 59  0     41.65    0.2072E+00     125.6    310.3
2018  6 16   167   20  0  0     41.84    0.2055E+00     125.7    310.2
2018  6 16   167   20  1  0     42.03    0.2040E+00     125.9    310.1
2018  6 16   167   20  2  0     42.21    0.2025E+00     126.2    310.1
2018  6 16   167   20  3  0     42.40    0.2001E+00     126.0    310.2
2018  6 16   167   20  4  0     42.59    0.1977E+00     125.6    310.0
2018  6 16   167   20  5  0     42.77    0.1927E+00     123.0    309.7
2018  6 16   167   20  6  0     42.96    0.1926E+00     124.6    309.8
2018  6 16   167   20  7  0     43.15    0.1902E+00     124.3    309.7
2018  6 16   167   20  8  0     43.33    0.1874E+00     123.6    309.8
2018  6 16   167   20  9  0     43.52    0.1847E+00     122.9    309.6
2018  6 16   167   20 10  0     43.71    0.1826E+00     122.6    309.4
2018  6 16   167   20 11  0     43.90    0.1804E+00     122.3    309.4
2018  6 16   167   20 12  0     44.08    0.1785E+00     122.3    309.3
2018  6 16   167   20 13  0     44.27    0.1773E+00     122.8    309.3
2018  6 16   167   20 14  0     44.46    0.1754E+00     122.6    309.1
2018  6 16   167   20 15  0     44.65    0.1731E+00     122.1    308.9
2018  6 16   167   20 16  0     44.83    0.1709E+00     121.8    308.9
2018  6 16   167   20 17  0     45.02    0.1700E+00     122.5    308.8
2018  6 16   167   20 18  0     45.21    0.1691E+00     123.3    308.8
2018  6 16   167   20 19  0     45.40    0.1676E+00     123.5    308.7
2018  6 16   167   20 20  0     45.59    0.1662E+00     123.7    308.5
2018  6 16   167   20 21  0     45.77    0.1649E+00     124.1    308.4
2018  6 16   167   20 22  0     45.96    0.1614E+00     122.2    308.0
2018  6 16   167   20 23  0     46.15    0.1603E+00     122.8    307.9
2018  6 16   167   20 24  0     46.34    0.1601E+00     124.2    307.8
2018  6 16   167   20 25  0     46.53    0.1589E+00     124.7    307.7
2018  6 16   167   20 26  0     46.72    0.1574E+00     125.0    307.7
2018  6 16   167   20 27  0     46.91    0.1557E+00     125.1    307.6
2018  6 16   167   20 28  0     47.09    0.1537E+00     124.9    307.5
2018  6 16   167   20 29  0     47.28    0.1519E+00     124.6    307.2
2018  6 16   167   20 30  0     47.47    0.1504E+00     124.8    306.9
2018  6 16   167   20 31  0     47.66    0.1485E+00     124.6    306.8
2018  6 16   167   20 32  0     47.85    0.1460E+00     124.0    306.9
2018  6 16   167   20 33  0     48.04    0.1439E+00     123.7    306.8
2018  6 16   167   20 34  0     48.23    0.1425E+00     123.8    306.6
2018  6 16   167   20 35  0     48.42    0.1407E+00     123.6    306.5
2018  6 16   167   20 36  0     48.60    0.1386E+00     123.3    306.3
2018  6 16   167   20 37  0     48.79    0.1368E+00     123.1    306.2
2018  6 16   167   20 38  0     48.98    0.1350E+00     122.9    306.1
2018  6 16   167   20 39  0     49.17    0.1334E+00     123.0    305.9
2018  6 16   167   20 40  0     49.36    0.1322E+00     123.4    305.9
2018  6 16   167   20 41  0     49.55    0.1306E+00     123.6    305.8
2018  6 16   167   20 42  0     49.74    0.1285E+00     123.0    305.7
2018  6 16   167   20 43  0     49.93    0.1266E+00     122.9    305.6
2018  6 16   167   20 44  0     50.12    0.1252E+00     123.0    305.5
2018  6 16   167   20 45  0     50.31    0.1234E+00     122.8    305.3
2018  6 16   167   20 46  0     50.50    0.1210E+00     121.7    305.1
2018  6 16   167   20 47  0     50.69    0.1181E+00     120.0    305.0
2018  6 16   167   20 48  0     50.88    0.1128E+00     115.0    304.5
2018  6 16   167   20 49  0     51.06    0.1127E+00     117.7    305.0
2018  6 16   167   20 50  0     51.25    0.1117E+00     118.2    304.9
2018  6 16   167   20 51  0     51.44    0.1078E+00     115.0    304.7
2018  6 16   167   20 52  0     51.63    0.1070E+00     115.9    304.6
2018  6 16   167   20 53  0     51.82    0.1087E+00     120.5    304.8
2018  6 16   167   20 54  0     52.01    0.1069E+00     119.4    304.4
2018  6 16   167   20 55  0     52.20    0.1047E+00     118.6    304.5
2018  6 16   167   20 56  0     52.39    0.1037E+00     119.0    304.3
2018  6 16   167   20 57  0     52.58    0.1020E+00     118.8    304.3
2018  6 16   167   20 58  0     52.77    0.1006E+00     118.7    304.2
2018  6 16   167   20 59  0     52.96    0.9924E-01     118.6    303.9
2018  6 16   167   21  0  0     53.15    0.9805E-01     118.9    303.8
2018  6 16   167   21  1  0     53.34    0.9786E-01     120.9    303.8
2018  6 16   167   21  2  0     53.53    0.9717E-01     121.9    303.7
2018  6 16   167   21  3  0     53.72    0.9690E-01     123.7    303.6
2018  6 16   167   21  4  0     53.91    0.9550E-01     123.3    303.2
2018  6 16   167   21  5  0     54.09    0.9404E-01     123.2    303.0
2018  6 16   167   21  6  0     54.28    0.9246E-01     122.9    302.9
2018  6 16   167   21  7  0     54.47    0.9070E-01     122.4    302.8
2018  6 16   167   21  8  0     54.66    0.8851E-01     120.9    302.6
2018  6 16   167   21  9  0     54.85    0.8661E-01     119.6    302.2
2018  6 16   167   21 10  0     55.04    0.8497E-01     118.9    301.9
2018  6 16   167   21 11  0     55.23    0.8411E-01     119.8    301.8
2018  6 16   167   21 12  0     55.42    0.8330E-01     120.6    301.6
2018  6 16   167   21 13  0     55.61    0.8249E-01     121.3    301.4
2018  6 16   167   21 14  0     55.80    0.8125E-01     121.2    301.1
2018  6 16   167   21 15  0     55.99    0.7976E-01     120.5    300.7
2018  6 16   167   21 16  0     56.18    0.7854E-01     120.6    300.7
2018  6 16   167   21 17  0     56.37    0.7748E-01     121.2    300.7
2018  6 16   167   21 18  0     56.55    0.7621E-01     121.2    300.6
2018  6 16   167   21 19  0     56.74    0.7539E-01     122.0    300.3
2018  6 16   167   21 20  0     56.93    0.7442E-01     122.6    300.3
2018  6 16   167   21 21  0     57.12    0.7334E-01     122.7    300.0
2018  6 16   167   21 22  0     57.31    0.7226E-01     122.9    299.9
2018  6 16   167   21 23  0     57.50    0.7113E-01     122.9    299.6
2018  6 16   167   21 24  0     57.69    0.6989E-01     122.8    299.4
2018  6 16   167   21 25  0     57.88    0.6874E-01     122.7    299.1
2018  6 16   167   21 26  0     58.07    0.6736E-01     122.2    298.7
2018  6 16   167   21 27  0     58.25    0.6603E-01     121.7    298.7
2018  6 16   167   21 28  0     58.44    0.6459E-01     121.0    298.5
2018  6 16   167   21 29  0     58.63    0.6364E-01     121.5    298.3
2018  6 16   167   21 30  0     58.82    0.6208E-01     119.9    297.9
2018  6 16   167   21 31  0     59.01    0.6094E-01     120.0    297.4
2018  6 16   167   21 32  0     59.20    0.6012E-01     120.8    297.3
2018  6 16   167   21 33  0     59.39    0.5868E-01     119.3    297.3
2018  6 16   167   21 34  0     59.57    0.5834E-01     122.0    297.6
2018  6 16   167   21 35  0     59.76    0.5742E-01     122.4    297.4
2018  6 16   167   21 36  0     59.95    0.5611E-01     121.7    297.1
2018  6 16   167   21 37  0     60.14    0.5510E-01     121.7    296.4
2018  6 16   167   21 38  0     60.33    0.5411E-01     121.6    296.2
2018  6 16   167   21 39  0     60.52    0.5326E-01     122.0    296.6
2018  6 16   167   21 40  0     60.70    0.5227E-01     121.7    296.2
2018  6 16   167   21 41  0     60.89    0.4753E-01     106.1    292.3
2018  6 16   167   21 42  0     61.08    0.4540E-01     101.9    291.6
2018  6 16   167   21 43  0     61.27    0.4484E-01     103.9    291.9
2018  6 16   167   21 44  0     61.46    0.4716E-01     117.7    294.2
2018  6 16   167   21 45  0     61.64    0.4622E-01     117.5    293.9
2018  6 16   167   21 46  0     61.83    0.4594E-01     120.0    294.9
2018  6 16   167   21 47  0     62.02    0.4512E-01     119.8    293.6
2018  6 16   167   21 48  0     62.21    0.4421E-01     119.6    293.2
2018  6 16   167   21 49  0     62.39    0.4349E-01     120.1    292.9
2018  6 16   167   21 50  0     62.58    0.4238E-01     119.2    292.4
2018  6 16   167   21 51  0     62.77    0.4145E-01     118.9    292.1
2018  6 16   167   21 52  0     62.96    0.4052E-01     118.5    293.0
2018  6 16   167   21 53  0     63.14    0.3949E-01     117.2    291.1
2018  6 16   167   21 54  0     63.33    0.3882E-01     118.0    291.0
2018  6 16   167   21 55  0     63.52    0.3831E-01     119.7    291.0
2018  6 16   167   21 56  0     63.71    0.3711E-01     117.3    290.3
2018  6 16   167   21 57  0     63.89    0.3640E-01     118.0    290.2
2018  6 16   167   21 58  0     64.08    0.3577E-01     119.4    290.3
2018  6 16   167   21 59  0     64.27    0.3453E-01     116.2    289.2
2018  6 16   167   22  0  0     64.45    0.3325E-01     113.3    288.4
2018  6 16   167   22  1  0     64.64    0.3041E-01     100.1    285.2
2018  6 16   167   22  2  0     64.83    0.2902E-01      96.7    284.6
2018  6 16   167   22  3  0     65.01    0.2863E-01      99.8    285.2
2018  6 16   167   22  4  0     65.20    0.2847E-01     103.1    285.6
2018  6 16   167   22  5  0     65.38    0.2798E-01     103.8    285.6
2018  6 16   167   22  6  0     65.57    0.2727E-01     102.7    285.0
2018  6 16   167   22  7  0     65.76    0.2661E-01     101.6    284.4
2018  6 16   167   22  8  0     65.94    0.2579E-01      99.5    283.5
2018  6 16   167   22  9  0     66.13    0.2525E-01      99.4    283.0
2018  6 16   167   22 10  0     66.31    0.2481E-01     100.0    282.6
2018  6 16   167   22 11  0     66.50    0.2452E-01     101.7    282.7
2018  6 16   167   22 12  0     66.69    0.2444E-01     104.5    282.7
2018  6 16   167   22 13  0     66.87    0.2469E-01     111.0    283.9
2018  6 16   167   22 14  0     67.06    0.2562E-01     124.3    285.9
2018  6 16   167   22 15  0     67.24    0.2516E-01     124.7    285.4
2018  6 16   167   22 16  0     67.43    0.2422E-01     122.0    284.5
2018  6 16   167   22 17  0     67.61    0.2297E-01     114.8    282.2
2018  6 16   167   22 18  0     67.80    0.2274E-01     119.0    282.4
2018  6 16   167   22 19  0     67.98    0.2180E-01     115.3    281.2
2018  6 16   167   22 20  0     68.17    0.2064E-01     108.8    279.3
2018  6 16   167   22 21  0     68.35    0.1950E-01     102.3    277.3
2018  6 16   167   22 22  0     68.54    0.1908E-01     104.5    277.5
2018  6 16   167   22 23  0     68.72    0.1889E-01     108.5    277.8
2018  6 16   167   22 24  0     68.91    0.1873E-01     112.3    278.1
2018  6 16   167   22 25  0     69.09    0.1771E-01     103.9    275.1
2018  6 16   167   22 26  0     69.27    0.1717E-01     103.5    274.6
2018  6 16   167   22 27  0     69.46    0.1716E-01     110.5    276.5
2018  6 16   167   22 28  0     69.64    0.1668E-01     109.6    275.8
2018  6 16   167   22 29  0     69.83    0.1618E-01     108.0    274.6
2018  6 16   167   22 30  0     70.01    0.1588E-01     109.6    273.2
2018  6 16   167   22 31  0     70.19    0.1569E-01     113.1    273.6
2018  6 16   167   22 32  0     70.38    0.1529E-01     112.0    272.3
2018  6 16   167   22 33  0     70.56    0.1480E-01     109.6    270.9
2018  6 16   167   22 34  0     70.74    0.1425E-01     105.8    269.3
2018  6 16   167   22 35  0     70.93    0.1391E-01     106.4    268.9
2018  6 16   167   22 36  0     71.11    0.1364E-01     108.2    268.3
2018  6 16   167   22 37  0     71.29    0.1321E-01     107.0    267.1
2018  6 16   167   22 38  0     71.48    0.1264E-01     103.1    264.7
2018  6 16   167   22 39  0     71.66    0.1209E-01     100.5    263.3
2018  6 16   167   22 40  0     71.84    0.1165E-01      99.9    262.4
2018  6 16   167   22 41  0     72.02    0.1119E-01      97.8    260.6
2018  6 16   167   22 42  0     72.21    0.1080E-01      96.1    258.5
2018  6 16   167   22 43  0     72.39    0.1039E-01      94.7    257.6
2018  6 16   167   22 44  0     72.57    0.1001E-01      93.8    256.6
2018  6 16   167   22 45  0     72.75    0.9686E-02      92.9    255.1
2018  6 16   167   22 46  0     72.93    0.9359E-02      92.7    254.2
2018  6 16   167   22 47  0     73.11    0.9053E-02      92.0    251.4
2018  6 16   167   22 48  0     73.30    0.8763E-02      91.6    250.3
2018  6 16   167   22 49  0     73.48    0.8511E-02      91.6    248.6
2018  6 16   167   22 50  0     73.66    0.8278E-02      91.2    246.3
2018  6 16   167   22 51  0     73.84    0.7985E-02      90.7    245.5
2018  6 16   167   22 52  0     74.02    0.7754E-02      90.4    243.7
2018  6 16   167   22 53  0     74.20    0.7543E-02      90.3    242.0
2018  6 16   167   22 54  0     74.38    0.7318E-02      90.8    241.1
2018  6 16   167   22 55  0     74.56    0.7148E-02      92.2    240.0
2018  6 16   167   22 56  0     74.74    0.6977E-02      93.1    238.6
2018  6 16   167   22 57  0     74.92    0.6836E-02      94.6    237.1
2018  6 16   167   22 58  0     75.10    0.6685E-02      96.3    235.7
2018  6 16   167   22 59  0     75.28    0.6528E-02      97.2    234.8
2018  6 16   167   23  0  0     75.46    0.6378E-02      98.4    233.9
2018  6 16   167   23  1  0     75.64    0.6247E-02      99.7    232.4
2018  6 16   167   23  2  0     75.82    0.6085E-02     101.0    233.1
2018  6 16   167   23  3  0     76.00    0.5973E-02     102.8    231.5
2018  6 16   167   23  4  0     76.18    0.5820E-02     104.4    229.6
2018  6 16   167   23  5  0     76.36    0.5673E-02     104.7    227.9
2018  6 16   167   23  6  0     76.54    0.5554E-02     106.1    225.6
2018  6 16   167   23  7  0     76.72    0.5390E-02     106.3    223.8
2018  6 16   167   23  8  0     76.89    0.5247E-02     106.6    221.6
2018  6 16   167   23  9  0     77.07    0.5094E-02     106.2    219.4
2018  6 16   167   23 10  0     77.25    0.4919E-02     106.0    217.9
2018  6 16   167   23 11  0     77.43    0.4802E-02     106.0    214.0
2018  6 16   167   23 12  0     77.61    0.4658E-02     106.3    211.4
2018  6 16   167   23 13  0     77.78    0.4515E-02     106.4    209.1
2018  6 16   167   23 14  0     77.96    0.4356E-02     106.3    207.2
2018  6 16   167   23 15  0     78.14    0.4211E-02     106.0    204.9
2018  6 16   167   23 16  0     78.31    0.4075E-02     105.6    202.2
2018  6 16   167   23 17  0     78.49    0.3935E-02     105.1    199.8
2018  6 16   167   23 18  0     78.67    0.3828E-02     105.0    196.6
2018  6 16   167   23 19  0     78.84    0.3711E-02     104.9    193.9
2018  6 16   167   23 20  0     79.02    0.3559E-02     105.0    191.7
2018  6 16   167   23 21  0     79.20    0.3465E-02     104.9    188.2
2018  6 16   167   23 22  0     79.37    0.3352E-02     105.0    185.8
2018  6 16   167   23 23  0     79.55    0.3249E-02     105.3    183.3
2018  6 16   167   23 24  0     79.72    0.3154E-02     105.3    180.5
2018  6 16   167   23 25  0     79.90    0.3071E-02     104.9    177.2
2018  6 16   167   23 26  0     80.07    0.2977E-02     104.3    173.2
2018  6 16   167   23 27  0     80.25    0.2893E-02     103.4    169.5
2018  6 16   167   23 28  0     80.42    0.2802E-02     102.4    166.1
2018  6 16   167   23 29  0     80.60    0.2726E-02     101.2    162.1
2018  6 16   167   23 30  0     80.77    0.2647E-02     100.5    158.6
2018  6 16   167   23 31  0     80.95    0.2566E-02      99.9    155.5
2018  6 16   167   23 32  0     81.12    0.2483E-02      99.4    151.8
2018  6 16   167   23 33  0     81.30    0.2440E-02      98.6    147.1
2018  6 16   167   23 34  0     81.47    0.2323E-02      97.6    145.5
2018  6 16   167   23 35  0     81.64    0.2237E-02      96.1    142.3
2018  6 16   167   23 36  0     81.82    0.2190E-02      94.5    137.4
2018  6 16   167   23 37  0     81.99    0.2139E-02      92.8    133.0
2018  6 16   167   23 38  0     82.16    0.2064E-02      91.5    129.2
2018  6 16   167   23 39  0     82.34    0.2035E-02      90.3    124.6
2018  6 16   167   23 40  0     82.51    0.1973E-02      89.2    121.5
2018  6 16   167   23 41  0     82.68    0.1927E-02      88.1    117.9
2018  6 16   167   23 42  0     82.85    0.1873E-02      87.3    115.0
2018  6 16   167   23 43  0     83.02    0.1835E-02      86.7    111.2
2018  6 16   167   23 44  0     83.20    0.1802E-02      85.9    108.0
2018  6 16   167   23 45  0     83.37    0.1755E-02      85.1    105.4
2018  6 16   167   23 46  0     83.54    0.1722E-02      84.5    102.7
2018  6 16   167   23 47  0     83.71    0.1698E-02      84.1     99.8
2018  6 16   167   23 48  0     83.88    0.1671E-02      83.7     97.2
2018  6 16   167   23 49  0     84.05    0.1635E-02      83.5     93.6
2018  6 16   167   23 50  0     84.22    0.1612E-02      83.5     90.7
2018  6 16   167   23 51  0     84.39    0.1593E-02      83.8     88.0
2018  6 16   167   23 52  0     84.56    0.1552E-02      84.2     86.1
2018  6 16   167   23 53  0     84.73    0.1560E-02      84.7     82.8
2018  6 16   167   23 54  0     84.90    0.1537E-02      85.4     80.6
2018  6 16   167   23 55  0     85.07    0.1494E-02      86.2     78.9
2018  6 16   167   23 56  0     85.24    0.1491E-02      87.0     75.8
2018  6 16   167   23 57  0     85.41    0.1471E-02      88.0     73.6
2018  6 16   167   23 58  0     85.57    0.1479E-02      89.2     70.6
2018  6 16   167   23 59  0     85.74    0.1455E-02      90.4     68.8
