                            NILUUV 115

Uvpro Version 2.0
Latitude :   40.74 (North)
Longitude:  -74.03  (West)
Calibration file: cf100603a.115
Height above sea level:    40.0  m
CLT derived from channel 4
CLT scale factor used:   1.0
Ozone derived from channel pair ch3/ch1
Ozone scale factor used:   1.0
Drift factors ch1-ch6:   0.420  0.397  0.573  0.571  0.380  0.917
Ozone profile climatology: Mid  Latitude
Dose type:    CLW    Caldwell Plant 1971           

yyyy mm dd   jul   hh mm ss      SZA     dose rate       clt     Ozone
                              [degrees]   [W/m^2]        [%]     [DU]
2018 10 13   286   11 11  0     89.84    0.7394E-03      29.9     10.8
2018 10 13   286   11 12  0     89.65    0.7544E-03      33.5     13.6
2018 10 13   286   11 13  0     89.47    0.7514E-03      37.0     17.3
2018 10 13   286   11 14  0     89.28    0.7805E-03      39.3     19.8
2018 10 13   286   11 15  0     89.10    0.7879E-03      40.3     21.3
2018 10 13   286   11 16  0     88.91    0.7966E-03      40.9     23.0
2018 10 13   286   11 17  0     88.72    0.7957E-03      41.2     25.0
2018 10 13   286   11 18  0     88.54    0.8036E-03      40.8     26.5
2018 10 13   286   11 19  0     88.35    0.8088E-03      39.1     27.3
2018 10 13   286   11 20  0     88.17    0.8074E-03      37.6     28.4
2018 10 13   286   11 21  0     87.98    0.8026E-03      38.9     31.2
2018 10 13   286   11 22  0     87.80    0.8046E-03      40.0     34.4
2018 10 13   286   11 23  0     87.61    0.7970E-03      39.5     37.0
2018 10 13   286   11 24  0     87.43    0.8145E-03      37.6     37.4
2018 10 13   286   11 25  0     87.24    0.8027E-03      34.1     37.5
2018 10 13   286   11 26  0     87.06    0.7925E-03      31.9     38.5
2018 10 13   286   11 27  0     86.88    0.8139E-03      31.5     40.0
2018 10 13   286   11 28  0     86.69    0.8072E-03      31.7     42.6
2018 10 13   286   11 29  0     86.51    0.8232E-03      31.8     44.4
2018 10 13   286   11 30  0     86.32    0.8125E-03      31.1     46.5
2018 10 13   286   11 31  0     86.14    0.8051E-03      30.5     48.7
2018 10 13   286   11 32  0     85.96    0.8369E-03      30.8     50.4
2018 10 13   286   11 33  0     85.77    0.8321E-03      31.3     54.2
2018 10 13   286   11 34  0     85.59    0.8523E-03      31.7     56.9
2018 10 13   286   11 35  0     85.40    0.8500E-03      32.1     60.7
2018 10 13   286   11 36  0     85.22    0.8509E-03      32.9     64.1
2018 10 13   286   11 37  0     85.04    0.8811E-03      33.4     66.3
2018 10 13   286   11 38  0     84.86    0.8956E-03      33.2     68.7
2018 10 13   286   11 39  0     84.67    0.8889E-03      32.5     71.4
2018 10 13   286   11 40  0     84.49    0.9025E-03      31.9     73.3
2018 10 13   286   11 41  0     84.31    0.9520E-03      31.6     73.9
2018 10 13   286   11 42  0     84.13    0.9281E-03      31.4     78.3
2018 10 13   286   11 43  0     83.94    0.9343E-03      31.2     81.0
2018 10 13   286   11 44  0     83.76    0.9576E-03      31.0     82.7
2018 10 13   286   11 45  0     83.58    0.9536E-03      31.0     85.8
2018 10 13   286   11 46  0     83.40    0.9721E-03      31.1     88.2
2018 10 13   286   11 47  0     83.22    0.9954E-03      31.2     90.5
2018 10 13   286   11 48  0     83.04    0.1012E-02      30.9     92.4
2018 10 13   286   11 49  0     82.85    0.1003E-02      30.1     96.5
2018 10 13   286   11 50  0     82.67    0.1006E-02      29.1     98.0
2018 10 13   286   11 51  0     82.49    0.1020E-02      28.0     98.6
2018 10 13   286   11 52  0     82.31    0.9904E-03      26.5    100.3
2018 10 13   286   11 53  0     82.13    0.1003E-02      24.7     99.4
2018 10 13   286   11 54  0     81.95    0.9865E-03      23.0     99.8
2018 10 13   286   11 55  0     81.77    0.9855E-03      21.6    100.0
2018 10 13   286   11 56  0     81.59    0.9817E-03      20.6    100.7
2018 10 13   286   11 57  0     81.41    0.9946E-03      19.6    100.8
2018 10 13   286   11 58  0     81.23    0.9843E-03      18.7    101.9
2018 10 13   286   11 59  0     81.05    0.9763E-03      17.9    103.0
2018 10 13   286   12  0  0     80.87    0.9872E-03      17.4    103.8
2018 10 13   286   12  1  0     80.69    0.9906E-03      17.3    106.0
2018 10 13   286   12  2  0     80.51    0.9941E-03      17.2    108.7
2018 10 13   286   12  3  0     80.34    0.1005E-02      17.1    110.9
2018 10 13   286   12  4  0     80.16    0.1008E-02      16.8    113.1
2018 10 13   286   12  5  0     79.98    0.1031E-02      16.6    115.5
2018 10 13   286   12  6  0     79.80    0.1051E-02      16.5    117.3
2018 10 13   286   12  7  0     79.62    0.1063E-02      16.6    120.4
2018 10 13   286   12  8  0     79.44    0.1074E-02      16.8    124.2
2018 10 13   286   12  9  0     79.27    0.1117E-02      17.1    126.4
2018 10 13   286   12 10  0     79.09    0.1133E-02      17.2    129.8
2018 10 13   286   12 11  0     78.91    0.1165E-02      17.2    131.6
2018 10 13   286   12 12  0     78.73    0.1180E-02      17.2    135.6
2018 10 13   286   12 13  0     78.56    0.1202E-02      17.1    137.6
2018 10 13   286   12 14  0     78.38    0.1203E-02      17.1    140.9
2018 10 13   286   12 15  0     78.21    0.1212E-02      17.1    144.0
2018 10 13   286   12 16  0     78.03    0.1243E-02      17.3    147.1
2018 10 13   286   12 17  0     77.85    0.1312E-02      17.8    148.8
2018 10 13   286   12 18  0     77.68    0.1327E-02      18.3    155.7
2018 10 13   286   12 19  0     77.50    0.1351E-02      18.9    160.7
2018 10 13   286   12 20  0     77.33    0.1419E-02      19.5    162.9
2018 10 13   286   12 21  0     77.15    0.1465E-02      19.6    164.2
2018 10 13   286   12 22  0     76.98    0.1473E-02      19.1    166.2
2018 10 13   286   12 23  0     76.80    0.1478E-02      18.9    169.6
2018 10 13   286   12 24  0     76.63    0.1545E-02      19.4    173.0
2018 10 13   286   12 25  0     76.45    0.1645E-02      20.6    178.1
2018 10 13   286   12 26  0     76.28    0.1733E-02      21.9    184.2
2018 10 13   286   12 27  0     76.11    0.1858E-02      23.5    190.3
2018 10 13   286   12 28  0     75.93    0.2048E-02      25.4    195.5
2018 10 13   286   12 29  0     75.76    0.2222E-02      27.3    200.8
2018 10 13   286   12 30  0     75.59    0.2388E-02      28.5    203.0
2018 10 13   286   12 31  0     75.41    0.2412E-02      28.5    207.2
2018 10 13   286   12 32  0     75.24    0.2434E-02      28.0    208.6
2018 10 13   286   12 33  0     75.07    0.2457E-02      27.6    210.7
2018 10 13   286   12 34  0     74.90    0.2560E-02      27.8    212.6
2018 10 13   286   12 35  0     74.73    0.2701E-02      28.9    215.5
2018 10 13   286   12 36  0     74.55    0.2907E-02      30.8    219.8
2018 10 13   286   12 37  0     74.38    0.3171E-02      33.3    223.5
2018 10 13   286   12 38  0     74.21    0.3390E-02      35.4    228.2
2018 10 13   286   12 39  0     74.04    0.3589E-02      36.7    230.4
2018 10 13   286   12 40  0     73.87    0.3761E-02      37.5    233.5
2018 10 13   286   12 41  0     73.70    0.3871E-02      37.6    234.8
2018 10 13   286   12 42  0     73.53    0.3950E-02      37.2    235.7
2018 10 13   286   12 43  0     73.36    0.4060E-02      37.4    237.8
2018 10 13   286   12 44  0     73.19    0.4298E-02      38.4    239.0
2018 10 13   286   12 45  0     73.02    0.4528E-02      39.7    242.0
2018 10 13   286   12 46  0     72.86    0.4705E-02      40.1    243.2
2018 10 13   286   12 47  0     72.69    0.4779E-02      39.6    243.8
2018 10 13   286   12 48  0     72.52    0.4793E-02      38.7    244.6
2018 10 13   286   12 49  0     72.35    0.4855E-02      38.2    245.2
2018 10 13   286   12 50  0     72.18    0.4871E-02      37.4    246.2
2018 10 13   286   12 51  0     72.02    0.4910E-02      36.9    246.8
2018 10 13   286   12 52  0     71.85    0.5048E-02      37.2    248.4
2018 10 13   286   12 53  0     71.68    0.5358E-02      38.8    250.7
2018 10 13   286   12 54  0     71.52    0.5806E-02      41.2    253.5
2018 10 13   286   12 55  0     71.35    0.6248E-02      43.1    254.7
2018 10 13   286   12 56  0     71.19    0.6535E-02      44.0    256.2
2018 10 13   286   12 57  0     71.02    0.6833E-02      44.6    256.2
2018 10 13   286   12 58  0     70.86    0.7194E-02      45.9    257.9
2018 10 13   286   12 59  0     70.69    0.7509E-02      47.1    260.4
2018 10 13   286   13  0  0     70.53    0.7770E-02      47.4    260.3
2018 10 13   286   13  1  0     70.36    0.7956E-02      47.3    261.2
2018 10 13   286   13  2  0     70.20    0.8269E-02      47.8    261.3
2018 10 13   286   13  3  0     70.03    0.8631E-02      48.8    262.3
2018 10 13   286   13  4  0     69.87    0.9044E-02      50.3    263.3
2018 10 13   286   13  5  0     69.71    0.9438E-02      51.6    264.3
2018 10 13   286   13  6  0     69.55    0.9702E-02      52.0    265.1
2018 10 13   286   13  7  0     69.38    0.9906E-02      52.1    265.9
2018 10 13   286   13  8  0     69.22    0.1015E-01      52.3    266.4
2018 10 13   286   13  9  0     69.06    0.1038E-01      52.5    266.8
2018 10 13   286   13 10  0     68.90    0.1046E-01      52.0    267.8
2018 10 13   286   13 11  0     68.74    0.1051E-01      51.1    268.0
2018 10 13   286   13 12  0     68.58    0.1057E-01      50.6    268.9
2018 10 13   286   13 13  0     68.42    0.1068E-01      50.4    269.8
2018 10 13   286   13 14  0     68.26    0.1082E-01      50.5    271.0
2018 10 13   286   13 15  0     68.10    0.1088E-01      50.0    271.7
2018 10 13   286   13 16  0     67.94    0.1075E-01      48.5    273.7
2018 10 13   286   13 17  0     67.78    0.1054E-01      46.6    274.1
2018 10 13   286   13 18  0     67.62    0.1031E-01      44.7    273.6
2018 10 13   286   13 19  0     67.47    0.1009E-01      42.9    273.6
2018 10 13   286   13 20  0     67.31    0.9773E-02      40.7    274.1
2018 10 13   286   13 21  0     67.15    0.9419E-02      38.4    274.2
2018 10 13   286   13 22  0     66.99    0.9046E-02      36.3    275.6
2018 10 13   286   13 23  0     66.84    0.8734E-02      34.3    275.6
2018 10 13   286   13 24  0     66.68    0.8447E-02      32.5    276.1
2018 10 13   286   13 25  0     66.53    0.8332E-02      31.2    274.8
2018 10 13   286   13 26  0     66.37    0.8400E-02      30.8    275.4
2018 10 13   286   13 27  0     66.22    0.8723E-02      31.3    275.9
2018 10 13   286   13 28  0     66.06    0.9087E-02      31.9    276.5
2018 10 13   286   13 29  0     65.91    0.9471E-02      32.4    276.9
2018 10 13   286   13 30  0     65.76    0.9901E-02      33.1    277.0
2018 10 13   286   13 31  0     65.60    0.1037E-01      33.8    277.0
2018 10 13   286   13 32  0     65.45    0.1052E-01      33.6    277.1
2018 10 13   286   13 33  0     65.30    0.1063E-01      33.4    277.0
2018 10 13   286   13 34  0     65.15    0.1108E-01      34.1    277.0
2018 10 13   286   13 35  0     64.99    0.1170E-01      35.5    278.1
2018 10 13   286   13 36  0     64.84    0.1241E-01      37.4    279.3
2018 10 13   286   13 37  0     64.69    0.1340E-01      40.0    280.4
2018 10 13   286   13 38  0     64.54    0.1416E-01      41.6    281.0
2018 10 13   286   13 39  0     64.39    0.1461E-01      42.1    281.2
2018 10 13   286   13 40  0     64.25    0.1496E-01      42.3    281.5
2018 10 13   286   13 41  0     64.10    0.1523E-01      42.5    282.1
2018 10 13   286   13 42  0     63.95    0.1555E-01      42.8    282.8
2018 10 13   286   13 43  0     63.80    0.1637E-01      44.5    283.3
2018 10 13   286   13 44  0     63.65    0.1797E-01      48.1    283.6
2018 10 13   286   13 45  0     63.51    0.1959E-01      51.3    283.2
2018 10 13   286   13 46  0     63.36    0.2080E-01      53.7    283.3
2018 10 13   286   13 47  0     63.21    0.2229E-01      57.2    284.1
2018 10 13   286   13 48  0     63.07    0.2389E-01      60.8    284.6
2018 10 13   286   13 49  0     62.92    0.2463E-01      61.5    284.9
2018 10 13   286   13 50  0     62.78    0.2444E-01      60.0    284.9
2018 10 13   286   13 51  0     62.63    0.2358E-01      56.8    284.7
2018 10 13   286   13 52  0     62.49    0.2221E-01      52.1    283.9
2018 10 13   286   13 53  0     62.35    0.2185E-01      50.0    283.3
2018 10 13   286   13 54  0     62.20    0.2310E-01      51.9    283.2
2018 10 13   286   13 55  0     62.06    0.2508E-01      55.7    283.5
2018 10 13   286   13 56  0     61.92    0.2736E-01      60.1    283.9
2018 10 13   286   13 57  0     61.78    0.2856E-01      62.0    284.3
2018 10 13   286   13 58  0     61.64    0.2891E-01      62.2    285.0
2018 10 13   286   13 59  0     61.50    0.3010E-01      64.5    285.7
2018 10 13   286   14  0  0     61.36    0.3111E-01      66.4    286.1
2018 10 13   286   14  1  0     61.22    0.2793E-01      59.0    286.3
2018 10 13   286   14  2  0     61.08    0.2520E-01      52.8    287.5
2018 10 13   286   14  3  0     60.94    0.2689E-01      55.4    288.0
2018 10 13   286   14  4  0     60.81    0.2682E-01      54.2    288.2
2018 10 13   286   14  5  0     60.67    0.2508E-01      49.9    288.4
2018 10 13   286   14  6  0     60.53    0.2425E-01      47.7    289.1
2018 10 13   286   14  7  0     60.40    0.2616E-01      50.6    289.1
2018 10 13   286   14  8  0     60.26    0.2751E-01      52.4    289.3
2018 10 13   286   14  9  0     60.13    0.2785E-01      52.1    289.1
2018 10 13   286   14 10  0     59.99    0.2799E-01      51.2    288.4
2018 10 13   286   14 11  0     59.86    0.2792E-01      50.2    288.2
2018 10 13   286   14 12  0     59.73    0.2838E-01      50.5    288.2
2018 10 13   286   14 13  0     59.60    0.3012E-01      53.2    288.6
2018 10 13   286   14 14  0     59.46    0.3215E-01      56.3    288.9
2018 10 13   286   14 15  0     59.33    0.3315E-01      57.8    289.6
2018 10 13   286   14 16  0     59.20    0.3339E-01      57.9    290.5
2018 10 13   286   14 17  0     59.07    0.3350E-01      57.6    291.3
2018 10 13   286   14 18  0     58.94    0.3367E-01      57.0    291.3
2018 10 13   286   14 19  0     58.81    0.3399E-01      56.4    290.8
2018 10 13   286   14 20  0     58.69    0.3460E-01      56.2    290.1
2018 10 13   286   14 21  0     58.56    0.3573E-01      56.4    289.0
2018 10 13   286   14 22  0     58.43    0.3757E-01      57.9    287.8
2018 10 13   286   14 23  0     58.30    0.3939E-01      59.5    286.9
2018 10 13   286   14 24  0     58.18    0.4085E-01      61.0    286.5
2018 10 13   286   14 25  0     58.05    0.4237E-01      62.7    286.3
2018 10 13   286   14 26  0     57.93    0.4498E-01      66.3    286.6
2018 10 13   286   14 27  0     57.80    0.4739E-01      69.8    287.2
2018 10 13   286   14 28  0     57.68    0.4806E-01      70.6    288.0
2018 10 13   286   14 29  0     57.56    0.4777E-01      69.7    288.6
2018 10 13   286   14 30  0     57.44    0.4739E-01      68.5    288.9
2018 10 13   286   14 31  0     57.31    0.4711E-01      67.2    288.8
2018 10 13   286   14 32  0     57.19    0.4742E-01      66.8    288.6
2018 10 13   286   14 33  0     57.07    0.4762E-01      66.4    288.6
2018 10 13   286   14 34  0     56.95    0.4803E-01      66.4    288.8
2018 10 13   286   14 35  0     56.83    0.4921E-01      67.5    289.2
2018 10 13   286   14 36  0     56.72    0.5065E-01      69.0    289.6
2018 10 13   286   14 37  0     56.60    0.5160E-01      69.7    289.6
2018 10 13   286   14 38  0     56.48    0.5183E-01      69.2    289.7
2018 10 13   286   14 39  0     56.37    0.5113E-01      67.7    290.2
2018 10 13   286   14 40  0     56.25    0.5073E-01      66.6    290.6
2018 10 13   286   14 41  0     56.14    0.5146E-01      67.3    291.0
2018 10 13   286   14 42  0     56.02    0.5290E-01      68.6    291.2
2018 10 13   286   14 43  0     55.91    0.5448E-01      70.0    291.2
2018 10 13   286   14 44  0     55.80    0.5677E-01      72.1    290.9
2018 10 13   286   14 45  0     55.69    0.5829E-01      73.2    290.5
2018 10 13   286   14 46  0     55.58    0.5934E-01      73.9    290.7
2018 10 13   286   14 47  0     55.46    0.6108E-01      75.7    291.0
2018 10 13   286   14 48  0     55.35    0.6195E-01      76.1    290.9
2018 10 13   286   14 49  0     55.25    0.6058E-01      73.5    290.9
2018 10 13   286   14 50  0     55.14    0.5893E-01      70.2    290.8
2018 10 13   286   14 51  0     55.03    0.6056E-01      71.3    290.8
2018 10 13   286   14 52  0     54.92    0.6296E-01      73.6    291.0
2018 10 13   286   14 53  0     54.82    0.6492E-01      75.6    291.2
2018 10 13   286   14 54  0     54.71    0.6582E-01      76.3    291.4
2018 10 13   286   14 55  0     54.61    0.6201E-01      71.5    292.0
2018 10 13   286   14 56  0     54.50    0.5351E-01      61.7    294.0
2018 10 13   286   14 57  0     54.40    0.4821E-01      55.8    296.3
2018 10 13   286   14 58  0     54.30    0.4823E-01      55.7    297.3
2018 10 13   286   14 59  0     54.20    0.4921E-01      56.4    297.5
2018 10 13   286   15  0  0     54.10    0.4979E-01      56.6    297.7
2018 10 13   286   15  1  0     54.00    0.4937E-01      55.6    298.4
2018 10 13   286   15  2  0     53.90    0.4943E-01      55.4    299.0
2018 10 13   286   15  3  0     53.80    0.5392E-01      59.4    298.4
2018 10 13   286   15  4  0     53.70    0.5938E-01      64.2    297.6
2018 10 13   286   15  5  0     53.60    0.6251E-01      66.7    297.2
2018 10 13   286   15  6  0     53.51    0.6516E-01      68.5    295.9
2018 10 13   286   15  7  0     53.41    0.6721E-01      70.6    295.5
2018 10 13   286   15  8  0     53.32    0.6614E-01      69.9    296.2
2018 10 13   286   15  9  0     53.23    0.6950E-01      76.0    298.1
2018 10 13   286   15 10  0     53.13    0.7229E-01      78.4    297.5
2018 10 13   286   15 11  0     53.04    0.6968E-01      72.1    296.4
2018 10 13   286   15 12  0     52.95    0.7467E-01      74.9    296.0
2018 10 13   286   15 13  0     52.86    0.9130E-01      95.0    297.1
2018 10 13   286   15 14  0     52.77    0.1125E+00     121.3    297.5
2018 10 13   286   15 15  0     52.68    0.9773E-01      99.9    296.2
2018 10 13   286   15 16  0     52.60    0.8817E-01      87.1    294.6
2018 10 13   286   15 17  0     52.51    0.8009E-01      77.4    294.3
2018 10 13   286   15 18  0     52.42    0.7125E-01      68.1    294.9
2018 10 13   286   15 19  0     52.34    0.6628E-01      63.3    295.6
2018 10 13   286   15 20  0     52.25    0.6231E-01      60.1    296.6
2018 10 13   286   15 21  0     52.17    0.5974E-01      58.5    297.9
2018 10 13   286   15 22  0     52.09    0.6804E-01      67.5    298.6
2018 10 13   286   15 23  0     52.01    0.8144E-01      82.3    299.0
2018 10 13   286   15 24  0     51.93    0.1097E+00     121.1    302.2
2018 10 13   286   15 25  0     51.85    0.8719E-01      90.2    300.1
2018 10 13   286   15 26  0     51.77    0.7273E-01      73.0    300.6
2018 10 13   286   15 27  0     51.69    0.7199E-01      72.4    301.1
2018 10 13   286   15 28  0     51.61    0.8368E-01      87.3    302.5
2018 10 13   286   15 29  0     51.54    0.8470E-01      86.5    302.2
2018 10 13   286   15 30  0     51.46    0.1019E+00     105.4    302.6
2018 10 13   286   15 31  0     51.39    0.9464E-01      95.0    301.7
2018 10 13   286   15 32  0     51.31    0.8573E-01      85.5    302.4
2018 10 13   286   15 33  0     51.24    0.7178E-01      69.1    302.4
2018 10 13   286   15 34  0     51.17    0.6592E-01      62.7    302.8
2018 10 13   286   15 35  0     51.10    0.6173E-01      58.2    303.0
2018 10 13   286   15 36  0     51.03    0.6043E-01      56.8    303.4
2018 10 13   286   15 37  0     50.96    0.6251E-01      58.6    303.9
2018 10 13   286   15 38  0     50.89    0.6677E-01      62.5    304.5
2018 10 13   286   15 39  0     50.83    0.7954E-01      73.9    304.1
2018 10 13   286   15 40  0     50.76    0.9082E-01      83.8    303.3
2018 10 13   286   15 41  0     50.70    0.9792E-01      90.0    302.6
2018 10 13   286   15 42  0     50.63    0.9050E-01      83.2    302.7
2018 10 13   286   15 43  0     50.57    0.7416E-01      67.6    303.6
2018 10 13   286   15 44  0     50.51    0.6870E-01      62.1    303.7
2018 10 13   286   15 45  0     50.45    0.6565E-01      59.0    303.6
2018 10 13   286   15 46  0     50.39    0.6519E-01      58.4    303.9
2018 10 13   286   15 47  0     50.33    0.6797E-01      60.6    304.1
2018 10 13   286   15 48  0     50.27    0.7612E-01      67.8    304.1
2018 10 13   286   15 49  0     50.21    0.8980E-01      79.9    303.7
2018 10 13   286   15 50  0     50.16    0.9900E-01      88.1    303.8
2018 10 13   286   15 51  0     50.10    0.1048E+00      93.1    303.6
2018 10 13   286   15 52  0     50.05    0.1082E+00      95.8    303.5
2018 10 13   286   15 53  0     49.99    0.1127E+00      99.2    303.3
2018 10 13   286   15 54  0     49.94    0.1176E+00     102.8    302.7
2018 10 13   286   15 55  0     49.89    0.1169E+00     101.8    302.5
2018 10 13   286   15 56  0     49.84    0.1112E+00      96.9    302.9
2018 10 13   286   15 57  0     49.79    0.1026E+00      89.4    303.1
2018 10 13   286   15 58  0     49.74    0.9236E-01      79.9    303.2
2018 10 13   286   15 59  0     49.70    0.9002E-01      77.8    303.0
2018 10 13   286   16  0  0     49.65    0.9902E-01      87.0    302.8
2018 10 13   286   16  1  0     49.61    0.1112E+00      99.4    302.1
2018 10 13   286   16  2  0     49.56    0.8524E-01      72.9    301.3
2018 10 13   286   16  3  0     49.52    0.7293E-01      62.0    301.5
2018 10 13   286   16  4  0     49.48    0.6997E-01      59.0    301.4
2018 10 13   286   16  5  0     49.44    0.6888E-01      57.2    300.9
2018 10 13   286   16  6  0     49.40    0.6461E-01      52.9    300.4
2018 10 13   286   16  7  0     49.36    0.6181E-01      50.6    300.3
2018 10 13   286   16  8  0     49.32    0.5988E-01      48.9    300.0
2018 10 13   286   16  9  0     49.28    0.5623E-01      45.7    299.6
2018 10 13   286   16 10  0     49.25    0.5077E-01      40.9    299.4
2018 10 13   286   16 11  0     49.21    0.4737E-01      37.8    299.3
2018 10 13   286   16 12  0     49.18    0.5102E-01      40.4    299.0
2018 10 13   286   16 13  0     49.15    0.6271E-01      49.3    298.2
2018 10 13   286   16 14  0     49.12    0.7231E-01      56.7    297.4
2018 10 13   286   16 15  0     49.09    0.7057E-01      55.3    297.1
2018 10 13   286   16 16  0     49.06    0.6463E-01      50.6    297.2
2018 10 13   286   16 17  0     49.03    0.6143E-01      47.9    297.1
2018 10 13   286   16 18  0     49.00    0.5662E-01      43.8    296.6
2018 10 13   286   16 19  0     48.98    0.4929E-01      37.9    296.6
2018 10 13   286   16 20  0     48.95    0.4311E-01      33.1    296.7
2018 10 13   286   16 21  0     48.93    0.3983E-01      30.7    296.9
2018 10 13   286   16 22  0     48.90    0.3844E-01      29.7    297.3
2018 10 13   286   16 23  0     48.88    0.3724E-01      28.7    297.3
2018 10 13   286   16 24  0     48.86    0.3736E-01      28.8    297.5
2018 10 13   286   16 25  0     48.84    0.3778E-01      29.1    297.2
2018 10 13   286   16 26  0     48.82    0.3926E-01      30.3    297.5
2018 10 13   286   16 27  0     48.80    0.4468E-01      34.5    297.3
2018 10 13   286   16 28  0     48.79    0.4905E-01      37.8    297.1
2018 10 13   286   16 29  0     48.77    0.5098E-01      39.1    297.1
2018 10 13   286   16 30  0     48.76    0.5281E-01      40.5    297.2
2018 10 13   286   16 31  0     48.75    0.5558E-01      42.8    297.3
2018 10 13   286   16 32  0     48.73    0.6091E-01      47.1    297.5
2018 10 13   286   16 33  0     48.72    0.6821E-01      52.9    297.5
2018 10 13   286   16 34  0     48.71    0.7446E-01      57.6    297.3
2018 10 13   286   16 35  0     48.70    0.7562E-01      58.3    296.8
2018 10 13   286   16 36  0     48.70    0.6819E-01      52.4    296.8
2018 10 13   286   16 37  0     48.69    0.6240E-01      48.0    297.0
2018 10 13   286   16 38  0     48.68    0.5917E-01      45.5    297.4
2018 10 13   286   16 39  0     48.68    0.6015E-01      46.0    298.0
2018 10 13   286   16 40  0     48.68    0.7340E-01      55.0    297.4
2018 10 13   286   16 41  0     48.67    0.9122E-01      66.7    294.6
2018 10 13   286   16 42  0     48.67    0.1029E+00      75.3    293.8
2018 10 13   286   16 43  0     48.67    0.1012E+00      75.6    295.0
2018 10 13   286   16 44  0     48.67    0.9267E-01      70.5    296.5
2018 10 13   286   16 45  0     48.68    0.8439E-01      64.8    296.8
2018 10 13   286   16 46  0     48.68    0.7649E-01      58.7    296.8
2018 10 13   286   16 47  0     48.68    0.6880E-01      52.5    296.6
2018 10 13   286   16 48  0     48.69    0.5977E-01      45.6    296.7
2018 10 13   286   16 49  0     48.69    0.5236E-01      40.1    297.2
2018 10 13   286   16 50  0     48.70    0.5209E-01      40.0    298.0
2018 10 13   286   16 51  0     48.71    0.6185E-01      47.3    297.6
2018 10 13   286   16 52  0     48.72    0.6607E-01      50.2    297.1
2018 10 13   286   16 53  0     48.73    0.6194E-01      46.7    297.0
2018 10 13   286   16 54  0     48.74    0.6070E-01      45.2    296.6
2018 10 13   286   16 55  0     48.76    0.6707E-01      49.7    296.2
2018 10 13   286   16 56  0     48.77    0.7963E-01      59.3    296.0
2018 10 13   286   16 57  0     48.79    0.9567E-01      72.9    296.6
2018 10 13   286   16 58  0     48.80    0.1365E+00     113.7    299.2
2018 10 13   286   16 59  0     48.82    0.1647E+00     139.7    298.1
2018 10 13   286   17  0  0     48.84    0.1283E+00     103.5    297.5
2018 10 13   286   17  1  0     48.86    0.1192E+00      94.5    297.6
2018 10 13   286   17  2  0     48.88    0.1229E+00      97.0    297.5
2018 10 13   286   17  3  0     48.90    0.1553E+00     126.2    296.7
2018 10 13   286   17  4  0     48.92    0.1799E+00     150.0    296.8
2018 10 13   286   17  5  0     48.95    0.1908E+00     160.0    296.4
2018 10 13   286   17  6  0     48.97    0.1665E+00     133.7    294.0
2018 10 13   286   17  7  0     49.00    0.1394E+00     105.8    292.1
2018 10 13   286   17  8  0     49.03    0.1453E+00     113.4    293.5
2018 10 13   286   17  9  0     49.05    0.1509E+00     117.2    291.7
2018 10 13   286   17 10  0     49.08    0.1456E+00     117.7    294.6
2018 10 13   286   17 11  0     49.11    0.1321E+00     105.0    292.7
2018 10 13   286   17 12  0     49.14    0.9125E-01      69.8    292.8
2018 10 13   286   17 13  0     49.18    0.7562E-01      57.4    292.6
2018 10 13   286   17 14  0     49.21    0.6799E-01      51.4    292.4
2018 10 13   286   17 15  0     49.24    0.6372E-01      48.4    292.9
2018 10 13   286   17 16  0     49.28    0.6611E-01      50.9    293.7
2018 10 13   286   17 17  0     49.31    0.7720E-01      60.8    294.7
2018 10 13   286   17 18  0     49.35    0.9688E-01      78.2    294.8
2018 10 13   286   17 19  0     49.39    0.1372E+00     116.5    295.8
2018 10 13   286   17 20  0     49.43    0.1466E+00     118.7    292.3
2018 10 13   286   17 21  0     49.47    0.1749E+00     145.1    292.3
2018 10 13   286   17 22  0     49.51    0.1790E+00     147.8    292.0
2018 10 13   286   17 23  0     49.56    0.1804E+00     148.9    291.8
2018 10 13   286   17 24  0     49.60    0.1804E+00     149.1    291.8
2018 10 13   286   17 25  0     49.65    0.1803E+00     149.4    291.7
2018 10 13   286   17 26  0     49.69    0.1796E+00     149.0    291.5
2018 10 13   286   17 27  0     49.74    0.1796E+00     149.6    291.3
2018 10 13   286   17 28  0     49.79    0.1787E+00     149.6    291.2
2018 10 13   286   17 29  0     49.83    0.1775E+00     149.7    291.2
2018 10 13   286   17 30  0     49.88    0.1782E+00     152.6    291.6
2018 10 13   286   17 31  0     49.93    0.1781E+00     155.5    292.1
2018 10 13   286   17 32  0     49.99    0.1675E+00     145.9    291.4
2018 10 13   286   17 33  0     50.04    0.1141E+00      93.4    290.6
2018 10 13   286   17 34  0     50.09    0.1156E+00      98.8    292.1
2018 10 13   286   17 35  0     50.15    0.1045E+00      86.7    289.7
2018 10 13   286   17 36  0     50.20    0.9078E-01      75.0    290.3
2018 10 13   286   17 37  0     50.26    0.8738E-01      72.1    289.9
2018 10 13   286   17 38  0     50.32    0.8483E-01      69.8    289.7
2018 10 13   286   17 39  0     50.38    0.8528E-01      70.3    289.6
2018 10 13   286   17 40  0     50.44    0.8458E-01      70.0    289.6
2018 10 13   286   17 41  0     50.50    0.8388E-01      70.3    290.2
2018 10 13   286   17 42  0     50.56    0.8551E-01      72.7    290.7
2018 10 13   286   17 43  0     50.62    0.8480E-01      71.8    289.9
2018 10 13   286   17 44  0     50.69    0.7932E-01      66.6    289.7
2018 10 13   286   17 45  0     50.75    0.7618E-01      64.1    290.0
2018 10 13   286   17 46  0     50.82    0.7564E-01      63.6    290.0
2018 10 13   286   17 47  0     50.88    0.7497E-01      63.0    289.9
2018 10 13   286   17 48  0     50.95    0.7599E-01      64.8    290.1
2018 10 13   286   17 49  0     51.02    0.7069E-01      59.7    289.8
2018 10 13   286   17 50  0     51.09    0.6536E-01      55.3    290.0
2018 10 13   286   17 51  0     51.16    0.6124E-01      51.9    290.2
2018 10 13   286   17 52  0     51.23    0.6026E-01      51.2    290.2
2018 10 13   286   17 53  0     51.30    0.6359E-01      53.9    289.7
2018 10 13   286   17 54  0     51.38    0.6953E-01      58.3    288.3
2018 10 13   286   17 55  0     51.45    0.7463E-01      63.0    287.9
2018 10 13   286   17 56  0     51.53    0.7701E-01      65.5    288.2
2018 10 13   286   17 57  0     51.60    0.8231E-01      69.6    287.2
2018 10 13   286   17 58  0     51.68    0.9042E-01      75.4    285.4
2018 10 13   286   17 59  0     51.76    0.9450E-01      78.1    284.4
2018 10 13   286   18  0  0     51.84    0.9677E-01      80.6    284.3
2018 10 13   286   18  1  0     51.92    0.1162E+00     106.6    287.8
2018 10 13   286   18  2  0     52.00    0.1473E+00     145.2    289.1
2018 10 13   286   18  3  0     52.08    0.1316E+00     126.1    288.0
2018 10 13   286   18  4  0     52.16    0.9723E-01      84.8    285.4
2018 10 13   286   18  5  0     52.24    0.9542E-01      83.4    285.3
2018 10 13   286   18  6  0     52.33    0.9700E-01      83.9    284.2
2018 10 13   286   18  7  0     52.41    0.1115E+00     102.0    285.6
2018 10 13   286   18  8  0     52.50    0.1453E+00     143.4    286.6
2018 10 13   286   18  9  0     52.59    0.1447E+00     142.6    286.2
2018 10 13   286   18 10  0     52.67    0.1439E+00     142.7    286.0
2018 10 13   286   18 11  0     52.76    0.1438E+00     144.7    286.4
2018 10 13   286   18 12  0     52.85    0.1448E+00     148.8    287.0
2018 10 13   286   18 13  0     52.94    0.1424E+00     148.5    287.1
2018 10 13   286   18 14  0     53.03    0.1176E+00     117.2    285.0
2018 10 13   286   18 15  0     53.12    0.1013E+00     101.0    286.1
2018 10 13   286   18 16  0     53.21    0.1126E+00     114.8    285.2
2018 10 13   286   18 17  0     53.31    0.1141E+00     117.3    285.1
2018 10 13   286   18 18  0     53.40    0.1189E+00     120.6    283.1
2018 10 13   286   18 19  0     53.50    0.1316E+00     137.7    283.4
2018 10 13   286   18 20  0     53.59    0.1365E+00     144.7    283.4
2018 10 13   286   18 21  0     53.69    0.1120E+00     109.7    280.1
2018 10 13   286   18 22  0     53.79    0.1182E+00     121.8    282.1
2018 10 13   286   18 23  0     53.88    0.1010E+00      98.3    280.0
2018 10 13   286   18 24  0     53.98    0.9563E-01      91.2    278.9
2018 10 13   286   18 25  0     54.08    0.1155E+00     123.2    282.9
2018 10 13   286   18 26  0     54.18    0.1287E+00     140.5    282.3
2018 10 13   286   18 27  0     54.28    0.1302E+00     142.5    281.5
2018 10 13   286   18 28  0     54.39    0.1143E+00     117.6    278.5
2018 10 13   286   18 29  0     54.49    0.9151E-01      85.2    274.5
2018 10 13   286   18 30  0     54.59    0.8924E-01      82.7    273.9
2018 10 13   286   18 31  0     54.70    0.9811E-01      98.4    277.0
2018 10 13   286   18 32  0     54.80    0.1201E+00     132.7    279.5
2018 10 13   286   18 33  0     54.91    0.1239E+00     139.7    279.6
2018 10 13   286   18 34  0     55.02    0.1226E+00     139.3    279.5
2018 10 13   286   18 35  0     55.12    0.1182E+00     133.8    278.9
2018 10 13   286   18 36  0     55.23    0.1211E+00     140.4    279.5
2018 10 13   286   18 37  0     55.34    0.1200E+00     139.7    279.3
2018 10 13   286   18 38  0     55.45    0.1188E+00     139.3    279.2
2018 10 13   286   18 39  0     55.56    0.1179E+00     139.4    279.1
2018 10 13   286   18 40  0     55.67    0.1169E+00     139.4    279.0
2018 10 13   286   18 41  0     55.78    0.1159E+00     139.7    279.0
2018 10 13   286   18 42  0     55.89    0.1155E+00     141.0    279.0
2018 10 13   286   18 43  0     56.01    0.1151E+00     142.5    279.1
2018 10 13   286   18 44  0     56.12    0.1141E+00     142.7    279.0
2018 10 13   286   18 45  0     56.24    0.1124E+00     141.7    278.8
2018 10 13   286   18 46  0     56.35    0.1109E+00     141.3    278.7
2018 10 13   286   18 47  0     56.47    0.1105E+00     143.3    279.0
2018 10 13   286   18 48  0     56.58    0.1098E+00     144.5    279.1
2018 10 13   286   18 49  0     56.70    0.1068E+00     143.4    279.7
2018 10 13   286   18 50  0     56.82    0.1072E+00     148.1    280.4
2018 10 13   286   18 51  0     56.94    0.1047E+00     147.6    280.8
2018 10 13   286   18 52  0     57.06    0.1023E+00     146.4    280.6
2018 10 13   286   18 53  0     57.18    0.7769E-01     101.2    276.0
2018 10 13   286   18 54  0     57.30    0.7023E-01      90.7    275.6
2018 10 13   286   18 55  0     57.42    0.6901E-01      91.6    276.3
2018 10 13   286   18 56  0     57.54    0.6582E-01      86.4    275.0
2018 10 13   286   18 57  0     57.66    0.6376E-01      84.9    276.1
2018 10 13   286   18 58  0     57.79    0.6795E-01      96.9    278.6
2018 10 13   286   18 59  0     57.91    0.6299E-01      84.5    275.3
2018 10 13   286   19  0  0     58.04    0.6290E-01      85.7    275.1
2018 10 13   286   19  1  0     58.16    0.6281E-01      86.3    275.2
2018 10 13   286   19  2  0     58.29    0.6531E-01      90.4    274.2
2018 10 13   286   19  3  0     58.42    0.5945E-01      79.6    272.2
2018 10 13   286   19  4  0     58.54    0.5561E-01      75.9    273.0
2018 10 13   286   19  5  0     58.67    0.6408E-01      99.9    278.6
2018 10 13   286   19  6  0     58.80    0.6321E-01      98.4    277.5
2018 10 13   286   19  7  0     58.93    0.5100E-01      71.4    272.0
2018 10 13   286   19  8  0     59.06    0.4999E-01      70.4    271.3
2018 10 13   286   19  9  0     59.19    0.4984E-01      71.8    271.6
2018 10 13   286   19 10  0     59.32    0.4953E-01      72.9    271.8
2018 10 13   286   19 11  0     59.45    0.4971E-01      74.2    271.8
2018 10 13   286   19 12  0     59.58    0.5102E-01      77.2    271.6
2018 10 13   286   19 13  0     59.71    0.5978E-01      99.4    274.4
2018 10 13   286   19 14  0     59.85    0.6067E-01     103.7    275.3
2018 10 13   286   19 15  0     59.98    0.4939E-01      77.7    270.2
2018 10 13   286   19 16  0     60.11    0.4279E-01      68.5    270.8
2018 10 13   286   19 17  0     60.25    0.3592E-01      58.7    271.1
2018 10 13   286   19 18  0     60.38    0.2894E-01      47.9    270.5
2018 10 13   286   19 19  0     60.52    0.2375E-01      39.7    270.0
2018 10 13   286   19 20  0     60.66    0.2103E-01      35.7    269.6
2018 10 13   286   19 21  0     60.79    0.1984E-01      34.2    269.3
2018 10 13   286   19 22  0     60.93    0.1968E-01      34.5    269.3
2018 10 13   286   19 23  0     61.07    0.2009E-01      35.8    269.4
2018 10 13   286   19 24  0     61.20    0.2048E-01      37.2    269.6
2018 10 13   286   19 25  0     61.34    0.2108E-01      38.9    269.8
2018 10 13   286   19 26  0     61.48    0.2255E-01      42.2    269.9
2018 10 13   286   19 27  0     61.62    0.2481E-01      47.0    270.1
2018 10 13   286   19 28  0     61.76    0.2751E-01      52.8    270.3
2018 10 13   286   19 29  0     61.90    0.2978E-01      57.4    269.8
2018 10 13   286   19 30  0     62.05    0.3095E-01      59.9    269.2
2018 10 13   286   19 31  0     62.19    0.3088E-01      60.5    269.1
2018 10 13   286   19 32  0     62.33    0.2923E-01      58.1    269.0
2018 10 13   286   19 33  0     62.47    0.2631E-01      53.2    268.8
2018 10 13   286   19 34  0     62.62    0.2306E-01      47.3    268.4
2018 10 13   286   19 35  0     62.76    0.2034E-01      42.6    268.0
2018 10 13   286   19 36  0     62.91    0.1853E-01      39.6    267.6
2018 10 13   286   19 37  0     63.05    0.1769E-01      38.6    267.2
2018 10 13   286   19 38  0     63.20    0.1773E-01      39.6    267.3
2018 10 13   286   19 39  0     63.34    0.1851E-01      42.3    267.3
2018 10 13   286   19 40  0     63.49    0.1915E-01      44.7    267.4
2018 10 13   286   19 41  0     63.64    0.1948E-01      46.5    267.8
2018 10 13   286   19 42  0     63.78    0.2022E-01      49.6    268.3
2018 10 13   286   19 43  0     63.93    0.2196E-01      55.3    269.3
2018 10 13   286   19 44  0     64.08    0.2599E-01      68.7    270.8
2018 10 13   286   19 45  0     64.23    0.3334E-01      97.4    275.0
2018 10 13   286   19 46  0     64.38    0.4056E-01     123.9    275.9
2018 10 13   286   19 47  0     64.53    0.4304E-01     130.6    274.2
2018 10 13   286   19 48  0     64.68    0.4365E-01     131.4    272.3
2018 10 13   286   19 49  0     64.83    0.4071E-01     116.6    268.5
2018 10 13   286   19 50  0     64.98    0.3398E-01      85.8    262.1
2018 10 13   286   19 51  0     65.13    0.3269E-01      83.4    261.6
2018 10 13   286   19 52  0     65.28    0.3184E-01      83.0    261.9
2018 10 13   286   19 53  0     65.43    0.3128E-01      83.5    262.1
2018 10 13   286   19 54  0     65.59    0.3079E-01      84.9    262.5
2018 10 13   286   19 55  0     65.74    0.3056E-01      88.4    263.8
2018 10 13   286   19 56  0     65.89    0.3015E-01      90.5    265.0
2018 10 13   286   19 57  0     66.05    0.3066E-01      95.3    265.9
2018 10 13   286   19 58  0     66.20    0.3408E-01     116.0    268.7
2018 10 13   286   19 59  0     66.36    0.3216E-01     101.6    264.1
2018 10 13   286   20  0  0     66.51    0.3344E-01     111.2    265.0
2018 10 13   286   20  1  0     66.67    0.3102E-01      96.6    261.4
2018 10 13   286   20  2  0     66.82    0.3266E-01     112.6    264.5
2018 10 13   286   20  3  0     66.98    0.3071E-01     103.1    262.5
2018 10 13   286   20  4  0     67.14    0.3260E-01     122.7    266.4
2018 10 13   286   20  5  0     67.29    0.3192E-01     122.0    266.0
2018 10 13   286   20  6  0     67.45    0.2830E-01      97.9    261.0
2018 10 13   286   20  7  0     67.61    0.2770E-01      98.8    261.2
2018 10 13   286   20  8  0     67.77    0.2788E-01     106.5    262.9
2018 10 13   286   20  9  0     67.93    0.2646E-01      99.0    261.0
2018 10 13   286   20 10  0     68.08    0.2558E-01      96.8    260.4
2018 10 13   286   20 11  0     68.24    0.2513E-01      97.4    260.3
2018 10 13   286   20 12  0     68.40    0.2707E-01     122.8    265.6
2018 10 13   286   20 13  0     68.56    0.2737E-01     130.7    266.6
2018 10 13   286   20 14  0     68.72    0.2577E-01     119.1    263.9
2018 10 13   286   20 15  0     68.88    0.2322E-01      99.0    259.6
2018 10 13   286   20 16  0     69.04    0.2264E-01      98.6    259.1
2018 10 13   286   20 17  0     69.21    0.2205E-01      98.5    259.0
2018 10 13   286   20 18  0     69.37    0.2156E-01      99.8    259.3
2018 10 13   286   20 19  0     69.53    0.2099E-01     101.2    259.5
2018 10 13   286   20 20  0     69.69    0.2231E-01     128.2    265.4
2018 10 13   286   20 21  0     69.86    0.2043E-01     112.1    261.4
2018 10 13   286   20 22  0     70.02    0.1856E-01      96.6    257.1
2018 10 13   286   20 23  0     70.18    0.1798E-01      96.9    257.7
2018 10 13   286   20 24  0     70.35    0.1756E-01      98.2    258.4
2018 10 13   286   20 25  0     70.51    0.1716E-01      98.6    258.2
2018 10 13   286   20 26  0     70.67    0.1665E-01      97.4    257.4
2018 10 13   286   20 27  0     70.84    0.1612E-01      95.9    256.6
2018 10 13   286   20 28  0     71.00    0.1569E-01      95.8    255.4
2018 10 13   286   20 29  0     71.17    0.1519E-01      95.3    255.3
2018 10 13   286   20 30  0     71.34    0.1478E-01      96.0    255.3
2018 10 13   286   20 31  0     71.50    0.1421E-01      94.6    254.4
2018 10 13   286   20 32  0     71.67    0.1345E-01      92.3    254.9
2018 10 13   286   20 33  0     71.83    0.1311E-01      93.6    255.0
2018 10 13   286   20 34  0     72.00    0.1312E-01      94.4    252.0
2018 10 13   286   20 35  0     72.17    0.1278E-01      91.4    249.3
2018 10 13   286   20 36  0     72.34    0.1230E-01      89.3    247.9
2018 10 13   286   20 37  0     72.51    0.1187E-01      88.3    246.6
2018 10 13   286   20 38  0     72.67    0.1148E-01      87.1    245.3
2018 10 13   286   20 39  0     72.84    0.1116E-01      86.6    244.5
2018 10 13   286   20 40  0     73.01    0.1094E-01      87.4    244.0
2018 10 13   286   20 41  0     73.18    0.1083E-01      89.5    244.2
2018 10 13   286   20 42  0     73.35    0.1074E-01      91.1    243.4
2018 10 13   286   20 43  0     73.52    0.1058E-01      91.6    241.9
2018 10 13   286   20 44  0     73.69    0.1028E-01      91.9    241.7
2018 10 13   286   20 45  0     73.86    0.1006E-01      93.3    241.7
2018 10 13   286   20 46  0     74.03    0.9925E-02      94.4    240.4
2018 10 13   286   20 47  0     74.20    0.9672E-02      94.3    239.4
2018 10 13   286   20 48  0     74.37    0.9399E-02      94.8    238.8
2018 10 13   286   20 49  0     74.54    0.9162E-02      96.2    238.6
2018 10 13   286   20 50  0     74.71    0.8971E-02      97.8    238.0
2018 10 13   286   20 51  0     74.88    0.8745E-02      98.5    237.4
2018 10 13   286   20 52  0     75.06    0.8498E-02      99.0    235.8
2018 10 13   286   20 53  0     75.23    0.8255E-02     100.6    235.7
2018 10 13   286   20 54  0     75.40    0.8091E-02     103.4    236.6
2018 10 13   286   20 55  0     75.57    0.8030E-02     107.0    236.5
2018 10 13   286   20 56  0     75.75    0.8001E-02     110.2    236.2
2018 10 13   286   20 57  0     75.92    0.7982E-02     112.8    234.8
2018 10 13   286   20 58  0     76.09    0.7837E-02     114.0    233.2
2018 10 13   286   20 59  0     76.27    0.7675E-02     114.4    230.7
2018 10 13   286   21  0  0     76.44    0.7430E-02     114.3    229.5
2018 10 13   286   21  1  0     76.62    0.7202E-02     114.5    228.0
2018 10 13   286   21  2  0     76.79    0.6984E-02     114.6    226.7
2018 10 13   286   21  3  0     76.96    0.6757E-02     114.6    225.5
2018 10 13   286   21  4  0     77.14    0.6525E-02     114.5    224.2
2018 10 13   286   21  5  0     77.32    0.6338E-02     114.5    221.9
2018 10 13   286   21  6  0     77.49    0.6110E-02     114.9    221.0
2018 10 13   286   21  7  0     77.67    0.5907E-02     115.3    219.6
2018 10 13   286   21  8  0     77.84    0.5735E-02     116.0    217.5
2018 10 13   286   21  9  0     78.02    0.5554E-02     116.7    215.5
2018 10 13   286   21 10  0     78.19    0.5379E-02     117.4    214.0
2018 10 13   286   21 11  0     78.37    0.5226E-02     118.4    212.1
2018 10 13   286   21 12  0     78.55    0.5057E-02     119.0    210.9
2018 10 13   286   21 13  0     78.72    0.4924E-02     119.3    207.8
2018 10 13   286   21 14  0     78.90    0.4748E-02     119.6    206.4
2018 10 13   286   21 15  0     79.08    0.4576E-02     119.6    204.8
2018 10 13   286   21 16  0     79.26    0.4422E-02     120.1    202.4
2018 10 13   286   21 17  0     79.43    0.4282E-02     120.3    199.8
2018 10 13   286   21 18  0     79.61    0.4142E-02     120.4    197.6
2018 10 13   286   21 19  0     79.79    0.3997E-02     120.7    195.8
2018 10 13   286   21 20  0     79.97    0.3895E-02     120.8    192.1
2018 10 13   286   21 21  0     80.15    0.3755E-02     120.9    189.0
2018 10 13   286   21 22  0     80.33    0.3638E-02     121.1    186.2
2018 10 13   286   21 23  0     80.50    0.3501E-02     122.2    184.9
2018 10 13   286   21 24  0     80.68    0.3394E-02     122.3    182.0
2018 10 13   286   21 25  0     80.86    0.3306E-02     123.0    178.6
2018 10 13   286   21 26  0     81.04    0.3174E-02     123.7    176.9
2018 10 13   286   21 27  0     81.22    0.3073E-02     124.1    174.1
2018 10 13   286   21 28  0     81.40    0.2983E-02     124.4    170.6
2018 10 13   286   21 29  0     81.58    0.2841E-02     124.8    169.9
2018 10 13   286   21 30  0     81.76    0.2769E-02     125.1    165.6
2018 10 13   286   21 31  0     81.94    0.2689E-02     125.3    161.8
2018 10 13   286   21 32  0     82.12    0.2604E-02     125.4    158.1
2018 10 13   286   21 33  0     82.30    0.2521E-02     125.4    154.4
2018 10 13   286   21 34  0     82.48    0.2415E-02     125.5    152.1
2018 10 13   286   21 35  0     82.67    0.2350E-02     125.5    147.8
2018 10 13   286   21 36  0     82.85    0.2279E-02     125.9    144.6
2018 10 13   286   21 37  0     83.03    0.2220E-02     126.5    141.1
2018 10 13   286   21 38  0     83.21    0.2166E-02     127.0    137.4
2018 10 13   286   21 39  0     83.39    0.2086E-02     127.2    135.1
2018 10 13   286   21 40  0     83.57    0.2033E-02     127.2    131.2
2018 10 13   286   21 41  0     83.75    0.1957E-02     127.2    128.6
2018 10 13   286   21 42  0     83.94    0.1901E-02     127.0    124.9
2018 10 13   286   21 43  0     84.12    0.1853E-02     127.1    121.2
2018 10 13   286   21 44  0     84.30    0.1832E-02     127.1    116.6
2018 10 13   286   21 45  0     84.48    0.1768E-02     127.2    114.1
2018 10 13   286   21 46  0     84.67    0.1754E-02     127.2    109.4
2018 10 13   286   21 47  0     84.85    0.1677E-02     127.3    107.8
2018 10 13   286   21 48  0     85.03    0.1668E-02     127.4    103.3
2018 10 13   286   21 49  0     85.22    0.1607E-02     127.0    101.4
2018 10 13   286   21 50  0     85.40    0.1565E-02     126.7     98.5
2018 10 13   286   21 51  0     85.58    0.1533E-02     126.6     95.1
2018 10 13   286   21 52  0     85.77    0.1511E-02     126.4     91.2
2018 10 13   286   21 53  0     85.95    0.1478E-02     126.5     88.1
2018 10 13   286   21 54  0     86.14    0.1474E-02     126.3     84.2
2018 10 13   286   21 55  0     86.32    0.1408E-02     125.9     82.9
2018 10 13   286   21 56  0     86.50    0.1383E-02     125.7     79.9
2018 10 13   286   21 57  0     86.69    0.1362E-02     125.4     76.3
2018 10 13   286   21 58  0     86.87    0.1338E-02     125.3     72.9
2018 10 13   286   21 59  0     87.06    0.1337E-02     125.2     69.0
2018 10 13   286   22  0  0     87.24    0.1299E-02     124.7     66.8
2018 10 13   286   22  1  0     87.43    0.1264E-02     124.3     64.5
2018 10 13   286   22  2  0     87.61    0.1249E-02     123.9     61.4
2018 10 13   286   22  3  0     87.80    0.1212E-02     123.8     59.1
2018 10 13   286   22  4  0     87.98    0.1198E-02     123.8     55.6
2018 10 13   286   22  5  0     88.17    0.1189E-02     123.0     52.6
2018 10 13   286   22  6  0     88.35    0.1186E-02     122.3     49.4
2018 10 13   286   22  7  0     88.54    0.1146E-02     121.6     47.6
2018 10 13   286   22  8  0     88.72    0.1146E-02     121.3     44.3
2018 10 13   286   22  9  0     88.91    0.1132E-02     121.2     41.5
2018 10 13   286   22 10  0     89.09    0.1105E-02     120.7     39.4
2018 10 13   286   22 11  0     89.28    0.1093E-02     119.6     36.9
2018 10 13   286   22 12  0     89.47    0.1084E-02     118.6     34.3
2018 10 13   286   22 13  0     89.65    0.1055E-02     117.9     32.4
2018 10 13   286   22 14  0     89.84    0.1047E-02     117.7     30.0
